# Position (bp)	A	C	G	T	N
0.0	27.115384615384613	23.615681703916998	23.276657982540335	25.992275698158053	0.0
1.0	27.597253170382725	19.869174720783036	15.080791786851854	37.45278032198238	0.0
2.0	28.29589882573701	19.691111358478476	17.82589830323655	34.18697792549143	1.1358705652773456E-4
3.0	24.026947125957296	21.859682692264094	15.16801712137769	38.94489963408496	4.534263159565255E-4
4.0	34.031297566624374	14.05585975578037	14.560560723566809	37.35103801258869	0.0012439414397604396
5.0	36.20438599364908	14.89877737574656	22.386235394989082	26.501112144116707	0.009489091498564774
6.0	32.68691277667063	17.37955362563504	19.94364461577003	29.983795287994745	0.006093693929552385
7.0	35.44169631229105	16.672436052837806	20.30230080113659	27.582326509671706	0.0012403240628506029
8.0	23.346691128410633	26.732080795878165	22.006103415478513	27.914335814066703	7.888461659822486E-4
9.0	29.00609981349167	18.43706920630344	15.886770522673826	36.66972258012199	3.3787740906592663E-4
10.0	26.97665359574255	17.12730134390716	24.764391245070257	31.1312034819771	4.503333029358354E-4
11.0	28.512016815327335	18.728993499588732	19.65133850860739	33.10641343155777	0.0012377449187758027
12.0	26.90779626632961	19.646582154355478	20.932596690053177	32.50616524544593	0.006859643815806194
13.0	27.5656115311718	21.211528473819467	18.471391281473636	32.75124388176547	2.2483176962837556E-4
14.0	31.778621646353116	18.307039257875296	20.427202845470877	29.486461754991826	6.744953088851267E-4
15.0	30.223572711718454	18.60674000678992	19.281460147444673	31.887665054622875	5.620794240709389E-4
16.0	30.63568934544727	17.650642906445253	19.064497489753293	32.64725918831235	0.0019110700418411924
17.0	30.124646733081974	18.22823572262055	20.60279645755064	31.04128585785686	0.00303522888998307
18.0	31.707687223035364	18.15797579461168	18.324014056482238	31.802791061588167	0.007531864282550581
19.0	30.661657414839343	18.34323717278546	19.67289225836768	31.322213154007517	0.0
20.0	30.267527322680802	18.106714151136412	19.322267113632225	32.303491412550564	0.0
21.0	30.355773792259942	17.36016026008539	19.210300892357292	33.073315391758115	4.496635392567511E-4
22.0	28.794429568075685	19.08484476490466	19.933022615827706	32.18624164468936	0.0014614065025844412
23.0	30.249878028764975	17.49247375651169	20.00103422614029	32.25560224561971	0.0010117429633276901
24.0	31.345258410394422	17.863783424052954	18.423502114542796	32.36610706039206	0.0013489906177702534
25.0	29.36763816474323	18.09210008611057	19.293601063004605	33.24598619083271	6.744953088851267E-4
26.0	31.742423731442948	17.846358961906752	19.976977226790055	30.43412766397543	1.1241588481418778E-4
27.0	29.225656902222912	17.938202739799944	19.880411981734667	32.955166296818405	5.620794240709389E-4
28.0	30.00188858686488	17.90267932019866	20.002270800873244	32.0899012314036	0.0032600606596114457
29.0	29.2683749384523	18.42473868927575	19.466384277964014	32.83814136072684	0.0023607335810979435
30.0	29.99890955978816	18.13705596881116	19.53978926399782	32.322783792685954	0.0014614147168958652
31.0	30.828197754809754	18.09979472674825	19.358863959817704	31.71033313622904	0.0028104223952443155
32.0	29.287477628987435	18.364915057602545	19.549117300549497	32.79815276141484	3.3725144568453046E-4
33.0	29.563740319423882	18.246305108601195	19.4044330827541	32.78439731141636	0.0011241778044582644
34.0	29.956595397380887	17.92348154152104	19.676415933232683	32.4433947098322	1.1241803320154192E-4
35.0	30.29170767370582	17.43351235834997	19.690014903129658	32.584765064814555	0.0
36.0	31.02154595882498	17.33666165318802	18.853642046624227	32.788037847451506	1.1249391126705267E-4
37.0	29.11925329709028	18.79077062242494	18.97393605411256	33.115815007414376	2.2501895784719864E-4
38.0	30.44004717363318	18.423937017798146	19.360882795127793	31.7737826231781	0.0013503902627859453
39.0	29.467296021577884	18.82154681268061	19.65570849145069	32.05533610186453	1.1257242628476095E-4
40.0	29.76255670716454	18.342697198953413	19.808575993797987	32.082676961284754	0.003493138799306781
41.0	29.863529156980384	18.287363672970788	20.53920589963714	31.308209343272843	0.0016919271388496926
42.0	29.37294772476118	18.360166473456015	19.492452368025088	32.77195010311466	0.00248333064305847
43.0	29.854426226545726	18.08914233566337	20.193179751816427	31.86099280206643	0.0022588839080498716
44.0	29.468070080283848	18.817155093024176	20.120906004056565	31.593642830104464	2.2599253094685224E-4
45.0	29.66939420591979	18.24414001116942	19.42947777307989	32.656874959019085	1.1305081181787967E-4
46.0	30.199088022148036	17.59651313230012	19.39604085805535	32.808131802513365	2.2618498312660027E-4
47.0	29.661959370867258	18.047575250552352	19.79711453288489	32.49199329824073	0.0013575474547682157
48.0	30.328314091523268	17.78975314202425	18.66723400017654	33.21368028191647	0.0010184843594751864
49.0	29.538142107682308	17.771158675062438	19.97550101777195	32.71463214166842	5.660578148809807E-4
50.0	29.79980672869626	18.37040343402096	19.624287836029804	32.20527542293675	2.2657831622855862E-4
51.0	29.95675257550719	18.313066892298828	19.46474365154349	32.2654368806505	0.0
52.0	29.964108039344854	17.786738147702234	19.696508484586904	32.55253174621204	1.1358215397196793E-4
53.0	31.156359533898787	17.605374311663677	19.30946873286978	31.919585485628243	0.00921193593951511
54.0	30.095466888303175	18.472871350255886	19.121841252853475	32.30845425616094	0.0013662524265212368
55.0	29.12475296273755	18.241436611435173	18.077656890031662	34.554899828812005	0.0012537069836037922
56.0	29.581626041486054	18.162581334014728	20.363847087489393	31.89148924520209	4.562918077368839E-4
57.0	28.120844210918033	18.673526346489933	19.725422556353216	33.47940783323079	7.990530080350486E-4
58.0	30.779880967340272	17.61854716183644	21.993854167856615	29.607603468168474	1.1423479820422897E-4
59.0	29.61752957979369	20.269777323930615	20.984129198546825	29.121245421664288	0.007318476064580978
60.0	31.299392314873682	18.969398099623707	19.555204270405564	30.176005315097054	0.0
61.0	29.16746508108257	20.843492798206352	19.5418573777508	30.44718474296028	0.0
62.0	31.186393884840363	16.33481534311498	21.782092797202395	30.69600777623761	6.901986046484876E-4
63.0	26.595414492198454	20.181334207158987	25.412865313544568	27.80877064038113	0.0016153467168654888
64.0	26.336095167561563	19.86078966857989	18.291057211627475	35.50985928531753	0.0021986669135345307
65.0	27.406536987909462	19.322359087740217	18.65478685828097	34.61005313898146	0.006263927087888697
66.0	26.32981662635774	19.659590209990334	17.019907842035526	36.983705420242416	0.006979901373993585
67.0	33.25285965491611	14.044543289510377	18.050685582065064	34.65097799439679	9.334791116546034E-4
68.0	34.44526274237166	15.471722569507861	22.83887844740734	27.244136240713136	0.0
69.0	32.00141855055389	16.88856564102256	20.358364339081668	30.75165146934188	0.0
70.0	33.080004758801195	16.07401487642635	21.98462700309322	28.86135336167924	0.0
71.0	25.985075985075984	20.01742001742002	25.557863057863056	28.43964093964094	0.0
