#Position (bp)	Coverage
38.0	271.36
113.0	1002.08
188.0	948.48
263.0	848.28
338.0	1495.8
413.0	1791.92
488.0	1636.12
563.0	1589.44
638.0	1322.9866666666667
713.0	1318.9733333333334
788.0	2257.346666666667
863.0	2113.44
938.0	2316.36
1013.0	1771.76
1088.0	1149.1066666666666
1163.0	1302.2533333333333
1238.0	1310.4933333333333
1313.0	1252.3066666666666
1388.0	894.08
1463.0	1025.0266666666666
1538.0	1115.44
1613.0	1354.4266666666667
1688.0	1013.4933333333333
1763.0	849.2266666666667
1838.0	1063.7866666666666
1913.0	3883.56
1988.0	6091.6
2063.0	6727.573333333334
2138.0	6413.546666666667
2213.0	4776.613333333334
2288.0	1422.9733333333334
2363.0	1221.96
2438.0	1500.1733333333334
2513.0	3859.2
2588.0	9492.68
2663.0	8772.96
2738.0	7930.84
2813.0	7141.133333333333
2888.0	3894.213333333333
2963.0	1804.72
3038.0	1950.5866666666666
3113.0	2040.6666666666667
3188.0	1842.5066666666667
3263.0	1507.7866666666666
3338.0	1472.4533333333334
3413.0	1491.9333333333334
3488.0	1848.8133333333333
3563.0	1683.1333333333334
3638.0	1480.5333333333333
3713.0	1630.32
3788.0	1965.4266666666667
3863.0	1750.8133333333333
3938.0	1753.44
4013.0	1798.4666666666667
4088.0	4620.8133333333335
4163.0	6129.52
4238.0	6075.013333333333
4313.0	6687.786666666667
4388.0	6424.6
4463.0	4071.9733333333334
4538.0	3794.133333333333
4613.0	3826.7733333333335
4688.0	4159.386666666666
4763.0	3374.28
4838.0	3586.3733333333334
4913.0	3794.213333333333
4988.0	4117.866666666667
5063.0	3537.8933333333334
5138.0	3362.68
5213.0	3296.2
5288.0	3287.92
5363.0	3438.1466666666665
5438.0	2891.173333333333
5513.0	2599.3733333333334
5588.0	3779.16
5663.0	3733.5066666666667
5738.0	4006.72
5813.0	3451.1066666666666
5888.0	3677.6266666666666
5963.0	2031.4933333333333
6038.0	1537.4133333333334
6113.0	1700.6133333333332
6188.0	3575.9866666666667
6263.0	4940.573333333334
6338.0	3863.3333333333335
6413.0	3843.173333333333
6488.0	3985.5466666666666
6563.0	2320.16
6638.0	2062.04
6713.0	2454.1066666666666
6788.0	3690.0533333333333
6863.0	2425.4
6938.0	1725.68
7013.0	2314.4266666666667
7088.0	2983.9733333333334
7163.0	2037.0
7238.0	1797.6133333333332
7313.0	2215.76
7388.0	2430.346666666667
7463.0	1848.0933333333332
7538.0	1887.4
7613.0	2154.52
7688.0	2319.6133333333332
7763.0	1952.0
7838.0	1867.4533333333334
7913.0	2145.3333333333335
7988.0	3686.4933333333333
8063.0	2633.8
8138.0	2750.92
8213.0	2848.8
8288.0	3272.2533333333336
8363.0	1785.3866666666668
8438.0	1544.96
8513.0	1524.0666666666666
8588.0	1942.36
8663.0	3586.9733333333334
8738.0	3864.3333333333335
8813.0	3809.4666666666667
8888.0	4242.7733333333335
8963.0	3573.693333333333
9038.0	1920.6533333333334
9113.0	2050.56
9188.0	2269.64
9263.0	2836.306666666667
9338.0	2630.346666666667
9413.0	2703.8533333333335
9488.0	3746.12
9563.0	3796.6
9638.0	2585.133333333333
9713.0	2485.24
9788.0	2643.4533333333334
9863.0	2148.213333333333
9938.0	1855.1466666666668
10013.0	1660.04
10088.0	2301.6133333333332
10163.0	2608.44
10238.0	2156.88
10313.0	2189.3733333333334
10388.0	3085.0
10463.0	2552.3733333333334
10538.0	2161.6266666666666
10613.0	2125.9333333333334
10688.0	3069.08
10763.0	2817.0266666666666
10838.0	2482.133333333333
10913.0	2599.4666666666667
10988.0	3298.68
11063.0	5807.933333333333
11138.0	5416.093333333333
11213.0	5854.906666666667
11288.0	6701.213333333333
11363.0	6174.413333333333
11438.0	3013.76
11513.0	2979.36
11588.0	4300.826666666667
11663.0	4343.786666666667
11738.0	2796.48
11813.0	2794.173333333333
11888.0	3266.0
11963.0	2402.826666666667
12038.0	2149.213333333333
12113.0	2651.68
12188.0	4482.906666666667
12263.0	3813.88
12338.0	4078.5333333333333
12413.0	4975.7733333333335
12488.0	5069.053333333333
12563.0	4172.386666666666
12638.0	3968.4
12713.0	5232.893333333333
12788.0	6135.1866666666665
12863.0	5526.76
12938.0	5669.24
13013.0	8146.266666666666
13088.0	14128.946666666667
13163.0	17337.933333333334
13238.0	17471.706666666665
13313.0	18285.253333333334
13388.0	8870.906666666666
13463.0	6336.666666666667
13538.0	5829.986666666667
13613.0	6644.253333333333
13688.0	9490.16
13763.0	9502.933333333332
13838.0	9381.026666666667
13913.0	7975.28
13988.0	5163.066666666667
14063.0	4454.373333333333
14138.0	4579.76
14213.0	4879.92
14288.0	4967.8
14363.0	4482.16
14438.0	4448.8
14513.0	4714.373333333333
14588.0	4877.72
14663.0	4521.946666666667
14738.0	4521.573333333334
14813.0	4573.653333333334
14888.0	4790.253333333333
14963.0	4389.266666666666
15038.0	4331.36
15113.0	4379.92
15188.0	6527.053333333333
15263.0	8827.693333333333
15338.0	8677.453333333333
15413.0	8483.866666666667
15488.0	8080.76
15563.0	5889.8133333333335
15638.0	5070.133333333333
15713.0	4996.0
15788.0	5045.706666666667
15863.0	5293.346666666666
15938.0	4888.093333333333
16013.0	4761.84
16088.0	5105.333333333333
16163.0	5961.08
16238.0	4877.6
16313.0	4691.053333333333
16388.0	4708.4
16463.0	5190.96
16538.0	4093.08
16613.0	4122.893333333333
16688.0	4281.96
16763.0	5320.346666666666
16838.0	6662.573333333334
16913.0	6573.973333333333
16988.0	6540.453333333333
17063.0	7122.04
17138.0	7046.986666666667
17213.0	6165.56
17288.0	5631.293333333333
17363.0	6021.626666666667
17438.0	5543.48
17513.0	4704.8533333333335
17588.0	4496.613333333334
17663.0	4845.0
17738.0	5103.586666666667
17813.0	4552.466666666666
17888.0	4724.066666666667
17963.0	4701.106666666667
18038.0	5228.493333333333
18113.0	5141.546666666667
18188.0	5070.733333333334
18263.0	5598.64
18338.0	5562.666666666667
18413.0	4879.72
18488.0	4838.133333333333
18563.0	4824.36
18638.0	5878.72
18713.0	5140.466666666666
18788.0	5184.6
18863.0	5305.1466666666665
18938.0	5940.8
19013.0	5154.2266666666665
19088.0	5110.466666666666
19163.0	4787.413333333333
19238.0	5127.533333333334
19313.0	3595.9333333333334
19388.0	3519.04
19463.0	3610.3733333333334
19538.0	3654.3333333333335
19613.0	4233.106666666667
19688.0	4182.52
19763.0	4277.88
19838.0	4594.106666666667
19913.0	4890.053333333333
19988.0	4089.8933333333334
20063.0	4078.9733333333334
20138.0	3776.92
20213.0	3845.6666666666665
20288.0	3395.133333333333
20363.0	3393.133333333333
20438.0	3440.36
20513.0	4777.44
20588.0	3993.2533333333336
20663.0	4031.653333333333
20738.0	4068.173333333333
20813.0	5341.133333333333
20888.0	4843.72
20963.0	4531.04
21038.0	4525.12
21113.0	4682.333333333333
21188.0	3384.0533333333333
21263.0	3302.5733333333333
21338.0	3274.92
21413.0	3821.8
21488.0	3529.2
21563.0	3548.346666666667
21638.0	3700.3866666666668
21713.0	3205.1866666666665
21788.0	2579.08
21863.0	2581.133333333333
21938.0	2584.2533333333336
22013.0	2640.9733333333334
22088.0	3163.0666666666666
22163.0	3173.9733333333334
22238.0	3196.5733333333333
22313.0	3001.4133333333334
22388.0	2624.28
22463.0	2630.0266666666666
22538.0	3032.133333333333
22613.0	3463.7466666666664
22688.0	3524.3733333333334
22763.0	3443.28
22838.0	4072.4533333333334
22913.0	3562.3866666666668
22988.0	3458.733333333333
23063.0	3707.133333333333
23138.0	4057.4133333333334
23213.0	4291.133333333333
23288.0	4189.613333333334
23363.0	4224.56
23438.0	4535.4
23513.0	4771.1866666666665
23588.0	4288.8133333333335
23663.0	4199.546666666667
23738.0	4437.8
23813.0	4829.36
23888.0	5152.96
23963.0	4780.04
24038.0	5466.0
24113.0	5892.466666666666
24188.0	4113.92
24263.0	4040.36
24338.0	3859.8533333333335
24413.0	4201.586666666667
24488.0	3699.0666666666666
24563.0	3635.2266666666665
24638.0	3712.4
24713.0	4224.493333333333
24788.0	3801.32
24863.0	3550.786666666667
24938.0	3652.4533333333334
25013.0	4175.96
25088.0	3489.6666666666665
25163.0	3491.96
25238.0	3566.4533333333334
25313.0	3786.1066666666666
25388.0	3967.173333333333
25463.0	3751.44
25538.0	3901.1066666666666
25613.0	4881.76
25688.0	5216.946666666667
25763.0	4711.4
25838.0	5412.946666666667
25913.0	5610.986666666667
25988.0	5252.8533333333335
26063.0	4950.08
26138.0	3604.8133333333335
26213.0	4432.653333333334
26288.0	3216.72
26363.0	1096.1733333333334
26438.0	1398.56
26513.0	2057.2266666666665
26588.0	1928.6666666666667
26663.0	1495.2133333333334
26738.0	1473.5066666666667
26813.0	1862.6
26888.0	5471.64
26963.0	7384.026666666667
27038.0	8102.906666666667
27113.0	9101.973333333333
27188.0	6862.533333333334
27263.0	2552.48
27338.0	2023.0666666666666
27413.0	2496.8933333333334
27488.0	2438.8
27563.0	701.28
27638.0	593.7066666666667
27713.0	350.82666666666665
27788.0	935.1333333333333
27863.0	1015.9733333333334
27938.0	983.7866666666666
28013.0	1137.1866666666667
28088.0	1389.0533333333333
28163.0	1545.0
28238.0	499.96
28313.0	1270.3066666666666
28388.0	2123.5866666666666
28463.0	1975.2133333333334
28538.0	1353.84
28613.0	1537.68
28688.0	1747.5333333333333
28763.0	1047.6133333333332
28838.0	533.5333333333333
28913.0	481.58666666666664
28988.0	739.4533333333334
29063.0	1640.3733333333332
29138.0	1611.7066666666667
29213.0	1441.2266666666667
29288.0	1640.16
29363.0	1297.0933333333332
29438.0	817.2533333333333
29513.0	1755.8133333333333
29588.0	2779.16
29663.0	2158.04
29738.0	1480.1466666666668
29813.0	1066.2533333333333
29877.0	12.754716981132075
