#Read position (bp)	Clipping profile
0.0	14.435943723315855
1.0	14.435943723315855
2.0	10.61348462706668
3.0	5.616206768102238
4.0	2.922719848706267
5.0	0.7793919596550044
6.0	0.0
7.0	0.0
8.0	0.0
9.0	0.0
10.0	0.0
11.0	0.0
12.0	0.0
13.0	0.0
14.0	0.0
15.0	0.0
16.0	0.0
17.0	0.0
18.0	0.0
19.0	0.0
20.0	0.0
21.0	0.0
22.0	0.0
23.0	0.0
24.0	0.0
25.0	0.0
26.0	0.0
27.0	0.0
28.0	0.0
29.0	0.0
30.0	1.9169603713573453
31.0	4.550273646809364
32.0	7.965844293532766
33.0	11.960228086764664
34.0	14.106421387432306
35.0	10.696581563941661
