#GC Content (%)	Sample
1.0	0.0
2.0	0.0
3.0	0.0
4.0	0.0
5.0	0.0
6.0	0.0
7.0	0.0
8.0	0.0
9.0	0.0
10.0	0.0
11.0	0.0
12.0	0.0
13.0	0.0
14.0	0.0
15.0	0.0
16.0	0.0
17.0	0.0
18.0	0.0
19.0	0.0
20.0	0.0
21.0	0.0
22.0	0.0
23.0	0.0
24.0	0.0
25.0	3.5523978685612787E-4
26.0	0.0
27.0	7.104795737122557E-4
28.0	0.0014209591474245115
29.0	0.0017761989342806393
30.0	0.01705150976909414
31.0	0.020603907637655416
32.0	0.03197158081705151
33.0	0.03516873889875666
34.0	0.04831261101243339
35.0	0.06003552397868561
36.0	0.09733570159857904
37.0	0.09875666074600355
38.0	0.10266429840142095
39.0	0.0980461811722913
40.0	0.10373001776198935
41.0	0.07495559502664298
42.0	0.059325044404973354
43.0	0.028063943161634103
44.0	0.02309058614564831
45.0	0.015985790408525758
46.0	0.0152753108348135
47.0	0.01669626998223801
48.0	0.014209591474245116
49.0	0.009591474245115453
50.0	0.011722912966252219
51.0	0.007460035523978685
52.0	0.003907637655417406
53.0	0.0017761989342806393
54.0	0.0
55.0	0.0
56.0	0.0
57.0	0.0
58.0	0.0
59.0	0.0
60.0	0.0
61.0	0.0
62.0	0.0
63.0	0.0
64.0	0.0
65.0	0.0
66.0	0.0
67.0	0.0
68.0	0.0
69.0	0.0
70.0	0.0
71.0	0.0
72.0	0.0
73.0	0.0
74.0	0.0
75.0	0.0
76.0	0.0
77.0	0.0
78.0	0.0
79.0	0.0
80.0	0.0
81.0	0.0
82.0	0.0
83.0	0.0
84.0	0.0
85.0	0.0
86.0	0.0
87.0	0.0
88.0	0.0
89.0	0.0
90.0	0.0
91.0	0.0
92.0	0.0
93.0	0.0
94.0	0.0
95.0	0.0
96.0	0.0
97.0	0.0
98.0	0.0
99.0	0.0
100.0	0.0
