#Insert size (bp)	insert size
62.0	1.0
68.0	2.0
70.0	2.0
71.0	2.0
74.0	1.0
75.0	1.0
76.0	1.0
79.0	6.0
82.0	1.0
83.0	3.0
84.0	1.0
85.0	1.0
86.0	1.0
87.0	1.0
88.0	1.0
89.0	1.0
90.0	3.0
91.0	2.0
92.0	1.0
93.0	4.0
95.0	1.0
98.0	1.0
102.0	1.0
104.0	1.0
106.0	1.0
107.0	2.0
108.0	1.0
109.0	2.0
110.0	5.0
111.0	1.0
112.0	1.0
114.0	1.0
115.0	2.0
116.0	3.0
117.0	3.0
118.0	4.0
119.0	3.0
120.0	1.0
121.0	1.0
122.0	1.0
123.0	9.0
125.0	5.0
126.0	1.0
127.0	1.0
128.0	6.0
129.0	2.0
130.0	3.0
131.0	2.0
132.0	3.0
133.0	4.0
134.0	4.0
135.0	3.0
136.0	1.0
137.0	1.0
139.0	2.0
140.0	2.0
141.0	3.0
142.0	2.0
144.0	1.0
146.0	6.0
147.0	1.0
148.0	1.0
149.0	4.0
151.0	3.0
152.0	9.0
153.0	1.0
154.0	1.0
155.0	1.0
156.0	2.0
157.0	3.0
158.0	3.0
159.0	5.0
160.0	2.0
161.0	4.0
162.0	2.0
163.0	3.0
164.0	2.0
165.0	2.0
166.0	6.0
167.0	3.0
168.0	1.0
169.0	3.0
170.0	2.0
172.0	10.0
173.0	1.0
175.0	13.0
176.0	1.0
177.0	3.0
178.0	1.0
179.0	1.0
180.0	1.0
181.0	2.0
182.0	2.0
186.0	2.0
187.0	4.0
188.0	1.0
189.0	1.0
190.0	4.0
191.0	3.0
192.0	7.0
193.0	7.0
194.0	2.0
195.0	3.0
197.0	2.0
198.0	8.0
199.0	2.0
201.0	3.0
202.0	5.0
203.0	2.0
204.0	5.0
205.0	9.0
206.0	1.0
207.0	5.0
208.0	6.0
209.0	3.0
210.0	8.0
211.0	2.0
213.0	1.0
214.0	4.0
215.0	11.0
216.0	1.0
217.0	5.0
218.0	1.0
220.0	1.0
222.0	1.0
223.0	1.0
224.0	2.0
225.0	2.0
226.0	2.0
227.0	1.0
228.0	1.0
229.0	5.0
230.0	5.0
231.0	3.0
233.0	8.0
234.0	3.0
235.0	3.0
236.0	2.0
237.0	5.0
238.0	3.0
239.0	1.0
240.0	2.0
241.0	2.0
242.0	4.0
243.0	1.0
245.0	2.0
247.0	1.0
249.0	2.0
250.0	5.0
251.0	3.0
252.0	3.0
253.0	1.0
254.0	1.0
255.0	2.0
256.0	2.0
257.0	2.0
259.0	3.0
260.0	3.0
261.0	2.0
262.0	1.0
263.0	3.0
264.0	3.0
265.0	2.0
266.0	4.0
268.0	1.0
269.0	2.0
270.0	1.0
271.0	1.0
272.0	2.0
275.0	1.0
278.0	13.0
279.0	1.0
280.0	6.0
281.0	3.0
282.0	2.0
283.0	1.0
284.0	1.0
285.0	3.0
286.0	2.0
287.0	1.0
289.0	3.0
290.0	4.0
291.0	2.0
292.0	5.0
293.0	2.0
294.0	3.0
296.0	2.0
297.0	3.0
298.0	2.0
299.0	1.0
300.0	1.0
301.0	1.0
302.0	1.0
303.0	1.0
305.0	3.0
306.0	3.0
308.0	2.0
309.0	3.0
310.0	3.0
311.0	1.0
312.0	2.0
313.0	2.0
314.0	5.0
315.0	1.0
317.0	1.0
318.0	3.0
319.0	1.0
320.0	1.0
323.0	2.0
325.0	1.0
326.0	3.0
327.0	3.0
328.0	4.0
329.0	1.0
331.0	1.0
332.0	2.0
333.0	1.0
335.0	3.0
336.0	1.0
337.0	2.0
338.0	2.0
339.0	3.0
340.0	5.0
341.0	1.0
343.0	1.0
344.0	2.0
345.0	2.0
346.0	2.0
347.0	1.0
348.0	1.0
349.0	1.0
352.0	1.0
353.0	3.0
354.0	3.0
355.0	2.0
357.0	2.0
358.0	1.0
360.0	1.0
361.0	1.0
363.0	1.0
364.0	1.0
366.0	1.0
367.0	4.0
368.0	3.0
369.0	5.0
371.0	1.0
372.0	9.0
373.0	2.0
374.0	5.0
375.0	6.0
376.0	19.0
377.0	11.0
378.0	16.0
379.0	37.0
380.0	38.0
381.0	40.0
382.0	32.0
383.0	34.0
384.0	26.0
385.0	31.0
386.0	26.0
387.0	24.0
388.0	20.0
389.0	18.0
390.0	16.0
391.0	27.0
392.0	36.0
393.0	38.0
394.0	28.0
395.0	18.0
396.0	11.0
397.0	12.0
398.0	11.0
399.0	9.0
400.0	14.0
401.0	13.0
402.0	7.0
403.0	10.0
404.0	18.0
405.0	12.0
406.0	9.0
407.0	7.0
408.0	8.0
409.0	12.0
410.0	9.0
411.0	10.0
412.0	7.0
413.0	8.0
414.0	6.0
415.0	4.0
416.0	6.0
417.0	2.0
418.0	3.0
419.0	3.0
421.0	2.0
427.0	2.0
431.0	1.0
432.0	1.0
433.0	2.0
438.0	3.0
442.0	1.0
443.0	2.0
444.0	1.0
447.0	2.0
450.0	1.0
459.0	1.0
460.0	1.0
469.0	1.0
470.0	1.0
475.0	2.0
477.0	1.0
484.0	1.0
485.0	1.0
486.0	2.0
488.0	4.0
489.0	1.0
490.0	1.0
493.0	2.0
494.0	2.0
497.0	4.0
498.0	1.0
505.0	2.0
513.0	1.0
514.0	1.0
516.0	1.0
519.0	1.0
525.0	1.0
537.0	1.0
540.0	1.0
547.0	1.0
560.0	1.0
567.0	2.0
570.0	1.0
575.0	1.0
577.0	3.0
578.0	2.0
585.0	1.0
587.0	1.0
588.0	4.0
589.0	1.0
591.0	2.0
592.0	1.0
594.0	1.0
598.0	1.0
599.0	1.0
601.0	1.0
606.0	2.0
610.0	1.0
611.0	2.0
612.0	1.0
613.0	10.0
614.0	2.0
615.0	1.0
616.0	3.0
617.0	1.0
618.0	1.0
621.0	2.0
622.0	3.0
623.0	1.0
624.0	1.0
627.0	1.0
630.0	3.0
631.0	1.0
634.0	2.0
636.0	1.0
637.0	1.0
639.0	2.0
640.0	1.0
642.0	1.0
644.0	1.0
645.0	2.0
646.0	1.0
647.0	2.0
648.0	2.0
649.0	1.0
650.0	2.0
651.0	2.0
652.0	11.0
653.0	1.0
654.0	1.0
655.0	1.0
657.0	2.0
661.0	1.0
662.0	1.0
665.0	1.0
667.0	1.0
668.0	1.0
670.0	3.0
672.0	2.0
673.0	1.0
679.0	1.0
689.0	1.0
709.0	1.0
732.0	1.0
748.0	1.0
762.0	3.0
770.0	1.0
795.0	2.0
802.0	1.0
810.0	1.0
812.0	1.0
815.0	1.0
816.0	1.0
825.0	55.0
828.0	2.0
846.0	1.0
849.0	3.0
858.0	1.0
863.0	3.0
864.0	1.0
868.0	1.0
871.0	4.0
873.0	2.0
881.0	1.0
903.0	1.0
918.0	2.0
949.0	1.0
950.0	3.0
964.0	1.0
967.0	2.0
968.0	1.0
973.0	1.0
977.0	1.0
978.0	1.0
979.0	1.0
980.0	1.0
982.0	1.0
983.0	1.0
984.0	2.0
985.0	1.0
986.0	1.0
989.0	1.0
998.0	5.0
999.0	1.0
1006.0	1.0
1007.0	1.0
1008.0	1.0
1011.0	1.0
1013.0	2.0
1016.0	1.0
1018.0	2.0
1020.0	1.0
1021.0	1.0
1024.0	1.0
1029.0	1.0
1031.0	1.0
1032.0	1.0
1036.0	1.0
1039.0	1.0
1049.0	4.0
1051.0	1.0
1112.0	1.0
1189.0	1.0
1217.0	1.0
1316.0	1.0
1381.0	2.0
1386.0	1.0
1388.0	3.0
1407.0	5.0
1434.0	1.0
1437.0	2.0
1439.0	1.0
1443.0	2.0
1445.0	3.0
1446.0	1.0
1454.0	2.0
1464.0	3.0
1470.0	4.0
1486.0	1.0
1497.0	1.0
1502.0	1.0
1504.0	1.0
1597.0	3.0
1600.0	4.0
1634.0	1.0
1659.0	1.0
1915.0	1.0
1955.0	2.0
1960.0	1.0
2051.0	1.0
2055.0	1.0
2064.0	1.0
2069.0	1.0
2074.0	2.0
2077.0	1.0
2098.0	3.0
2102.0	4.0
2118.0	1.0
2237.0	1.0
2257.0	2.0
2284.0	2.0
2317.0	1.0
2575.0	1.0
2598.0	1.0
2625.0	1.0
2659.0	1.0
2671.0	1.0
2675.0	1.0
2681.0	2.0
2685.0	1.0
2687.0	1.0
2692.0	1.0
2718.0	2.0
2719.0	1.0
2722.0	1.0
2864.0	2.0
2871.0	1.0
2872.0	13.0
2875.0	1.0
2907.0	1.0
3173.0	4.0
3243.0	1.0
3254.0	2.0
3279.0	1.0
3300.0	1.0
3314.0	1.0
3318.0	3.0
3320.0	1.0
3346.0	1.0
3354.0	1.0
3815.0	2.0
3821.0	2.0
3829.0	1.0
3864.0	1.0
3872.0	2.0
3884.0	1.0
3912.0	7.0
3927.0	2.0
3929.0	1.0
3965.0	1.0
4266.0	3.0
4376.0	1.0
4452.0	1.0
4469.0	1.0
4508.0	3.0
4659.0	4.0
5180.0	1.0
5327.0	1.0
5665.0	1.0
5675.0	1.0
5775.0	1.0
5776.0	1.0
5927.0	3.0
6291.0	1.0
6312.0	1.0
6853.0	1.0
8112.0	1.0
8292.0	1.0
8311.0	2.0
8771.0	1.0
8778.0	1.0
9388.0	1.0
10141.0	10.0
10174.0	1.0
10417.0	1.0
11097.0	2.0
11252.0	2.0
11419.0	1.0
11919.0	6.0
11997.0	1.0
12333.0	1.0
12896.0	3.0
13066.0	4.0
13277.0	1.0
13546.0	1.0
13659.0	1.0
13689.0	1.0
13892.0	1.0
14242.0	1.0
14395.0	1.0
14530.0	1.0
14896.0	2.0
15097.0	2.0
15450.0	1.0
16179.0	6.0
16227.0	1.0
16664.0	1.0
17207.0	1.0
18499.0	1.0
18642.0	1.0
18735.0	1.0
19267.0	18.0
20542.0	4.0
20981.0	1.0
21014.0	1.0
21139.0	12.0
21140.0	1.0
21542.0	2.0
21713.0	174.0
22126.0	1.0
22158.0	1.0
22199.0	6.0
22201.0	1.0
22316.0	28.0
22872.0	1.0
22873.0	10.0
22915.0	3.0
23097.0	1.0
23317.0	6.0
23492.0	1.0
24139.0	1.0
25134.0	1.0
25185.0	3.0
25586.0	1.0
25593.0	123.0
25631.0	3.0
25636.0	1.0
25805.0	5.0
25918.0	1.0
25964.0	69.0
25984.0	1.0
26289.0	3.0
26393.0	277.0
26427.0	1.0
26445.0	6.0
26544.0	1.0
26555.0	1.0
26559.0	2.0
26560.0	407.0
26586.0	3.0
27066.0	1.0
27173.0	4.0
27184.0	3.0
27185.0	264.0
27311.0	1.0
27529.0	3.0
27531.0	1.0
27684.0	1.0
27685.0	3.0
27824.0	18.0
28130.0	3.0
28171.0	2.0
28428.0	1.0
28432.0	1.0
28433.0	4.0
28434.0	677.0
28435.0	1.0
28439.0	1.0
28912.0	5.0
29663.0	1.0
