#Position (bp)	insert size
38.0	683.9565217391304
113.0	214.8913043478261
188.0	183.80597014925374
263.0	157.13333333333333
338.0	224.46774193548387
413.0	206.05228758169935
488.0	191.80379746835442
563.0	166.5686274509804
638.0	209.57275541795664
713.0	209.89442815249268
788.0	188.96765498652292
863.0	162.24031007751938
938.0	218.88524590163934
1013.0	218.64
1088.0	187.96969696969697
1163.0	165.29787234042553
1238.0	212.66666666666666
1313.0	210.0
1388.0	165.0
1463.0	170.0
1538.0	148.0
1613.0	229.25212557226945
1688.0	200.387421987518
1763.0	175.78391019644528
1838.0	124.2051282051282
1913.0	47.05555555555556
1988.0	238.0
2063.0	0.0
2138.0	0.0
2213.0	245.9375
2288.0	1516.4196078431373
2363.0	190.83333333333334
2438.0	162.1818181818182
2513.0	271.3333333333333
2588.0	213.0
2663.0	192.33333333333334
2738.0	153.66666666666666
2813.0	231.70833333333334
2888.0	215.7
2963.0	182.2
3038.0	168.4
3113.0	0.0
3188.0	208.4
3263.0	290.0
3338.0	158.0
3413.0	0.0
3488.0	188.0
3563.0	0.0
3638.0	162.0
3713.0	0.0
3788.0	237.0
3863.0	215.47826086956522
3938.0	195.55882352941177
4013.0	169.625
4088.0	206.66265060240963
4163.0	197.7948717948718
4238.0	165.42105263157896
4313.0	217.47826086956522
4388.0	207.27272727272728
4463.0	181.15384615384616
4538.0	0.0
4613.0	254.0
4688.0	221.3673469387755
4763.0	194.8125
4838.0	165.1
4913.0	0.0
4988.0	220.33333333333334
5063.0	185.66666666666666
5138.0	215.0
5213.0	0.0
5288.0	235.0
5363.0	205.44444444444446
5438.0	182.54545454545453
5513.0	0.0
5588.0	225.8235294117647
5663.0	201.83333333333334
5738.0	181.85714285714286
5813.0	170.33333333333334
5888.0	274.5
5963.0	222.66666666666666
6038.0	178.0
6113.0	0.0
6188.0	235.0
6263.0	211.5
6338.0	202.23076923076923
6413.0	154.5
6488.0	215.54285714285714
6563.0	211.70212765957447
6638.0	191.82608695652175
6713.0	166.85714285714286
6788.0	251.0
6863.0	201.875
6938.0	161.0
7013.0	231.95
7088.0	218.46031746031747
7163.0	195.46153846153845
7238.0	165.25
7313.0	212.0
7388.0	207.11111111111111
7463.0	194.16666666666666
7538.0	0.0
7613.0	250.71428571428572
7688.0	214.53333333333333
7763.0	205.16216216216216
7838.0	166.66666666666666
7913.0	241.0
7988.0	232.38738738738738
8063.0	192.87878787878788
8138.0	175.58620689655172
8213.0	0.0
8288.0	228.24137931034483
8363.0	235.17391304347825
8438.0	176.0
8513.0	156.5
8588.0	0.0
8663.0	213.0
8738.0	0.0
8813.0	218.0
8888.0	210.9
8963.0	212.43125
9038.0	185.46666666666667
9113.0	164.85714285714286
9188.0	175.71428571428572
9263.0	191.4
9338.0	189.16666666666666
9413.0	166.3
9488.0	216.09032258064516
9563.0	215.4093567251462
9638.0	178.76415094339623
9713.0	157.55
9788.0	120.5
9863.0	258.3333333333333
9938.0	166.0
10013.0	0.0
10088.0	211.3548387096774
10163.0	205.70854271356785
10238.0	180.6259541984733
10313.0	159.22222222222223
10388.0	182.35714285714286
10463.0	208.93333333333334
10538.0	191.9
10613.0	0.0
10688.0	246.06896551724137
10763.0	208.53225806451613
10838.0	183.53125
10913.0	162.0
10988.0	227.07692307692307
11063.0	228.66666666666666
11138.0	201.6
11213.0	166.0
11288.0	229.64285714285714
11363.0	215.58080808080808
11438.0	195.53731343283582
11513.0	178.05405405405406
11588.0	192.6
11663.0	182.0
11738.0	0.0
11813.0	0.0
11888.0	223.25762129669386
11963.0	205.52744030163385
12038.0	179.58680818802122
12113.0	163.41735537190084
12188.0	173.8736842105263
12263.0	185.6326530612245
12338.0	156.1875
12413.0	233.14217252396165
12488.0	221.13457943925235
12563.0	193.6027397260274
12638.0	162.56502242152467
12713.0	200.984126984127
12788.0	216.77011494252875
12863.0	185.93548387096774
12938.0	165.4090909090909
13013.0	221.74683544303798
13088.0	216.27
13163.0	187.94736842105263
13238.0	167.56
13313.0	186.57407407407408
13388.0	216.08823529411765
13463.0	187.0408163265306
13538.0	158.33333333333334
13613.0	219.04651162790697
13688.0	222.38095238095238
13763.0	183.60377358490567
13838.0	157.6315789473684
13913.0	208.40772532188842
13988.0	204.8582375478927
14063.0	184.22397476340694
14138.0	163.34579439252337
14213.0	232.78333333333333
14288.0	218.30833333333334
14363.0	192.65714285714284
14438.0	162.6315789473684
14513.0	300.5
14588.0	230.3673469387755
14663.0	206.93333333333334
14738.0	172.5625
14813.0	0.0
14888.0	205.0
14963.0	205.0
15038.0	177.3125
15113.0	158.0
15188.0	240.7191011235955
15263.0	220.95890410958904
15338.0	186.24561403508773
15413.0	174.47058823529412
15488.0	211.71428571428572
15563.0	215.18232044198896
15638.0	198.95104895104896
15713.0	164.4609375
15788.0	266.5
15863.0	224.41935483870967
15938.0	205.69767441860466
16013.0	173.2051282051282
16088.0	278.75
16163.0	228.4
16238.0	211.42696629213484
16313.0	174.24528301886792
16388.0	239.0
16463.0	223.05555555555554
16538.0	212.14285714285714
16613.0	189.92307692307693
16688.0	186.0
16763.0	210.86037735849055
16838.0	215.2380239520958
16913.0	187.33056133056132
16988.0	170.77586206896552
17063.0	238.4828431372549
17138.0	228.13804713804714
17213.0	199.1834862385321
17288.0	169.8581081081081
17363.0	216.1098484848485
17438.0	216.47745750184774
17513.0	194.1228533685601
17588.0	165.22382671480145
17663.0	167.41176470588235
17738.0	202.76315789473685
17813.0	181.33333333333334
17888.0	178.41666666666666
17963.0	214.3421052631579
18038.0	219.25423728813558
18113.0	197.75641025641025
18188.0	159.58823529411765
18263.0	233.89285714285714
18338.0	227.3469387755102
18413.0	210.22772277227722
18488.0	170.53191489361703
18563.0	195.5
18638.0	215.46159813809155
18713.0	196.82645631067962
18788.0	172.9554565701559
18863.0	158.8
18938.0	202.86666666666667
19013.0	210.21052631578948
19088.0	179.88888888888889
19163.0	153.0
19238.0	217.2970479704797
19313.0	201.44602272727272
19388.0	177.72361809045225
19463.0	160.29310344827587
19538.0	39.0
19613.0	0.0
19688.0	153.0
19763.0	0.0
19838.0	221.94444444444446
19913.0	205.33928571428572
19988.0	199.30434782608697
20063.0	167.26666666666668
20138.0	0.0
20213.0	283.0
20288.0	189.0
20363.0	0.0
20438.0	0.0
20513.0	246.90014792899407
20588.0	215.06917755572636
20663.0	181.59318181818182
20738.0	158.24528301886792
20813.0	154.0
20888.0	297.6666666666667
20963.0	246.66666666666666
21038.0	157.0
21113.0	240.82539682539684
21188.0	206.27450980392157
21263.0	174.88524590163934
21338.0	225.2
21413.0	243.0
21488.0	193.71428571428572
21563.0	193.77777777777777
21638.0	215.66666666666666
21713.0	208.6530612244898
21788.0	194.5625
21863.0	174.5625
21938.0	298.0
22013.0	233.0
22088.0	238.0
22163.0	0.0
22238.0	224.0
22313.0	210.7659574468085
22388.0	196.0408163265306
22463.0	175.2173913043478
22538.0	178.0
22613.0	192.0
22688.0	0.0
22763.0	0.0
22838.0	219.1764705882353
22913.0	201.62295081967213
22988.0	191.83333333333334
23063.0	218.5625
23138.0	215.99826086956523
23213.0	213.38926174496643
23288.0	191.9254185692542
23363.0	165.82608695652175
23438.0	212.37704918032787
23513.0	212.72727272727272
23588.0	195.2280701754386
23663.0	170.42857142857142
23738.0	0.0
23813.0	240.96153846153845
23888.0	211.11764705882354
23963.0	179.3
24038.0	255.0
24113.0	201.06382978723406
24188.0	212.19117647058823
24263.0	174.14754098360655
24338.0	162.5
24413.0	225.42857142857142
24488.0	198.16666666666666
24563.0	181.46666666666667
24638.0	226.5
24713.0	235.41009463722398
24788.0	205.32044198895028
24863.0	183.21774193548387
24938.0	161.5
25013.0	244.10526315789474
25088.0	204.1
25163.0	172.875
25238.0	104.0
25313.0	218.57644991212655
25388.0	205.28890728476821
25463.0	178.05517241379312
25538.0	152.31428571428572
25613.0	92.05882352941177
25688.0	194.375
25763.0	231.0
25838.0	169.0
25913.0	241.84615384615384
25988.0	232.31578947368422
26063.0	192.21428571428572
26138.0	165.54545454545453
26213.0	235.54545454545453
26288.0	194.85714285714286
26363.0	185.75
26438.0	163.0
26513.0	227.9047619047619
26588.0	218.9928057553957
26663.0	200.53225806451613
26738.0	168.625
26813.0	207.71428571428572
26888.0	229.88028169014083
26963.0	192.78205128205127
27038.0	173.19607843137254
27113.0	222.83333333333334
27188.0	226.0794701986755
27263.0	200.35652173913044
27338.0	167.76758409785933
27413.0	109.8
27488.0	65.28571428571429
27563.0	161.0
27638.0	188.0
27713.0	0.0
27788.0	206.9902912621359
27863.0	204.33828996282529
27938.0	182.30379746835442
28013.0	162.44036697247705
28088.0	235.42342342342343
28163.0	216.6280487804878
28238.0	184.6782608695652
28313.0	166.375
28388.0	230.95180722891567
28463.0	212.89743589743588
28538.0	186.75
28613.0	158.2962962962963
28688.0	191.78571428571428
28763.0	58.9009900990099
28838.0	157.11111111111111
28913.0	0.0
28988.0	218.99634235552304
29063.0	211.31793265465936
29138.0	190.1139240506329
29213.0	162.1528384279476
29288.0	85.66666666666667
29363.0	153.25
29438.0	171.75
29513.0	222.70365358592693
29588.0	199.96979865771812
29663.0	176.8
29738.0	137.70833333333334
29813.0	55.2
29877.0	40.411764705882355
