# Position (bp)	A	C	G	T	N
0.0	31.141684270127833	14.68879984320216	25.893421023977005	28.268254970709293	0.007839891983710446
1.0	28.016698824461994	17.426403655100025	20.249175729648037	34.302059695901946	0.005662094887999408
2.0	29.627013726478186	19.066669133435123	19.33612731137111	31.96736030019121	0.002829528524368226
3.0	31.364847377635684	18.319359714655445	20.11766113159125	30.197370567318043	7.612087995737231E-4
4.0	32.107252380403864	18.021520893871262	19.890417747021914	29.98059163984343	2.1733885953606849E-4
5.0	32.32476364023361	17.980609051281327	19.808175561062594	29.885908766107537	5.429813149269907E-4
6.0	28.04837284817229	17.982561811800405	17.740979742269047	36.22797707032361	1.0852743465020522E-4
7.0	27.797121256494528	19.57556430531602	19.62047010076687	33.00619352879286	6.508086297224301E-4
8.0	27.104046505881513	19.435973131669126	19.723383641009967	33.73648834643587	1.083750035221876E-4
9.0	30.74045959411652	17.348643752294343	19.71516036848095	32.195627997535375	1.0828757280985676E-4
10.0	29.164831811891588	20.44917244893874	21.201363725380936	29.18355003554299	0.001081978245745391
11.0	27.391002547346478	20.17971983513608	19.945420182422875	32.48320870509166	6.487300028976608E-4
12.0	28.559728319533573	19.023467340321275	20.044430085823972	32.37237425432119	0.0
13.0	29.29702258483075	18.49177546001939	20.780915699274807	31.43017830811314	1.0794776191905213E-4
14.0	29.13376823975079	18.70173099657425	20.22163832008767	31.942646716197675	2.1572738961229474E-4
15.0	29.41553052756372	18.511505092417956	20.53694023818505	31.535593037667724	4.3110416554399954E-4
16.0	29.70252140116372	18.92962412136498	20.60607104895587	30.761352659085844	4.307694295858905E-4
17.0	29.1910525443466	19.596021344055586	19.780058935078856	31.432544303552252	3.2287296670749214E-4
18.0	29.08761070701944	19.006443481888997	20.077059397891457	31.828563808966674	3.226042334278205E-4
19.0	28.597639426161937	18.78323285327188	20.772232893041135	31.846787343059248	1.0748446580757916E-4
20.0	28.859808223770457	18.711291244568418	19.612686801308307	32.815783931541645	4.2979881117648824E-4
21.0	28.893734491981483	18.445921995338196	20.161766759401484	32.49782484935068	7.519039281609504E-4
22.0	29.280179042415185	18.605290514360338	19.809788912085363	32.30431196680327	4.295643358505803E-4
23.0	28.82105258637534	18.23592690169605	18.80020355185097	34.14228016722171	5.36792855931239E-4
24.0	29.095979100165074	18.049720827492642	18.948096024179925	33.90588204988397	3.2199827838253826E-4
25.0	30.281607770799194	18.048415117947332	19.094558530484527	32.57488204193802	5.365388309248105E-4
26.0	29.067078947396656	18.418949177673756	18.742322040317536	33.77132796381314	3.2187079891551E-4
27.0	29.856573884669142	18.340972500072404	18.67714589431884	33.12487865470573	4.290662338818588E-4
28.0	29.999646131954176	17.8793438643034	18.881004899463942	33.23925447509037	7.50629188108747E-4
29.0	29.946756795288614	18.415695758016227	18.605964911152345	33.031153759986445	4.2877555636308283E-4
30.0	29.970490277447155	18.166494026211325	19.225712919296484	32.6368738566591	4.2892038594256323E-4
31.0	30.146084758979992	18.30301834131209	19.22035210942788	32.32990119783281	6.435924472281009E-4
32.0	30.06270127344859	18.68289767233729	18.79310511343211	32.46054477029743	7.511704845800796E-4
33.0	30.457374202754046	17.724862039918168	19.798453643693374	32.01855799480823	7.521188261788925E-4
34.0	30.57318678956279	18.667454921667158	19.571977534732486	31.186735818128074	6.44935909493994E-4
35.0	29.877801524549945	18.858211692375207	19.081720566581016	32.18162085882048	6.45357673356516E-4
36.0	30.187788022151953	18.17066728068354	19.57372452520392	32.067174593473844	6.455784867425078E-4
37.0	29.92316079403024	18.53418908751963	20.3437152547189	31.198181432659943	7.534310712821136E-4
38.0	30.43595318788278	18.205442172475102	19.25103627863699	32.10659912143818	9.692395669437615E-4
39.0	30.265351052153793	18.282075111641074	19.20582280173278	32.24588852495779	8.625095145580825E-4
40.0	30.329623842043013	18.133196349791504	19.933695361265315	31.60197359901234	0.0015108478878346529
41.0	30.5090146678059	18.2101582576215	19.425688265647263	31.854598717390626	5.400915347133032E-4
42.0	30.394427290104396	17.91994256899937	19.526215867908697	32.158008770336544	0.0014055026509942308
43.0	30.572462184564852	18.091367197557656	19.60993467898801	31.724829557379287	0.0014063815101941024
44.0	30.985436777602903	17.955173764983755	18.84981501005592	32.20827551270033	0.0012989346570920748
45.0	30.4963732567483	17.739095404248133	19.397607583997715	32.363999835394154	0.0029239196117034753
46.0	30.11002916487907	18.177021715484255	19.68109309793419	32.03023093557292	0.0016250861295648668
47.0	29.95856594604144	18.775814997978692	19.333326830473702	31.931425177555163	8.670479510031202E-4
48.0	29.84437067779167	18.39421251085805	19.495145462609813	32.26518689941841	0.0010844493220565064
49.0	30.22983592756686	18.45272448762622	19.69183803651165	31.62462518496661	9.76363328661254E-4
50.0	29.17015398476978	18.96428009270567	19.45516421604546	32.40920760533872	0.001194101140366589
51.0	29.73698989040974	18.021183757309004	19.90297747908726	32.33765401456207	0.0011948586319303158
52.0	29.34286972070197	18.41095235248401	20.279134985896512	31.966282058946614	7.608819709016995E-4
53.0	30.022080817969215	18.73921792570838	19.232174906183715	32.005764942622505	7.614075161799098E-4
54.0	28.98770285286413	18.51863944512103	20.066258104047424	32.42707309614064	3.265018267777208E-4
55.0	29.249415188119933	18.866662891344784	19.938600197768785	31.944668301671452	6.534210950466325E-4
56.0	29.977038650696525	18.15646628430444	19.37754800687424	32.48829319910334	6.538590214563838E-4
57.0	29.750322468797126	18.04549563154274	20.113875371670503	32.08910715122942	0.0011993767602216884
58.0	29.52553470100393	18.516914011348756	20.26516804888695	31.691073766914013	0.0013094718463553033
59.0	29.068746313650962	18.375166568364026	19.87176966598947	32.68344365074164	8.738012539047993E-4
60.0	29.543991070266983	18.148523500131738	20.209971170781145	32.096967629717824	5.466291023147556E-4
61.0	29.556249671668972	18.205846043392228	20.86696902306197	31.369840825117763	0.0010944367590663142
62.0	29.400308668682833	18.500733334574726	19.836618095345543	32.26124455475802	0.0010953466388740713
63.0	29.39144221091203	17.840860997875136	20.050698530137335	32.716230766025845	7.674950496569298E-4
64.0	28.861014560672025	18.431701371778395	20.63714875547795	32.0694768057615	6.585063101367169E-4
65.0	29.106075234978874	18.89661808367961	19.5663229719651	32.43076402596218	2.1968341423175063E-4
66.0	29.330935243889435	18.284809034171676	19.974208811879336	32.40927735201674	7.695580428160108E-4
67.0	29.598062282518505	18.986175825191648	20.21782814532441	31.19694331890243	9.904280630088323E-4
68.0	29.70011400624556	18.37659512361692	19.52976554367761	32.39297457165045	5.507548094663736E-4
69.0	29.598354826082403	18.489240761058337	19.91818236951356	31.993560445255515	6.615980901868464E-4
70.0	29.960449089931686	18.65560021238055	20.25397358047777	31.129645962506665	3.3115470333505904E-4
71.0	30.12146196439031	19.011836739204917	19.357986759651197	31.50860401631282	1.1052044075551774E-4
72.0	30.026968674506797	18.136737930217866	19.839294587120328	31.996888144738893	1.1066341611325737E-4
73.0	29.7155801438058	18.341002384942062	20.30370330966123	31.639270863810054	4.4329778085130906E-4
74.0	29.908932717192027	19.185388395413565	18.774220612323713	32.13134729861102	1.1097645967337409E-4
75.0	29.845427007197845	18.17602756857405	19.843259316899648	32.13506378011839	2.2232721007142263E-4
76.0	30.288245818938115	18.79782710595141	19.413198360642962	31.500728714467513	0.0
77.0	30.058519570826746	18.24677685176306	19.294509106885194	32.400194470525	0.0
78.0	29.90503465978013	17.969247403588177	19.79907827100977	32.32641627032618	2.2339529574186227E-4
79.0	29.969182152057094	18.1443716583225	20.111723091453136	31.774499293897527	2.2380426973785808E-4
80.0	29.631900465168414	18.294681387659026	19.832203104859047	32.240654598441964	5.604438715462646E-4
81.0	29.489681783878968	18.18029701369174	20.191720271678584	32.13773942573759	5.615050131167571E-4
82.0	29.560017327025097	18.551168167779608	20.429575206602273	31.457889140793334	0.0013501577996928391
83.0	29.90009739996212	18.20308343028237	19.689785629898182	32.206018956918555	0.0010145829387733015
84.0	29.4641041744796	18.24216861481739	20.313368365405903	31.979681096687617	6.777486094857695E-4
85.0	30.093192171495332	18.016473912531588	20.226618183794162	31.662810074535624	9.056576432976807E-4
86.0	29.892680491899988	18.07766483641149	19.56913372963652	32.45881925851976	0.0017016835322412305
87.0	30.380096579028454	17.433344665697163	19.579368427276357	32.60582589623269	0.001364431765335929
88.0	29.915913136834334	17.81153054502602	20.23646438560061	32.03426841693772	0.0018235156013156665
89.0	29.723313565392434	18.304785776222037	18.938608947782704	33.03123532684506	0.002056383757767133
90.0	30.080919956247097	17.596568489895027	19.609430925969406	32.710446291025505	0.0026343368629629417
91.0	30.00683189519069	18.235763536051163	19.319451381592923	32.436345682414476	0.001607504750750647
92.0	29.97269024148182	17.893648523868407	19.18245727957041	32.94798020618177	0.003223748897593011
93.0	29.675074581374517	17.67786387860092	19.59677568323928	33.04901589529975	0.0012699614855316752
94.0	30.183181646643714	17.900727216319652	19.97541217028114	31.939521347653855	0.0011576191016412724
95.0	29.472865336832083	18.299700438891854	19.770568701669646	32.45523999721339	0.0016255253930288183
96.0	29.447906343562984	18.104651961714797	19.63135529565757	32.81515477231625	9.316267484013868E-4
97.0	30.286485097636177	18.277118564888347	19.61786415023825	31.8167803419602	0.0017518452770251332
98.0	29.72684534903745	18.445934310271912	19.37960612404363	32.44632558553641	0.0012886311106008652
99.0	29.191331930101672	18.059615016224132	19.922598963676986	32.82527885409799	0.001175235899225872
100.0	29.506759225429303	18.499534456138697	19.88756231805485	32.10472968991243	0.001414310464718847
101.0	29.73911501285803	18.415417812065858	19.577074280984895	32.26732878129526	0.0010641127959563712
102.0	29.184957105190435	18.765189317158278	19.13536683868871	32.91294482682547	0.0015419121371020828
103.0	30.071628583362987	18.480864731580244	19.490852747864768	31.955939912436765	7.14024755238264E-4
104.0	29.587783269117306	18.92716636529325	19.078012320877892	32.40548539433736	0.0015526503741887404
105.0	29.72901391841656	18.504279547573567	19.442879844301647	32.32286795600371	9.58733704523066E-4
106.0	30.197277348884928	18.567138402033027	19.168243193672886	32.066499171947484	8.418834616804716E-4
107.0	29.965923946303963	18.433660333083466	18.886800629133518	32.7133736741663	2.4141731275974994E-4
108.0	29.018950266001593	18.662880086651942	19.437077387017474	32.88060762978103	4.8463054795964484E-4
109.0	29.928927416942123	18.192829987668105	19.5241639485417	32.3535921815294	4.864653186712686E-4
110.0	29.32186548635406	18.346398638701785	19.04792131032277	33.28369249699104	1.2206763034991908E-4
111.0	29.285675772384824	17.857738063143653	19.645754395596317	33.21058668405135	2.450848238575371E-4
112.0	29.21708465299875	18.122297608237172	20.05546901339476	32.60465654246431	4.921829050111603E-4
113.0	29.254624544896352	18.219341735120103	19.158767084532222	33.36701954829998	2.4708715134458655E-4
114.0	28.916580346232813	17.538161901985475	20.189429416763325	33.35558022838216	2.481066362322526E-4
115.0	29.499373983891765	18.032752166140316	20.33487190028591	32.132752789041916	2.4916064009368444E-4
116.0	28.710673844533215	18.462572046605256	20.39761844293008	32.42851012562101	6.255403104431453E-4
117.0	28.617006571920435	18.234251894296378	20.45412849800832	32.694110403236955	5.026325379173421E-4
118.0	29.02236984576089	18.16770695830168	20.90834748853492	31.900944717733083	6.309896694371319E-4
119.0	29.021322004856508	18.3814844292587	20.061111927851933	32.5357014310989	3.802069339605903E-4
120.0	29.551788453826127	18.10632054032376	20.266851697423785	32.07465736420291	3.8194422341190774E-4
121.0	29.984281535728492	18.148239570370503	20.08727648510071	31.779435030560837	7.673782394552638E-4
122.0	30.243369654605264	18.061394942434212	19.568513569078945	32.12569387335527	0.0010279605263157894
123.0	30.301711783131097	17.953710326733926	19.454522448916354	32.289538988320416	5.164528982045515E-4
124.0	30.10114193342484	17.98123503174632	19.551166453467705	32.365937638655005	5.189427061305297E-4
125.0	29.933692466546375	18.376938641412615	19.08238508953994	32.60672305718666	2.607453144067001E-4
126.0	29.835629540824016	18.018382762393298	19.349069397220966	32.79665625020473	2.620493569963903E-4
127.0	29.355706660239665	18.76630620165759	19.912366307255265	31.96522572853574	3.95102311743626E-4
128.0	29.45691790551767	18.81147090636365	19.39942039116315	32.331396449531795	7.94347423732718E-4
129.0	29.072472254012187	18.733931280440743	19.741968967077423	32.4506959784952	9.315199744497379E-4
130.0	29.017545361864727	18.9953895594795	20.438861491449412	31.54793600505195	2.67582154410958E-4
131.0	28.9957534841741	18.947907881409623	19.692157867622235	32.36391174456878	2.6902222527114077E-4
132.0	28.6281273461437	18.677434409431243	20.273657583074623	32.420510115049815	2.7054630061752196E-4
133.0	28.71679983459428	18.632899959464716	20.726452128918524	31.92384807702248	0.0
134.0	28.45293703280695	18.8180742584753	19.907262394080114	32.8213159712486	4.1034338902604995E-4
135.0	28.733125977568708	17.910503197690016	20.505109838485357	32.85002290451226	0.001238081743659302
136.0	29.055085103351146	18.764240959455027	20.641591971522924	31.539081965670903	0.0
137.0	29.54197867771792	18.807221354010835	19.965181862839916	31.685618105431324	0.0
138.0	29.793357138158033	18.320290137048044	20.482880542425264	31.402632341434533	8.398409341270764E-4
139.0	29.030945542602915	18.978008672636143	21.515036323703328	30.474742355127553	0.0012671059300557526
140.0	28.930777522347768	19.06943210967721	20.069858455890163	31.92879876600392	0.0011331460809434575
141.0	29.468479921556106	18.288229995667344	19.28759149887123	32.95484345426767	8.551296376530682E-4
142.0	30.392134364108376	18.30208975774874	21.43443151991509	29.870770642991353	5.737152364423918E-4
143.0	30.56028536631823	18.33928808491726	19.935527067664832	31.163600787297042	0.0012986938026331738
144.0	30.790418343969773	18.076376066488756	19.270959690974305	31.861519531289723	7.26367277444698E-4
145.0	27.911566906847725	18.827100388457836	19.735210269460595	33.52436537000133	0.001757065232510978
146.0	27.950161272614515	19.09322358289294	19.827184598539496	33.127501802633184	0.001928743319871694
147.0	27.87048484949372	19.083751133091102	19.79803360456899	33.24485512323643	0.0028752896097626675
148.0	29.31177927708725	18.868380651582175	19.693611330007503	32.12214732651633	0.0040814148067450096
149.0	29.82614303497303	20.86616863109095	16.48433320946323	32.81535633762213	0.007998786850660983
150.0	26.107498416092966	24.9939352258569	12.25626084887996	36.63217792516422	0.010127584005954078
