# Position (bp)	A	C	G	T	N
0.0	26.341730762728265	24.013798369574044	23.942458248257232	25.702012619440456	0.0
1.0	26.777625693199937	20.08147869873702	15.669227314200851	37.471668293862194	0.0
2.0	29.017453261577174	19.174256695394952	18.217067212633186	33.591222830394685	0.0
3.0	23.136989263767962	22.521054925458543	15.019173506426103	39.32278230434739	0.0
4.0	34.52012159381306	13.05862729926143	14.743362937838523	37.677888169086984	0.0
5.0	35.273022992922556	14.713445340582865	23.15498321913689	26.858548447357695	0.0
6.0	31.493622045934572	17.160943970463507	20.903909926990305	30.44152405661162	0.0
7.0	35.117869913020336	16.951740424753446	20.101169152987744	27.82922050923847	0.0
8.0	22.45478887059489	27.07516173560179	22.921412296895006	27.548637096908312	0.0
9.0	28.117746844284785	18.417775116832143	15.339726255217947	38.12475178366512	0.0
10.0	26.531264448103244	16.14699063679755	25.56744333017346	31.75430158492574	0.0
11.0	28.301897586854928	18.012419963744616	19.88023083703371	33.805451612366745	0.0
12.0	26.220093465715376	19.51604051289727	21.435966006419534	32.82790001496782	0.0
13.0	26.757697616790566	20.70169136356833	18.88035390576926	33.66025711387184	0.0
14.0	31.113346305443297	18.086327728716594	20.512950489780305	30.287375476059804	0.0
15.0	29.97990320810258	18.527139982371235	20.01408970712967	31.478867102396514	0.0
16.0	30.096080094463566	17.53757421543681	19.04104841257962	33.32529727752	0.0
17.0	30.677124183006537	17.69773653312046	19.625950872291238	31.999188411581763	0.0
18.0	31.478946930765524	17.64921418949259	19.062389196560726	31.809449683181164	0.0
19.0	30.1245122985581	18.387387117696953	20.06862578788937	31.419474795855578	0.0
20.0	29.960385171880453	18.001909228492075	19.79220675547573	32.24549884415174	0.0
21.0	29.33687239102596	18.516988474779225	20.071685875367958	32.07445325882686	0.0
22.0	29.959586888190394	19.108929135691596	22.493026659349066	28.438457316768943	0.0
23.0	29.987752997721568	20.313525919273562	21.08981689367859	28.608904189326285	0.0
24.0	32.89209532837732	19.388075637379636	18.158386136473247	29.561442897769798	0.0
25.0	29.7832194115984	21.038300986212978	19.418357198689485	29.760122403499146	0.0
26.0	32.75556220791964	16.630032097656706	21.949169286035026	28.665236408388633	0.0
27.0	26.56851768697301	21.21470837698947	24.967267042525236	27.249506893512283	0.0
28.0	26.75403881654443	19.659159473798002	18.507808212343463	35.07899349731411	0.0
29.0	28.10047730712302	20.019331770027772	17.441899915182358	34.43829100766685	0.0
30.0	26.835938666348174	18.955797136995127	16.04636493928058	38.16189925737612	0.0
31.0	34.588476513128064	14.12613535596444	18.15343071101939	33.13195741988811	0.0
32.0	34.79299739354039	15.49179841134826	22.527475412873464	27.187728782237887	0.0
33.0	31.480287612159213	17.569051844379217	20.944120671641965	30.006539871819605	0.0
34.0	33.55291035015558	16.51250010097605	22.0527146402058	27.881874908662567	0.0
35.0	26.415796915407984	20.14472832582009	25.977136740932096	27.462338017839834	0.0
