#Position (bp)	insert size
38.0	1053.5325670498084
113.0	242.4777777777778
188.0	447.3736263736264
263.0	159.29032258064515
338.0	253.80165289256198
413.0	246.1158301158301
488.0	194.85638297872342
563.0	159.9090909090909
638.0	249.0950226244344
713.0	240.40458015267177
788.0	199.4731707317073
863.0	156.54237288135593
938.0	276.0432692307692
1013.0	261.5017543859649
1088.0	264.35185185185185
1163.0	282.63461538461536
1238.0	288.78504672897196
1313.0	282.4932432432432
1388.0	363.9837398373984
1463.0	305.0705882352941
1538.0	283.81081081081084
1613.0	283.5245901639344
1688.0	239.01136363636363
1763.0	191.55555555555554
1838.0	615.1219512195122
1913.0	254.5770171149144
1988.0	219.00751879699249
2063.0	171.7125
2138.0	155.05555555555554
2213.0	276.6703296703297
2288.0	287.0681818181818
2363.0	259.66129032258067
2438.0	267.6470588235294
2513.0	279.710407239819
2588.0	246.64
2663.0	196.65178571428572
2738.0	146.34782608695653
2813.0	259.53588516746413
2888.0	255.72340425531914
2963.0	205.57575757575756
3038.0	172.425
3113.0	283.9166666666667
3188.0	279.7456395348837
3263.0	240.43125
3338.0	229.46666666666667
3413.0	287.11267605633805
3488.0	287.7841726618705
3563.0	285.5050847457627
3638.0	293.9356725146199
3713.0	313.3521126760563
3788.0	284.91269841269843
3863.0	250.07142857142858
3938.0	210.38285714285715
4013.0	173.69387755102042
4088.0	248.38028169014083
4163.0	243.13105413105413
4238.0	212.64661654135338
4313.0	248.646511627907
4388.0	241.69354838709677
4463.0	201.2012578616352
4538.0	407.1857142857143
4613.0	282.37142857142857
4688.0	258.1775700934579
4763.0	213.53020134228188
4838.0	187.25190839694656
4913.0	235.1891891891892
4988.0	267.0052083333333
5063.0	228.375
5138.0	198.625
5213.0	1310.75
5288.0	273.0488997555012
5363.0	226.44075829383885
5438.0	186.648
5513.0	187.28
5588.0	265.30269058295966
5663.0	253.41463414634146
5738.0	281.0622406639004
5813.0	275.7473684210526
5888.0	281.83805668016197
5963.0	242.48214285714286
6038.0	194.89655172413794
6113.0	181.4
6188.0	261.5937888198758
6263.0	232.25228519195613
6338.0	198.23557692307693
6413.0	395.6794871794872
6488.0	270.44897959183675
6563.0	269.68506493506493
6638.0	262.19924812030075
6713.0	284.74725274725273
6788.0	273.0138888888889
6863.0	216.925
6938.0	155.57142857142858
7013.0	289.7723577235772
7088.0	290.18087318087316
7163.0	274.8440366972477
7238.0	261.5164835164835
7313.0	256.52100840336135
7388.0	257.0571428571429
7463.0	265.09090909090907
7538.0	238.59375
7613.0	285.92753623188406
7688.0	268.4006849315069
7763.0	226.11
7838.0	180.2753623188406
7913.0	1637.0
7988.0	274.572
8063.0	231.9203539823009
8138.0	179.3063063063063
8213.0	140.03571428571428
8288.0	283.40776699029124
8363.0	248.26923076923077
8438.0	242.8
8513.0	295.3809523809524
8588.0	278.52272727272725
8663.0	252.7979797979798
8738.0	210.44166666666666
8813.0	155.1860465116279
8888.0	272.56976744186045
8963.0	253.59016393442624
9038.0	219.01030927835052
9113.0	233.59259259259258
9188.0	305.8674157303371
9263.0	294.397946084724
9338.0	298.33574007220216
9413.0	302.72212978369384
9488.0	289.6682808716707
9563.0	289.09222222222223
9638.0	281.0906862745098
9713.0	303.92241379310343
9788.0	280.9597315436242
9863.0	267.32646592709983
9938.0	237.12758620689655
10013.0	210.33913043478262
10088.0	269.07481296758107
10163.0	235.88888888888889
10238.0	192.3448275862069
10313.0	150.13513513513513
10388.0	271.37654320987656
10463.0	247.86033519553072
10538.0	228.23270440251574
10613.0	227.8
10688.0	294.1353996737357
10763.0	297.0417193426043
10838.0	268.6374501992032
10913.0	323.8139534883721
10988.0	299.57841726618705
11063.0	276.7005141388175
11138.0	254.23007246376812
11213.0	244.78028169014084
11288.0	344.2890625
11363.0	269.487922705314
11438.0	259.3207547169811
11513.0	264.2682926829268
11588.0	261.7323529411765
11663.0	249.359375
11738.0	224.75
11813.0	251.75
11888.0	267.6060606060606
11963.0	224.08021390374333
12038.0	185.69230769230768
12113.0	318.6473029045643
12188.0	245.35497835497836
12263.0	260.8958333333333
12338.0	173.17073170731706
12413.0	299.1246753246753
12488.0	275.404174573055
12563.0	230.42857142857142
12638.0	197.42307692307693
12713.0	260.6359447004608
12788.0	234.2609756097561
12863.0	200.54166666666666
12938.0	192.56944444444446
13013.0	262.81702127659577
13088.0	255.23374613003097
13163.0	213.78884462151393
13238.0	173.96987951807228
13313.0	267.77152317880797
13388.0	246.74937343358397
13463.0	231.7
13538.0	202.25641025641025
13613.0	260.8587196467991
13688.0	239.7645739910314
13763.0	197.10276679841897
13838.0	176.59
13913.0	262.84684684684686
13988.0	263.77450980392155
14063.0	260.60714285714283
14138.0	219.87179487179486
14213.0	271.71670702179176
14288.0	250.82993197278913
14363.0	197.33796296296296
14438.0	177.87179487179486
14513.0	281.9310344827586
14588.0	271.0670194003527
14663.0	225.81428571428572
14738.0	200.97802197802199
14813.0	220.04166666666666
14888.0	339.125
14963.0	211.27272727272728
15038.0	239.30769230769232
15113.0	294.0
15188.0	266.87254901960785
15263.0	235.36649214659687
15338.0	199.5375
15413.0	210.5
15488.0	280.83522727272725
15563.0	261.67868852459014
15638.0	234.3781094527363
15713.0	194.47191011235955
15788.0	252.0952380952381
15863.0	275.5352348993289
15938.0	236.83393501805054
16013.0	238.683908045977
16088.0	285.98924731182797
16163.0	281.7253086419753
16238.0	243.63440860215053
16313.0	216.32203389830508
16388.0	304.39285714285717
16463.0	325.8181818181818
16538.0	322.5
16613.0	272.71875
16688.0	323.05882352941177
16763.0	264.039627039627
16838.0	245.62610619469027
16913.0	199.52380952380952
16988.0	187.17777777777778
17063.0	271.45108695652175
17138.0	250.75283018867924
17213.0	220.09180327868853
17288.0	157.77083333333334
17363.0	272.94117647058823
17438.0	257.6906779661017
17513.0	221.3734939759036
17588.0	205.51898734177215
17663.0	338.5398773006135
17738.0	275.94871794871796
17813.0	259.62433862433863
17888.0	288.289592760181
17963.0	275.2675585284281
18038.0	262.0106007067138
18113.0	250.5185185185185
18188.0	241.91772151898735
18263.0	284.63296703296703
18338.0	262.1593137254902
18413.0	217.86779661016948
18488.0	183.29473684210527
18563.0	204.9090909090909
18638.0	256.31909212283045
18713.0	224.045871559633
18788.0	223.99479166666666
18863.0	230.5
18938.0	274.4025787965616
19013.0	231.61245674740485
19088.0	178.76536312849163
19163.0	125.72413793103448
19238.0	0.0
19313.0	0.0
19388.0	0.0
19463.0	0.0
19538.0	299.6842105263158
19613.0	257.7668918918919
19688.0	211.0728476821192
19763.0	165.3684210526316
19838.0	295.74528301886795
19913.0	329.78472222222223
19988.0	349.1685393258427
20063.0	333.8888888888889
20138.0	341.5943396226415
20213.0	306.8988764044944
20288.0	330.78125
20363.0	318.64912280701753
20438.0	317.25
20513.0	288.8265682656827
20588.0	251.39361702127658
20663.0	212.29166666666666
20738.0	215.92
20813.0	276.420054200542
20888.0	260.4047619047619
20963.0	262.07042253521126
21038.0	267.81739130434784
21113.0	311.98
21188.0	305.08196721311475
21263.0	285.3125
21338.0	283.6666666666667
21413.0	275.75
21488.0	228.95714285714286
21563.0	286.88461538461536
21638.0	273.32380952380953
21713.0	295.0642857142857
21788.0	258.23668639053255
21863.0	255.93333333333334
21938.0	257.2295081967213
22013.0	248.83193277310923
22088.0	195.85714285714286
22163.0	156.78571428571428
22238.0	249.21428571428572
22313.0	296.7647058823529
22388.0	255.82857142857142
22463.0	257.40909090909093
22538.0	269.7607655502392
22613.0	237.60294117647058
22688.0	227.30693069306932
22763.0	238.5625
22838.0	295.5280898876405
22913.0	277.9194139194139
22988.0	249.84558823529412
23063.0	293.05194805194805
23138.0	270.64402173913044
23213.0	247.84126984126985
23288.0	199.92265193370164
23363.0	162.87272727272727
23438.0	273.8796992481203
23513.0	254.19521912350598
23588.0	208.32183908045977
23663.0	180.135593220339
23738.0	348.22222222222223
23813.0	284.8562091503268
23888.0	258.469696969697
23963.0	222.21951219512195
24038.0	235.8
24113.0	262.99285714285713
24188.0	237.89380530973452
24263.0	216.24242424242425
24338.0	216.56
24413.0	284.5026178010471
24488.0	249.69811320754718
24563.0	236.67857142857142
24638.0	256.3137254901961
24713.0	269.764168190128
24788.0	257.72
24863.0	231.1860465116279
24938.0	296.3125
25013.0	272.0047846889952
25088.0	242.33492822966508
25163.0	210.35714285714286
25238.0	205.6
25313.0	263.6983606557377
25388.0	248.3655172413793
25463.0	184.4181818181818
25538.0	166.05555555555554
25613.0	283.5464480874317
25688.0	252.7482993197279
25763.0	226.0
25838.0	214.69230769230768
25913.0	278.34285714285716
25988.0	267.1320754716981
26063.0	251.75968992248062
26138.0	231.9746835443038
26213.0	281.2343234323432
26288.0	259.57608695652175
26363.0	213.22666666666666
26438.0	248.12
26513.0	283.214501510574
26588.0	263.6297229219144
26663.0	217.32191780821918
26738.0	219.80434782608697
26813.0	272.98125
26888.0	270.90922401171304
26963.0	223.39877300613497
27038.0	217.94630872483222
27113.0	269.98148148148147
27188.0	268.9151670951157
27263.0	216.97231833910035
27338.0	177.72058823529412
27413.0	190.75
27488.0	307.5416666666667
27563.0	338.125
27638.0	275.7692307692308
27713.0	297.25
27788.0	260.08196721311475
27863.0	257.8333333333333
27938.0	231.52380952380952
28013.0	259.7
28088.0	271.659509202454
28163.0	236.71153846153845
28238.0	203.04807692307693
28313.0	138.13636363636363
28388.0	274.55454545454546
28463.0	248.4867256637168
28538.0	220.14117647058825
28613.0	248.07272727272726
28688.0	287.61538461538464
28763.0	264.54609929078015
28838.0	243.65
28913.0	321.0
28988.0	275.5882352941176
29063.0	262.81885856079407
29138.0	248.55483870967743
29213.0	259.0731707317073
29288.0	311.2173913043478
29363.0	303.62992125984255
29438.0	285.89156626506025
29513.0	249.38979118329468
29588.0	209.90449438202248
29663.0	166.82758620689654
29738.0	133.7
29813.0	0.0
29877.0	0.0
