#Position (bp)	insert size
38.0	18101.226460071513
113.0	231.57463884430177
188.0	237.36254295532646
263.0	253.33795013850417
338.0	400.0082644628099
413.0	303.93398058252427
488.0	209.68822170900694
563.0	197.58536585365854
638.0	449.0070957932083
713.0	411.66322314049586
788.0	214.16546762589928
863.0	211.2074074074074
938.0	473.2779690189329
1013.0	385.58360655737704
1088.0	222.77566539923956
1163.0	167.81614349775785
1238.0	321.81827956989247
1313.0	476.42657342657344
1388.0	237.2565789473684
1463.0	208.96453900709218
1538.0	319.8736383442266
1613.0	322.2209350434423
1688.0	233.78980891719746
1763.0	212.95352112676056
1838.0	130.99325567136725
1913.0	353.04545454545456
1988.0	234.74102564102563
2063.0	174.82608695652175
2138.0	261.88367346938776
2213.0	1368.9959349593496
2288.0	279.34615384615387
2363.0	229.75
2438.0	166.95833333333334
2513.0	276.03766816143496
2588.0	256.0858585858586
2663.0	215.30927835051546
2738.0	244.122969837587
2813.0	187.69444444444446
2888.0	31.054188948306596
2963.0	238.25
3038.0	0.0
3113.0	409.6009353078722
3188.0	256.0007358351729
3263.0	242.10222672064776
3338.0	180.18166939443535
3413.0	116.43243243243244
3488.0	1133.8212765957446
3563.0	259.4516129032258
3638.0	252.09677419354838
3713.0	193.45454545454547
3788.0	338.22299956274594
3863.0	245.58690176322418
3938.0	225.85555555555555
4013.0	279.65833333333336
4088.0	378.4508165590581
4163.0	296.4729064039409
4238.0	229.0104712041885
4313.0	334.4540867810293
4388.0	385.1489726027397
4463.0	191.03481392557023
4538.0	244.41679873217115
4613.0	411.1948917268184
4688.0	294.98211091234344
4763.0	238.9153046062407
4838.0	255.9143389199255
4913.0	314.63793103448273
4988.0	1393.057142857143
5063.0	247.75
5138.0	185.44117647058823
5213.0	285.307881773399
5288.0	327.37476459510356
5363.0	280.913357400722
5438.0	223.59555555555556
5513.0	142.92219679633868
5588.0	406.7902825979177
5663.0	226.94257854821234
5738.0	202.94912559618442
5813.0	322.966573816156
5888.0	411.5370741482966
5963.0	316.44594594594594
6038.0	209.6315789473684
6113.0	213.7016129032258
6188.0	312.10033880635916
6263.0	246.29784615384617
6338.0	221.59761904761905
6413.0	232.35051546391753
6488.0	384.8627015008338
6563.0	252.70445344129556
6638.0	205.75671406003158
6713.0	223.0368
6788.0	241.33333333333334
6863.0	510.81333333333333
6938.0	167.73809523809524
7013.0	231.90272373540856
7088.0	258.6271186440678
7163.0	224.20754716981133
7238.0	169.7608695652174
7313.0	287.0280172413793
7388.0	266.04587155963304
7463.0	209.02413273001508
7538.0	162.625
7613.0	310.86653386454185
7688.0	266.21898734177216
7763.0	257.6484375
7838.0	238.0174825174825
7913.0	309.8311218335344
7988.0	399.200290275762
8063.0	219.52162629757785
8138.0	238.0126422250316
8213.0	213.54616895874264
8288.0	413.0412371134021
8363.0	245.41728395061727
8438.0	201.4953560371517
8513.0	161.54935622317598
8588.0	328.82509881422925
8663.0	266.80118694362017
8738.0	213.79156327543424
8813.0	219.77815699658703
8888.0	331.1768475010679
8963.0	278.95539696699376
9038.0	235.6057030481809
9113.0	174.6812411847673
9188.0	331.85962732919256
9263.0	332.64095371669003
9338.0	268.83787661406024
9413.0	210.3579831932773
9488.0	313.85272958104105
9563.0	256.5117270788913
9638.0	211.68864774624373
9713.0	200.5601851851852
9788.0	362.4229781771502
9863.0	105.13577185368878
9938.0	201.10721247563353
10013.0	170.1007371007371
10088.0	280.4721418234443
10163.0	281.6799140708915
10238.0	246.04161412358133
10313.0	149.40256959314775
10388.0	357.30109739369
10463.0	357.9871944121071
10538.0	259.98200899550227
10613.0	260.376
10688.0	241.2069730586371
10763.0	239.35078969243557
10838.0	226.9556412729026
10913.0	225.1132530120482
10988.0	341.99757028809444
11063.0	265.1952662721894
11138.0	205.03952095808384
11213.0	184.62113821138212
11288.0	277.89472010178116
11363.0	329.32305716120743
11438.0	229.8555900621118
11513.0	206.94060475161987
11588.0	231.8314889336016
11663.0	319.1922290388548
11738.0	213.69495412844037
11813.0	179.36231884057972
11888.0	270.5130023640662
11963.0	219.9623477297896
12038.0	205.74743024963288
12113.0	296.023598820059
12188.0	336.17071320182094
12263.0	200.3814317673378
12338.0	147.7233676975945
12413.0	278.2225899875879
12488.0	260.7349794238683
12563.0	242.6146288209607
12638.0	232.4435215946844
12713.0	286.66180492251596
12788.0	234.79365878208355
12863.0	194.37267441860465
12938.0	186.8136645962733
13013.0	276.9801404698474
13088.0	261.32425213675214
13163.0	199.55502104630187
13238.0	173.59709821428572
13313.0	449.90743155149937
13388.0	253.38321536905966
13463.0	222.82037239868566
13538.0	164.98498498498498
13613.0	262.2004710808689
13688.0	259.606220657277
13763.0	190.83160800552105
13838.0	218.79136690647482
13913.0	308.4474835886214
13988.0	259.5754422476587
14063.0	240.9480122324159
14138.0	186.1608579088472
14213.0	276.35972272893105
14288.0	243.3205047318612
14363.0	225.60520446096655
14438.0	182.5779162956367
14513.0	283.4035794183445
14588.0	182.6810598626104
14663.0	219.9111747851003
14738.0	174.21324354657688
14813.0	141.52032520325204
14888.0	335.1235080435911
14963.0	237.62688821752266
15038.0	192.9757281553398
15113.0	168.60759493670886
15188.0	261.64221773029163
15263.0	224.24113856068743
15338.0	186.9939255884586
15413.0	154.58802816901408
15488.0	290.63952142030104
15563.0	242.49187725631768
15638.0	212.5672191528545
15713.0	184.09489916963227
15788.0	171.9751655629139
15863.0	190.34393905444767
15938.0	212.32151029748283
16013.0	188.81352992194275
16088.0	212.69125214408234
16163.0	298.08322147651006
16238.0	218.22222222222223
16313.0	176.82239382239382
16388.0	237.46907216494844
16463.0	359.5606936416185
16538.0	270.3119266055046
16613.0	218.57746478873239
16688.0	196.03
16763.0	258.3874058863792
16838.0	246.27208976157084
16913.0	207.15052356020942
16988.0	165.60766423357666
17063.0	246.9822358346095
17138.0	234.59002169197396
17213.0	199.77265898848273
17288.0	163.57974481658692
17363.0	249.03299389002038
17438.0	261.36284889316653
17513.0	214.78217821782178
17588.0	173.0595041322314
17663.0	235.0795909293019
17738.0	268.5795019157088
17813.0	222.17102803738317
17888.0	194.13666228646517
17963.0	238.64244055630328
18038.0	260.0168918918919
18113.0	217.15409139213602
18188.0	166.2037037037037
18263.0	248.9732676749912
18338.0	236.89989293361884
18413.0	204.1516954193932
18488.0	169.96076642335765
18563.0	212.26251526251525
18638.0	261.28525538066174
18713.0	220.3507462686567
18788.0	290.8454810495627
18863.0	239.07543103448276
18938.0	266.1590156176053
19013.0	214.4569152787835
19088.0	178.2261640798226
19163.0	127.56539235412475
19238.0	276.1638418079096
19313.0	338.5
19388.0	200.4
19463.0	177.5
19538.0	262.0330920372285
19613.0	252.97330595482546
19688.0	231.26725663716815
19763.0	163.7420814479638
19838.0	203.89352818371609
19913.0	257.8255813953488
19988.0	244.51351351351352
20063.0	197.8131868131868
20138.0	241.95238095238096
20213.0	269.89312977099235
20288.0	252.90697674418604
20363.0	253.37209302325581
20438.0	265.2217453505007
20513.0	274.1967471143757
20588.0	246.9525222551929
20663.0	217.4989406779661
20738.0	196.1657894736842
20813.0	238.26570841889117
20888.0	237.0201550387597
20963.0	192.85533869115957
21038.0	139.86846846846848
21113.0	219.18028169014084
21188.0	235.0
21263.0	173.34883720930233
21338.0	271.9283154121864
21413.0	264.1358024691358
21488.0	247.76190476190476
21563.0	176.96969696969697
21638.0	231.01064962726304
21713.0	272.1705685618729
21788.0	225.4346405228758
21863.0	234.5409252669039
21938.0	230.49787535410766
22013.0	262.97696737044146
22088.0	215.91907514450867
22163.0	178.04407713498622
22238.0	197.00541516245488
22313.0	260.2582781456954
22388.0	234.89622641509433
22463.0	201.20833333333334
22538.0	245.03997243280497
22613.0	237.78514056224898
22688.0	197.91469194312796
22763.0	250.47747747747746
22838.0	261.20409930715937
22913.0	236.36439393939395
22988.0	210.19136960600375
23063.0	188.88521634615384
23138.0	231.74081822408183
23213.0	213.6022871664549
23288.0	188.5649081209247
23363.0	147.3016330451489
23438.0	224.0909090909091
23513.0	270.9707673568819
23588.0	216.36363636363637
23663.0	175.47011952191235
23738.0	140.96198830409358
23813.0	242.18976825535637
23888.0	223.5452029520295
23963.0	184.22030456852792
24038.0	146.99110320284697
24113.0	237.38165680473372
24188.0	226.96136962247584
24263.0	187.60470588235293
24338.0	143.8422712933754
24413.0	244.44196106705118
24488.0	233.03024911032028
24563.0	189.15656108597284
24638.0	150.9588839941263
24713.0	219.14581763376037
24788.0	210.26031294452346
24863.0	188.86319845857417
24938.0	174.10696920583467
25013.0	227.83465670247548
25088.0	223.64494680851064
25163.0	185.09694793536804
25238.0	148.7409470752089
25313.0	243.58708979444646
25388.0	229.56273199703043
25463.0	183.15515515515514
25538.0	134.6314935064935
25613.0	216.13956043956043
25688.0	254.75438596491227
25763.0	209.8095238095238
25838.0	151.56962025316454
25913.0	230.46275071633238
25988.0	274.19786096256684
26063.0	231.13852813852813
26138.0	186.15662650602408
26213.0	240.54503464203233
26288.0	243.05045871559633
26363.0	209.2
26438.0	170.31652661064425
26513.0	228.9626825310979
26588.0	237.4265734265734
26663.0	198.99799196787149
26738.0	157.3255425709516
26813.0	218.42909987669543
26888.0	254.1626984126984
26963.0	204.24983164983166
27038.0	160.74011774600504
27113.0	198.3879472693032
27188.0	236.96563573883162
27263.0	210.02954341987467
27338.0	170.9921773142112
27413.0	126.01106194690266
27488.0	112.32352941176471
27563.0	284.2
27638.0	286.57142857142856
27713.0	230.25
27788.0	253.92937853107344
27863.0	268.53932584269666
27938.0	216.3588850174216
28013.0	168.985559566787
28088.0	226.9370018975332
28163.0	226.42353883106486
28238.0	184.5459098497496
28313.0	147.1415220293725
28388.0	204.24505327245052
28463.0	245.1199040767386
28538.0	210.3542857142857
28613.0	155.9787234042553
28688.0	210.08450704225353
28763.0	238.81034482758622
28838.0	198.24657534246575
28913.0	159.3148148148148
28988.0	237.99220183486239
29063.0	240.02408563782336
29138.0	201.632183908046
29213.0	155.3056
29288.0	103.90159574468085
29363.0	111.54545454545455
29438.0	221.0
29513.0	217.625
29588.0	98.0
29663.0	47.0
29738.0	0.0
29813.0	0.0
29877.0	0.0
