#Position (bp)	mapping quality
38.0	59.99560865966886
113.0	59.999138314831036
188.0	59.999722552333566
263.0	59.99245595022329
338.0	59.9976724408039
413.0	59.96903231340843
488.0	59.82185322155265
563.0	59.98999624859322
638.0	59.99004224240374
713.0	59.95304034825947
788.0	59.99017154932666
863.0	59.99637651728924
938.0	59.99357676536181
1013.0	59.99189258117486
1088.0	60.0
1163.0	59.99934759916493
1238.0	59.991079077604944
1313.0	59.99548959064618
1388.0	59.997047016135255
1463.0	59.9457643708845
1538.0	59.98245584888106
1613.0	59.99600383428767
1688.0	59.99795256005824
1763.0	59.99053352255891
1838.0	56.957717020327316
1913.0	52.93052596706437
1988.0	59.99063531541398
2063.0	59.997659217614384
2138.0	59.98530101454824
2213.0	59.97652382626775
2288.0	59.97912087912088
2363.0	60.0
2438.0	60.0
2513.0	59.993941754294866
2588.0	59.983073535126735
2663.0	59.99076970866893
2738.0	59.998313066704156
2813.0	59.983797132518845
2888.0	35.8848981115243
2963.0	60.0
3038.0	60.0
3113.0	59.9927210966881
3188.0	59.99675362737053
3263.0	59.99676552771314
3338.0	59.97631978165848
3413.0	59.9816254489063
3488.0	59.99751785335685
3563.0	59.96619132243943
3638.0	60.0
3713.0	59.989928661351236
3788.0	59.992606678016365
3863.0	59.99492948659792
3938.0	59.99106925288757
4013.0	59.99191061786099
4088.0	59.99527731298208
4163.0	59.951771683402605
4238.0	59.994123823587266
4313.0	59.893359518217494
4388.0	59.99504686441778
4463.0	59.9870142000081
4538.0	59.98591837764513
4613.0	59.96727784251103
4688.0	59.922430238524385
4763.0	59.99572446354118
4838.0	59.98774376862942
4913.0	59.98528442228045
4988.0	59.99488782712991
5063.0	60.0
5138.0	60.0
5213.0	60.0
5288.0	59.98470370564146
5363.0	59.9858184778238
5438.0	59.98172746535889
5513.0	59.99592065297906
5588.0	59.99555564640232
5663.0	59.99979918334561
5738.0	59.9987051072095
5813.0	59.99184692246363
5888.0	59.9704368736141
5963.0	59.88653475086073
6038.0	59.943308966134566
6113.0	59.99841227838052
6188.0	59.98553835406526
6263.0	59.99523754642556
6338.0	59.99893456745936
6413.0	59.99868400526398
6488.0	59.99394869651869
6563.0	59.97398382778484
6638.0	59.971290608678515
6713.0	59.98518908688355
6788.0	59.9938870364757
6863.0	59.99475730700336
6938.0	59.986697705354175
7013.0	59.99791275307869
7088.0	59.96755211435378
7163.0	59.99784876841992
7238.0	60.0
7313.0	59.997374380517904
7388.0	59.998683178149534
7463.0	59.953051774626125
7538.0	59.97931182543865
7613.0	59.99026938950364
7688.0	59.99852703272631
7763.0	59.99936155949734
7838.0	59.99682025316456
7913.0	59.97020813984463
7988.0	59.98961330804797
8063.0	59.99774878058948
8138.0	59.99380892804169
8213.0	59.993674842790426
8288.0	59.989903541543775
8363.0	59.97685824706266
8438.0	59.998570283381405
8513.0	59.99855541644751
8588.0	59.990811184665546
8663.0	59.99777989216619
8738.0	60.0
8813.0	59.99852438454539
8888.0	59.989870418617826
8963.0	59.97020073118576
9038.0	59.99323968701388
9113.0	59.998100861518274
9188.0	59.990706936608035
9263.0	59.99279839465589
9338.0	59.985093457734116
9413.0	59.98926716567008
9488.0	59.99419793007235
9563.0	59.988037473294966
9638.0	59.99768714565074
9713.0	59.99702601460051
9788.0	59.988467686686455
9863.0	56.20525304292121
9938.0	59.9808858548976
10013.0	59.99366976144996
10088.0	59.99659811729741
10163.0	59.99841139361038
10238.0	59.986954343148525
10313.0	59.960751464306725
10388.0	59.988568788975286
10463.0	59.980416329830234
10538.0	59.98740275678801
10613.0	59.98321929253663
10688.0	57.89946048556299
10763.0	59.99629712665707
10838.0	59.99223496173812
10913.0	59.98081026435525
10988.0	59.99145261001917
11063.0	59.94857787369632
11138.0	59.995333394867004
11213.0	59.99897696022316
11288.0	59.99633388624926
11363.0	59.99493690181945
11438.0	59.99745246894952
11513.0	59.99655496696625
11588.0	59.993891469287874
11663.0	58.743461291632286
11738.0	59.997781467861536
11813.0	59.998624255521605
11888.0	59.98690468233443
11963.0	59.9958703792472
12038.0	59.99489270563038
12113.0	59.99609698199864
12188.0	59.98653299639587
12263.0	59.99014958330179
12338.0	59.98811870519557
12413.0	59.985155848639124
12488.0	59.98176237588947
12563.0	59.99771529447158
12638.0	59.997768546592624
12713.0	59.98927154499819
12788.0	59.97539448261987
12863.0	59.99203073553386
12938.0	59.99060753381619
13013.0	59.98406801341641
13088.0	59.98799012058364
13163.0	59.9743277691803
13238.0	59.99338834783887
13313.0	59.99601777572575
13388.0	59.99609410767496
13463.0	59.99191453816938
13538.0	59.98055032516337
13613.0	59.986472722212454
13688.0	59.99139689286479
13763.0	59.991365556254166
13838.0	59.99333887177141
13913.0	59.98927124339513
13988.0	59.98766566310367
14063.0	59.9926239402417
14138.0	59.993948249619486
14213.0	59.99133735955571
14288.0	59.99011228700442
14363.0	59.990551300662815
14438.0	59.92677242345208
14513.0	59.996848924591866
14588.0	56.624153926744874
14663.0	59.99794988756415
14738.0	59.99365481912951
14813.0	59.99794012789316
14888.0	59.99754657400777
14963.0	59.99755942275043
15038.0	59.99857778114896
15113.0	59.98298092420197
15188.0	59.977535616988966
15263.0	59.99713036375368
15338.0	59.999235852024995
15413.0	59.998878495292
15488.0	59.99397559094819
15563.0	59.96682826767204
15638.0	59.98883250646092
15713.0	59.97950750711882
15788.0	59.95136761796359
15863.0	57.56296902509724
15938.0	59.968070613804215
16013.0	59.98730101477516
16088.0	59.993132781368075
16163.0	59.98554893590818
16238.0	59.99439871293774
16313.0	59.998122829521634
16388.0	59.99326594461023
16463.0	59.95373926516887
16538.0	59.895320122869364
16613.0	59.95215028355388
16688.0	59.99595941456406
16763.0	59.960570438331295
16838.0	59.996735081548756
16913.0	59.99940769990128
16988.0	59.99397960919811
17063.0	59.975700266937146
17138.0	59.99420038128255
17213.0	59.9941124984944
17288.0	59.99591209279268
17363.0	59.99569128554278
17438.0	59.989391894025516
17513.0	59.96929559456004
17588.0	59.990537433313676
17663.0	59.98981333026208
17738.0	59.995480480917585
17813.0	59.98519962777507
17888.0	59.98726784402159
17963.0	59.996741801342026
18038.0	59.997233657839324
18113.0	59.9977763722912
18188.0	59.99613385187513
18263.0	59.9897934882455
18338.0	59.99012240570268
18413.0	59.99660266726762
18488.0	59.99302445221372
18563.0	59.983036188423455
18638.0	59.96658266198025
18713.0	59.933889494729186
18788.0	59.99740737849398
18863.0	59.99775359328662
18938.0	59.99513605369296
19013.0	59.97618628090145
19088.0	59.95822282887942
19163.0	59.99158271847563
19238.0	59.99318233542118
19313.0	59.99591436509233
19388.0	60.0
19463.0	60.0
19538.0	59.99054611918192
19613.0	59.97968878491988
19688.0	59.99394783792814
19763.0	59.99851926802483
19838.0	59.97956056706782
19913.0	59.97603546583764
19988.0	59.99652062976601
20063.0	59.99743095696853
20138.0	60.0
20213.0	59.99437293381163
20288.0	60.0
20363.0	60.0
20438.0	59.995327102803735
20513.0	59.96641480380659
20588.0	59.98967953234191
20663.0	59.98659010613216
20738.0	59.99286975521533
20813.0	59.983825424949025
20888.0	59.98105745919136
20963.0	59.98480230495399
21038.0	59.994216932648094
21113.0	59.990690639790344
21188.0	59.993908258941104
21263.0	60.0
21338.0	60.0
21413.0	59.92837166590141
21488.0	59.99059391015978
21563.0	59.99219436042541
21638.0	59.98968434082938
21713.0	59.99869127077608
21788.0	59.99178701233063
21863.0	59.95895104825851
21938.0	59.99446504379601
22013.0	59.94552754575483
22088.0	59.9994214860096
22163.0	59.99926754683123
22238.0	59.988681219867814
22313.0	59.9909807237479
22388.0	60.0
22463.0	59.98015621701499
22538.0	59.99289440353777
22613.0	59.97751089188722
22688.0	59.99961604668872
22763.0	59.972872113040566
22838.0	59.97355111819465
22913.0	59.99007176045103
22988.0	59.993041774316346
23063.0	59.978607310672
23138.0	59.979146179572346
23213.0	59.99106469490513
23288.0	59.99260238708525
23363.0	59.99267635124611
23438.0	59.985965209725
23513.0	59.983879663842266
23588.0	59.991358525188296
23663.0	59.99716385637963
23738.0	59.998242067328825
23813.0	59.94943139051866
23888.0	59.99493871620135
23963.0	59.98618610603541
24038.0	59.990203707424186
24113.0	59.92442755586566
24188.0	59.986935231775014
24263.0	59.983057922103974
24338.0	59.99271551878811
24413.0	59.99367955650203
24488.0	59.99463857392765
24563.0	59.96179187698595
24638.0	59.98369295176074
24713.0	59.89064665559565
24788.0	59.991431954345224
24863.0	59.99745039664763
24938.0	59.99330077016408
25013.0	59.99114052216677
25088.0	59.98333723407812
25163.0	59.991644376512546
25238.0	59.85949940087871
25313.0	59.763894975324874
25388.0	59.96542953911981
25463.0	59.9983400352027
25538.0	59.99901939822017
25613.0	59.967457444873155
25688.0	59.99519122943575
25763.0	59.996672139148956
25838.0	59.9978401961102
25913.0	59.98143182471767
25988.0	59.988057623306375
26063.0	60.0
26138.0	59.97211851234637
26213.0	59.99297150078733
26288.0	59.95508926651968
26363.0	59.99515666065997
26438.0	59.99767640526226
26513.0	59.98947636185488
26588.0	59.93109743307376
26663.0	59.992613400904105
26738.0	59.99582549505773
26813.0	59.69847424509926
26888.0	59.98725617137744
26963.0	59.993471324208585
27038.0	59.99562640931015
27113.0	59.98856480136955
27188.0	59.95854771332658
27263.0	59.99324779268487
27338.0	59.993433831853665
27413.0	59.984019050898034
27488.0	59.953482557401514
27563.0	59.97189037245256
27638.0	60.0
27713.0	60.0
27788.0	59.990272373540854
27863.0	60.0
27938.0	60.0
28013.0	59.998159633203194
28088.0	59.98386977280211
28163.0	59.98812626701419
28238.0	59.99602372391372
28313.0	59.99799131136903
28388.0	59.99492286464276
28463.0	59.98653837839537
28538.0	59.99439696106363
28613.0	59.99669111480459
28688.0	59.99922894043565
28763.0	59.99123486812218
28838.0	60.0
28913.0	60.0
28988.0	59.87538712482126
29063.0	59.98150386488863
29138.0	59.98335190128854
29213.0	59.98535054487345
29288.0	59.99528413039782
29363.0	59.99456558079596
29438.0	60.0
29513.0	60.0
29588.0	59.885441527446304
29663.0	60.0
29738.0	60.0
29813.0	60.0
29877.0	16.395655449522852
