#Position (bp)	Coverage
38.0	83.62666666666667
113.0	2.8533333333333335
188.0	0.8133333333333334
263.0	0.7066666666666667
338.0	1.7333333333333334
413.0	1.4666666666666666
488.0	1.0
563.0	1.2133333333333334
638.0	1.8666666666666667
713.0	2.68
788.0	2.0
863.0	2.013333333333333
938.0	2.4266666666666667
1013.0	2.4133333333333336
1088.0	1.0
1163.0	1.3733333333333333
1238.0	2.32
1313.0	3.8266666666666667
1388.0	2.72
1463.0	2.32
1538.0	2.933333333333333
1613.0	6.0
1688.0	3.013333333333333
1763.0	3.7333333333333334
1838.0	3.04
1913.0	6.0
1988.0	3.546666666666667
2063.0	3.32
2138.0	2.8533333333333335
2213.0	3.0
2288.0	0.49333333333333335
2363.0	0.0
2438.0	0.0
2513.0	0.6133333333333333
2588.0	1.0
2663.0	1.0
2738.0	1.16
2813.0	1.0
2888.0	0.6933333333333334
2963.0	0.0
3038.0	0.0
3113.0	0.08
3188.0	1.0
3263.0	1.0
3338.0	1.44
3413.0	1.0
3488.0	1.8666666666666667
3563.0	1.08
3638.0	1.28
3713.0	1.0666666666666667
3788.0	1.72
3863.0	1.3733333333333333
3938.0	1.16
4013.0	1.3066666666666666
4088.0	2.0
4163.0	1.52
4238.0	1.5466666666666666
4313.0	1.72
4388.0	1.9866666666666666
4463.0	1.1466666666666667
4538.0	1.2266666666666666
4613.0	1.5466666666666666
4688.0	3.52
4763.0	3.0
4838.0	4.453333333333333
4913.0	3.2933333333333334
4988.0	4.666666666666667
5063.0	2.0
5138.0	3.066666666666667
5213.0	2.0
5288.0	2.7866666666666666
5363.0	1.0
5438.0	1.4266666666666667
5513.0	1.0266666666666666
5588.0	1.8266666666666667
5663.0	1.24
5738.0	1.2533333333333334
5813.0	1.12
5888.0	2.506666666666667
5963.0	2.4266666666666667
6038.0	2.1066666666666665
6113.0	2.36
6188.0	5.12
6263.0	3.2533333333333334
6338.0	2.72
6413.0	2.32
6488.0	2.7866666666666666
6563.0	1.6
6638.0	1.0266666666666666
6713.0	1.5733333333333333
6788.0	2.0
6863.0	1.64
6938.0	1.28
7013.0	1.2
7088.0	1.8933333333333333
7163.0	1.0
7238.0	1.52
7313.0	2.2
7388.0	2.8666666666666667
7463.0	1.3333333333333333
7538.0	2.32
7613.0	4.32
7688.0	3.3333333333333335
7763.0	1.0
7838.0	1.3466666666666667
7913.0	1.1733333333333333
7988.0	2.92
8063.0	2.0
8138.0	2.2
8213.0	2.0533333333333332
8288.0	6.0
8363.0	4.426666666666667
8438.0	4.133333333333334
8513.0	3.96
8588.0	4.4
8663.0	2.88
8738.0	1.0
8813.0	1.4533333333333334
8888.0	2.9466666666666668
8963.0	5.573333333333333
9038.0	4.066666666666666
9113.0	4.773333333333333
9188.0	4.28
9263.0	3.44
9338.0	1.0
9413.0	1.5066666666666666
9488.0	3.56
9563.0	4.52
9638.0	2.76
9713.0	3.453333333333333
9788.0	5.413333333333333
9863.0	4.76
9938.0	2.7333333333333334
10013.0	2.5866666666666664
10088.0	3.0
10163.0	1.8266666666666667
10238.0	0.0
10313.0	0.0
10388.0	1.64
10463.0	2.0
10538.0	2.1733333333333333
10613.0	1.4533333333333334
10688.0	2.7866666666666666
10763.0	2.013333333333333
10838.0	1.0266666666666666
10913.0	1.16
10988.0	1.3466666666666667
11063.0	1.6533333333333333
11138.0	1.0
11213.0	1.32
11288.0	1.5066666666666666
11363.0	2.92
11438.0	2.0
11513.0	2.6
11588.0	2.933333333333333
11663.0	2.8133333333333335
11738.0	1.36
11813.0	1.0133333333333334
11888.0	4.293333333333333
11963.0	4.026666666666666
12038.0	3.52
12113.0	4.906666666666666
12188.0	7.0
12263.0	4.226666666666667
12338.0	3.4133333333333336
12413.0	3.88
12488.0	3.5866666666666664
12563.0	2.0
12638.0	2.6933333333333334
12713.0	3.0533333333333332
12788.0	3.3733333333333335
12863.0	1.2
12938.0	1.4133333333333333
13013.0	3.08
13088.0	3.2266666666666666
13163.0	2.44
13238.0	2.7333333333333334
13313.0	3.1466666666666665
13388.0	2.92
13463.0	2.16
13538.0	2.493333333333333
13613.0	3.28
13688.0	3.026666666666667
13763.0	2.4266666666666667
13838.0	2.6133333333333333
13913.0	3.2666666666666666
13988.0	3.8933333333333335
14063.0	3.026666666666667
14138.0	3.3066666666666666
14213.0	3.4133333333333336
14288.0	2.9466666666666668
14363.0	1.0
14438.0	1.3733333333333333
14513.0	1.0666666666666667
14588.0	1.68
14663.0	1.0
14738.0	1.5333333333333334
14813.0	1.0
14888.0	1.8
14963.0	1.0133333333333334
15038.0	1.4
15113.0	1.12
15188.0	3.1333333333333333
15263.0	3.026666666666667
15338.0	2.4133333333333336
15413.0	2.7733333333333334
15488.0	5.32
15563.0	5.413333333333333
15638.0	2.8133333333333335
15713.0	2.56
15788.0	3.76
15863.0	5.173333333333333
15938.0	2.0
16013.0	2.5866666666666664
16088.0	2.0933333333333333
16163.0	3.0
16238.0	1.24
16313.0	1.3733333333333333
16388.0	1.24
16463.0	3.0
16538.0	2.1333333333333333
16613.0	2.0933333333333333
16688.0	2.0
16763.0	3.3866666666666667
16838.0	2.8666666666666667
16913.0	2.0
16988.0	2.493333333333333
17063.0	2.466666666666667
17138.0	2.3466666666666667
17213.0	1.0
17288.0	1.4533333333333334
17363.0	1.2533333333333334
17438.0	1.6933333333333334
17513.0	1.0
17588.0	1.56
17663.0	1.68
17738.0	2.8133333333333335
17813.0	2.0
17888.0	2.8666666666666667
17963.0	2.453333333333333
18038.0	2.6533333333333333
18113.0	1.04
18188.0	1.48
18263.0	1.6266666666666667
18338.0	1.64
18413.0	1.0
18488.0	1.0266666666666666
18563.0	1.2
18638.0	4.96
18713.0	4.0
18788.0	6.04
18863.0	4.053333333333334
18938.0	5.0
19013.0	1.1866666666666668
19088.0	1.2533333333333334
19163.0	1.0
19238.0	1.9466666666666668
19313.0	1.2933333333333332
19388.0	1.08
19463.0	1.0
19538.0	1.72
19613.0	2.546666666666667
19688.0	1.4266666666666667
19763.0	2.1733333333333333
19838.0	2.4133333333333336
19913.0	2.7066666666666666
19988.0	1.0
20063.0	1.1333333333333333
20138.0	1.04
20213.0	2.0
20288.0	1.0666666666666667
20363.0	1.28
20438.0	1.04
20513.0	2.0
20588.0	1.2933333333333332
20663.0	1.04
20738.0	1.0
20813.0	2.7066666666666666
20888.0	2.533333333333333
20963.0	2.16
21038.0	1.9466666666666668
21113.0	5.96
21188.0	4.386666666666667
21263.0	4.946666666666666
21338.0	4.24
21413.0	5.0
21488.0	1.2666666666666666
21563.0	1.4666666666666666
21638.0	1.4533333333333334
21713.0	2.9066666666666667
21788.0	2.0
21863.0	3.0
21938.0	2.3733333333333335
22013.0	3.6666666666666665
22088.0	2.0
22163.0	2.973333333333333
22238.0	2.506666666666667
22313.0	4.88
22388.0	3.0
22463.0	4.173333333333333
22538.0	4.573333333333333
22613.0	4.986666666666666
22688.0	1.96
22763.0	2.2266666666666666
22838.0	4.0
22913.0	2.7333333333333334
22988.0	1.1466666666666667
23063.0	1.48
23138.0	4.12
23213.0	6.08
23288.0	39.32
23363.0	1.3866666666666667
23438.0	22.213333333333335
23513.0	22.413333333333334
23588.0	3.0
23663.0	3.6933333333333334
23738.0	3.0
23813.0	3.7066666666666666
23888.0	1.0
23963.0	1.6133333333333333
24038.0	1.12
24113.0	1.96
24188.0	1.2533333333333334
24263.0	1.4266666666666667
24338.0	1.0
24413.0	1.7866666666666666
24488.0	1.2266666666666666
24563.0	1.1466666666666667
24638.0	1.12
24713.0	3.8666666666666667
24788.0	4.52
24863.0	4.986666666666666
24938.0	4.72
25013.0	4.96
25088.0	2.36
25163.0	1.04
25238.0	1.0
25313.0	5.733333333333333
25388.0	5.253333333333333
25463.0	6.8
25538.0	5.0
25613.0	5.653333333333333
25688.0	2.533333333333333
25763.0	1.1066666666666667
25838.0	1.28
25913.0	2.9066666666666667
25988.0	3.5866666666666664
26063.0	3.0
26138.0	2.12
26213.0	3.546666666666667
26288.0	3.5866666666666664
26363.0	1.1333333333333333
26438.0	1.4533333333333334
26513.0	3.8
26588.0	3.6
26663.0	2.0
26738.0	4.013333333333334
26813.0	4.626666666666667
26888.0	7.346666666666667
26963.0	4.0
27038.0	6.373333333333333
27113.0	4.653333333333333
27188.0	9.466666666666667
27263.0	6.0
27338.0	7.586666666666667
27413.0	6.1466666666666665
27488.0	9.0
27563.0	3.32
27638.0	2.6266666666666665
27713.0	3.0
27788.0	4.08
27863.0	3.1466666666666665
27938.0	2.0533333333333332
28013.0	2.1466666666666665
28088.0	3.76
28163.0	4.253333333333333
28238.0	4.28
28313.0	3.6933333333333334
28388.0	3.4133333333333336
28463.0	2.56
28538.0	1.0
28613.0	1.48
28688.0	1.64
28763.0	1.72
28838.0	1.1733333333333333
28913.0	1.1733333333333333
28988.0	1.5333333333333334
29063.0	1.5066666666666666
29138.0	1.0
29213.0	1.3866666666666667
29288.0	1.4933333333333334
29363.0	1.7066666666666668
29438.0	1.0
29513.0	2.92
29588.0	3.0
29663.0	3.1466666666666665
29738.0	2.08
29813.0	2.0
29877.0	0.6037735849056604
