#Position (bp)	Coverage
38.0	2686.653333333333
113.0	4311.333333333333
188.0	4530.16
263.0	4212.64
338.0	13893.48
413.0	15137.626666666667
488.0	15327.013333333334
563.0	16651.053333333333
638.0	15013.64
713.0	20243.2
788.0	13299.466666666667
863.0	11125.68
938.0	13820.76
1013.0	14355.573333333334
1088.0	6777.8533333333335
1163.0	8310.693333333333
1238.0	7452.6
1313.0	5568.653333333334
1388.0	979.64
1463.0	975.92
1538.0	1070.0933333333332
1613.0	8673.986666666666
1688.0	6936.44
1763.0	7644.12
1838.0	8910.893333333333
1913.0	13720.0
1988.0	6097.386666666666
2063.0	6779.293333333333
2138.0	5563.306666666666
2213.0	5515.013333333333
2288.0	655.9733333333334
2363.0	424.3466666666667
2438.0	507.94666666666666
2513.0	1685.7866666666666
2588.0	2065.12
2663.0	2420.5866666666666
2738.0	2165.92
2813.0	2964.72
2888.0	6587.506666666667
2963.0	4830.88
3038.0	3963.653333333333
3113.0	4548.1466666666665
3188.0	7960.786666666667
3263.0	4594.266666666666
3338.0	5577.906666666667
3413.0	4323.1466666666665
3488.0	5628.92
3563.0	662.16
3638.0	617.8533333333334
3713.0	720.36
3788.0	3460.4133333333334
3863.0	2061.0
3938.0	2899.28
4013.0	2533.866666666667
4088.0	11293.693333333333
4163.0	15110.426666666666
4238.0	12419.533333333333
4313.0	20247.053333333333
4388.0	15813.226666666667
4463.0	13396.386666666667
4538.0	9980.08
4613.0	10777.84
4688.0	12408.373333333333
4763.0	5400.573333333334
4838.0	7754.826666666667
4913.0	5696.2
4988.0	6675.96
5063.0	178.02666666666667
5138.0	201.90666666666667
5213.0	198.88
5288.0	5095.586666666667
5363.0	5789.0
5438.0	5971.733333333334
5513.0	5727.613333333334
5588.0	15801.693333333333
5663.0	11739.693333333333
5738.0	16100.56
5813.0	11885.72
5888.0	12112.16
5963.0	2789.1866666666665
6038.0	139.22666666666666
6113.0	224.66666666666666
6188.0	20539.373333333333
6263.0	24228.866666666665
6338.0	23228.08
6413.0	21957.573333333334
6488.0	27444.32
6563.0	5136.28
6638.0	3334.2
6713.0	3729.4
6788.0	2565.3333333333335
6863.0	2469.9733333333334
6938.0	24.133333333333333
7013.0	57.346666666666664
7088.0	458.1066666666667
7163.0	323.6
7238.0	314.8933333333333
7313.0	2251.0666666666666
7388.0	5063.466666666666
7463.0	5160.48
7538.0	5211.52
7613.0	5896.506666666667
7688.0	3855.5866666666666
7763.0	2145.9866666666667
7838.0	1932.7733333333333
7913.0	1703.4266666666667
7988.0	13365.64
8063.0	6323.92
8138.0	8679.76
8213.0	7041.213333333333
8288.0	10615.146666666667
8363.0	964.8266666666667
8438.0	579.2133333333334
8513.0	639.4533333333334
8588.0	928.0666666666667
8663.0	4305.746666666667
8738.0	3787.4933333333333
8813.0	4183.586666666667
8888.0	4491.133333333333
8963.0	9230.533333333333
9038.0	4327.76
9113.0	5431.56
9188.0	6031.8533333333335
9263.0	10168.186666666666
9338.0	7144.973333333333
9413.0	8711.293333333333
9488.0	15986.28
9563.0	19920.066666666666
9638.0	16046.8
9713.0	14726.786666666667
9788.0	16866.306666666667
9863.0	10041.453333333333
9938.0	5234.333333333333
10013.0	4734.68
10088.0	11508.8
10163.0	12205.813333333334
10238.0	8985.893333333333
10313.0	10391.56
10388.0	15829.626666666667
10463.0	10348.84
10538.0	7653.28
10613.0	6861.92
10688.0	13528.866666666667
10763.0	11971.013333333334
10838.0	7609.1866666666665
10913.0	10020.12
10988.0	11076.266666666666
11063.0	20378.626666666667
11138.0	13178.346666666666
11213.0	15976.76
11288.0	14961.986666666666
11363.0	18756.36
11438.0	3941.0533333333333
11513.0	4268.066666666667
11588.0	6054.386666666666
11663.0	5083.88
11738.0	1954.4533333333334
11813.0	1595.08
11888.0	9682.786666666667
11963.0	10504.4
12038.0	9775.32
12113.0	14861.2
12188.0	20082.213333333333
12263.0	10223.106666666667
12338.0	10411.893333333333
12413.0	14621.96
12488.0	20296.693333333333
12563.0	13726.666666666666
12638.0	13562.653333333334
12713.0	19632.413333333334
12788.0	23533.8
12863.0	14082.213333333333
12938.0	14800.64
13013.0	27760.92
13088.0	28351.64
13163.0	35528.706666666665
13238.0	25844.306666666667
13313.0	28242.4
13388.0	18316.573333333334
13463.0	3987.9333333333334
13538.0	4325.013333333333
13613.0	8785.573333333334
13688.0	13391.32
13763.0	14954.56
13838.0	13538.013333333334
13913.0	14657.293333333333
13988.0	11887.88
14063.0	6575.306666666666
14138.0	7118.733333333334
14213.0	12777.093333333334
14288.0	12636.133333333333
14363.0	12219.893333333333
14438.0	7887.933333333333
14513.0	10717.84
14588.0	17669.586666666666
14663.0	7926.84
14738.0	10228.106666666667
14813.0	9038.4
14888.0	10679.0
14963.0	1371.7466666666667
15038.0	1259.0133333333333
15113.0	1491.8133333333333
15188.0	9043.853333333333
15263.0	10267.12
15338.0	11561.493333333334
15413.0	11433.453333333333
15488.0	18298.88
15563.0	12896.88
15638.0	12013.28
15713.0	11421.453333333333
15788.0	9461.826666666666
15863.0	21094.56
15938.0	13415.626666666667
16013.0	14254.426666666666
16088.0	12639.04
16163.0	14843.813333333334
16238.0	865.0266666666666
16313.0	772.8533333333334
16388.0	703.9466666666667
16463.0	1202.8133333333333
16538.0	258.92
16613.0	246.94666666666666
16688.0	343.25333333333333
16763.0	8022.386666666666
16838.0	15513.413333333334
16913.0	15897.44
16988.0	18514.4
17063.0	20099.453333333335
17138.0	31440.746666666666
17213.0	20245.52
17288.0	20378.426666666666
17363.0	12276.226666666667
17438.0	21991.826666666668
17513.0	5160.48
17588.0	4899.693333333334
17663.0	5101.96
17738.0	8170.946666666667
17813.0	2896.0266666666666
17888.0	3974.3733333333334
17963.0	4664.533333333334
18038.0	5607.92
18113.0	5295.586666666667
18188.0	4410.8533333333335
18263.0	10453.32
18338.0	13928.253333333334
18413.0	13441.253333333334
18488.0	14197.226666666667
18563.0	10997.56
18638.0	27941.786666666667
18713.0	14993.44
18788.0	16458.76
18863.0	13138.986666666666
18938.0	22225.32
19013.0	8148.36
19088.0	11078.386666666667
19163.0	7921.0
19238.0	10403.106666666667
19313.0	974.64
19388.0	1.68
19463.0	1.7466666666666666
19538.0	237.14666666666668
19613.0	1711.56
19688.0	1688.04
19763.0	1489.52
19838.0	1710.08
19913.0	1956.3733333333332
19988.0	301.9066666666667
20063.0	471.28
20138.0	317.2133333333333
20213.0	362.36
20288.0	283.6933333333333
20363.0	248.52
20438.0	278.41333333333336
20513.0	7689.84
20588.0	6055.346666666666
20663.0	6941.16
20738.0	5672.466666666666
20813.0	14791.893333333333
20888.0	10778.226666666667
20963.0	8421.56
21038.0	10246.013333333334
21113.0	9860.12
21188.0	459.3333333333333
21263.0	17.706666666666667
21338.0	26.69333333333333
21413.0	105.77333333333333
21488.0	91.41333333333333
21563.0	88.77333333333333
21638.0	748.08
21713.0	4880.72
21788.0	5517.04
21863.0	4573.2
21938.0	4724.506666666667
22013.0	6818.466666666666
22088.0	4054.1466666666665
22163.0	3705.2266666666665
22238.0	3907.0533333333333
22313.0	3154.2
22388.0	35.84
22463.0	41.68
22538.0	3366.733333333333
22613.0	3851.24
22688.0	5676.08
22763.0	4797.453333333333
22838.0	11001.8
22913.0	7235.0
22988.0	6247.586666666667
23063.0	7616.8
23138.0	12978.333333333334
23213.0	13284.32
23288.0	11928.173333333334
23363.0	12397.213333333333
23438.0	11059.386666666667
23513.0	10171.88
23588.0	2091.3866666666668
23663.0	2170.1866666666665
23738.0	2249.786666666667
23813.0	3347.56
23888.0	3451.173333333333
23963.0	2487.2266666666665
24038.0	2884.4933333333333
24113.0	6266.133333333333
24188.0	4385.6
24263.0	4711.96
24338.0	3518.4266666666667
24413.0	7456.973333333333
24488.0	3155.3733333333334
24563.0	3598.6266666666666
24638.0	3188.4533333333334
24713.0	13056.573333333334
24788.0	11337.026666666667
24863.0	10089.506666666666
24938.0	11924.186666666666
25013.0	18966.88
25088.0	8287.84
25163.0	7682.506666666667
25238.0	7805.573333333334
25313.0	14443.506666666666
25388.0	8823.12
25463.0	8122.36
25538.0	6980.626666666667
25613.0	11140.106666666667
25688.0	1860.72
25763.0	1498.96
25838.0	1767.6266666666668
25913.0	2694.0933333333332
25988.0	3396.866666666667
26063.0	3902.0266666666666
26138.0	2610.5333333333333
26213.0	6156.426666666666
26288.0	8113.7733333333335
26363.0	6227.213333333333
26438.0	6021.56
26513.0	9594.893333333333
26588.0	15466.066666666668
26663.0	10652.04
26738.0	10244.306666666667
26813.0	11763.44
26888.0	18029.64
26963.0	6437.1466666666665
27038.0	5697.6
27113.0	6771.706666666667
27188.0	16125.96
27263.0	9604.48
27338.0	9425.16
27413.0	10164.346666666666
27488.0	10021.04
27563.0	30.706666666666667
27638.0	12.6
27713.0	14.506666666666666
27788.0	112.06666666666666
27863.0	177.62666666666667
27938.0	189.90666666666667
28013.0	230.57333333333332
28088.0	6606.093333333333
28163.0	11675.173333333334
28238.0	11626.08
28313.0	12715.613333333333
28388.0	19385.76
28463.0	15452.0
28538.0	9084.72
28613.0	11360.306666666667
28688.0	10393.12
28763.0	7130.48
28838.0	1620.6266666666668
28913.0	1676.4
28988.0	5647.44
29063.0	10982.466666666667
29138.0	10235.026666666667
29213.0	9785.813333333334
29288.0	9518.106666666667
29363.0	6879.466666666666
29438.0	61.053333333333335
29513.0	205.72
29588.0	289.72
29663.0	320.96
29738.0	215.08
29813.0	167.37333333333333
29877.0	4.735849056603773
