# Position (bp)	A	C	G	T	N
0.0	25.94324797049335	24.21862698747605	24.42334014423785	25.414784897792753	0.0
1.0	27.097126396965145	21.099230009534725	15.763136556637747	36.04050703686239	0.0
2.0	29.21307668105354	20.37764990797721	17.246417346960953	33.162856064008295	0.0
3.0	23.41711579500132	22.684031946949755	15.306062151198315	38.59279010685061	0.0
4.0	33.958399996101754	13.828795392269447	15.217627882877101	36.9951767287517	0.0
5.0	34.884761391864046	15.111696365008973	23.881214479877926	26.122327763249054	0.0
6.0	31.650720932569183	17.623759160720212	21.324888031413114	29.40063187529749	0.0
7.0	35.40206694062138	17.6837599117445	20.367778622398184	26.54639452523594	0.0
8.0	22.99837311901401	27.07006143175676	22.752098047235368	27.17946740199387	0.0
9.0	27.248033889463436	18.957760973327474	15.72494648951966	38.06925864768944	0.0
10.0	26.737093799888562	17.03988852363849	24.90788281179433	31.31513486467862	0.0
11.0	28.10787550453101	19.19666788792688	19.2552680801485	33.44018852739361	0.0
12.0	25.772778617323695	20.820849246083256	20.375167077531078	33.03120505906197	0.0
13.0	26.670354128248558	21.51154801328704	19.214347405566308	32.60375045289809	0.0
14.0	30.485537200567126	19.008627645203948	19.910567216166104	30.595267938062825	0.0
15.0	29.538840641780702	18.779341960640238	20.604716635492395	31.07710076208667	0.0
16.0	29.32865533161274	18.589677881624365	18.73036299845431	33.351303788308584	0.0
17.0	30.056052799037065	18.06877149680155	19.93043891280101	31.944736791360377	0.0
18.0	32.16811577140851	17.928796808349766	19.473004229078644	30.43008319116308	0.0
19.0	30.47737742319508	18.972923544712838	20.084297401557464	30.465401630534615	0.0
20.0	29.78718610483284	17.702413731159695	20.481345673135962	32.0290544908715	0.0
21.0	29.211942098057385	19.046077369709973	20.185766871912808	31.556213660319838	0.0
22.0	30.045599352901238	19.01445315790489	22.903175716340158	28.03677177285372	0.0
23.0	29.557900420269128	20.582612163954693	21.54284745783354	28.31663995794264	0.0
24.0	33.1726412001774	19.840092721052326	17.629097522533264	29.358168556237	0.0
25.0	29.246184745884847	21.175089133389015	19.95851098271528	29.620215138010863	0.0
26.0	31.116357004468593	16.96509056439475	23.008562691752232	28.90998973938442	0.0
27.0	26.063343823992387	21.052205321920468	24.88084593751681	28.003604916570335	0.0
28.0	27.107612646031093	20.122538746256296	19.320647788893165	33.44920081881945	0.0
29.0	27.953631354654977	20.911073650109966	17.29148165927652	33.84381333595854	0.0
30.0	26.861226872331812	19.244436851321915	16.17091034081595	37.72342593553032	0.0
31.0	34.24223727772669	15.08434830045749	18.894109134622454	31.779305287193367	0.0
32.0	34.06679385508535	15.69919274471114	23.132069957603633	27.101943442599875	0.0
33.0	31.45207418182637	17.80404257238846	20.986261305047872	29.757621940737305	0.0
34.0	32.793938877160116	17.175301933364615	21.99181600201073	28.03894318746454	0.0
35.0	26.808740082528153	20.934587428550305	25.31603638447214	26.940636104449407	0.0
