#Read position (bp)	Clipping profile
0.0	11.375284738041003
1.0	9.212165432801822
2.0	7.336453587699316
3.0	5.860264806378132
4.0	4.183424686788155
5.0	3.484481776765376
6.0	2.7165788724373576
7.0	2.1666785307517085
8.0	1.5722878701594531
9.0	1.1549686788154898
10.0	0.826185222095672
11.0	0.5321042141230068
12.0	0.3109873291571754
13.0	0.0
14.0	0.0
15.0	0.0
16.0	0.0
17.0	0.0
18.0	0.0
19.0	0.0
20.0	0.0
21.0	0.0
22.0	0.0
23.0	0.0
24.0	0.0
25.0	0.0
26.0	0.0
27.0	0.0
28.0	0.0
29.0	0.0
30.0	0.009342966970387244
31.0	0.019130837129840546
32.0	0.029363610478359906
33.0	0.04093109339407745
34.0	0.05917212414578587
35.0	0.017351224373576307
36.0	0.020465546697038726
37.0	0.027139094533029613
38.0	0.04093109339407745
39.0	0.04538012528473804
40.0	0.04493522209567198
41.0	0.047604641230068336
42.0	0.04493522209567198
43.0	0.050718963553530755
44.0	0.05116386674259681
45.0	0.04893935079726652
46.0	0.05160876993166287
47.0	0.056057801822323464
48.0	0.06584567198177677
49.0	0.08453160592255125
50.0	0.09476437927107062
51.0	0.10010321753986333
52.0	0.0916500569476082
53.0	0.09076025056947608
54.0	0.11567482915717539
55.0	0.10944618451025057
56.0	0.11700953872437357
57.0	0.12190347380410024
58.0	0.20643507972665148
59.0	0.465813638952164
60.0	0.750996583143508
61.0	0.992134111617312
62.0	1.2888845387243737
63.0	2.1088411161731204
64.0	2.604908171981777
65.0	3.371476366742597
66.0	4.037496440774487
67.0	4.632776907744875
68.0	5.763720814350797
69.0	6.87419917425968
70.0	7.538439635535307
71.0	6.935150911161732
