# Position (bp)	A	C	G	T	N
0.0	48.01557863501484	10.63612759643917	16.774851632047476	24.573442136498517	0.0
1.0	19.554937413073713	44.49698655540102	18.664812239221142	17.283263792304126	0.0
2.0	24.722838137472284	37.57390983000739	14.671101256467109	23.032150776053214	0.0
3.0	44.51005720612659	16.608230300793505	15.344159439010888	23.537553054069015	0.0
4.0	45.904059040590404	18.265682656826566	13.800738007380073	22.029520295202953	0.0
5.0	24.49092416843269	36.92988113885561	14.705611351699991	23.873583341011702	0.0
6.0	20.97457627118644	40.53979366249079	15.309506263817244	23.176123802505526	0.0
7.0	45.558317223603055	13.98324588051183	14.498757249378624	25.95967964650649	0.0
8.0	46.32150082766231	14.539267978664705	14.59444546624977	24.54478572742321	0.0
9.0	20.9114296214627	37.853730246233006	17.07092980521867	24.16391032708563	0.0
10.0	21.191262848751833	12.600954478707783	16.565712187958884	49.642070484581495	0.0
11.0	19.523154516276936	16.06602475928473	13.195781751490143	51.21503897294819	0.0
12.0	21.013563049853374	13.278958944281523	15.047653958944283	50.65982404692082	0.0
13.0	21.56181419166057	37.088514996342354	14.731163130943672	26.618507681053398	0.0
14.0	22.0600310190676	15.85621749840343	40.0693367393486	22.014414743180367	0.0
15.0	45.1976374375284	14.166288050885962	16.610631531122216	24.025442980463428	0.0
16.0	19.448476052249635	15.547895500725689	19.058417997097244	45.94521044992743	0.0
17.0	23.356276036949826	37.918855279840606	15.59500090563304	23.129867777576525	0.0
18.0	19.846362403976503	15.725259828287394	17.080885675553546	47.347492092182556	0.0
19.0	22.547161296145863	38.67677588229984	14.811806119685892	23.9642567018684	0.0
20.0	20.40706051873199	18.587896253602306	13.60770893371758	47.39733429394813	0.0
21.0	21.199604920535155	15.093831372901139	16.440693184879233	47.26587052168448	0.0
22.0	24.031216361679224	14.738069608898458	38.64370290635091	22.587011123071402	0.0
23.0	21.912529127083708	17.75407779171895	14.957877755870227	45.37551532532712	0.0
24.0	45.85496866606983	12.032229185317815	15.0313339301701	27.081468218442257	0.0
25.0	21.640722848452317	12.945070674539275	36.831275720164605	28.5829307568438	0.0
26.0	45.175125089349535	13.17012151536812	14.840957827019299	26.813795568263043	0.0
27.0	18.651785714285715	18.526785714285715	14.071428571428571	48.75	0.0
28.0	20.31598678925288	37.766669642060165	12.487726501829867	29.429617066857094	0.0
29.0	20.872357506020872	12.023905093212024	14.218178574614218	52.88555882615289	0.0
30.0	22.285098356238212	13.653103386328933	35.632803377346626	28.42899488008623	0.0
31.0	24.123879380603096	12.750158471429865	14.525038485918682	48.60092366204836	0.0
32.0	22.68286001278422	14.555748333485527	13.277326271573372	49.484065382156885	0.0
33.0	23.634859349145064	38.38021695164552	14.837286265857694	23.14763743335172	0.0
34.0	25.19663181271398	12.214305542703803	14.546127509947256	48.04293513463496	0.0
35.0	23.28958391510751	37.028762915386764	13.646095131713674	26.03555803779205	0.0
36.0	21.302273365141737	13.593413789877445	16.16615211900084	48.93816072597998	0.0
37.0	45.46309355900329	15.947343676539727	15.383168782322521	23.20639398213446	0.0
38.0	46.869696398265134	16.66038091646238	12.662643786535924	23.807278898736563	0.0
39.0	46.97471830319099	15.737146103588676	12.460941198750119	24.82719439447022	0.0
40.0	22.304832713754646	39.05252120865504	13.878562577447337	24.76408350014298	0.0
41.0	21.635781507713205	12.418744542543902	40.59377122344038	25.35170272630251	0.0
42.0	50.352043809896344	13.661255622921963	14.032857422256992	21.9538431449247	0.0
43.0	48.706725029844804	14.305610823716675	13.678869876641464	23.308794269797055	0.0
44.0	23.817635270541082	39.4689378757515	11.032064128256513	25.681362725450903	0.0
45.0	27.871853546910756	13.077803203661329	16.807780320366135	42.24256292906178	0.0
46.0	26.887781856318828	16.360776088096486	20.778710015731516	35.97273203985317	0.0
47.0	33.14073462649608	17.609024625120373	20.222864217911678	29.027376530471866	0.0
48.0	26.848249027237355	22.623679822123403	17.287381878821567	33.24068927181767	0.0
49.0	26.562719483073465	21.238938053097346	20.55063913470993	31.64770332911926	0.0
50.0	25.733730327520206	25.57776832553523	17.354317311782218	31.334184035162345	0.0
51.0	27.67612735917015	18.801325457426884	16.84195360899006	36.6805935744129	0.0
52.0	27.16586852416195	17.109272964736615	21.33217239878102	34.39268611232042	0.0
53.0	29.763478771852505	17.599529895695607	23.534596738651388	29.1023945938005	0.0
54.0	29.483919222139114	23.605086013462977	19.11742707554226	27.793567688855646	0.0
55.0	30.309901738473165	17.77777777777778	19.954648526077097	31.957671957671955	0.0
56.0	27.582518337408313	18.566625916870414	21.042176039119802	32.80867970660147	0.0
57.0	32.702369959987685	16.897506925207757	20.113881194213604	30.28624192059095	0.0
58.0	28.96573112110405	21.848348581175376	18.73158629244844	30.454334005272138	0.0
59.0	28.847955042147987	20.933499843896346	19.80955354355292	30.408991570402748	0.0
60.0	27.733755942947703	19.397781299524564	18.858954041204438	34.009508716323296	0.0
61.0	29.426833173230865	17.146974063400577	21.886007044508485	31.54018571886007	0.0
62.0	27.11919454368301	20.282559272491067	21.20818447547905	31.390061708346867	0.0
63.0	35.51013625789299	17.77999335327351	17.597208374875372	29.112662013958122	0.0
64.0	26.238039281517544	18.91891891891892	22.393822393822393	32.44921940574115	0.0
65.0	27.88363388907792	17.897243960530794	20.721333787002383	33.497788363388906	0.0
66.0	28.177458033573146	16.632408359027064	23.6553614251456	31.534772182254194	0.0
67.0	28.387321490769768	17.206548241031	20.2020202020202	34.204110066179034	0.0
68.0	26.085428018984004	19.722271049393566	20.882404640534364	33.309896291088066	0.0
69.0	26.998033255855535	20.114428750223492	21.938136956910423	30.94940103701055	0.0
70.0	29.444544310623765	20.852058241955778	17.921984540715442	31.781412906705015	0.0
71.0	28.638752945441365	20.409642921877833	20.30088816385717	30.65071596882364	0.0
72.0	28.521897810218977	18.740875912408757	19.744525547445253	32.992700729927	0.0
73.0	28.82104101526577	17.71197351480596	22.03421004230274	31.432775427625533	0.0
74.0	31.483870967741932	17.12442396313364	21.05069124423963	30.341013824884794	0.0
75.0	28.9210233592881	19.836855765665554	21.616611049314052	29.625509825732294	0.0
76.0	28.640867451860156	20.284165264535428	19.106375023368855	31.968592260235557	0.0
77.0	28.53907134767837	19.3280483201208	18.5919214798037	33.54095885239713	0.0
78.0	31.326897596062842	19.326140450501608	18.05792163543441	31.28904031800114	0.0
79.0	30.181818181818183	19.885167464114833	17.473684210526315	32.45933014354067	0.0
80.0	30.55072463768116	16.77294685990338	21.70048309178744	30.97584541062802	0.0
81.0	25.739875389408102	19.470404984423677	19.042056074766357	35.74766355140187	0.0
82.0	31.208447399296052	17.422761048103247	21.05983574501369	30.30895580758702	0.0
83.0	30.826919281626207	18.610617722518256	19.478981645944344	31.08348134991119	0.0
84.0	28.36117740652347	18.834526650755766	21.38027048528242	31.424025457438344	0.0
85.0	32.68537074148297	17.835671342685373	19.539078156312627	29.939879759519037	0.0
86.0	31.02263540824576	17.259498787388843	21.52384801940178	30.194017784963624	0.0
87.0	31.869918699186993	18.333333333333332	22.540650406504064	27.25609756097561	0.0
88.0	33.5523613963039	17.88501026694045	17.474332648870636	31.088295687885008	0.0
89.0	29.241578838603015	15.933044017358958	17.83426327753668	36.991113866501344	0.0
90.0	31.85509056839475	16.44805330002082	19.925046845721425	31.771809285863	0.0
91.0	28.484721640853916	21.264127249895353	17.727082461280872	32.52406864796986	0.0
92.0	30.80658783783784	18.074324324324326	16.638513513513516	34.48057432432432	0.0
93.0	32.90171938017406	17.597113139460838	19.125451071959244	30.375716408405857	0.0
94.0	30.453378956372966	15.697177074422584	19.632164242942686	34.217279726261765	0.0
95.0	32.10989482721614	16.355441081777204	20.6052801030264	30.929383987980252	0.0
96.0	28.82708063820612	17.63691246226822	20.051746442432083	33.484260457093576	0.0
97.0	30.857514075357294	16.803811173668254	19.27241229969684	33.06626245127761	0.0
98.0	30.922202797202797	21.219405594405593	18.509615384615387	29.348776223776223	0.0
99.0	29.90325417766051	18.68953386103782	18.755496921723836	32.65171503957784	0.0
100.0	31.943525259210237	14.162806088682991	18.994043679682328	34.89962497242444	0.0
101.0	33.18475596166704	17.160686427457097	20.904836193447736	28.749721417428127	0.0
102.0	30.673878746901057	16.407482533243183	21.0727969348659	31.845841784989858	0.0
103.0	31.06421601996823	16.360335829362377	20.67165872475607	31.90378942591332	0.0
104.0	26.98087431693989	18.806921675774134	20.53734061930783	33.67486338797814	0.0
105.0	29.43861250570516	18.963943404837973	19.23779096303058	32.35965312642629	0.0
106.0	30.9616708744549	17.810420013770944	18.980950195088365	32.24695891668579	0.0
107.0	30.344349433787844	20.244973422694706	18.62722440489947	30.783452738617978	0.0
108.0	32.495929285880436	18.795068620609445	16.422423819492906	32.28657827401722	0.0
109.0	31.152138350081792	18.976396354288386	19.186725870530495	30.684739425099323	0.0
110.0	26.815511163337252	19.224441833137483	19.78848413631022	34.17156286721504	0.0
111.0	30.829383886255922	18.48341232227488	18.81516587677725	31.87203791469194	0.0
112.0	26.304503216583274	19.442458899213726	20.609959494877295	33.64307838932571	0.0
113.0	29.41457586618877	20.52568697729988	17.99283154121864	32.06690561529271	0.0
114.0	30.108043217286916	16.95078031212485	20.504201680672267	32.436974789915965	0.0
115.0	27.510283087345755	19.937091700943625	20.34841519477377	32.204210016936855	0.0
116.0	29.672727272727272	18.4	17.915151515151514	34.01212121212121	0.0
117.0	31.10245801898272	19.347773180822582	18.082258457045512	31.467510343149186	0.0
118.0	28.62018527547538	16.479765967820576	21.794246708922476	33.105802047781566	0.0
119.0	23.788546255506606	20.94958394517866	25.159079784630446	30.102790014684288	0.0
120.0	24.349533627884142	22.23858615611193	22.55768286696122	30.85419734904271	0.0
121.0	29.22318125770654	18.76695437731196	18.569667077681874	33.440197287299625	0.0
122.0	29.84409799554566	16.67903984162336	21.455085374907203	32.021776787923784	0.0
123.0	31.996037642397223	18.375433382862806	19.341258048538883	30.28727092620109	0.0
124.0	32.48138957816377	17.791563275434243	20.173697270471465	29.55334987593052	0.0
125.0	28.44698855151817	19.089099054255847	19.711299153807865	32.752613240418114	0.0
126.0	31.443556443556442	17.607392607392608	18.806193806193804	32.142857142857146	0.0
127.0	28.718077115673513	18.602904356534804	21.482223335002505	31.196795192789185	0.0
128.0	30.869783810960282	16.390145801910506	19.708396178984415	33.03167420814479	0.0
129.0	29.87866531850354	17.87158746208291	18.174924165824063	34.07482305358948	0.0
130.0	31.162908538130225	18.723080820876614	16.924246262984546	33.18976437800861	0.0
131.0	30.919715447154474	19.359756097560975	17.88617886178862	31.834349593495936	0.0
132.0	30.604437643458297	18.235144095893904	20.836521295587858	30.323896965059934	0.0
133.0	29.465882954255047	20.725785842064912	18.93687707641196	30.871454127268084	0.0
134.0	26.557293001794413	21.302230197385285	20.071776467572416	32.06870033324788	0.0
135.0	27.033985581874358	17.507723995880536	20.262615859938208	35.1956745623069	0.0
136.0	26.176927056389033	16.994309363683392	20.848422141748575	35.980341438178996	0.0
137.0	27.42605085625324	16.113129216398548	21.639854696419306	34.820965230928905	0.0
138.0	28.87617065556712	19.01664932362123	20.343392299687828	31.763787721123833	0.0
139.0	29.819513471096	18.231755166099923	19.304211352341095	32.64452001046298	0.0
140.0	30.02892453326321	17.591375230081514	20.036813042334998	32.34288719432028	0.0
141.0	28.90005288207298	18.297197250132204	19.407720782654682	33.39502908514014	0.0
142.0	30.282064928153275	14.874933475252794	19.66471527408196	35.17828632251197	0.0
143.0	33.22641005078856	19.887730553327987	18.73830526597167	28.14755412991179	0.0
144.0	30.951101558301986	18.45781837721655	17.89360558839334	32.697474476088125	0.0
145.0	28.875707737934754	18.17201401995147	18.980857373955242	33.97142086815853	0.0
146.0	28.41278439869989	16.87432286023835	20.287107258938246	34.42578548212351	0.0
147.0	30.587275693311582	16.856987493202826	18.297988036976616	34.257748776508976	0.0
148.0	26.298523783488243	20.12028430836523	19.71022416621104	33.87096774193548	0.0
149.0	28.30447925254191	19.565814784281397	19.0436933223413	33.08601264083539	0.0
150.0	29.355016538037486	19.04630650496141	17.199558985667036	34.39911797133407	0.0
151.0	28.53185595567867	19.529085872576175	19.6398891966759	32.29916897506925	0.0
152.0	26.583333333333332	20.11111111111111	17.13888888888889	36.16666666666667	0.0
153.0	31.51143335192415	18.823201338538762	18.48856664807585	31.176798661461234	0.0
154.0	30.922343706195683	16.20409307541351	20.66162040930754	32.21194280908327	0.0
155.0	30.445823927765236	19.864559819413092	17.268623024830703	32.42099322799097	0.0
156.0	31.005110732538334	16.38273708120386	17.660420215786484	34.95173197047132	0.0
157.0	30.30475647963543	18.45628026203361	19.139846197664482	32.09911706066648	0.0
158.0	28.40321654221712	22.487076392877654	15.422171165996554	33.68753589890867	0.0
159.0	36.45562301243134	13.154090777681409	18.936108701936977	31.454177507950277	0.0
160.0	26.695778748180494	20.407569141193598	23.28966521106259	29.60698689956332	0.0
161.0	30.719719133996488	18.28554710356934	20.977179637214746	30.017554125219426	0.0
162.0	30.524454920447848	18.031820860341778	20.2121390689452	31.231585150265172	0.0
163.0	30.31111111111111	17.333333333333336	17.066666666666666	35.288888888888884	0.0
164.0	30.339083878643663	15.020820939916716	22.278405710886375	32.36168947055324	0.0
165.0	29.538645895745958	16.62672258837627	22.37866986219293	31.455961653684838	0.0
166.0	29.20300751879699	19.69924812030075	20.541353383458645	30.55639097744361	0.0
167.0	27.41301059001513	19.757942511346442	22.965204236006052	29.863842662632372	0.0
168.0	27.142857142857142	17.112462006079028	21.48936170212766	34.25531914893617	0.0
169.0	25.95653504744414	18.42669115396388	20.967248239975515	34.64952555861647	0.0
170.0	31.37676705593116	15.519360786724032	18.9920098340504	34.1118623232944	0.0
171.0	30.14842300556586	18.769325912183056	16.852195423623996	34.23005565862709	0.0
172.0	30.546923555003108	19.794903666873832	16.53200745804848	33.12616532007458	0.0
173.0	30.330423940149625	17.79925187032419	18.890274314214466	32.98004987531172	0.0
174.0	29.840475445730373	20.613074757585238	18.17328745699093	31.37316233969346	0.0
175.0	27.933312362378103	18.464926077382827	21.17017930166719	32.43158225857188	0.0
176.0	29.3522906793049	19.494470774091628	17.78830963665087	33.36492890995261	0.0
177.0	27.252467367080545	21.13976440624005	19.197707736389685	32.410060490289716	0.0
178.0	27.98076923076923	20.096153846153847	18.685897435897438	33.23717948717949	0.0
179.0	25.442834138486315	18.19645732689211	24.057971014492754	32.30273752012883	0.0
180.0	31.17303953337654	15.06804925469864	21.289695398574207	32.469215813350615	0.0
181.0	26.96556205328135	20.33788174139051	19.623131903833656	33.07342430149448	0.0
182.0	32.62642740619902	16.182707993474715	18.62969004893964	32.56117455138662	0.0
183.0	28.557377049180328	22.42622950819672	20.721311475409838	28.295081967213115	0.0
184.0	29.367172050098876	18.91891891891892	19.90771259063942	31.80619644034278	0.0
185.0	26.167605167273933	22.027161311692613	23.981450811526997	27.82378270950646	0.0
186.0	29.783693843594012	17.470881863560734	22.628951747088184	30.116472545757073	0.0
187.0	31.41326188881447	21.03148024112525	17.448091091761555	30.107166778298726	0.0
188.0	29.449294828744122	19.94627266621894	20.315648085963733	30.288784419073206	0.0
189.0	29.02027027027027	18.10810810810811	21.35135135135135	31.520270270270267	0.0
190.0	30.5366847826087	17.66304347826087	19.463315217391305	32.33695652173913	0.0
191.0	27.62034824172072	19.187435984977807	19.8702628883578	33.32195288494367	0.0
192.0	32.06447187928669	19.34156378600823	20.13031550068587	28.463648834019207	0.0
193.0	31.239212978943737	18.018639972385227	21.746634449430445	28.99551259924059	0.0
194.0	27.275886031966646	20.674079221681723	22.89784572619875	29.152189020152885	0.0
195.0	27.74080560420315	19.404553415061297	19.824868651488618	33.02977232924694	0.0
196.0	27.622748145531613	19.21582479689156	22.25362062875309	30.907806428823736	0.0
197.0	28.730272596843616	19.04591104734577	22.453371592539455	29.770444763271165	0.0
198.0	28.096455973693825	21.44683960540738	21.519912312751188	28.936792108147607	0.0
199.0	26.50556194859992	25.738396624472575	18.9873417721519	28.768699654775602	0.0
200.0	28.160919540229884	14.500442086648983	21.573828470380192	35.764809902740936	0.0
201.0	30.557335041639977	18.193465727098015	18.25752722613709	32.991672005124926	0.0
202.0	37.57225433526011	16.184971098265898	16.89145793192036	29.35131663455363	0.0
203.0	34.71234647705236	17.194570135746606	19.78021978021978	28.312863606981253	0.0
204.0	33.09539260220636	16.482803374432187	22.7125243348475	27.709279688513956	0.0
205.0	35.37859007832898	15.078328981723239	25.326370757180154	24.216710182767624	0.0
206.0	30.546412113232392	19.486504279131005	21.461487820934824	28.505595786701775	0.0
207.0	30.723291307232913	22.229595222295952	15.660252156602523	31.386861313868614	0.0
208.0	30.877427997320833	15.539182853315472	21.43335565974548	32.15003348961822	0.0
209.0	25.08406186953598	20.376597175521184	18.291862811028917	36.247478143913916	0.0
210.0	27.425876010781668	16.10512129380054	19.137466307277627	37.331536388140165	0.0
211.0	30.16304347826087	18.478260869565215	21.195652173913043	30.16304347826087	0.0
212.0	26.516700749829585	16.905248807089297	24.062713019768232	32.515337423312886	0.0
213.0	28.08219178082192	20.616438356164384	18.013698630136986	33.28767123287671	0.0
214.0	30.034364261168385	25.704467353951888	18.694158075601376	25.56701030927835	0.0
215.0	29.923980649619903	22.667588113337942	17.69177608845888	29.716655148583275	0.0
216.0	30.410577592205986	16.075156576200417	19.41544885177453	34.09881697981907	0.0
217.0	26.219081272084804	18.51590106007067	25.865724381625444	29.39929328621908	0.0
218.0	27.59124087591241	19.635036496350363	17.88321167883212	34.89051094890511	0.0
219.0	19.606299212598426	21.25984251968504	25.11811023622047	34.01574803149606	0.0
220.0	0.11560693641618498	29.942196531791907	22.77456647398844	47.167630057803464	0.0
