# Position (bp)	A	C	G	T	N
0.0	46.80218145761032	28.11105602379772	11.799702528507684	13.287059990084282	0.0
1.0	60.832920178482894	11.353495290034706	10.114030738720873	17.699553792761527	0.0
2.0	57.971014492753625	19.894598155467722	7.246376811594203	14.888010540184455	0.0
3.0	69.32153392330383	11.757269279393173	7.964601769911504	10.956595027391486	0.0
4.0	72.12443716741711	8.759721653704462	6.3855914858780185	12.73024969300041	0.0
5.0	73.88888888888889	8.015873015873016	6.944444444444445	11.150793650793652	0.0
6.0	67.55420311905668	10.91669836439711	7.645492582731077	13.883605933815138	0.0
7.0	71.00482017055988	9.343715239154617	7.044864664441973	12.606599925843529	0.0
8.0	71.5359828141783	8.664518438954529	7.339778016469746	12.459720730397422	0.0
9.0	75.25305410122164	7.539267015706806	6.806282722513089	10.401396160558464	0.0
10.0	74.50171821305842	8.79725085910653	7.1477663230240545	9.553264604810996	0.0
11.0	74.18487394957984	7.5966386554621845	7.495798319327732	10.722689075630253	0.0
12.0	74.95875948531837	7.093368525239195	7.291322995710986	10.656548993731443	0.0
13.0	75.6774193548387	7.935483870967743	6.35483870967742	10.03225806451613	0.0
14.0	75.97977243994943	8.091024020227561	5.657395701643489	10.27180783817952	0.0
15.0	77.72277227722772	7.580445544554455	5.321782178217822	9.375	0.0
16.0	78.06432038834951	6.765776699029126	5.066747572815534	10.103155339805825	0.0
17.0	78.41317365269461	6.58682634730539	6.107784431137724	8.892215568862277	0.0
18.0	77.76150014649869	6.563140931731615	6.680339876941107	8.995019044828597	0.0
19.0	78.14803892657032	6.959598938366264	6.2223532881156	8.670008846947804	0.0
20.0	76.43027413587605	7.955899880810488	6.1382598331346845	9.475566150178784	0.0
21.0	77.44474719951559	6.8725401150469265	5.87344838026037	9.809264305177113	0.0
22.0	76.5432098765432	7.469135802469136	6.327160493827161	9.660493827160494	0.0
23.0	76.51872836008813	7.491344035253383	6.578533207428391	9.411394397230092	0.0
24.0	75.47290798332799	7.662712407823021	7.213850593138826	9.650529015710163	0.0
25.0	75.24557956777997	7.662082514734774	6.908971840209562	10.183366077275705	0.0
26.0	73.89146260754468	8.5704831237591	6.518861681005957	11.019192587690272	0.0
27.0	73.81830372108615	8.012068387529332	7.8109285953737855	10.358699296010727	0.0
28.0	74.5324719483169	8.126487589255357	6.052363141788508	11.288677320639238	0.0
29.0	73.52439440464006	9.041282838621632	7.301262367792562	10.133060388945752	0.0
30.0	73.05205852330725	8.846546444368833	6.805035726437564	11.296359305886355	0.0
31.0	73.13184988375954	9.631351710395219	6.874792427764863	10.362005978080372	0.0
32.0	74.12541254125412	8.877887788778878	6.666666666666667	10.330033003300331	0.0
33.0	70.41172365666434	11.479413817166783	7.6413119330076755	10.4675505931612	0.0
34.0	73.17753749564004	9.312870596442274	6.5224973840251135	10.987094523892571	0.0
35.0	73.59369401648155	8.563238982443568	6.771766391974203	11.07130060910068	0.0
36.0	72.7886323268206	8.952042628774423	7.104795737122557	11.154529307282415	0.0
37.0	71.78584008453682	10.003522367030644	6.692497358224728	11.51814019020782	0.0
38.0	71.32023440193038	9.927611168562564	6.480523957256118	12.271630472250948	0.0
39.0	72.98512625389138	8.958837772397095	7.436873054306468	10.619162919405051	0.0
40.0	73.60441075120606	8.097863542384562	6.857339765678843	11.44038594073053	0.0
41.0	72.96005462615227	8.774325708432912	6.862410378968932	11.403209286445886	0.0
42.0	73.29931972789116	8.979591836734693	6.3605442176870755	11.360544217687076	0.0
43.0	72.60825780463243	9.365558912386707	6.847935548841893	11.178247734138973	0.0
44.0	74.2733043768794	8.51987971934514	5.980621450050117	11.226194453725359	0.0
45.0	74.59261722647157	8.713002993016296	6.418357166611241	10.276022613900897	0.0
46.0	73.91014975041598	7.620632279534109	6.688851913477538	11.78036605657238	0.0
47.0	74.44554783184375	7.514068189341278	7.447864945382324	10.59251903343264	0.0
48.0	75.02480979159775	7.8729738670195175	7.178299702282501	9.923916639100232	0.0
49.0	74.54605480356553	8.022449653350941	7.13106635853417	10.300429184549357	0.0
50.0	73.97942250248921	8.894789246598075	6.704281447062728	10.421506803849983	0.0
51.0	74.17855957517425	8.065051443743778	8.363757052771325	9.392631928310653	0.0
52.0	73.18864774624375	9.115191986644406	7.111853088480801	10.584307178631052	0.0
53.0	72.1240413471157	9.70323441147049	7.502500833611203	10.6702234078026	0.0
54.0	72.846128059001	9.18538384177003	7.20750921890714	10.760978880321824	0.0
55.0	73.05348679756263	8.361543669600541	7.244414353419093	11.340555179417738	0.0
56.0	72.30926430517711	8.923705722070844	7.084468664850137	11.682561307901908	0.0
57.0	74.12731006160165	8.11088295687885	7.494866529774128	10.266940451745379	0.0
58.0	72.48115147361206	9.389993145990404	6.854009595613434	11.274845784784098	0.0
59.0	73.9622641509434	9.056603773584905	7.341337907375643	9.639794168096055	0.0
60.0	72.81752824375214	9.003765833618624	7.394727832933927	10.783978089695308	0.0
61.0	73.41160220994475	8.390883977900552	6.595303867403316	11.602209944751381	0.0
62.0	72.79360667129951	8.269631688672689	7.192494788047254	11.744266851980543	0.0
63.0	72.31089521165856	9.784871616932685	7.425399028452463	10.47883414295628	0.0
64.0	72.45571378951024	9.760333449114276	6.807919416464051	10.976033344911427	0.0
65.0	73.340321453529	8.49056603773585	6.3242487770789655	11.844863731656185	0.0
66.0	73.50035285815102	9.139026111503176	7.198306280875089	10.162314749470713	0.0
67.0	73.26071679550246	8.678847505270555	7.062543921293043	10.997891777933942	0.0
68.0	72.88075976081603	9.004572634540978	6.894125923320436	11.220541681322546	0.0
69.0	72.99270072992701	9.280500521376434	7.334028501911713	10.392770246784846	0.0
70.0	71.72201300924341	10.236220472440944	6.57309140705238	11.468675111263266	0.0
71.0	73.56479889996562	9.79718116191131	6.359573736679271	10.278446201443796	0.0
72.0	73.9175614825078	8.243851749220644	6.754416349151368	11.084170419120195	0.0
73.0	73.63699102829537	8.385093167701864	6.280193236714976	11.697722567287784	0.0
74.0	72.08746156474206	9.395285275025623	7.208746156474205	11.308507003758114	0.0
75.0	71.9553450608931	10.216508795669824	7.2733423545331535	10.554803788903925	0.0
76.0	72.79706275033378	9.946595460614152	6.508678237650201	10.74766355140187	0.0
77.0	73.04635761589404	9.304635761589404	7.086092715231788	10.562913907284768	0.0
78.0	73.30016583747927	8.88888888888889	6.733001658374793	11.077943615257048	0.0
79.0	75.008308408109	8.374875373878366	6.414091060152876	10.202725157859755	0.0
80.0	73.24777887462982	9.772951628825272	6.416584402764067	10.56268509378085	0.0
81.0	72.68276762402088	9.7911227154047	7.0822454308094	10.443864229765012	0.0
82.0	72.84345047923323	9.52076677316294	6.293929712460064	11.341853035143771	0.0
83.0	73.1484399621809	9.5178064922786	6.460762685156003	10.872990860384494	0.0
84.0	73.15870570107859	9.92295839753467	6.594761171032358	10.323574730354391	0.0
85.0	75.68723274282225	8.032987171655467	6.017104459376909	10.262675626145388	0.0
86.0	76.0145366444579	8.661417322834646	5.3301029678982434	9.993943064809207	0.0
87.0	75.44280996697688	8.766136295406785	6.724707295106574	9.066346442509756	0.0
88.0	75.90541753965879	8.350793175695898	6.046093983837174	9.697695300808142	0.0
89.0	76.12384638285204	8.782375707055671	5.805299196189342	9.288478713902947	0.0
90.0	76.86832740213522	8.48161328588375	6.109134045077106	8.540925266903916	0.0
91.0	76.62070988559695	8.30155470812555	5.925491346435905	9.152244059841594	0.0
92.0	76.51162790697674	8.546511627906977	5.465116279069767	9.476744186046512	0.0
93.0	76.60431654676259	8.489208633093526	5.870503597122302	9.035971223021583	0.0
94.0	76.57631954350927	7.703281027104136	5.877318116975749	9.843081312410842	0.0
95.0	76.92962542565267	7.945516458569807	5.703745743473325	9.421112372304199	0.0
96.0	77.0892552586697	7.816941444002275	5.514496873223423	9.579306424104605	0.0
97.0	77.21194879089616	7.539118065433854	5.689900426742532	9.559032716927454	0.0
98.0	76.81118083285796	7.586993725042785	5.961209355390759	9.6406160867085	0.0
99.0	77.57384571264697	7.28419845139088	6.22311442500717	8.918841410954975	0.0
100.0	76.58227848101265	7.825086306098965	6.185270425776755	9.407364787111623	0.0
101.0	76.35154668979473	7.97918473547268	6.707140792136455	8.962127782596125	0.0
102.0	76.11336032388664	8.762290341237708	5.3788316946211685	9.745517640254482	0.0
103.0	76.47058823529412	7.6382791922739255	5.589698565993562	10.301434006438397	0.0
104.0	77.15478675812705	6.978824932895914	5.934983596779004	9.931404712198031	0.0
105.0	75.7593984962406	6.977443609022556	6.406015037593985	10.857142857142858	0.0
106.0	75.82216808769793	8.160779537149818	5.237515225334957	10.779537149817296	0.0
107.0	76.71064743786438	8.16201288738877	5.92206198220313	9.205277692543726	0.0
108.0	75.72755417956655	8.421052631578947	6.006191950464396	9.845201238390093	0.0
109.0	76.39712769278802	8.273493599750234	6.119263190758663	9.210115516703091	0.0
110.0	75.15055467511887	8.684627575277338	5.89540412044374	10.269413629160065	0.0
111.0	76.41752577319588	7.667525773195877	5.831185567010309	10.083762886597938	0.0
112.0	74.7074122236671	7.672301690507152	7.11963589076723	10.500650195058519	0.0
113.0	74.59315841912985	7.4393889073397546	6.443042178678179	11.524410494852209	0.0
114.0	73.80310182063386	9.170600134861767	6.709372892784896	10.316925151719488	0.0
115.0	73.8613188307274	9.143439836845683	6.492182188987083	10.503059143439836	0.0
116.0	72.94402211472011	8.914996544574983	6.4961990324809955	11.644782308223911	0.0
117.0	73.21799307958477	9.826989619377164	6.539792387543253	10.415224913494809	0.0
118.0	75.99720083974807	7.662701189643108	6.368089573128062	9.972008397480755	0.0
119.0	73.52320675105484	9.423347398030943	6.856540084388185	10.196905766526019	0.0
120.0	74.67046669041682	8.051300320627004	7.160669754185964	10.117563234770218	0.0
121.0	74.46654611211572	7.558770343580471	7.341772151898734	10.632911392405063	0.0
122.0	71.11597374179432	8.60685630926331	8.460977388767322	11.816192560175056	0.0
123.0	71.42857142857143	10.495626822157435	7.580174927113703	10.495626822157435	0.0
124.0	71.91458559536736	9.19290626131017	6.876583423814695	12.015924719507781	0.0
125.0	71.73913043478261	9.31159420289855	7.2101449275362315	11.73913043478261	0.0
126.0	73.33577176298463	9.034381858083394	6.254572055596196	11.375274323335772	0.0
127.0	72.70051508462105	8.719646799116997	6.622516556291391	11.957321559970566	0.0
128.0	72.5482912332838	8.98959881129272	7.280832095096583	11.181277860326896	0.0
129.0	73.00408466394356	9.060527292981805	6.349795766802822	11.585592276271814	0.0
130.0	72.61194029850746	10.149253731343283	6.7164179104477615	10.522388059701493	0.0
131.0	72.63475310968714	8.933283075763288	6.935544666415379	11.496419148134187	0.0
132.0	75.26132404181185	7.239643825009678	6.620209059233449	10.878823073945025	0.0
133.0	74.5286803048536	7.741676694745286	6.618531889290012	11.11111111111111	0.0
134.0	73.65145228215768	7.136929460580912	7.344398340248963	11.867219917012447	0.0
135.0	71.53912295786759	6.620808254514188	8.082545141874462	13.757523645743767	0.0
136.0	70.45658012533572	7.027752909579229	8.907788719785138	13.60787824529991	0.0
137.0	68.88888888888889	8.703703703703704	7.222222222222221	15.185185185185185	0.0
138.0	68.35016835016835	8.754208754208754	9.090909090909092	13.804713804713806	0.0
139.0	65.71285140562249	9.487951807228916	9.236947791164658	15.562248995983936	0.0
140.0	65.56948798328108	9.195402298850574	8.202716823406478	17.03239289446186	0.0
141.0	66.81057744198597	10.577441985968699	8.850512682137076	13.761467889908257	0.0
142.0	65.83990980834274	11.273957158962796	9.131905298759865	13.75422773393461	0.0
143.0	66.47024160282852	8.780200353565116	10.253388332351209	14.496169711255154	0.0
144.0	60.25	11.875	10.9375	16.9375	0.0
145.0	57.94019933554817	12.82392026578073	10.033222591362126	19.20265780730897	0.0
146.0	54.00139178844816	14.40501043841336	14.126652748782185	17.4669450243563	0.0
147.0	52.521613832853035	16.42651296829971	16.714697406340058	14.337175792507203	0.0
148.0	54.9410029498525	17.330383480825958	14.380530973451327	13.348082595870206	0.0
149.0	40.91614906832298	23.369565217391305	19.40993788819876	16.304347826086957	0.0
