#Position (bp)	mapping quality
38.0	59.99892440645853
113.0	59.99740824018357
188.0	59.987934957448694
263.0	59.95619949859738
338.0	59.99655665836692
413.0	59.99645463320101
488.0	59.99716039281107
563.0	59.99534221853976
638.0	59.993601194973856
713.0	59.99301454978237
788.0	59.99936667058728
863.0	59.997767048228724
938.0	59.998954551952714
1013.0	59.99711602699838
1088.0	59.99933762566869
1163.0	59.99728775575987
1238.0	59.99782287590393
1313.0	59.99908873740022
1388.0	59.99939532811406
1463.0	59.997853394816346
1538.0	59.999231251067705
1613.0	59.99795333089081
1688.0	59.996757934659655
1763.0	59.99886856761913
1838.0	59.997696182167616
1913.0	59.994829251764436
1988.0	59.99553988310967
2063.0	59.9978899999611
2138.0	59.99821460239555
2213.0	59.998273106610775
2288.0	59.994109390459975
2363.0	59.99884424502005
2438.0	59.99974970103179
2513.0	59.99832259203673
2588.0	59.99825240294595
2663.0	59.99914899457827
2738.0	59.99924838829655
2813.0	59.996674139717854
2888.0	59.99729549931083
2963.0	59.9988071849565
3038.0	59.95134809979983
3113.0	59.99776723327489
3188.0	59.998609312468886
3263.0	59.99771833899808
3338.0	59.999289004296884
3413.0	59.99822223582149
3488.0	59.998504866734294
3563.0	59.997497608007656
3638.0	59.99898782498048
3713.0	59.999017199017196
3788.0	59.99942802355391
3863.0	59.9996151049908
3938.0	59.999305253166725
4013.0	59.99788728589183
4088.0	59.99900932526436
4163.0	59.99689397439637
4238.0	59.99777938666804
4313.0	59.99833177729734
4388.0	59.99840220098419
4463.0	59.99665862789334
4538.0	59.99767450398069
4613.0	59.998648247125324
4688.0	59.99768675581236
4763.0	59.999105725591896
4838.0	59.99853317960543
4913.0	59.99918318951321
4988.0	59.99828548527414
5063.0	59.99700257778311
5138.0	59.99764348554671
5213.0	59.9985787689953
5288.0	59.99380340993943
5363.0	59.99513891985907
5438.0	59.998893528607134
5513.0	59.99864816064318
5588.0	59.999008225003145
5663.0	59.99892560348239
5738.0	59.98577025619951
5813.0	59.99891006201404
5888.0	59.99907335256829
5963.0	59.99892014317203
6038.0	60.0
6113.0	60.0
6188.0	59.978597878996695
6263.0	59.99907657523651
6338.0	59.997365948537144
6413.0	59.995372720131556
6488.0	59.998196744551485
6563.0	59.998410069417695
6638.0	59.999956625171414
6713.0	59.99876533472473
6788.0	59.99889823972609
6863.0	59.99810212339446
6938.0	60.0
7013.0	59.99252025763557
7088.0	59.96919252312921
7163.0	60.0
7238.0	60.0
7313.0	59.99771496074267
7388.0	59.99886324941691
7463.0	59.99814178654316
7538.0	59.997780928465524
7613.0	59.996563691215094
7688.0	59.99718597904149
7763.0	60.0
7838.0	60.0
7913.0	60.0
7988.0	59.984030300121745
8063.0	59.9973397377469
8138.0	59.99793171915504
8213.0	59.99729359464325
8288.0	59.99913738585235
8363.0	59.99648
8438.0	59.99890770070999
8513.0	59.99930598765137
8588.0	59.998739444748196
8663.0	59.99930041031748
8738.0	59.9983641587563
8813.0	59.99881140101422
8888.0	59.9989202325653
8963.0	59.997609903816034
9038.0	59.99752256447097
9113.0	59.99723054259759
9188.0	59.99609819366403
9263.0	59.99870751972687
9338.0	59.99954876944343
9413.0	59.99953677718208
9488.0	59.99915069192991
9563.0	59.9979680601205
9638.0	59.997947971835075
9713.0	59.9982292194821
9788.0	59.99794624520047
9863.0	59.997535094409294
9938.0	59.99847395416313
10013.0	59.986703073032345
10088.0	59.99721522290861
10163.0	59.99724480734982
10238.0	59.9993291066578
10313.0	59.99899755715384
10388.0	59.998414221641454
10463.0	59.998669176930484
10538.0	59.998780215574975
10613.0	59.99803792750286
10688.0	59.997864140532926
10763.0	59.99820173362506
10838.0	59.999669290530925
10913.0	59.99909983369125
10988.0	59.99817685035181
11063.0	59.99458754338765
11138.0	59.99793911487267
11213.0	59.99811602656518
11288.0	59.99772093409626
11363.0	59.99836416466304
11438.0	59.99824163357913
11513.0	59.999242474343326
11588.0	59.996170125350595
11663.0	59.99906927011823
11738.0	59.999177983469586
11813.0	59.99954333381537
11888.0	59.998158412580494
11963.0	59.998299768548414
12038.0	59.99737829211345
12113.0	59.994785427441414
12188.0	59.998835386338186
12263.0	59.99779744913303
12338.0	59.99863432311104
12413.0	59.99810119905763
12488.0	59.998605783862345
12563.0	59.99878355937142
12638.0	59.99940542132857
12713.0	59.99760644983141
12788.0	59.99899627907402
12863.0	59.99743843768449
12938.0	59.99885405727299
13013.0	59.997839744412076
13088.0	59.99852861268324
13163.0	59.998327856706155
13238.0	59.99729181947199
13313.0	59.99839011085858
13388.0	59.99201369489029
13463.0	59.998867312770344
13538.0	59.99884553069511
13613.0	59.99901467698188
13688.0	59.933551158698116
13763.0	59.99381738747044
13838.0	59.9983544067039
13913.0	59.99697865945495
13988.0	59.99641726232158
14063.0	59.99749672434965
14138.0	59.99855243638563
14213.0	59.99698169797759
14288.0	59.999191455123785
14363.0	59.98453926220266
14438.0	59.951202341413676
14513.0	59.999180317908504
14588.0	59.99797873906853
14663.0	59.99791706058517
14738.0	59.99915037320334
14813.0	59.99759313434388
14888.0	59.996345785873345
14963.0	59.99995105285313
15038.0	59.99981903000081
15113.0	59.997898283888
15188.0	59.99917241639586
15263.0	59.99900180007143
15338.0	59.998423726967296
15413.0	59.99875152191613
15488.0	59.998113063125246
15563.0	59.99808738276001
15638.0	59.99780077872379
15713.0	59.99617289435508
15788.0	59.99540037863072
15863.0	59.998382493626096
15938.0	59.997507771182626
16013.0	59.99812397295154
16088.0	59.99897798138994
16163.0	59.99906027400929
16238.0	59.998903027643706
16313.0	59.996819820652675
16388.0	59.9997617433059
16463.0	59.998871664050235
16538.0	60.0
16613.0	60.0
16688.0	59.99715424018213
16763.0	59.99943287283872
16838.0	59.99852108821688
16913.0	59.99808040034635
16988.0	59.9988064557606
17063.0	59.99666381794619
17138.0	59.994420994507614
17213.0	59.997288042362015
17288.0	59.99838829303309
17363.0	59.9983009857344
17438.0	59.9973965186292
17513.0	59.998486960704945
17588.0	59.99817803369682
17663.0	59.99801633126498
17738.0	59.99881395515666
17813.0	59.99810491206792
17888.0	59.999031740748585
17963.0	59.99933156440086
18038.0	59.99827217274277
18113.0	59.9993472239841
18188.0	59.99918149694436
18263.0	59.999302590189686
18338.0	59.99874245885569
18413.0	59.99834385796683
18488.0	59.99887104123299
18563.0	59.99783383197133
18638.0	59.997401521804946
18713.0	59.99775794579857
18788.0	59.99839230697547
18863.0	59.898302140505436
18938.0	59.998007826512136
19013.0	59.99850561390024
19088.0	59.99815336623575
19163.0	59.99839627439761
19238.0	59.99829730636503
19313.0	59.996884900383094
19388.0	60.0
19463.0	60.0
19538.0	59.9966429699842
19613.0	59.99921925715388
19688.0	59.99937466499911
19763.0	59.99967515658468
19838.0	59.99867788248239
19913.0	59.99270561106841
19988.0	59.996886190253775
20063.0	59.998430223431534
20138.0	60.0
20213.0	60.0
20288.0	60.0
20363.0	59.9996983712045
20438.0	59.99873323723409
20513.0	59.99916301921215
20588.0	59.99903490140209
20663.0	59.997841335484274
20738.0	59.99871215102344
20813.0	59.99826125043966
20888.0	59.998567758473044
20963.0	59.997384364984335
21038.0	59.99856868508909
21113.0	59.99807137046949
21188.0	59.99634314814313
21263.0	60.0
21338.0	60.0
21413.0	60.0
21488.0	60.0
21563.0	60.0
21638.0	59.99897609174218
21713.0	59.998357308977965
21788.0	59.99739773910621
21863.0	59.99871000962073
21938.0	59.999359842749755
22013.0	59.99816108863553
22088.0	59.997023290057854
22163.0	59.998993584546014
22238.0	59.99884808217234
22313.0	59.998978955356115
22388.0	59.99675516224189
22463.0	59.992742667069855
22538.0	59.99790595580185
22613.0	59.99746160054711
22688.0	59.998660886908034
22763.0	59.999467755720346
22838.0	59.996879400192874
22913.0	59.99564676304422
22988.0	59.997190126356806
23063.0	59.999393689207665
23138.0	59.997847232864856
23213.0	59.99654129279851
23288.0	59.997516796479054
23363.0	59.92485163114074
23438.0	59.97368123038085
23513.0	59.99074400450621
23588.0	59.99786864164603
23663.0	59.999011694033726
23738.0	59.99897204284613
23813.0	59.99722513505226
23888.0	59.99183832102604
23963.0	59.99853714404706
24038.0	59.99694027524161
24113.0	59.99499243928281
24188.0	59.997479980768276
24263.0	59.99735267508328
24338.0	59.99836495803045
24413.0	59.99849773728036
24488.0	59.99711217359962
24563.0	59.99850935878829
24638.0	59.99458194855596
24713.0	59.99608728526844
24788.0	59.997676951155356
24863.0	59.998568168860075
24938.0	59.997216365248136
25013.0	59.998201454372115
25088.0	59.99868489090923
25163.0	59.99966297639519
25238.0	59.99740412862444
25313.0	59.99742523148969
25388.0	59.99884274404606
25463.0	59.99560616104504
25538.0	59.97479285614817
25613.0	59.99530075400204
25688.0	59.99629782671819
25763.0	59.99804430431517
25838.0	59.998426174682315
25913.0	59.99874060663867
25988.0	59.998183271564564
26063.0	59.99867283013351
26138.0	59.998798458792336
26213.0	59.998458049274994
26288.0	59.99879115910847
26363.0	59.99920898780176
26438.0	59.9993349202641
26513.0	59.998725973814025
26588.0	59.99797157513287
26663.0	59.99756669160929
26738.0	59.96592079120079
26813.0	59.99619286087075
26888.0	59.99608023765657
26963.0	59.99659817870377
27038.0	59.998459126030134
27113.0	59.998149818931715
27188.0	59.99684038715578
27263.0	59.998577666625984
27338.0	59.999061071830596
27413.0	59.999264736902376
27488.0	59.99921404471157
27563.0	59.99927667269439
27638.0	60.0
27713.0	60.0
27788.0	60.0
27863.0	60.0
27938.0	59.99769053117783
28013.0	59.999155806468636
28088.0	59.99190213529153
28163.0	59.99912616158558
28238.0	59.99791961526776
28313.0	59.99774499756511
28388.0	59.99819848764759
28463.0	59.99715261730936
28538.0	59.99801574948093
28613.0	59.99857402896234
28688.0	59.99556101967328
28763.0	59.99887574855938
28838.0	59.95574155886929
28913.0	59.99882155249547
28988.0	59.99618388213509
29063.0	59.99792074058551
29138.0	59.99797841505909
29213.0	59.99525346541626
29288.0	59.997791924194274
29363.0	59.99810742825853
29438.0	60.0
29513.0	59.99769159741459
29588.0	60.0
29663.0	59.99487229574645
29738.0	60.0
29813.0	60.0
29877.0	60.0
