# Position (bp)	A	C	G	T	N
0.0	45.07908611599297	22.495606326889277	16.16871704745167	16.25659050966608	0.0
1.0	14.499121265377857	44.200351493848856	27.06502636203866	14.235500878734623	0.0
2.0	17.041522491349482	52.85467128027682	12.110726643598616	17.99307958477509	0.0
3.0	44.38687392055268	13.21243523316062	25.129533678756477	17.271157167530223	0.0
4.0	47.06896551724138	12.241379310344827	9.827586206896552	30.862068965517242	0.0
5.0	19.329896907216497	40.20618556701031	10.223367697594501	30.240549828178693	0.0
6.0	19.382504288164665	51.6295025728988	12.006861063464838	16.9811320754717	0.0
7.0	47.85591766723842	23.32761578044597	11.83533447684391	16.9811320754717	0.0
8.0	57.754927163667524	13.281919451585262	12.425021422450728	16.538131962296486	0.0
9.0	17.223650385604113	38.64610111396744	13.281919451585262	30.848329048843187	0.0
10.0	16.538131962296486	10.454155955441301	24.507283633247642	48.500428449014564	0.0
11.0	16.01027397260274	12.32876712328767	14.04109589041096	57.619863013698634	0.0
12.0	17.208904109589042	10.787671232876713	25.17123287671233	46.832191780821915	0.0
13.0	17.294520547945204	38.86986301369863	23.20205479452055	20.633561643835616	0.0
14.0	14.529914529914532	12.051282051282051	42.56410256410256	30.854700854700855	0.0
15.0	42.491467576791806	23.72013651877133	13.48122866894198	20.30716723549488	0.0
16.0	26.14991482112436	12.691652470187393	14.821124361158432	46.33730834752981	0.0
17.0	21.12436115843271	37.56388415672913	13.543441226575808	27.76831345826235	0.0
18.0	16.098807495741056	14.65076660988075	14.139693356047701	55.110732538330495	0.0
19.0	16.86541737649063	54.0885860306644	12.43611584327087	16.609880749574106	0.0
20.0	26.382978723404253	14.297872340425533	14.382978723404255	44.93617021276596	0.0
21.0	28.316326530612244	14.370748299319727	13.435374149659864	43.87755102040816	0.0
22.0	17.911714770797964	12.64855687606112	38.70967741935484	30.730050933786078	0.0
23.0	18.59083191850594	22.58064516129032	12.224108658743633	46.6044142614601	0.0
24.0	47.45331069609507	21.39219015280136	11.96943972835314	19.185059422750424	0.0
25.0	30.025445292620866	11.450381679389313	37.82866836301951	20.69550466497031	0.0
26.0	45.2078032230704	11.195928753180661	23.324851569126377	20.271416454622564	0.0
27.0	25.190839694656486	14.58863443596268	9.499575911789652	50.72094995759117	0.0
28.0	28.135593220338983	38.89830508474576	10.59322033898305	22.372881355932204	0.0
29.0	30.39796782387807	10.160880609652837	11.346316680779001	48.09483488569009	0.0
30.0	18.829516539440203	22.391857506361323	39.86429177268872	18.914334181509755	0.0
31.0	20.54329371816638	10.69609507640068	11.37521222410866	57.38539898132428	0.0
32.0	29.51653944020356	10.517387616624257	12.637828668363019	47.32824427480916	0.0
33.0	29.66101694915254	39.66101694915255	11.779661016949152	18.89830508474576	0.0
34.0	20.604914933837428	12.948960302457465	15.879017013232513	50.567107750472594	0.0
35.0	21.246458923512748	44.09820585457979	12.464589235127479	22.19074598677998	0.0
36.0	21.718602455146367	12.086874409820586	13.408876298394713	52.785646836638335	0.0
37.0	48.63078375826252	15.29745042492918	13.314447592067987	22.757318224740324	0.0
38.0	49.058380414312616	14.218455743879474	12.429378531073446	24.293785310734464	0.0
39.0	51.597744360902254	11.842105263157894	11.842105263157894	24.718045112781954	0.0
40.0	19.736842105263158	42.10526315789473	14.3796992481203	23.778195488721803	0.0
41.0	19.24170616113744	11.090047393364928	47.67772511848341	21.990521327014218	0.0
42.0	51.23339658444023	12.618595825426945	15.749525616698293	20.398481973434535	0.0
43.0	51.18934348239772	13.606089438629876	14.747859181731684	20.456707897240722	0.0
44.0	23.523809523809526	43.333333333333336	12.95238095238095	20.19047619047619	0.0
45.0	35.58201058201058	15.476190476190476	19.047619047619047	29.894179894179896	0.0
46.0	33.78196500672948	16.55450874831763	18.57335127860027	31.090174966352624	0.0
47.0	28.84097035040431	15.09433962264151	22.371967654986523	33.692722371967655	0.0
48.0	27.897574123989216	18.733153638814017	18.194070080862534	35.17520215633424	0.0
49.0	26.549865229110516	19.946091644204852	19.137466307277627	34.36657681940701	0.0
50.0	24.663072776280323	23.31536388140162	19.40700808625337	32.61455525606469	0.0
51.0	28.706199460916444	18.867924528301888	19.946091644204852	32.47978436657682	0.0
52.0	29.41970310391363	17.27395411605938	22.267206477732792	31.039136302294196	0.0
53.0	28.34008097165992	20.242914979757085	21.18758434547908	30.229419703103915	0.0
54.0	29.18918918918919	20.0	19.72972972972973	31.08108108108108	0.0
55.0	31.08108108108108	18.64864864864865	19.45945945945946	30.810810810810814	0.0
56.0	27.100271002710024	19.91869918699187	20.32520325203252	32.65582655826558	0.0
57.0	30.257801899592945	19.402985074626866	19.94572591587517	30.39348710990502	0.0
58.0	26.08695652173913	20.652173913043477	17.79891304347826	35.46195652173913	0.0
59.0	23.972602739726025	19.45205479452055	25.068493150684933	31.506849315068493	0.0
60.0	26.71232876712329	18.356164383561644	20.54794520547945	34.38356164383561	0.0
61.0	29.080932784636488	18.930041152263374	21.124828532235938	30.864197530864196	0.0
62.0	28.708791208791208	18.956043956043956	22.939560439560438	29.395604395604398	0.0
63.0	32.967032967032964	17.17032967032967	21.978021978021978	27.884615384615387	0.0
64.0	30.631868131868135	20.467032967032967	20.467032967032967	28.434065934065934	0.0
65.0	29.160935350756535	20.220082530949107	22.420907840440165	28.198074277854197	0.0
66.0	31.043956043956044	16.071428571428573	22.252747252747252	30.631868131868135	0.0
67.0	28.000000000000004	19.310344827586206	16.413793103448278	36.27586206896552	0.0
68.0	26.068965517241377	20.689655172413794	19.586206896551726	33.6551724137931	0.0
69.0	27.72413793103448	22.482758620689655	19.310344827586206	30.482758620689655	0.0
70.0	26.482758620689655	23.586206896551722	19.034482758620687	30.896551724137932	0.0
71.0	29.517241379310345	18.344827586206897	20.413793103448278	31.724137931034484	0.0
72.0	27.310344827586206	19.310344827586206	21.793103448275865	31.586206896551722	0.0
73.0	27.72413793103448	19.034482758620687	23.448275862068964	29.793103448275858	0.0
74.0	30.344827586206897	17.655172413793103	23.448275862068964	28.551724137931032	0.0
75.0	28.7292817679558	22.23756906077348	22.513812154696133	26.519337016574585	0.0
76.0	32.780082987551864	20.74688796680498	16.182572614107883	30.29045643153527	0.0
77.0	29.737206085753805	21.715076071922546	18.39557399723375	30.152143845089903	0.0
78.0	30.152143845089903	22.268326417704014	19.363762102351316	28.21576763485477	0.0
79.0	29.460580912863072	21.715076071922546	20.055325034578146	28.769017980636235	0.0
80.0	29.460580912863072	16.874135546334717	20.470262793914245	33.19502074688796	0.0
81.0	27.52420470262794	18.533886583679116	17.842323651452283	36.09958506224066	0.0
82.0	30.982019363762102	16.59751037344398	24.343015214384508	28.077455048409405	0.0
83.0	26.41770401106501	21.991701244813278	23.374827109266942	28.21576763485477	0.0
84.0	27.562326869806093	17.72853185595568	20.914127423822716	33.795013850415515	0.0
85.0	34.07202216066482	15.927977839335181	21.60664819944598	28.39335180055402	0.0
86.0	33.00970873786408	14.701803051317613	24.133148404993065	28.155339805825243	0.0
87.0	34.812760055478506	16.78224687933426	21.7753120665742	26.629680998613036	0.0
88.0	33.75	17.36111111111111	19.166666666666668	29.72222222222222	0.0
89.0	32.45492371705964	16.920943134535367	16.920943134535367	33.70319001386963	0.0
90.0	30.598052851182196	16.550764951321277	20.86230876216968	31.98887343532684	0.0
91.0	28.412256267409468	20.334261838440113	17.270194986072422	33.98328690807799	0.0
92.0	31.337047353760443	17.96657381615599	17.827298050139277	32.86908077994429	0.0
93.0	29.944289693593312	16.434540389972145	20.334261838440113	33.28690807799443	0.0
94.0	31.615598885793872	18.245125348189415	19.220055710306408	30.919220055710305	0.0
95.0	30.362116991643457	18.384401114206128	21.16991643454039	30.08356545961003	0.0
96.0	30.362116991643457	19.220055710306408	16.852367688022284	33.56545961002785	0.0
97.0	27.437325905292482	18.662952646239557	20.891364902506965	33.00835654596101	0.0
98.0	31.615598885793872	19.080779944289695	17.96657381615599	31.337047353760443	0.0
99.0	35.294117647058826	17.92717086834734	17.086834733893557	29.69187675070028	0.0
100.0	33.193277310924366	15.826330532212884	20.588235294117645	30.392156862745097	0.0
101.0	32.49299719887955	19.187675070028014	19.327731092436977	28.991596638655466	0.0
102.0	29.551820728291318	16.246498599439775	21.84873949579832	32.35294117647059	0.0
103.0	25.630252100840334	19.607843137254903	19.607843137254903	35.154061624649856	0.0
104.0	23.347398030942333	20.112517580872012	22.22222222222222	34.31786216596343	0.0
105.0	28.551336146272853	17.018284106891702	22.362869198312236	32.06751054852321	0.0
106.0	30.4654442877292	19.88716502115656	18.61777150916784	31.029619181946405	0.0
107.0	29.37853107344633	17.796610169491526	21.75141242937853	31.07344632768362	0.0
108.0	32.53182461103253	17.963224893917964	17.53889674681754	31.966053748231964	0.0
109.0	26.732673267326735	19.943422913719942	18.81188118811881	34.51202263083451	0.0
110.0	23.79603399433428	18.13031161473088	22.521246458923514	35.552407932011334	0.0
111.0	28.551136363636363	17.329545454545457	23.011363636363637	31.107954545454547	0.0
112.0	27.556818181818183	18.75	21.164772727272727	32.528409090909086	0.0
113.0	30.113636363636363	19.318181818181817	18.46590909090909	32.10227272727273	0.0
114.0	27.738264580369844	16.78520625889047	20.34139402560455	35.13513513513514	0.0
115.0	30.955777460770328	17.97432239657632	14.693295292439373	36.37660485021398	0.0
116.0	28.796561604584525	20.20057306590258	18.76790830945559	32.23495702005731	0.0
117.0	33.3810888252149	17.478510028653297	17.765042979942695	31.37535816618911	0.0
118.0	28.36676217765043	17.335243553008596	20.773638968481375	33.5243553008596	0.0
119.0	22.349570200573066	23.35243553008596	28.36676217765043	25.931232091690543	0.0
120.0	26.72413793103448	22.270114942528735	23.275862068965516	27.729885057471265	0.0
121.0	31.70028818443804	17.29106628242075	20.028818443804035	30.979827089337174	0.0
122.0	30.158730158730158	17.74891774891775	20.77922077922078	31.313131313131315	0.0
123.0	30.59163059163059	19.624819624819626	19.047619047619047	30.735930735930733	0.0
124.0	28.94356005788712	17.80028943560058	19.68162083936324	33.57452966714906	0.0
125.0	26.483357452966715	21.99710564399421	17.51085383502171	34.00868306801736	0.0
126.0	32.17391304347826	18.55072463768116	19.130434782608695	30.144927536231886	0.0
127.0	28.737300435413644	18.722786647314948	21.91582002902758	30.62409288824383	0.0
128.0	32.122093023255815	18.8953488372093	20.348837209302324	28.63372093023256	0.0
129.0	30.23255813953488	17.87790697674419	19.331395348837212	32.55813953488372	0.0
130.0	31.004366812227076	22.707423580786028	15.283842794759824	31.004366812227076	0.0
131.0	30.466472303207	21.865889212827987	19.533527696793	28.134110787172013	0.0
132.0	28.654970760233915	18.859649122807017	24.12280701754386	28.362573099415204	0.0
133.0	28.487518355359764	22.61380323054332	19.970631424375917	28.928046989721	0.0
134.0	25.625920471281294	22.385861561119295	21.354933726067745	30.633284241531666	0.0
135.0	26.253687315634217	16.96165191740413	20.79646017699115	35.9882005899705	0.0
136.0	24.778761061946902	18.289085545722713	21.386430678466077	35.54572271386431	0.0
137.0	30.76923076923077	13.609467455621301	22.189349112426036	33.43195266272189	0.0
138.0	28.000000000000004	17.925925925925927	23.85185185185185	30.22222222222222	0.0
139.0	29.629629629629626	18.51851851851852	19.555555555555557	32.2962962962963	0.0
140.0	30.163447251114412	15.75037147102526	22.436849925705797	31.64933135215453	0.0
141.0	30.654761904761905	15.178571428571427	21.428571428571427	32.73809523809524	0.0
142.0	32.78688524590164	15.201192250372578	19.821162444113263	32.190760059612515	0.0
143.0	30.700447093889714	19.821162444113263	18.926974664679584	30.55141579731744	0.0
144.0	33.532934131736525	16.61676646706587	18.113772455089823	31.736526946107784	0.0
145.0	28.18590704647676	20.089955022488756	19.640179910044978	32.083958020989506	0.0
146.0	30.42168674698795	19.879518072289155	19.126506024096386	30.57228915662651	0.0
147.0	28.74432677760968	19.51588502269289	18.305597579425115	33.43419062027231	0.0
148.0	27.27272727272727	20.0	21.363636363636363	31.363636363636367	0.0
149.0	30.3951367781155	20.820668693009118	16.565349544072948	32.21884498480243	0.0
150.0	27.54946727549467	19.48249619482496	20.395738203957382	32.57229832572298	0.0
151.0	29.878048780487802	18.597560975609756	18.29268292682927	33.23170731707317	0.0
152.0	26.840490797546014	19.938650306748464	18.098159509202453	35.12269938650307	0.0
153.0	33.43605546995377	16.33281972265023	19.876733436055467	30.354391371340522	0.0
154.0	33.33333333333333	15.895061728395063	21.141975308641975	29.629629629629626	0.0
155.0	32.50773993808049	19.5046439628483	15.325077399380804	32.6625386996904	0.0
156.0	31.472868217054263	15.503875968992247	19.379844961240313	33.64341085271318	0.0
157.0	31.045241809672387	18.408736349453978	23.08892355694228	27.45709828393136	0.0
158.0	27.27272727272727	21.15987460815047	16.144200626959247	35.42319749216301	0.0
159.0	30.80568720379147	14.533965244865717	24.01263823064771	30.647709320695103	0.0
160.0	26.59235668789809	16.401273885350317	24.044585987261147	32.961783439490446	0.0
161.0	30.97913322632424	16.693418940609952	23.434991974317818	28.892455858747994	0.0
162.0	30.112721417069245	18.679549114331724	20.28985507246377	30.917874396135264	0.0
163.0	26.860841423948216	17.15210355987055	18.77022653721683	37.2168284789644	0.0
164.0	29.43089430894309	15.121951219512194	23.577235772357724	31.869918699186993	0.0
165.0	30.618892508143325	18.892508143322477	23.12703583061889	27.36156351791531	0.0
166.0	26.26427406199021	21.37030995106036	21.20717781402936	31.158238172920065	0.0
167.0	26.841243862520457	19.803600654664486	23.076923076923077	30.27823240589198	0.0
168.0	27.049180327868854	20.163934426229506	18.19672131147541	34.59016393442623	0.0
169.0	25.986842105263158	19.24342105263158	20.065789473684212	34.70394736842105	0.0
170.0	28.97350993377483	17.549668874172188	18.874172185430464	34.602649006622514	0.0
171.0	32.83333333333333	19.0	15.666666666666668	32.5	0.0
172.0	28.14070351758794	23.115577889447238	17.922948073701843	30.82077051926298	0.0
173.0	27.058823529411764	22.521008403361346	18.991596638655462	31.428571428571427	0.0
174.0	31.818181818181817	21.043771043771045	16.4983164983165	30.63973063973064	0.0
175.0	28.330522765598655	19.561551433389546	22.765598650927487	29.34232715008432	0.0
176.0	31.069609507640067	16.97792869269949	19.69439728353141	32.25806451612903	0.0
177.0	28.717948717948715	22.393162393162395	20.0	28.888888888888886	0.0
178.0	26.243567753001717	22.46998284734134	22.81303602058319	28.473413379073758	0.0
179.0	24.78485370051635	20.137693631669535	24.268502581755595	30.808950086058516	0.0
180.0	28.596187175043326	16.63778162911612	21.143847487001732	33.62218370883882	0.0
181.0	25.958188153310104	19.16376306620209	22.99651567944251	31.881533101045296	0.0
182.0	30.931458699472756	18.45342706502636	23.374340949033392	27.240773286467483	0.0
183.0	31.810193321616868	23.022847100175746	21.26537785588752	23.901581722319857	0.0
184.0	29.858657243816257	22.43816254416961	17.6678445229682	30.03533568904594	0.0
185.0	27.886323268206038	22.380106571936057	23.623445825932503	26.1101243339254	0.0
186.0	28.136200716845877	17.562724014336915	23.476702508960575	30.824372759856633	0.0
187.0	31.47482014388489	19.60431654676259	19.60431654676259	29.31654676258993	0.0
188.0	29.09090909090909	18.90909090909091	22.90909090909091	29.09090909090909	0.0
189.0	31.743119266055047	21.100917431192663	19.816513761467892	27.339449541284406	0.0
190.0	30.129390018484287	17.005545286506468	21.072088724584106	31.79297597042514	0.0
191.0	26.394052044609666	20.260223048327138	20.44609665427509	32.899628252788105	0.0
192.0	31.33208255159475	19.136960600375236	18.386491557223263	31.144465290806757	0.0
193.0	27.893738140417458	15.370018975332068	21.631878557874764	35.10436432637571	0.0
194.0	27.63915547024952	22.648752399232247	20.153550863723606	29.558541266794624	0.0
195.0	29.72972972972973	20.84942084942085	18.725868725868725	30.694980694980696	0.0
196.0	29.377431906614788	19.64980544747082	19.64980544747082	31.32295719844358	0.0
197.0	29.78303747534517	21.893491124260358	20.710059171597635	27.613412228796847	0.0
198.0	26.907630522088354	23.895582329317268	19.27710843373494	29.919678714859437	0.0
199.0	25.106382978723403	24.25531914893617	20.851063829787233	29.78723404255319	0.0
200.0	25.063291139240505	16.455696202531644	21.518987341772153	36.9620253164557	0.0
201.0	34.82758620689655	21.379310344827587	14.827586206896552	28.965517241379313	0.0
202.0	40.140845070422536	18.30985915492958	17.6056338028169	23.943661971830984	0.0
203.0	34.98233215547703	16.96113074204947	20.141342756183743	27.915194346289752	0.0
204.0	33.214285714285715	17.142857142857142	26.785714285714285	22.857142857142858	0.0
205.0	35.61151079136691	15.467625899280577	26.618705035971225	22.302158273381295	0.0
206.0	29.24187725631769	22.382671480144403	21.299638989169676	27.075812274368232	0.0
207.0	24.0	25.454545454545453	15.272727272727273	35.27272727272727	0.0
208.0	24.727272727272727	18.545454545454547	25.09090909090909	31.636363636363633	0.0
209.0	18.681318681318682	24.54212454212454	22.71062271062271	34.065934065934066	0.0
210.0	26.296296296296294	18.88888888888889	16.296296296296298	38.51851851851852	0.0
211.0	35.18518518518518	19.25925925925926	19.62962962962963	25.925925925925924	0.0
212.0	24.074074074074073	17.037037037037038	27.77777777777778	31.11111111111111	0.0
213.0	23.507462686567166	24.62686567164179	17.16417910447761	34.701492537313435	0.0
214.0	31.69811320754717	23.77358490566038	16.9811320754717	27.547169811320753	0.0
215.0	29.770992366412212	20.610687022900763	17.17557251908397	32.44274809160305	0.0
216.0	33.72093023255814	20.155038759689923	17.829457364341085	28.294573643410853	0.0
217.0	26.190476190476193	16.26984126984127	23.41269841269841	34.12698412698413	0.0
218.0	22.177419354838708	20.967741935483872	16.532258064516128	40.32258064516129	0.0
219.0	19.36936936936937	25.225225225225223	22.972972972972975	32.432432432432435	0.0
220.0	0.0	30.612244897959183	30.612244897959183	38.775510204081634	0.0
