# Position (bp)	A	C	G	T	N
0.0	28.43684577808793	9.281228192602931	47.156315422191206	15.125610607117935	0.0
1.0	18.80669923237962	46.441032798325196	18.387997208653175	16.36427076064201	0.0
2.0	9.193998604326588	39.75924633635729	10.397766922540127	40.64898813677599	0.0
3.0	40.07327285415213	1.779483600837404	33.63572923935799	24.511514305652476	0.0
4.0	32.37962316817865	39.8639218422889	11.287508722958828	16.46894626657362	0.0
5.0	56.89113747383112	10.519888346127006	13.24145150034892	19.34752267969295	0.0
6.0	26.425954997383567	33.594976452119305	13.72754229897087	26.251526251526254	0.0
7.0	52.53793825222397	1.3954299668585384	29.966858538287113	16.099773242630384	0.0
8.0	20.739577882435025	8.250479679051107	2.5292168149311003	68.48072562358276	0.0
9.0	27.18395815170009	12.746294681778553	9.78204010462075	50.28770706190061	0.0
10.0	35.30334728033473	38.49372384937239	15.411436541143656	10.791492329149232	0.0
11.0	40.24751612340945	2.0742548370228344	6.519086630643193	51.15914240892453	0.0
12.0	22.764511068502703	14.502353146243681	44.04741153913195	18.685724246121666	0.0
13.0	49.450932543141015	14.014293184591251	26.32037650339899	10.214397768868746	0.0
14.0	12.584974725466273	47.48126198361513	15.617918772877811	24.315844518040787	0.0
15.0	46.9327291739282	1.4464970372952248	22.69083304287208	28.9299407459045	0.0
16.0	45.034843205574916	28.693379790940764	20.2787456445993	5.993031358885018	0.0
17.0	62.83524904214559	11.302681992337165	3.4831069313827934	22.378962034134446	0.0
18.0	19.035179380006966	13.044235458028561	22.413793103448278	45.5067920585162	0.0
19.0	20.048771990942342	5.33008186727051	10.573070893572549	64.0480752482146	0.0
20.0	13.987110259536667	35.49904197874935	12.314927712941996	38.19892004877199	0.0
21.0	49.50374368796796	2.7860003482500435	20.250740031342502	27.459515932439494	0.0
22.0	17.987114748389345	49.93905624238203	19.258227407278426	12.815601601950199	0.0
23.0	68.02507836990596	10.745384883315918	10.083594566353186	11.145942180424939	0.0
24.0	29.382071366405572	17.11053089643168	39.46040034812881	14.046997389033944	0.0
25.0	56.72524795545502	15.990951800939621	13.850704715503742	13.433095528101619	0.0
26.0	12.841482512615276	3.9846876631285886	21.315468940316688	61.85836088393945	0.0
27.0	30.107901148625132	3.8635572572224155	44.309084580577796	21.71945701357466	0.0
28.0	13.964826745603343	14.922514365314296	47.779905972488244	23.332752916594117	0.0
29.0	18.682467758800975	2.2307424189613108	10.038340885325898	69.04844893691183	0.0
30.0	31.543037088873337	2.396780965710287	56.54303708887334	9.517144856543037	0.0
31.0	39.161697649947385	5.085934759733427	4.700105226236408	51.05226236408278	0.0
32.0	58.017440825769704	18.384054102153407	13.454351308061932	10.144153764014948	0.0
33.0	12.294638021303484	19.317566347716195	13.287597039176745	55.100198591803576	0.0
34.0	21.312089971883786	9.57825679475164	42.49297094657919	26.61668228678538	0.0
35.0	18.52131271218408	45.115050924179556	2.4519049415314975	33.91173142210487	0.0
36.0	12.847156621953523	49.1970527111279	13.565085962592102	24.390704704326467	0.0
37.0	21.52892561983471	8.326446280991735	10.661157024793388	59.48347107438017	0.0
38.0	57.48490526754112	6.058713304184884	10.576722881532376	25.87965854674162	0.0
39.0	8.613840685762074	24.942504704160566	20.38469579761656	46.0589588124608	0.0
40.0	21.765697429414242	13.611462284028656	12.305099030762747	52.317741255794346	0.0
41.0	5.230834392206693	6.586192291401948	9.29690808979246	78.8860652265989	0.0
42.0	24.723726977248102	14.821235102925243	4.225352112676056	56.229685807150595	0.0
43.0	28.88550282977797	17.740531127557684	49.08576404005224	4.288202002612103	0.0
44.0	16.5144318597004	15.856777493606138	17.82974059188893	49.799050054804525	0.0
45.0	74.97210859055411	12.42097433990331	3.1238378579397543	9.483079211602826	0.0
46.0	49.92492492492492	36.749249249249246	4.2042042042042045	9.121621621621621	0.0
47.0	48.97959183673469	16.402116402116402	9.10808767951625	25.510204081632654	0.0
48.0	53.41685649202733	19.741837509491265	3.3029612756264237	23.538344722854973	0.0
49.0	54.7782874617737	2.484709480122324	17.622324159021407	25.11467889908257	0.0
50.0	24.43252166735452	37.391663227404045	29.385059843169625	8.790755262071812	0.0
51.0	37.21222268731687	4.227710339053997	34.951862704060275	23.60820426956886	0.0
52.0	47.084612012275315	31.345900920648837	8.899605436212187	12.669881630863655	0.0
53.0	31.931252826775214	7.462686567164178	22.478516508367257	38.12754409769335	0.0
54.0	44.20323325635104	5.450346420323326	44.665127020785214	5.681293302540415	0.0
55.0	44.86940298507462	18.28358208955224	30.550373134328357	6.296641791044776	0.0
56.0	42.91744840525328	3.7054409005628517	5.534709193245779	47.84240150093809	0.0
57.0	2.2412970910824987	10.348116356700048	69.52789699570815	17.8826895565093	0.0
58.0	29.443099273607746	4.358353510895883	60.58111380145278	5.6174334140435835	0.0
59.0	5.228426395939087	73.3502538071066	4.568527918781726	16.85279187817259	0.0
60.0	57.77404921700223	5.313199105145413	15.212527964205815	21.700223713646533	0.0
61.0	3.6269430051813467	35.981577432354634	43.523316062176164	16.868163500287853	0.0
62.0	26.07433217189315	4.5876887340301975	20.615563298490127	48.72241579558653	0.0
63.0	58.871915393654525	3.9952996474735603	14.512338425381904	22.620446533490014	0.0
64.0	14.251781472684085	36.40142517814727	23.39667458432304	25.9501187648456	0.0
65.0	11.702127659574469	3.254067584480601	46.057571964956196	38.98623279098874	0.0
66.0	27.43362831858407	24.905183312262956	43.552465233881165	4.108723135271807	0.0
67.0	67.22365038560412	4.048843187660668	2.506426735218509	26.221079691516707	0.0
68.0	47.511612475116124	23.291307232913073	2.05706702057067	27.140013271400132	0.0
69.0	55.14184397163121	2.8368794326241136	8.421985815602836	33.59929078014184	0.0
70.0	69.54128440366972	6.238532110091743	6.238532110091743	17.98165137614679	0.0
71.0	8.128544423440454	67.29678638941398	6.049149338374291	18.525519848771268	0.0
72.0	18.785578747628083	7.2106261859582546	4.933586337760911	69.07020872865274	0.0
73.0	12.643678160919542	12.068965517241379	66.28352490421456	9.003831417624522	0.0
74.0	77.58284600389864	7.212475633528265	6.042884990253411	9.161793372319687	0.0
75.0	77.32793522267207	8.097165991902834	5.870445344129554	8.704453441295547	0.0
76.0	75.35641547861506	7.3319755600814664	6.313645621181263	10.9979633401222	0.0
77.0	30.061349693251532	15.950920245398773	28.22085889570552	25.766871165644172	0.0
78.0	29.09090909090909	15.151515151515152	24.848484848484848	30.909090909090907	0.0
79.0	40.23668639053255	23.076923076923077	14.792899408284024	21.893491124260358	0.0
80.0	35.58282208588957	17.177914110429448	17.177914110429448	30.061349693251532	0.0
81.0	35.97560975609756	22.5609756097561	19.51219512195122	21.951219512195124	0.0
82.0	34.96932515337423	17.177914110429448	19.631901840490798	28.22085889570552	0.0
83.0	28.22085889570552	14.723926380368098	27.607361963190186	29.447852760736197	0.0
84.0	31.28834355828221	20.858895705521473	27.607361963190186	20.245398773006134	0.0
85.0	36.19631901840491	20.245398773006134	19.018404907975462	24.539877300613497	0.0
86.0	42.592592592592595	12.962962962962962	20.37037037037037	24.074074074074073	0.0
87.0	34.5679012345679	16.049382716049383	21.604938271604937	27.77777777777778	0.0
88.0	34.5679012345679	16.666666666666664	19.1358024691358	29.629629629629626	0.0
89.0	37.03703703703704	17.901234567901234	21.604938271604937	23.456790123456788	0.0
90.0	29.01234567901235	14.814814814814813	19.1358024691358	37.03703703703704	0.0
91.0	35.36585365853659	15.24390243902439	23.170731707317074	26.21951219512195	0.0
92.0	29.878048780487802	21.341463414634145	18.902439024390244	29.878048780487802	0.0
93.0	37.19512195121951	18.29268292682927	17.682926829268293	26.82926829268293	0.0
94.0	37.65432098765432	20.37037037037037	15.432098765432098	26.543209876543212	0.0
95.0	40.37267080745342	19.875776397515526	18.012422360248447	21.73913043478261	0.0
96.0	32.298136645962735	22.981366459627328	14.906832298136646	29.81366459627329	0.0
97.0	36.64596273291926	11.801242236024844	23.60248447204969	27.95031055900621	0.0
98.0	31.446540880503143	27.044025157232703	18.238993710691823	23.270440251572328	0.0
99.0	31.0126582278481	21.518987341772153	18.354430379746837	29.11392405063291	0.0
100.0	28.947368421052634	17.105263157894736	19.736842105263158	34.21052631578947	0.0
101.0	31.333333333333336	14.666666666666666	23.333333333333332	30.666666666666664	0.0
102.0	33.108108108108105	18.91891891891892	25.0	22.972972972972975	0.0
103.0	40.816326530612244	19.727891156462583	12.925170068027212	26.53061224489796	0.0
104.0	38.095238095238095	24.489795918367346	9.523809523809524	27.89115646258503	0.0
105.0	33.108108108108105	18.243243243243242	15.54054054054054	33.108108108108105	0.0
106.0	32.88590604026846	16.778523489932887	22.818791946308725	27.516778523489933	0.0
107.0	33.33333333333333	18.367346938775512	22.448979591836736	25.850340136054424	0.0
108.0	36.986301369863014	14.383561643835616	22.602739726027394	26.027397260273972	0.0
109.0	41.37931034482759	16.551724137931036	16.551724137931036	25.517241379310345	0.0
110.0	31.724137931034484	19.310344827586206	22.758620689655174	26.20689655172414	0.0
111.0	44.84848484848485	12.727272727272727	14.545454545454545	27.878787878787882	0.0
112.0	44.51219512195122	14.634146341463413	18.29268292682927	22.5609756097561	0.0
113.0	37.267080745341616	24.22360248447205	19.25465838509317	19.25465838509317	0.0
114.0	44.375	13.125	13.750000000000002	28.749999999999996	0.0
115.0	38.9937106918239	22.0125786163522	13.836477987421384	25.157232704402517	0.0
116.0	42.405063291139236	19.62025316455696	17.72151898734177	20.253164556962027	0.0
117.0	38.46153846153847	17.307692307692307	14.102564102564102	30.128205128205128	0.0
118.0	44.871794871794876	11.538461538461538	16.025641025641026	27.564102564102566	0.0
119.0	38.064516129032256	18.064516129032256	16.129032258064516	27.741935483870968	0.0
120.0	39.35483870967742	16.129032258064516	16.129032258064516	28.387096774193548	0.0
121.0	41.55844155844156	14.935064935064934	19.480519480519483	24.025974025974026	0.0
122.0	37.66233766233766	14.285714285714285	16.233766233766232	31.818181818181817	0.0
123.0	40.25974025974026	14.285714285714285	19.480519480519483	25.97402597402597	0.0
124.0	35.947712418300654	15.686274509803921	16.33986928104575	32.02614379084967	0.0
125.0	38.81578947368421	16.447368421052634	19.736842105263158	25.0	0.0
126.0	44.07894736842105	19.736842105263158	15.131578947368421	21.052631578947366	0.0
127.0	41.333333333333336	15.333333333333332	17.333333333333336	26.0	0.0
128.0	41.61073825503356	22.14765100671141	11.409395973154362	24.832214765100673	0.0
129.0	40.816326530612244	8.843537414965986	16.3265306122449	34.01360544217687	0.0
130.0	38.775510204081634	17.006802721088434	19.727891156462583	24.489795918367346	0.0
131.0	42.465753424657535	18.493150684931507	19.863013698630137	19.17808219178082	0.0
132.0	36.55172413793103	22.758620689655174	15.862068965517242	24.82758620689655	0.0
133.0	35.86206896551724	15.172413793103448	20.689655172413794	28.27586206896552	0.0
134.0	35.66433566433567	19.58041958041958	16.083916083916083	28.671328671328673	0.0
135.0	35.91549295774648	17.6056338028169	19.014084507042252	27.464788732394368	0.0
136.0	36.496350364963504	16.78832116788321	13.86861313868613	32.846715328467155	0.0
137.0	40.44117647058824	17.647058823529413	11.029411764705882	30.88235294117647	0.0
138.0	40.909090909090914	18.181818181818183	18.939393939393938	21.96969696969697	0.0
139.0	37.2093023255814	26.356589147286826	20.930232558139537	15.503875968992247	0.0
140.0	37.39837398373984	22.76422764227642	15.447154471544716	24.390243902439025	0.0
141.0	36.134453781512605	27.73109243697479	15.126050420168067	21.008403361344538	0.0
142.0	34.78260869565217	20.869565217391305	19.130434782608695	25.217391304347824	0.0
143.0	32.743362831858406	22.123893805309734	17.699115044247787	27.43362831858407	0.0
144.0	26.785714285714285	23.214285714285715	15.178571428571427	34.82142857142857	0.0
145.0	23.853211009174313	23.853211009174313	24.770642201834864	27.522935779816514	0.0
146.0	31.132075471698112	20.754716981132077	27.358490566037734	20.754716981132077	0.0
147.0	29.591836734693878	24.489795918367346	23.46938775510204	22.448979591836736	0.0
148.0	25.0	29.347826086956523	23.91304347826087	21.73913043478261	0.0
149.0	19.047619047619047	41.269841269841265	22.22222222222222	17.46031746031746	0.0
