#Position (bp)	mapping quality
38.0	59.99855789323817
113.0	59.995273364865035
188.0	59.98899259908898
263.0	59.95339368619611
338.0	59.997865758508894
413.0	59.997437040854585
488.0	59.99700122306612
563.0	59.99648562747651
638.0	59.99772196229762
713.0	59.995365169925385
788.0	59.99939133483777
863.0	59.99761889333455
938.0	59.998267254961554
1013.0	59.99813040625586
1088.0	59.99836835717877
1163.0	59.99790547756802
1238.0	59.99815558359115
1313.0	59.996148457836334
1388.0	59.99934342077775
1463.0	60.0
1538.0	59.99892623564247
1613.0	59.99869217004281
1688.0	59.9976804996771
1763.0	59.99788699387898
1838.0	59.99815841444108
1913.0	59.996504598829155
1988.0	59.99688789759993
2063.0	59.99861384263621
2138.0	59.99789277049423
2213.0	59.99896602514705
2288.0	59.986824738380314
2363.0	59.9966498372104
2438.0	59.99707812830828
2513.0	59.999078172180894
2588.0	59.99809434273881
2663.0	59.997544419756814
2738.0	59.999466320895316
2813.0	59.998351495288816
2888.0	59.99735198123829
2963.0	59.99899306297849
3038.0	59.946192236892216
3113.0	59.997415652669275
3188.0	59.99856264903609
3263.0	59.997683239766474
3338.0	59.99575815885662
3413.0	59.99824301026909
3488.0	59.99793987680926
3563.0	59.99313116922764
3638.0	59.999744741678576
3713.0	59.998589396967205
3788.0	59.99906757435237
3863.0	59.99889557929136
3938.0	59.99848432311086
4013.0	59.99952554482605
4088.0	59.99917333055932
4163.0	59.99745796580677
4238.0	59.997846969012045
4313.0	59.99819095757589
4388.0	59.997581077069995
4463.0	59.997883619732924
4538.0	59.998593757501034
4613.0	59.99905074252067
4688.0	59.998037016508725
4763.0	59.99738136803682
4838.0	59.99706107201564
4913.0	59.99842115063847
4988.0	59.9969642568985
5063.0	60.0
5138.0	60.0
5213.0	60.0
5288.0	59.99761353951053
5363.0	59.99476933153037
5438.0	59.999092473470725
5513.0	59.998732079950905
5588.0	59.99830013972446
5663.0	59.99914377780612
5738.0	59.97080566277074
5813.0	59.99899589337878
5888.0	59.97857236301114
5963.0	59.99825080512007
6038.0	60.0
6113.0	60.0
6188.0	59.97472076006688
6263.0	59.99864393764372
6338.0	59.998697062235166
6413.0	59.997010461862345
6488.0	59.99694711755766
6563.0	59.998340524394294
6638.0	59.9987684379951
6713.0	59.99838032252963
6788.0	59.99874751313194
6863.0	59.99914062952227
6938.0	59.99193548387097
7013.0	60.0
7088.0	59.999177438307875
7163.0	59.99890354312208
7238.0	60.0
7313.0	59.999851994813895
7388.0	59.999490991558524
7463.0	59.99912166646518
7538.0	59.99899897925471
7613.0	59.99797985446564
7688.0	59.99893151222062
7763.0	59.99966455642161
7838.0	59.99697436998575
7913.0	59.99901200150114
7988.0	59.99757010585954
8063.0	59.99771863580505
8138.0	59.998049932708945
8213.0	59.99795802291863
8288.0	59.99917576830169
8363.0	59.99860590084153
8438.0	59.99862401828997
8513.0	59.99871273071462
8588.0	59.9985864073851
8663.0	59.999036512923674
8738.0	59.998564124941765
8813.0	59.99777229959086
8888.0	59.99880096516124
8963.0	59.997666766013616
9038.0	59.998224925661695
9113.0	59.99531166779306
9188.0	59.99671830845296
9263.0	59.99787321842364
9338.0	59.998597418344865
9413.0	59.99880153137657
9488.0	59.998521633849485
9563.0	59.99810082722358
9638.0	59.99801014341527
9713.0	59.99717439309399
9788.0	59.99680755847624
9863.0	59.99747319044987
9938.0	59.99905833878583
10013.0	59.99926483426607
10088.0	59.997540413876635
10163.0	59.99725970114728
10238.0	59.99915281189682
10313.0	59.99810777554709
10388.0	59.999277425005474
10463.0	59.99931541612077
10538.0	59.99910361346637
10613.0	59.99814161800029
10688.0	59.99820572875183
10763.0	59.99768930747437
10838.0	59.99692800418315
10913.0	59.998042345571186
10988.0	59.99809321793435
11063.0	59.99428529480563
11138.0	59.99787933553795
11213.0	59.998586126033125
11288.0	59.99567730932798
11363.0	59.998227258575064
11438.0	59.99689559720949
11513.0	59.9981870872977
11588.0	59.995568773896174
11663.0	59.998909318156805
11738.0	59.998565492463385
11813.0	59.99932675639714
11888.0	59.998120304850794
11963.0	59.998144410180096
12038.0	59.99708010601763
12113.0	59.99769812750422
12188.0	59.999086224136605
12263.0	59.997907502051525
12338.0	59.99819102179382
12413.0	59.997684012193304
12488.0	59.99733307512321
12563.0	59.997962960109966
12638.0	59.996709010279226
12713.0	59.99696837231857
12788.0	59.999198897558294
12863.0	59.996662089450695
12938.0	59.99775646651195
13013.0	59.99750964662654
13088.0	59.99862437059964
13163.0	59.99865635677198
13238.0	59.99798557963529
13313.0	59.99872518683552
13388.0	59.9928642277284
13463.0	59.99800472908986
13538.0	59.99866009512541
13613.0	59.99805171951968
13688.0	59.99795168129846
13763.0	59.99456024406134
13838.0	59.99840050737178
13913.0	59.99711677213631
13988.0	59.99747115505725
14063.0	59.9967130939722
14138.0	59.99765131842844
14213.0	59.99650828507506
14288.0	59.998710177343206
14363.0	59.9843282142684
14438.0	59.94967539616137
14513.0	59.99829244481928
14588.0	59.99808601924691
14663.0	59.998216001527354
14738.0	59.99924017630791
14813.0	59.99863495413853
14888.0	59.99498941401487
14963.0	59.998661438900484
15038.0	59.995075466232485
15113.0	59.99818742069966
15188.0	59.99926165477931
15263.0	59.99750782066966
15338.0	59.99874472024083
15413.0	59.99796633304798
15488.0	59.99821447982253
15563.0	59.99828256222539
15638.0	59.99818133963637
15713.0	59.99834577760559
15788.0	59.99804640180823
15863.0	59.998492485958124
15938.0	59.99835361544495
16013.0	59.997700946005516
16088.0	59.998093400904
16163.0	59.998206508213045
16238.0	59.998675555820114
16313.0	59.998182555780936
16388.0	59.999115360405575
16463.0	59.998212333758424
16538.0	59.99866238630283
16613.0	59.99761121138125
16688.0	60.0
16763.0	59.99921759480583
16838.0	59.997258783840984
16913.0	59.99731227976219
16988.0	59.99824924176252
17063.0	59.997216038185286
17138.0	59.99773374931986
17213.0	59.99883540558527
17288.0	59.997324747164264
17363.0	59.997865693399795
17438.0	59.997190957871226
17513.0	59.998052318006565
17588.0	59.997909294838706
17663.0	59.99680018012518
17738.0	59.998777940878114
17813.0	59.996417660421926
17888.0	59.99917244666695
17963.0	59.998637527701504
18038.0	59.9985080608362
18113.0	59.99905701454929
18188.0	59.998974927793164
18263.0	59.99878221312777
18338.0	59.9990451554808
18413.0	59.99891061819137
18488.0	59.97284162324807
18563.0	59.998107458486764
18638.0	59.99741417095719
18713.0	59.9982944331618
18788.0	59.99826493876032
18863.0	59.99862933084139
18938.0	59.9990285867758
19013.0	59.998594315704636
19088.0	59.99926756336025
19163.0	59.99809517079219
19238.0	59.99818250135352
19313.0	59.99560666259169
19388.0	60.0
19463.0	60.0
19538.0	59.99897460642982
19613.0	59.99930441381055
19688.0	59.9965952782322
19763.0	59.999092718848544
19838.0	59.998587669130984
19913.0	59.998860701807686
19988.0	60.0
20063.0	59.99677449083034
20138.0	60.0
20213.0	59.9931864637747
20288.0	60.0
20363.0	60.0
20438.0	60.0
20513.0	59.99946626013208
20588.0	59.998441885487004
20663.0	59.99682483714923
20738.0	59.998209717019094
20813.0	59.99875638742645
20888.0	59.99865096993275
20963.0	59.99809419266581
21038.0	59.998059735334365
21113.0	59.999120740315526
21188.0	59.99579584404456
21263.0	60.0
21338.0	60.0
21413.0	60.0
21488.0	60.0
21563.0	60.0
21638.0	59.99734774726382
21713.0	59.99823060015052
21788.0	59.99842623300643
21863.0	59.997619149988175
21938.0	59.99817566082648
22013.0	59.99811625807765
22088.0	59.99944688801732
22163.0	59.99874771047534
22238.0	59.99668264720924
22313.0	59.997921171062956
22388.0	60.0
22463.0	60.0
22538.0	59.998270903917756
22613.0	59.99832564380275
22688.0	59.99832299673834
22763.0	59.99908021150559
22838.0	59.99893071244127
22913.0	59.9978717394405
22988.0	59.99815633791881
23063.0	59.99922502961297
23138.0	59.997126668322494
23213.0	59.996814778497054
23288.0	59.99738683439657
23363.0	59.96790945515079
23438.0	59.950667447054734
23513.0	59.98963655544753
23588.0	59.998660578386605
23663.0	59.99864599194341
23738.0	59.99942293773596
23813.0	59.998144187318076
23888.0	59.99514292022182
23963.0	59.99880645405516
24038.0	59.99638294036646
24113.0	59.997704698512415
24188.0	59.99730738380355
24263.0	59.99828233552868
24338.0	59.996544180693704
24413.0	59.9984402883141
24488.0	59.99750922301283
24563.0	59.99789390972795
24638.0	59.99877037145794
24713.0	59.996241840838664
24788.0	59.998441916697885
24863.0	59.997852995714254
24938.0	59.998151385641435
25013.0	59.99688279044569
25088.0	59.99847118948178
25163.0	59.999086834098144
25238.0	59.998587585546176
25313.0	59.998028616733656
25388.0	59.99871502434194
25463.0	59.9983498349835
25538.0	59.99602754915702
25613.0	59.99745411036608
25688.0	59.99558399760488
25763.0	59.99773893073591
25838.0	59.9969522100345
25913.0	59.9991954993773
25988.0	59.997643268824156
26063.0	59.998686727631686
26138.0	59.99865547534821
26213.0	59.99884293172798
26288.0	59.9987965298501
26363.0	59.99849968271236
26438.0	59.99837875211597
26513.0	59.999392624036936
26588.0	59.99888071363358
26663.0	59.99752937233278
26738.0	59.994919553226275
26813.0	59.99534042005983
26888.0	59.99626922624603
26963.0	59.99718593937829
27038.0	59.99900899568129
27113.0	59.997007499837366
27188.0	59.99758115891155
27263.0	59.99874135254072
27338.0	59.9978242595065
27413.0	59.997436288030286
27488.0	59.99846444653502
27563.0	59.999233716475096
27638.0	60.0
27713.0	60.0
27788.0	60.0
27863.0	59.997737812464656
27938.0	59.99708627361712
28013.0	59.99852951725127
28088.0	59.99119689449286
28163.0	59.998071490788114
28238.0	59.99762460113297
28313.0	59.997430924248654
28388.0	59.99871234791207
28463.0	59.99853514066139
28538.0	59.99871976595761
28613.0	59.99740970951527
28688.0	59.99466399562921
28763.0	59.99831069885063
28838.0	59.99991810758324
28913.0	59.997944501541625
28988.0	59.99631230057843
29063.0	59.99460691304016
29138.0	59.998405446277324
29213.0	59.94248993108805
29288.0	59.995373745066395
29363.0	59.996912566708204
29438.0	60.0
29513.0	59.99391621762559
29588.0	59.99889596051435
29663.0	59.99996754511229
29738.0	60.0
29813.0	60.0
29877.0	60.0
