#Read position (bp)	Clipping profile
0.0	13.519995960412038
1.0	13.519995960412038
2.0	10.364067865077763
3.0	6.054332458089275
4.0	3.292264189052717
5.0	0.8230660472631792
6.0	0.0
7.0	0.0
8.0	0.0
9.0	0.0
10.0	0.0
11.0	0.0
12.0	0.0
13.0	0.0
14.0	0.0
15.0	0.0
16.0	0.0
17.0	0.0
18.0	0.0
19.0	0.0
20.0	0.0
21.0	0.0
22.0	0.0
23.0	0.0
24.0	0.0
25.0	0.0
26.0	0.0
27.0	0.0
28.0	0.0
29.0	0.0
30.0	1.9718238739648557
31.0	4.706119975762473
32.0	9.036053322561099
33.0	12.096041203797213
34.0	14.095637245001011
35.0	10.520601898606342
