# Position (bp)	A	C	G	T	N
0.0	29.53017901111333	24.885206628069476	15.518732947361416	30.06588141345578	0.0
1.0	27.564903056194545	19.776536312849164	15.494577719355899	37.1639829116004	0.0
2.0	27.841813045878112	19.279846748271048	18.461638364881978	34.41670184096886	0.0
3.0	25.749480083186686	21.228603423452245	15.965445528715405	37.056470964645655	0.0
4.0	33.92344198826027	14.12201823404521	16.44498563756713	35.509554140127385	0.0
5.0	34.737360674918406	15.585935094525524	22.61838783176304	27.058316398793032	0.0
6.0	32.02180467155952	18.10762249901026	19.74297286597436	30.127599963455857	0.0
7.0	31.450009039956605	18.586150786476225	20.50262158741638	29.46121858615079	0.0
8.0	24.37477563719038	23.450400861553188	21.574727773124327	30.600095728132104	0.0
9.0	29.016836416545416	18.181548237669627	17.266977462363037	35.53463788342192	0.0
10.0	28.324381750575462	16.87127427256094	22.56979283479903	32.234551142064575	0.0
11.0	28.764592010324396	18.90948553997771	19.7571420191236	32.56878043057429	0.0
12.0	27.51421490013121	19.836710890800408	20.38781163434903	32.261262574719346	0.0
13.0	27.995478522984175	19.85681989449887	18.938032577821577	33.20966900469538	0.0
14.0	30.906993511175195	18.027397260273972	20.115356885364093	30.950252343186733	0.0
15.0	30.163558106169297	18.625538020086083	19.08177905308465	32.12912482065997	0.0
16.0	29.90833023959791	17.648570694234227	19.399148984778822	33.04395008138904	0.0
17.0	30.24775542675304	18.54187975906353	20.007955449482896	31.202409364700536	0.0
18.0	30.66602507854737	18.302244614905604	18.520195873078773	32.511534433468256	0.0
19.0	29.58095990073882	18.233602165698496	19.054198860752354	33.13123907281033	0.0
20.0	30.5300154646422	17.798397300717	19.83691831857163	31.83466891606917	0.0
21.0	29.753062196933598	18.81324102362867	18.765591277293495	32.66810550214424	0.0
22.0	29.671036082618297	18.035719276670672	19.463931356382236	32.8293132843288	0.0
23.0	29.971824699416967	17.915027756855526	20.23879264652551	31.874354897201997	0.0
24.0	30.01753458209246	19.004147067828217	18.428010799075956	32.550307551003364	0.0
25.0	30.23811508432664	18.071184462782362	19.171459531549555	32.51924092134145	0.0
26.0	30.66851595006935	17.814147018030514	19.977808599167822	31.539528432732318	0.0
27.0	29.488031914893615	18.855274822695037	19.367796985815602	32.28889627659575	0.0
28.0	29.66108728731498	18.14912159358141	19.37750726241527	32.81228385668834	0.0
29.0	30.172509123078623	18.461793652548934	19.733495521397767	31.632201702974676	0.0
30.0	29.929227026429285	18.776954550481033	18.92347672232666	32.37034170076302	0.0
31.0	30.084042906115226	17.91717350436802	19.266283313059827	32.732500276456925	0.0
32.0	30.32539880014376	18.163722318984824	20.010505653700477	31.500373227170936	0.0
33.0	30.095933206159632	18.23836775317243	19.147936191976996	32.51776284869094	0.0
34.0	29.767763339784352	18.338401990599944	19.118053635609623	32.77578103400609	0.0
35.0	29.90488829904888	17.930214554302147	20.053638575536386	32.111258571112586	0.0
36.0	29.757230548028534	18.47868163468451	19.086987778576564	32.677100038710385	0.0
37.0	29.52188701158643	18.751209800071898	19.533777618007356	32.19312557033432	0.0
38.0	29.895738267098093	18.465665532785753	20.03927099753865	31.599325202577504	0.0
39.0	29.92171724157008	18.220796105225304	19.43238084700285	32.42510580620176	0.0
40.0	30.03099402258136	18.065087447420854	19.340823555457163	32.563094974540626	0.0
41.0	29.702942886409566	18.307909526314333	20.124027573987433	31.865120013288667	0.0
42.0	29.916897506925206	18.698060941828253	19.16343490304709	32.22160664819945	0.0
43.0	29.958156676919668	18.128411893479644	19.31720564192091	32.59622578767977	0.0
44.0	30.20850662673987	18.421782288027504	19.791493373260135	31.578217711972496	0.0
45.0	29.40279049124851	19.03137222268453	19.31430473495881	32.251532551108156	0.0
46.0	29.336033961321828	17.987847174051772	19.74972947476485	32.92638938986155	0.0
47.0	29.46190581963572	18.464015992892048	20.179920035539762	31.894158151932473	0.0
48.0	30.33729717715048	18.731940431206933	19.02645032229384	31.904312069348745	0.0
49.0	29.910205443273746	18.250813155041563	19.57132134219232	32.26766005949237	0.0
50.0	29.485609308022042	18.596559594722486	20.222123253354116	31.695707843901356	0.0
51.0	30.08336353751359	18.250759751303427	19.14015668999359	32.52572002118939	0.0
52.0	29.983520933999948	18.152110158366614	19.48719381057453	32.37717509705891	0.0
53.0	30.0369168810829	18.125629265018457	20.50564940149905	31.3318044523996	0.0
54.0	29.955465927233003	18.56146542307369	18.95358933422962	32.52947931546369	0.0
55.0	29.76300659094096	18.03954564577198	19.46150610012621	32.735941663160844	0.0
56.0	29.77139968546394	18.279600089867447	20.28476746798472	31.66423275668389	0.0
57.0	29.51510892480675	18.656359803232608	19.30007027406887	32.52846099789178	0.0
58.0	29.982269004531254	17.6071599448369	19.39714615406265	33.01342489656919	0.0
59.0	29.57512193746652	18.447094646028926	20.527784826186245	31.449998590318305	0.0
60.0	29.83417610666968	18.576795954687984	19.463826661770106	32.125201276872225	0.0
61.0	29.739219072967693	18.277316872894072	19.35894894809865	32.62451510603959	0.0
62.0	29.82202162990718	18.286071134576627	19.975020579636098	31.9168866558801	0.0
63.0	30.0796812749004	18.34092202618099	19.18895845190666	32.39043824701196	0.0
64.0	29.64717972139758	18.006394153916418	19.436515186115553	32.909910938570455	0.0
65.0	29.896080845094612	17.823709598923593	20.27425495977785	32.00595459620394	0.0
66.0	29.82632409932539	18.168508683795036	19.4201234390699	32.58504377780967	0.0
67.0	30.09387237963603	18.14386086155264	19.03939184519696	32.722874913614376	0.0
68.0	30.27652695993534	17.714467151599123	20.159334949774852	31.849670938690682	0.0
69.0	29.571635311143268	18.64833574529667	19.235890014471778	32.54413892908828	0.0
70.0	29.565116414097425	17.647912674911456	19.688788248272658	33.09818266271846	0.0
71.0	29.99504791866935	17.97314224125375	20.44335692854438	31.58845291153252	0.0
72.0	29.891177158904753	18.423824011233325	19.605663468289258	32.07933536157267	0.0
73.0	29.751337369937097	17.988360472635353	19.53147963082711	32.72882252660044	0.0
74.0	29.904638186058868	18.42283959729562	20.040742818340174	31.631779398305337	0.0
75.0	30.208765790878356	18.486448016131902	19.079532649309055	32.22525354368068	0.0
76.0	29.735525375268047	17.771622587562543	19.633071241362877	32.85978079580653	0.0
77.0	30.097145419219846	18.323120609774325	20.38858167687939	31.19115229412644	0.0
78.0	30.120337304564416	18.533745461092938	18.995888725504905	32.35002850883774	0.0
79.0	29.68486382260786	18.082670523017594	19.302844058809352	32.929621595565195	0.0
80.0	29.984875983061098	18.12159709618875	19.987900786448883	31.90562613430127	0.0
81.0	30.377209500091112	18.29557188847719	19.091295632630747	32.23592297880094	0.0
82.0	29.906856008550925	18.12490456558253	19.001374255611545	32.966865170255	0.0
83.0	29.895448954489545	18.1549815498155	19.85239852398524	32.097170971709716	0.0
84.0	30.246091936232784	18.06841046277666	19.260176443275036	32.42532115771552	0.0
85.0	29.64418249290548	17.812704649639816	19.20977952412137	33.33333333333333	0.0
86.0	30.171331743441698	17.78586670013807	20.145600602485253	31.897200953934984	0.0
87.0	30.719717287729154	18.265863124349224	19.329189410910928	31.6852301770107	0.0
88.0	30.018410360589133	18.083417978669374	19.1594718131031	32.7386998476384	0.0
89.0	30.409263453379694	18.207917317936776	19.866662413474113	31.516156815209417	0.0
90.0	30.07123147019188	18.388628633767567	19.325547070525573	32.214592825514984	0.0
91.0	29.73295876521683	18.17301172139882	19.39681617100972	32.69721334237463	0.0
92.0	30.168542981714065	17.911758964013796	20.134053491247478	31.78564456302466	0.0
93.0	30.512812100134518	17.93037829325109	19.141047934643527	32.41576167197087	0.0
94.0	29.75280452695324	18.130977199774975	19.706145140474536	32.410073132797244	0.0
95.0	30.127477808182608	18.284055262630982	20.016018153907762	31.57244877527865	0.0
96.0	30.20342179711707	18.452781894112892	19.382325205442545	31.961471103327494	0.0
97.0	30.28305413027966	17.93129226273404	19.650684698766526	32.13496890821978	0.0
98.0	30.1744782757441	18.118371536093054	20.006842285323298	31.700307902839548	0.0
99.0	30.075783672063384	18.790905959352393	18.94247330347916	32.190837065105065	0.0
100.0	29.766199528236438	17.843763008186485	19.7828500069377	32.60718745663938	0.0
101.0	30.19441919015316	18.392894608014547	19.854535282187566	31.558150919644728	0.0
102.0	30.114877722179152	17.947001198111213	19.226161110719573	32.711959968990065	0.0
103.0	29.54739538855679	17.6665243381725	19.780102476515797	33.00597779675491	0.0
104.0	30.41588852176411	17.870995546616868	19.9037494612843	31.809366470334723	0.0
105.0	29.742771106193082	18.44864492254109	19.141602873417263	32.66698109784856	0.0
106.0	29.978013924514475	17.768413338219126	19.560278490289484	32.69329424697692	0.0
107.0	30.134804829271904	17.95422561291756	19.991111769498556	31.91985778831198	0.0
108.0	29.491538087944107	18.32106698546718	19.68095042402959	32.50644450255912	0.0
109.0	29.69438896634887	17.714888646041377	19.5802087651204	33.010513622489356	0.0
110.0	29.8320923871752	18.074760674669506	20.487008053487312	31.606138884667985	0.0
111.0	29.391271056661562	18.2427258805513	19.835375191424195	32.53062787136294	0.0
112.0	29.53051280068064	17.68891638951195	19.498801144713436	33.281769665093975	0.0
113.0	30.1781389171029	17.626377060707867	20.525041018829597	31.670443003359637	0.0
114.0	30.13541790043034	18.093884480240042	19.211180859883928	32.55951675944569	0.0
115.0	29.83381271971876	17.533557046979865	19.77468839884947	32.85794183445191	0.0
116.0	30.14904875388779	17.938360867633396	20.07916952781032	31.8334208506685	0.0
117.0	30.169422331087976	17.893447642375996	19.195754235558276	32.74137579097775	0.0
118.0	29.926646336437813	17.99637352674524	19.39751092062969	32.67946921618726	0.0
119.0	30.225976944525367	17.89088185109659	19.53472886928295	32.3484123350951	0.0
120.0	30.126050420168067	17.886554621848738	19.701680672268907	32.285714285714285	0.0
121.0	29.852392263318627	17.92925008483203	19.239904988123516	32.97845266372582	0.0
122.0	29.53336764453594	18.16349288042546	20.38085434894493	31.92228512609367	0.0
123.0	30.045193811924214	17.912393533808448	19.455066921606118	32.58734573266122	0.0
124.0	29.476232394366196	18.098591549295776	19.441021126760564	32.984154929577464	0.0
125.0	29.850879542816322	18.095365657648006	19.894633449415124	32.15912135012054	0.0
126.0	30.375503918104812	17.574851655569145	19.980069755854508	32.06957467047153	0.0
127.0	30.312787488500458	17.635694572217112	19.337626494940203	32.713891444342224	0.0
128.0	29.519675115530035	18.08803622275125	20.193250245063716	32.19903841665499	0.0
129.0	29.713744972793943	18.452803406671396	19.451147385852853	32.38230423468181	0.0
130.0	29.55983889528193	17.4530111238972	19.84560797851937	33.14154200230149	0.0
131.0	29.587323190589608	18.135420210956106	20.08943761240461	32.18781898604968	0.0
132.0	30.231065468549424	18.035943517329912	19.36901352819196	32.36397748592871	0.0
133.0	29.966447994391306	18.037958836196104	19.875807501627524	32.11978566778507	0.0
134.0	30.564750216428173	17.93552986708764	19.87574476753068	31.623975148953505	0.0
135.0	29.7632001658117	18.280739934711644	19.84558785429297	32.110472045183684	0.0
136.0	29.433185560481316	17.774963056786998	19.759341355288157	33.03251002744353	0.0
137.0	30.38968019349637	17.753292125772642	21.574845471647404	30.28218220908358	0.0
138.0	30.209813135176482	19.02524314282592	19.70276472516665	31.062178996830948	0.0
139.0	31.148633636969564	17.784936680737616	19.090202177293936	31.97622750499889	0.0
140.0	29.122152506924426	20.140184274489854	19.40534735176078	31.33231586682494	0.0
141.0	31.762342135476462	16.882893226176808	19.770378874856487	31.584385763490243	0.0
142.0	28.695804604417436	18.943554984223443	22.67149701998364	29.689143391375485	0.0
143.0	28.591808833145098	18.72436545205968	19.22962610711526	33.45419960767996	0.0
144.0	29.06715284108174	18.505013673655423	18.772409601944698	33.65542388331814	0.0
145.0	28.03232825613926	18.936897730805097	18.271681691016475	34.759092322039166	0.0
146.0	31.892754548356205	15.671879987232684	18.723268432812002	33.71209703159911	0.0
147.0	33.22942229886582	15.898388273529216	21.788154142070702	29.08403528553426	0.0
148.0	30.859620899489403	16.870672168986502	20.836539134084074	31.43316779744002	0.0
149.0	34.079754601226995	13.811349693251534	22.177914110429448	29.930981595092028	0.0
150.0	29.67824263968645	14.902925895542795	24.655911038191597	30.762920426579164	0.0
