# Position (bp)	A	C	G	T	N
0.0	32.33891064435742	10.97187611249555	32.467070131719474	24.21502313990744	0.007119971520113919
1.0	32.09815078236131	17.219061166429587	23.975817923186344	26.70697012802276	0.0
2.0	32.710953878406706	18.60587002096436	26.860587002096437	21.822589098532493	0.0
3.0	30.624144701612423	18.635092520973405	29.03552091390492	21.705241863509254	0.0
4.0	30.50426519814275	18.140589569160998	26.71957671957672	24.635568513119534	0.0
5.0	30.546448087431692	18.092399403874815	26.02086438152012	25.340288127173373	0.0
6.0	23.599889827396254	20.873117884686007	27.82317297098788	27.703819316929856	0.0
7.0	23.615460688973133	20.364265699686833	27.81028514916763	28.209988462172408	0.0
8.0	23.75266200182537	19.02190447216307	28.494828110739277	28.730605415272287	0.0
9.0	25.5141547970021	20.75444890420204	27.584982062302423	26.14641423649345	0.0
10.0	27.142526378460623	21.02338504283399	25.974928058743757	25.859160519961634	0.0
11.0	26.124562204964214	20.213187147860516	27.586416933150602	26.07583371402467	0.0
12.0	28.795082917778036	21.106343499942014	23.712744984344194	26.385828597935753	0.0
13.0	26.440640346253087	20.888938212690398	25.2476208972616	27.422800543794914	0.0
14.0	27.265256349080115	19.41572557128466	27.172472297333123	26.146545782302105	0.0
15.0	25.5993085390345	18.821974222741947	27.274576098838242	28.304141139385315	0.0
16.0	23.822781745551385	19.542428277448252	26.667473671468343	29.967316305532016	0.0
17.0	24.391438164521546	19.243144935646335	27.114810669651185	29.250606230180935	0.0
18.0	24.915442812639075	20.714285714285715	26.14819759679573	28.222073876279484	0.0
19.0	24.69509557996713	19.048957702620882	25.378427471671998	30.877519245739986	0.0
20.0	25.85867659010223	17.84507463963386	27.723598100859746	28.572650669404165	0.0
21.0	28.17462841634332	17.821173377435702	26.633165829145728	27.37103237707525	0.0
22.0	27.5165094837226	17.93362449100154	24.581724581724583	29.96814144355128	0.0
23.0	27.15943003656845	18.485982094069186	25.09352276070783	29.26106510865453	0.0
24.0	26.002255073916313	17.15944207800885	25.63476154681366	31.203541301261172	0.0
25.0	25.747299673448882	16.599681821987776	29.04002344469564	28.612995059867707	0.0
26.0	24.299282397636134	19.73617560151963	26.0806247361756	29.883917264668636	0.0
27.0	24.976962475623086	17.5685232411118	25.92632278250434	31.528191500760773	0.0
28.0	26.821987150366667	17.442187466199407	26.300646808142425	29.433015337356956	0.00216323793454042
29.0	25.4806553706375	18.90111309664779	26.369840893922103	29.248390638792603	0.0
30.0	27.328839082472424	18.12510943792681	25.7398003852215	28.80625109437927	0.0
31.0	25.4292940497848	18.51843634911479	28.20472999955628	27.84753960154413	0.0
32.0	25.937729835744054	17.437428959860927	25.371637433417284	31.253203770977734	0.0
33.0	24.651560111500764	18.26949015376315	26.571351497167523	30.507598237568562	0.0
34.0	25.00454297655824	16.881700890423406	26.387879338542614	31.725876794475738	0.0
35.0	25.715599494194734	18.604437291642718	25.435107483618808	30.24485573054374	0.0
36.0	24.851933573336428	17.918940889559863	26.394147021251886	30.83497851585182	0.0
37.0	25.443580310156943	18.078517207656127	27.336655334606252	29.141247147580685	0.0
38.0	26.26703252890546	18.949787752996084	24.798893032200567	29.98428668589789	0.0
39.0	26.62180732597261	17.658626735535233	25.41344832488272	30.30611761360944	0.0
40.0	25.775365264592647	17.857911475645043	26.69360816853583	29.673115091226478	0.0
41.0	25.487944890929963	17.508610792192883	27.15987370838117	29.843570608495984	0.0
42.0	25.73110750369491	17.871247546822378	24.958205121992584	31.43943982749013	0.0
43.0	25.800146591741996	19.220620571707794	26.322990471536773	28.65624236501344	0.0
44.0	25.7981805182318	18.517788022977737	26.128547126550135	29.55548433224033	0.0
45.0	26.35745761445963	18.647148156446836	24.29855353897478	30.696840690118755	0.0
46.0	24.977233633512093	18.959324091874937	26.16867347971264	29.894768794900333	0.0
47.0	24.784924211388777	20.171036460467022	25.061450225317493	29.98258910282671	0.0
48.0	29.079340345409687	19.646799116997794	23.75535644721465	27.51850409037787	0.0
49.0	25.922836287799793	19.71063607924922	25.04431699687174	29.322210636079248	0.0
50.0	27.216582288546665	19.073872823177034	24.26378985872187	29.445755029554434	0.0
51.0	27.320841463740607	21.74494132741707	24.30568549357141	26.62853171527091	0.0
52.0	25.806799784133837	18.912574203993522	25.790609821910415	29.490016189962226	0.0
53.0	25.609194156072967	18.483181091263926	26.107933754370748	29.799690998292363	0.0
54.0	24.948673729161534	19.662752183077387	25.356546494757875	30.032027593003203	0.0
55.0	25.74424524125719	18.260292164674635	25.74424524125719	30.24845064187694	0.0027667109340416113
56.0	24.18534034357691	19.619310034582618	25.57989147243231	30.61545814940816	0.0
57.0	25.684592076572365	19.50273270466967	24.3168238325829	30.495851386175065	0.0
58.0	25.34723216586958	19.084166213236347	24.476645952060483	31.091955668833588	0.0
59.0	22.252890929164973	20.794351792666628	25.16706374571445	31.785693532453944	0.0
60.0	25.315019061199546	18.33076273899252	25.30919884759771	31.042109245409303	0.0029101068009195936
61.0	25.528335301062572	19.846517119244393	27.08972845336482	27.532467532467532	0.0029515938606847697
62.0	25.558481522028583	19.371541852827175	25.76560049708554	29.304376128058703	0.0
63.0	27.356472126470937	19.238083917746344	24.40271009152502	28.999762272673244	0.002971591584452633
64.0	23.48040542572709	19.122379620439713	27.928659508556645	29.46855544527655	0.0
65.0	25.396098543822692	19.287480538510852	24.043715846994534	31.27270507067192	0.0
66.0	27.128006206361523	18.550814584949574	24.512024825446083	29.809154383242824	0.0
67.0	25.604876523913724	17.474210690840888	26.411378555798688	30.5095342294467	0.0
68.0	26.191911181601903	20.22204599524187	24.513877874702615	29.07216494845361	0.0
69.0	29.83035628387262	18.564602507776673	22.993297630118974	28.61174357823173	0.0
70.0	28.18276490497266	18.680031241864096	23.815412652954958	29.32179120020828	0.0
71.0	27.572663000785546	21.065724011521343	22.30295888976172	29.058654097931395	0.0
72.0	29.171613243635402	15.740007914523149	24.465769687376334	30.62260915446511	0.0
73.0	27.239178136844206	17.88350289247955	24.46306270363721	30.41425626703903	0.0
74.0	29.89614740368509	18.381909547738694	24.492462311557787	27.229480737018424	0.0
75.0	28.01209937803759	17.272202018828807	24.144376848044047	30.571321755089553	0.0
76.0	29.84262543476015	17.24232928131134	24.498088777161747	28.41695650676676	0.0
77.0	28.383504437097617	17.89803375674265	25.442839742474334	28.2756220636854	0.0
78.0	27.780745806175872	17.879403070128575	23.70623642127008	30.633614702425472	0.0
79.0	28.733997155049785	18.404639457271035	24.966261808367072	27.895101579312104	0.0
80.0	26.272620273650137	18.960570840076503	23.26393997351773	31.502868912755627	0.0
81.0	30.287451215851096	18.158961272891023	23.97178024617232	27.581807265085562	0.0
82.0	28.731187687175403	19.132643390575836	24.132832935289436	28.00333598695932	0.0
83.0	29.128828690164692	17.446513775588734	25.05387101739264	28.370786516853936	0.0
84.0	28.927827760971205	17.895729383569716	22.963894236435785	30.2125486190233	0.0
85.0	27.985476598970592	18.493396640466024	25.427921637473567	28.093205123089817	0.0
86.0	25.19130329163124	17.5877565893356	26.79055832219928	30.430381796833878	0.0
87.0	27.091120524960544	18.062131406262978	25.50461001744331	29.342138051333166	0.0
88.0	28.022258091920822	19.254948602497663	25.618044346274743	27.104748959306775	0.0
89.0	26.70209089338172	21.03421461897356	24.63279764990496	27.630896837739762	0.0
90.0	27.4622734172694	19.885704080721492	25.100455397803373	27.55156710420573	0.0
91.0	26.35408613397608	20.573923325299013	25.935695120287416	27.136295420437488	0.0
92.0	28.54425681944702	17.08573019113008	25.765448135089997	28.6045648543329	0.0
93.0	27.217096591978912	18.2545659951045	26.125023536057242	28.40331387685935	0.0
94.0	26.334013185979227	17.967082483517526	26.504766873784565	29.194137456718682	0.0
95.0	27.68728076498006	18.55749363317476	23.617317764643698	30.137907837201478	0.0
96.0	26.123718353661502	16.915302006900237	26.755430293017152	30.20554934642111	0.0
97.0	24.931940800871157	19.556501509676778	26.956392614958176	28.55516507449389	0.0
98.0	25.41809389482168	18.204714890187386	25.060447310094702	31.31674390489623	0.0
99.0	26.559595124974177	18.25036149555877	26.363354678785374	28.82668870068168	0.0
100.0	28.636029025134086	18.293195919655066	26.469660321800397	26.60111473341045	0.0
101.0	27.962286138036973	17.760474601408973	24.598760527570317	29.678478732983738	0.0
102.0	29.94040908358834	19.04225049659097	24.341010361303482	26.676330058517205	0.0
103.0	27.079597935343656	19.445802770986145	26.568867155664222	26.905732138005977	0.0
104.0	26.26268195853551	19.42545213939127	24.29422143802382	30.017644464049404	0.0
105.0	24.126205474106698	19.382351301633314	26.172027426277943	30.319415797982053	0.0
106.0	23.020122879206358	18.11059128572234	26.249929541739476	32.61935629333183	0.0
107.0	25.709553994631946	18.811033064930616	25.45828336474216	30.015418879561416	0.005710696133858717
108.0	25.833333333333336	18.106060606060606	26.486013986013983	29.574592074592076	0.0
109.0	25.992801085737888	19.72030447866879	25.685962117188883	28.60093231840444	0.0
110.0	26.415207125351188	18.925219678402776	25.195767828322076	29.46380536792396	0.0
111.0	26.375346093655956	18.020946189960274	27.747682677260144	27.856025039123633	0.0
112.0	26.389819156061623	18.882055653656458	26.456798392498328	28.271326797783598	0.0
113.0	26.880605210176316	16.93002257336343	26.77688975657373	29.412482459886526	0.0
114.0	24.967698271088416	18.21202239586538	27.071925183043135	29.748354150003074	0.0
115.0	25.529942525183856	19.195352574006552	26.37661454792658	28.891910265125766	0.006180087757246153
116.0	24.59664762383075	18.400401782911672	27.13918011174587	29.863770481511708	0.0
117.0	23.242237618681035	18.19348216576854	27.950987939440598	30.613292276109828	0.0
118.0	25.11433424800732	19.162419966026395	26.21847641447798	29.504769371488305	0.0
119.0	24.33364275295054	19.069088980241347	25.838748176634397	30.758520090173718	0.0
120.0	25.39404553415061	17.715209484036105	27.38111275764516	29.509632224168126	0.0
121.0	25.71759732733347	19.73818776845981	25.751687461648597	28.792527442558125	0.0
122.0	25.089212187757344	18.67279714520999	25.274499039253364	30.963491627779305	0.0
123.0	24.142250678544087	19.054909875426265	27.7263553483193	29.07648409771035	0.0
124.0	25.68580316742081	17.307692307692307	25.388857466063346	31.61764705882353	0.0
125.0	23.479073781101683	18.984610959298145	25.87372357255861	31.662591687041562	0.0
126.0	23.197883753398486	19.1931809831729	25.40230729664193	32.206627966786684	0.0
127.0	24.08976073710804	19.051865061673354	28.384603953039083	28.47377024817952	0.0
128.0	23.694287027109816	21.090519221932915	25.080410476336347	30.134783274620926	0.0
129.0	22.97361729179911	20.93928798474253	26.0886840432295	29.998410680228858	0.0
130.0	25.486638073243157	18.780930386011217	26.40217749917519	29.330254041570434	0.0
131.0	23.0848241033981	20.534109389711546	25.507147136865534	30.873919370024822	0.0
132.0	25.54034582132565	17.912463976945244	25.234149855907784	31.313040345821324	0.0
133.0	24.83298339377744	17.9041801870586	27.906088948272572	29.356747470891392	0.0
134.0	24.244873219517125	17.112839680775835	27.20476815839984	31.437518941307204	0.0
135.0	26.633112015420863	18.72992075390876	25.19811522810024	29.438852002570144	0.0
136.0	22.948761839552663	19.8105671573662	27.75305260755449	29.487618395526642	0.0
137.0	25.191769146475103	17.155728722756606	27.456471447704857	30.196030683063434	0.0
138.0	24.110618875016783	17.277486910994764	28.205128205128204	30.40676600886025	0.0
139.0	22.202822639313254	20.50050923905136	28.1390950094573	29.15757311217809	0.0
140.0	22.325361862806798	18.077407174323472	27.6431718061674	31.95405915670233	0.0
141.0	22.660267398011655	18.357901954062392	29.962290023997255	29.01954062392869	0.0
142.0	23.095916429249762	20.03798670465337	25.8309591642925	31.035137701804366	0.0
143.0	22.874870734229578	17.931747673216133	27.507755946225437	31.68562564632885	0.0
144.0	21.920331568040524	16.20999309233249	29.449689154962005	32.41998618466498	0.0
145.0	21.003764115432872	18.64491844416562	23.237139272271015	37.11417816813049	0.0
146.0	20.76184937481826	14.451875545216634	28.787438208781623	35.998836871183485	0.0
147.0	15.219577606436474	19.84579282601408	28.226617499161915	36.70801206838753	0.0
148.0	17.111459968602826	20.722135007849293	25.745682888540035	36.42072213500785	0.0
149.0	19.61520412951666	24.964805255748477	22.102299389957768	33.3176912247771	0.0
150.0	20.03218020917136	21.238938053097346	23.008849557522122	35.720032180209174	0.0
