#Coverage	Number of genomic locations
0.0	178.0
1.0	49.0
2.0	124.0
3.0	31.0
4.0	41.0
5.0	40.0
6.0	50.0
7.0	72.0
8.0	19.0
9.0	7.0
10.0	3.0
11.0	9.0
12.0	3.0
13.0	3.0
14.0	4.0
15.0	1.0
16.0	1.0
17.0	4.0
18.0	19.0
19.0	4.0
20.0	5.0
21.0	3.0
22.0	1.0
25.0	2.0
27.0	4.0
28.0	1.0
29.0	5.0
30.0	5.0
31.0	9.0
32.0	2.0
33.0	20.0
34.0	8.0
35.0	23.0
36.0	9.0
37.0	10.0
38.0	10.0
39.0	14.0
40.0	28.0
41.0	48.0
42.0	26.0
43.0	19.0
44.0	49.0
45.0	15.0
46.0	31.0
47.0	35.0
48.0	40.0
49.0	22.0
50.0	23.0
51.0	16.0
52.0	20.0
53.0	39.0
54.0	26.0
55.0	24.0
56.0	26.0
57.0	16.0
58.0	33.0
59.0	13.0
60.0	30.0
61.0	44.0
62.0	30.0
63.0	20.0
64.0	10.0
65.0	15.0
66.0	12.0
67.0	15.0
68.0	12.0
69.0	15.0
70.0	17.0
71.0	23.0
72.0	32.0
73.0	30.0
74.0	26.0
75.0	25.0
76.0	28.0
77.0	27.0
78.0	24.0
79.0	18.0
80.0	28.0
81.0	21.0
82.0	17.0
83.0	25.0
84.0	47.0
85.0	19.0
86.0	27.0
87.0	34.0
88.0	17.0
89.0	42.0
90.0	41.0
91.0	32.0
92.0	46.0
93.0	45.0
94.0	38.0
95.0	29.0
96.0	40.0
97.0	48.0
98.0	55.0
99.0	53.0
100.0	42.0
101.0	41.0
102.0	38.0
103.0	37.0
104.0	54.0
105.0	51.0
106.0	29.0
107.0	37.0
108.0	27.0
109.0	17.0
110.0	40.0
111.0	66.0
112.0	31.0
113.0	36.0
114.0	20.0
115.0	36.0
116.0	39.0
117.0	50.0
118.0	53.0
119.0	42.0
120.0	40.0
121.0	50.0
122.0	48.0
123.0	73.0
124.0	44.0
125.0	42.0
126.0	32.0
127.0	43.0
128.0	28.0
129.0	46.0
130.0	40.0
131.0	13.0
132.0	27.0
133.0	40.0
134.0	29.0
135.0	29.0
136.0	28.0
137.0	38.0
138.0	52.0
139.0	55.0
140.0	33.0
141.0	39.0
142.0	45.0
143.0	35.0
144.0	29.0
145.0	41.0
146.0	29.0
147.0	30.0
148.0	48.0
149.0	21.0
150.0	21.0
151.0	32.0
152.0	19.0
153.0	42.0
154.0	25.0
155.0	15.0
156.0	27.0
157.0	34.0
158.0	21.0
159.0	16.0
160.0	25.0
161.0	18.0
162.0	26.0
163.0	34.0
164.0	20.0
165.0	26.0
166.0	26.0
167.0	25.0
168.0	37.0
169.0	23.0
170.0	25.0
171.0	19.0
172.0	19.0
173.0	23.0
174.0	16.0
175.0	16.0
176.0	13.0
177.0	28.0
178.0	21.0
179.0	24.0
180.0	30.0
181.0	16.0
182.0	24.0
183.0	25.0
184.0	21.0
185.0	35.0
186.0	27.0
187.0	16.0
188.0	9.0
189.0	8.0
190.0	11.0
191.0	17.0
192.0	6.0
193.0	16.0
194.0	16.0
195.0	22.0
196.0	17.0
197.0	21.0
198.0	15.0
199.0	20.0
200.0	14.0
201.0	16.0
202.0	11.0
203.0	23.0
204.0	11.0
205.0	29.0
206.0	30.0
207.0	31.0
208.0	32.0
209.0	26.0
210.0	12.0
211.0	21.0
212.0	25.0
213.0	20.0
214.0	13.0
215.0	15.0
216.0	21.0
217.0	18.0
218.0	14.0
219.0	13.0
220.0	21.0
221.0	20.0
222.0	11.0
223.0	19.0
224.0	6.0
225.0	11.0
226.0	13.0
227.0	10.0
228.0	7.0
229.0	11.0
230.0	12.0
231.0	16.0
232.0	11.0
233.0	14.0
234.0	15.0
235.0	14.0
236.0	19.0
237.0	13.0
238.0	14.0
239.0	9.0
240.0	13.0
241.0	16.0
242.0	10.0
243.0	9.0
244.0	14.0
245.0	15.0
246.0	14.0
247.0	14.0
248.0	15.0
249.0	4.0
250.0	11.0
251.0	16.0
252.0	18.0
253.0	20.0
254.0	9.0
255.0	9.0
256.0	15.0
257.0	15.0
258.0	15.0
259.0	20.0
260.0	18.0
261.0	9.0
262.0	11.0
263.0	5.0
264.0	11.0
265.0	8.0
266.0	11.0
267.0	16.0
268.0	12.0
269.0	25.0
270.0	12.0
271.0	20.0
272.0	23.0
273.0	26.0
274.0	17.0
275.0	31.0
276.0	19.0
277.0	26.0
278.0	25.0
279.0	19.0
280.0	19.0
281.0	12.0
282.0	11.0
283.0	25.0
284.0	21.0
285.0	17.0
286.0	17.0
287.0	12.0
288.0	14.0
289.0	16.0
290.0	9.0
291.0	20.0
292.0	16.0
293.0	11.0
294.0	13.0
295.0	8.0
296.0	12.0
297.0	15.0
298.0	24.0
299.0	17.0
300.0	8.0
301.0	20.0
302.0	20.0
303.0	20.0
304.0	20.0
305.0	14.0
306.0	16.0
307.0	16.0
308.0	10.0
309.0	13.0
310.0	16.0
311.0	16.0
312.0	18.0
313.0	16.0
314.0	15.0
315.0	12.0
316.0	12.0
317.0	17.0
318.0	13.0
319.0	14.0
320.0	23.0
321.0	17.0
322.0	17.0
323.0	14.0
324.0	12.0
325.0	27.0
326.0	25.0
327.0	26.0
328.0	21.0
329.0	14.0
330.0	18.0
331.0	20.0
332.0	29.0
333.0	31.0
334.0	25.0
335.0	22.0
336.0	18.0
337.0	22.0
338.0	15.0
339.0	18.0
340.0	29.0
341.0	24.0
342.0	20.0
343.0	23.0
344.0	20.0
345.0	28.0
346.0	27.0
347.0	27.0
348.0	23.0
349.0	33.0
350.0	25.0
351.0	27.0
352.0	27.0
353.0	19.0
354.0	22.0
355.0	23.0
356.0	23.0
357.0	21.0
358.0	23.0
359.0	20.0
360.0	38.0
361.0	24.0
362.0	22.0
363.0	24.0
364.0	20.0
365.0	32.0
366.0	22.0
367.0	16.0
368.0	29.0
369.0	15.0
370.0	10.0
371.0	13.0
372.0	24.0
373.0	25.0
374.0	25.0
375.0	12.0
376.0	10.0
377.0	28.0
378.0	20.0
379.0	13.0
380.0	8.0
381.0	13.0
382.0	17.0
383.0	17.0
384.0	19.0
385.0	16.0
386.0	14.0
387.0	17.0
388.0	14.0
389.0	17.0
390.0	19.0
391.0	18.0
392.0	19.0
393.0	25.0
394.0	26.0
395.0	18.0
396.0	29.0
397.0	29.0
398.0	24.0
399.0	21.0
400.0	26.0
401.0	21.0
402.0	39.0
403.0	24.0
404.0	23.0
405.0	11.0
406.0	22.0
407.0	14.0
408.0	21.0
409.0	20.0
410.0	18.0
411.0	28.0
412.0	15.0
413.0	18.0
414.0	21.0
415.0	24.0
416.0	25.0
417.0	25.0
418.0	14.0
419.0	28.0
420.0	23.0
421.0	18.0
422.0	34.0
423.0	28.0
424.0	26.0
425.0	23.0
426.0	19.0
427.0	18.0
428.0	14.0
429.0	18.0
430.0	15.0
431.0	20.0
432.0	13.0
433.0	19.0
434.0	12.0
435.0	11.0
436.0	14.0
437.0	24.0
438.0	26.0
439.0	25.0
440.0	21.0
441.0	18.0
442.0	19.0
443.0	16.0
444.0	21.0
445.0	10.0
446.0	19.0
447.0	15.0
448.0	13.0
449.0	10.0
450.0	14.0
451.0	23.0
452.0	15.0
453.0	12.0
454.0	9.0
455.0	15.0
456.0	20.0
457.0	20.0
458.0	16.0
459.0	24.0
460.0	16.0
461.0	18.0
462.0	19.0
463.0	25.0
464.0	17.0
465.0	24.0
466.0	21.0
467.0	16.0
468.0	29.0
469.0	21.0
470.0	21.0
471.0	15.0
472.0	19.0
473.0	23.0
474.0	14.0
475.0	20.0
476.0	11.0
477.0	27.0
478.0	34.0
479.0	29.0
480.0	23.0
481.0	21.0
482.0	24.0
483.0	23.0
484.0	18.0
485.0	30.0
486.0	29.0
487.0	30.0
488.0	22.0
489.0	24.0
490.0	31.0
491.0	23.0
492.0	21.0
493.0	15.0
494.0	17.0
495.0	17.0
496.0	21.0
497.0	18.0
498.0	21.0
499.0	28.0
500.0	24.0
501.0	16.0
502.0	24.0
503.0	19.0
504.0	31.0
505.0	25.0
506.0	27.0
507.0	23.0
508.0	27.0
509.0	14.0
510.0	26.0
511.0	29.0
512.0	24.0
513.0	28.0
514.0	20.0
515.0	26.0
516.0	22.0
517.0	24.0
518.0	29.0
519.0	23.0
520.0	29.0
521.0	21.0
522.0	26.0
523.0	18.0
524.0	32.0
525.0	16.0
526.0	22.0
527.0	31.0
528.0	28.0
529.0	25.0
530.0	21.0
531.0	16.0
532.0	24.0
533.0	15.0
534.0	17.0
535.0	27.0
536.0	11.0
537.0	16.0
538.0	22.0
539.0	21.0
540.0	20.0
541.0	42.0
542.0	25.0
543.0	24.0
544.0	16.0
545.0	26.0
546.0	17.0
547.0	18.0
548.0	23.0
549.0	28.0
550.0	23.0
551.0	25.0
552.0	26.0
553.0	19.0
554.0	17.0
555.0	21.0
556.0	21.0
557.0	33.0
558.0	26.0
559.0	15.0
560.0	17.0
561.0	33.0
562.0	24.0
563.0	28.0
564.0	21.0
565.0	23.0
566.0	16.0
567.0	24.0
568.0	20.0
569.0	21.0
570.0	34.0
571.0	15.0
572.0	23.0
573.0	29.0
574.0	28.0
575.0	18.0
576.0	27.0
577.0	26.0
578.0	27.0
579.0	26.0
580.0	22.0
581.0	24.0
582.0	22.0
583.0	34.0
584.0	19.0
585.0	24.0
586.0	17.0
587.0	25.0
588.0	19.0
589.0	29.0
590.0	25.0
591.0	20.0
592.0	23.0
593.0	20.0
594.0	28.0
595.0	21.0
596.0	18.0
597.0	25.0
598.0	25.0
599.0	23.0
600.0	25.0
601.0	25.0
602.0	31.0
603.0	17.0
604.0	31.0
605.0	22.0
606.0	25.0
607.0	19.0
608.0	23.0
609.0	25.0
610.0	23.0
611.0	20.0
612.0	27.0
613.0	28.0
614.0	38.0
615.0	35.0
616.0	23.0
617.0	26.0
618.0	24.0
619.0	22.0
620.0	20.0
621.0	34.0
622.0	20.0
623.0	16.0
624.0	26.0
625.0	27.0
626.0	28.0
627.0	25.0
628.0	19.0
629.0	25.0
630.0	22.0
631.0	23.0
632.0	25.0
633.0	26.0
634.0	27.0
635.0	25.0
636.0	22.0
637.0	18.0
638.0	21.0
639.0	30.0
640.0	22.0
641.0	28.0
642.0	23.0
643.0	26.0
644.0	29.0
645.0	27.0
646.0	33.0
647.0	23.0
648.0	23.0
649.0	31.0
650.0	24.0
651.0	29.0
652.0	30.0
653.0	34.0
654.0	26.0
655.0	31.0
656.0	28.0
657.0	35.0
658.0	25.0
659.0	39.0
660.0	26.0
661.0	23.0
662.0	28.0
663.0	29.0
664.0	31.0
665.0	26.0
666.0	25.0
667.0	39.0
668.0	43.0
669.0	32.0
670.0	33.0
671.0	38.0
672.0	34.0
673.0	27.0
674.0	28.0
675.0	29.0
676.0	16.0
677.0	24.0
678.0	37.0
679.0	34.0
680.0	32.0
681.0	29.0
682.0	22.0
683.0	30.0
684.0	23.0
685.0	30.0
686.0	23.0
687.0	31.0
688.0	36.0
689.0	35.0
690.0	33.0
691.0	28.0
692.0	34.0
693.0	29.0
694.0	25.0
695.0	38.0
696.0	24.0
697.0	33.0
698.0	38.0
699.0	21.0
700.0	25.0
701.0	20.0
702.0	26.0
703.0	33.0
704.0	19.0
705.0	23.0
706.0	30.0
707.0	28.0
708.0	29.0
709.0	28.0
710.0	34.0
711.0	25.0
712.0	24.0
713.0	25.0
714.0	28.0
715.0	31.0
716.0	11.0
717.0	24.0
718.0	24.0
719.0	15.0
720.0	22.0
721.0	24.0
722.0	14.0
723.0	34.0
724.0	25.0
725.0	16.0
726.0	22.0
727.0	27.0
728.0	29.0
729.0	27.0
730.0	27.0
731.0	24.0
732.0	32.0
733.0	19.0
734.0	23.0
735.0	22.0
736.0	19.0
737.0	26.0
738.0	16.0
739.0	26.0
740.0	18.0
741.0	21.0
742.0	30.0
743.0	12.0
744.0	23.0
745.0	16.0
746.0	23.0
747.0	18.0
748.0	17.0
749.0	24.0
750.0	22.0
751.0	25.0
752.0	28.0
753.0	16.0
754.0	26.0
755.0	23.0
756.0	27.0
757.0	29.0
758.0	27.0
759.0	19.0
760.0	17.0
761.0	24.0
762.0	18.0
763.0	32.0
764.0	31.0
765.0	19.0
766.0	17.0
767.0	22.0
768.0	29.0
769.0	24.0
770.0	23.0
771.0	11.0
772.0	21.0
773.0	24.0
774.0	22.0
775.0	27.0
776.0	24.0
777.0	22.0
778.0	19.0
779.0	20.0
780.0	23.0
781.0	15.0
782.0	32.0
783.0	27.0
784.0	18.0
785.0	20.0
786.0	19.0
787.0	21.0
788.0	21.0
789.0	20.0
790.0	18.0
791.0	17.0
792.0	27.0
793.0	18.0
794.0	20.0
795.0	28.0
796.0	14.0
797.0	23.0
798.0	22.0
799.0	14.0
800.0	20.0
801.0	17.0
802.0	19.0
803.0	18.0
804.0	21.0
805.0	21.0
806.0	16.0
807.0	21.0
808.0	18.0
809.0	12.0
810.0	28.0
811.0	17.0
812.0	22.0
813.0	17.0
814.0	17.0
815.0	13.0
816.0	24.0
817.0	7.0
818.0	11.0
819.0	16.0
820.0	23.0
821.0	17.0
822.0	21.0
823.0	19.0
824.0	23.0
825.0	20.0
826.0	11.0
827.0	25.0
828.0	20.0
829.0	8.0
830.0	16.0
831.0	24.0
832.0	20.0
833.0	21.0
834.0	9.0
835.0	23.0
836.0	13.0
837.0	7.0
838.0	19.0
839.0	15.0
840.0	19.0
841.0	13.0
842.0	16.0
843.0	17.0
844.0	12.0
845.0	18.0
846.0	18.0
847.0	16.0
848.0	19.0
849.0	23.0
850.0	21.0
851.0	16.0
852.0	13.0
853.0	19.0
854.0	17.0
855.0	20.0
856.0	15.0
857.0	19.0
858.0	11.0
859.0	21.0
860.0	18.0
861.0	17.0
862.0	21.0
863.0	16.0
864.0	16.0
865.0	19.0
866.0	16.0
867.0	18.0
868.0	20.0
869.0	14.0
870.0	20.0
871.0	15.0
872.0	15.0
873.0	15.0
874.0	19.0
875.0	17.0
876.0	16.0
877.0	19.0
878.0	16.0
879.0	19.0
880.0	18.0
881.0	13.0
882.0	20.0
883.0	18.0
884.0	19.0
885.0	21.0
886.0	11.0
887.0	15.0
888.0	11.0
889.0	18.0
890.0	18.0
891.0	15.0
892.0	18.0
893.0	12.0
894.0	17.0
895.0	15.0
896.0	19.0
897.0	27.0
898.0	18.0
899.0	17.0
900.0	19.0
901.0	16.0
902.0	19.0
903.0	25.0
904.0	23.0
905.0	18.0
906.0	20.0
907.0	18.0
908.0	17.0
909.0	16.0
910.0	22.0
911.0	17.0
912.0	27.0
913.0	21.0
914.0	16.0
915.0	26.0
916.0	16.0
917.0	11.0
918.0	16.0
919.0	13.0
920.0	24.0
921.0	20.0
922.0	17.0
923.0	20.0
924.0	19.0
925.0	15.0
926.0	24.0
927.0	13.0
928.0	14.0
929.0	18.0
930.0	20.0
931.0	18.0
932.0	22.0
933.0	23.0
934.0	31.0
935.0	19.0
936.0	20.0
937.0	23.0
938.0	20.0
939.0	13.0
940.0	26.0
941.0	15.0
942.0	13.0
943.0	16.0
944.0	25.0
945.0	26.0
946.0	18.0
947.0	21.0
948.0	25.0
949.0	28.0
950.0	21.0
951.0	20.0
952.0	21.0
953.0	25.0
954.0	12.0
955.0	19.0
956.0	20.0
957.0	19.0
958.0	17.0
959.0	17.0
960.0	14.0
961.0	18.0
962.0	13.0
963.0	18.0
964.0	16.0
965.0	19.0
966.0	27.0
967.0	20.0
968.0	19.0
969.0	26.0
970.0	24.0
971.0	27.0
972.0	28.0
973.0	25.0
974.0	17.0
975.0	12.0
976.0	27.0
977.0	23.0
978.0	18.0
979.0	25.0
980.0	15.0
981.0	11.0
982.0	19.0
983.0	17.0
984.0	29.0
985.0	26.0
986.0	21.0
987.0	18.0
988.0	14.0
989.0	19.0
990.0	13.0
991.0	20.0
992.0	21.0
993.0	18.0
994.0	15.0
995.0	20.0
996.0	17.0
997.0	23.0
998.0	26.0
999.0	15.0
1000.0	15.0
1001.0	16.0
1002.0	18.0
1003.0	6.0
1004.0	18.0
1005.0	24.0
1006.0	14.0
1007.0	20.0
1008.0	19.0
1009.0	15.0
1010.0	25.0
1011.0	15.0
1012.0	16.0
1013.0	16.0
1014.0	24.0
1015.0	18.0
1016.0	19.0
1017.0	14.0
1018.0	21.0
1019.0	14.0
1020.0	20.0
1021.0	18.0
1022.0	26.0
1023.0	13.0
1024.0	11.0
1025.0	18.0
1026.0	16.0
1027.0	20.0
1028.0	13.0
1029.0	5.0
1030.0	11.0
1031.0	10.0
1032.0	15.0
1033.0	13.0
1034.0	21.0
1035.0	17.0
1036.0	8.0
1037.0	16.0
1038.0	20.0
1039.0	14.0
1040.0	14.0
1041.0	21.0
1042.0	19.0
1043.0	26.0
1044.0	15.0
1045.0	16.0
1046.0	12.0
1047.0	15.0
1048.0	18.0
1049.0	12.0
1050.0	11.0
1051.0	14.0
1052.0	7.0
1053.0	16.0
1054.0	21.0
1055.0	19.0
1056.0	15.0
1057.0	17.0
1058.0	15.0
1059.0	11.0
1060.0	19.0
1061.0	19.0
1062.0	13.0
1063.0	10.0
1064.0	20.0
1065.0	14.0
1066.0	20.0
1067.0	23.0
1068.0	16.0
1069.0	15.0
1070.0	14.0
1071.0	15.0
1072.0	11.0
1073.0	16.0
1074.0	7.0
1075.0	16.0
1076.0	10.0
1077.0	22.0
1078.0	13.0
1079.0	12.0
1080.0	15.0
1081.0	14.0
1082.0	15.0
1083.0	12.0
1084.0	10.0
1085.0	13.0
1086.0	10.0
1087.0	20.0
1088.0	10.0
1089.0	17.0
1090.0	22.0
1091.0	25.0
1092.0	22.0
1093.0	22.0
1094.0	17.0
1095.0	10.0
1096.0	21.0
1097.0	19.0
1098.0	21.0
1099.0	18.0
1100.0	9.0
1101.0	15.0
1102.0	16.0
1103.0	13.0
1104.0	20.0
1105.0	17.0
1106.0	11.0
1107.0	15.0
1108.0	23.0
1109.0	22.0
1110.0	21.0
1111.0	26.0
1112.0	12.0
1113.0	17.0
1114.0	16.0
1115.0	22.0
1116.0	13.0
1117.0	23.0
1118.0	17.0
1119.0	16.0
1120.0	22.0
1121.0	26.0
1122.0	18.0
1123.0	17.0
1124.0	14.0
1125.0	16.0
1126.0	12.0
1127.0	14.0
1128.0	19.0
1129.0	15.0
1130.0	18.0
1131.0	19.0
1132.0	12.0
1133.0	23.0
1134.0	20.0
1135.0	14.0
1136.0	16.0
1137.0	12.0
1138.0	12.0
1139.0	12.0
1140.0	15.0
1141.0	18.0
1142.0	13.0
1143.0	22.0
1144.0	16.0
1145.0	14.0
1146.0	12.0
1147.0	18.0
1148.0	17.0
1149.0	10.0
1150.0	8.0
1151.0	16.0
1152.0	13.0
1153.0	19.0
1154.0	24.0
1155.0	16.0
1156.0	8.0
1157.0	20.0
1158.0	9.0
1159.0	13.0
1160.0	12.0
1161.0	9.0
1162.0	16.0
1163.0	17.0
1164.0	18.0
1165.0	16.0
1166.0	14.0
1167.0	17.0
1168.0	15.0
1169.0	22.0
1170.0	7.0
1171.0	13.0
1172.0	13.0
1173.0	16.0
1174.0	19.0
1175.0	14.0
1176.0	11.0
1177.0	14.0
1178.0	15.0
1179.0	22.0
1180.0	13.0
1181.0	10.0
1182.0	7.0
1183.0	15.0
1184.0	17.0
1185.0	20.0
1186.0	28.0
1187.0	18.0
1188.0	11.0
1189.0	12.0
1190.0	15.0
1191.0	13.0
1192.0	11.0
1193.0	13.0
1194.0	12.0
1195.0	13.0
1196.0	12.0
1197.0	7.0
1198.0	12.0
1199.0	21.0
1200.0	14.0
1201.0	11.0
1202.0	17.0
1203.0	14.0
1204.0	18.0
1205.0	14.0
1206.0	11.0
1207.0	18.0
1208.0	14.0
1209.0	12.0
1210.0	19.0
1211.0	22.0
1212.0	12.0
1213.0	15.0
1214.0	15.0
1215.0	12.0
1216.0	13.0
1217.0	14.0
1218.0	20.0
1219.0	9.0
1220.0	14.0
1221.0	17.0
1222.0	12.0
1223.0	15.0
1224.0	23.0
1225.0	12.0
1226.0	8.0
1227.0	16.0
1228.0	11.0
1229.0	11.0
1230.0	10.0
1231.0	15.0
1232.0	13.0
1233.0	16.0
1234.0	19.0
1235.0	17.0
1236.0	20.0
1237.0	18.0
1238.0	19.0
1239.0	16.0
1240.0	14.0
1241.0	13.0
1242.0	14.0
1243.0	9.0
1244.0	12.0
1245.0	8.0
1246.0	9.0
1247.0	17.0
1248.0	13.0
1249.0	14.0
1250.0	15.0
1251.0	7.0
1252.0	7.0
1253.0	16.0
1254.0	17.0
1255.0	9.0
1256.0	14.0
1257.0	9.0
1258.0	21.0
1259.0	6.0
1260.0	16.0
1261.0	18.0
1262.0	17.0
1263.0	15.0
1264.0	14.0
1265.0	17.0
1266.0	16.0
1267.0	9.0
1268.0	13.0
1269.0	10.0
1270.0	11.0
1271.0	10.0
1272.0	12.0
1273.0	9.0
1274.0	9.0
1275.0	5.0
1276.0	8.0
1277.0	12.0
1278.0	12.0
1279.0	15.0
1280.0	11.0
1281.0	19.0
1282.0	12.0
1283.0	13.0
1284.0	5.0
1285.0	11.0
1286.0	6.0
1287.0	9.0
1288.0	9.0
1289.0	12.0
1290.0	9.0
1291.0	11.0
1292.0	5.0
1293.0	11.0
1294.0	12.0
1295.0	7.0
1296.0	10.0
1297.0	11.0
1298.0	16.0
1299.0	10.0
1300.0	14.0
1301.0	10.0
1302.0	8.0
1303.0	5.0
1304.0	8.0
1305.0	9.0
1306.0	4.0
1307.0	10.0
1308.0	12.0
1309.0	13.0
1310.0	7.0
1311.0	11.0
1312.0	10.0
1313.0	16.0
1314.0	10.0
1315.0	9.0
1316.0	14.0
1317.0	12.0
1318.0	11.0
1319.0	5.0
1320.0	14.0
1321.0	11.0
1322.0	15.0
1323.0	9.0
1324.0	13.0
1325.0	9.0
1326.0	7.0
1327.0	8.0
1328.0	10.0
1329.0	13.0
1330.0	9.0
1331.0	9.0
1332.0	7.0
1333.0	15.0
1334.0	7.0
1335.0	7.0
1336.0	7.0
1337.0	9.0
1338.0	11.0
1339.0	10.0
1340.0	12.0
1341.0	11.0
1342.0	9.0
1343.0	5.0
1344.0	6.0
1345.0	10.0
1346.0	7.0
1347.0	10.0
1348.0	8.0
1349.0	9.0
1350.0	7.0
1351.0	15.0
1352.0	14.0
1353.0	8.0
1354.0	6.0
1355.0	12.0
1356.0	6.0
1357.0	11.0
1358.0	16.0
1359.0	4.0
1360.0	8.0
1361.0	6.0
1362.0	8.0
1363.0	4.0
1364.0	18.0
1365.0	10.0
1366.0	11.0
1367.0	12.0
1368.0	8.0
1369.0	9.0
1370.0	6.0
1371.0	9.0
1372.0	5.0
1373.0	12.0
1374.0	8.0
1375.0	9.0
1376.0	11.0
1377.0	7.0
1378.0	11.0
1379.0	6.0
1380.0	9.0
1381.0	5.0
1382.0	10.0
1383.0	10.0
1384.0	5.0
1385.0	6.0
1386.0	7.0
1387.0	5.0
1388.0	7.0
1389.0	13.0
1390.0	11.0
1391.0	8.0
1392.0	5.0
1393.0	11.0
1394.0	8.0
1395.0	9.0
1396.0	9.0
1397.0	8.0
1398.0	9.0
1399.0	12.0
1400.0	8.0
1401.0	8.0
1402.0	9.0
1403.0	9.0
1404.0	9.0
1405.0	7.0
1406.0	12.0
1407.0	5.0
1408.0	8.0
1409.0	8.0
1410.0	13.0
1411.0	8.0
1412.0	4.0
1413.0	7.0
1414.0	10.0
1415.0	9.0
1416.0	11.0
1417.0	8.0
1418.0	9.0
1419.0	5.0
1420.0	5.0
1421.0	10.0
1422.0	7.0
1423.0	3.0
1424.0	7.0
1425.0	10.0
1426.0	7.0
1427.0	14.0
1428.0	7.0
1429.0	5.0
1430.0	5.0
1431.0	6.0
1432.0	11.0
1433.0	9.0
1434.0	7.0
1435.0	11.0
1436.0	12.0
1437.0	2.0
1438.0	6.0
1439.0	4.0
1440.0	8.0
1441.0	5.0
1442.0	3.0
1443.0	5.0
1444.0	7.0
1445.0	8.0
1446.0	7.0
1447.0	7.0
1448.0	8.0
1449.0	9.0
1450.0	11.0
1451.0	8.0
1452.0	10.0
1453.0	13.0
1454.0	8.0
1455.0	5.0
1456.0	8.0
1457.0	5.0
1458.0	3.0
1459.0	8.0
1460.0	13.0
1461.0	9.0
1462.0	6.0
1463.0	12.0
1464.0	7.0
1465.0	4.0
1466.0	13.0
1467.0	9.0
1468.0	6.0
1469.0	11.0
1470.0	4.0
1471.0	7.0
1472.0	4.0
1473.0	10.0
1474.0	11.0
1475.0	10.0
1476.0	3.0
1477.0	6.0
1478.0	5.0
1479.0	10.0
1480.0	7.0
1481.0	7.0
1482.0	5.0
1483.0	4.0
1484.0	3.0
1485.0	5.0
1486.0	8.0
1487.0	3.0
1488.0	5.0
1489.0	9.0
1490.0	7.0
1491.0	4.0
1492.0	1.0
1493.0	8.0
1494.0	11.0
1495.0	5.0
1496.0	3.0
1497.0	5.0
1498.0	5.0
1499.0	3.0
1500.0	4.0
1501.0	7.0
1502.0	6.0
1503.0	10.0
1504.0	1.0
1505.0	6.0
1506.0	2.0
1507.0	5.0
1508.0	5.0
1509.0	2.0
1510.0	3.0
1511.0	12.0
1512.0	6.0
1513.0	6.0
1514.0	5.0
1515.0	5.0
1516.0	7.0
1517.0	2.0
1518.0	9.0
1519.0	8.0
1520.0	6.0
1521.0	4.0
1522.0	4.0
1523.0	9.0
1524.0	13.0
1525.0	7.0
1526.0	4.0
1527.0	4.0
1528.0	8.0
1529.0	2.0
1530.0	11.0
1531.0	11.0
1532.0	10.0
1533.0	4.0
1534.0	11.0
1535.0	5.0
1536.0	2.0
1537.0	8.0
1538.0	13.0
1539.0	6.0
1540.0	2.0
1541.0	3.0
1542.0	7.0
1543.0	3.0
1544.0	2.0
1545.0	3.0
1546.0	2.0
1547.0	3.0
1548.0	5.0
1549.0	4.0
1550.0	2.0
1551.0	2.0
1553.0	4.0
1554.0	4.0
1555.0	3.0
1556.0	3.0
1557.0	6.0
1558.0	10.0
1559.0	6.0
1560.0	3.0
1561.0	5.0
1562.0	3.0
1563.0	5.0
1564.0	5.0
1565.0	8.0
1566.0	3.0
1567.0	4.0
1568.0	3.0
1569.0	4.0
1570.0	1.0
1571.0	5.0
1572.0	8.0
1573.0	4.0
1574.0	7.0
1576.0	3.0
1577.0	5.0
1578.0	5.0
1579.0	5.0
1580.0	6.0
1581.0	3.0
1582.0	4.0
1583.0	2.0
1584.0	13.0
1585.0	4.0
1586.0	4.0
1587.0	2.0
1588.0	5.0
1589.0	7.0
1590.0	4.0
1591.0	6.0
1592.0	4.0
1593.0	4.0
1594.0	3.0
1595.0	4.0
1596.0	5.0
1597.0	5.0
1598.0	2.0
1599.0	5.0
1600.0	3.0
1601.0	3.0
1602.0	2.0
1603.0	2.0
1604.0	3.0
1605.0	1.0
1606.0	4.0
1607.0	3.0
1608.0	3.0
1609.0	2.0
1610.0	2.0
1611.0	4.0
1612.0	6.0
1613.0	2.0
1614.0	3.0
1615.0	4.0
1616.0	1.0
1617.0	2.0
1618.0	1.0
1619.0	3.0
1620.0	2.0
1621.0	4.0
1622.0	1.0
1623.0	7.0
1624.0	5.0
1625.0	2.0
1626.0	2.0
1627.0	4.0
1628.0	4.0
1629.0	5.0
1630.0	4.0
1631.0	4.0
1632.0	3.0
1633.0	2.0
1634.0	8.0
1635.0	3.0
1636.0	2.0
1637.0	4.0
1640.0	3.0
1641.0	6.0
1642.0	5.0
1643.0	2.0
1644.0	2.0
1645.0	3.0
1646.0	2.0
1647.0	1.0
1648.0	1.0
1649.0	2.0
1650.0	1.0
1651.0	1.0
1652.0	3.0
1654.0	3.0
1655.0	4.0
1656.0	2.0
1657.0	2.0
1658.0	5.0
1659.0	6.0
1660.0	5.0
1661.0	5.0
1662.0	4.0
1663.0	2.0
1664.0	6.0
1665.0	3.0
1666.0	1.0
1667.0	1.0
1668.0	2.0
1669.0	2.0
1670.0	1.0
1671.0	7.0
1673.0	3.0
1674.0	1.0
1675.0	2.0
1676.0	5.0
1677.0	2.0
1679.0	1.0
1680.0	1.0
1681.0	2.0
1682.0	3.0
1683.0	4.0
1684.0	4.0
1687.0	4.0
1688.0	3.0
1689.0	5.0
1690.0	4.0
1691.0	4.0
1692.0	7.0
1693.0	2.0
1694.0	3.0
1695.0	4.0
1696.0	4.0
1697.0	2.0
1698.0	1.0
1699.0	3.0
1700.0	2.0
1702.0	3.0
1703.0	4.0
1704.0	2.0
1705.0	1.0
1706.0	4.0
1707.0	2.0
1708.0	7.0
1709.0	2.0
1710.0	1.0
1711.0	2.0
1712.0	2.0
1715.0	1.0
1716.0	5.0
1717.0	5.0
1718.0	2.0
1719.0	2.0
1720.0	2.0
1721.0	5.0
1722.0	3.0
1723.0	3.0
1724.0	1.0
1725.0	1.0
1726.0	5.0
1727.0	1.0
1728.0	3.0
1729.0	4.0
1730.0	1.0
1731.0	1.0
1732.0	4.0
1733.0	1.0
1734.0	4.0
1735.0	2.0
1736.0	4.0
1737.0	2.0
1738.0	1.0
1739.0	1.0
1740.0	2.0
1741.0	2.0
1742.0	3.0
1743.0	3.0
1744.0	1.0
1745.0	4.0
1746.0	3.0
1747.0	2.0
1748.0	3.0
1749.0	5.0
1750.0	3.0
1751.0	3.0
1752.0	3.0
1753.0	2.0
1754.0	3.0
1755.0	5.0
1756.0	3.0
1757.0	5.0
1758.0	3.0
1759.0	1.0
1760.0	2.0
1762.0	3.0
1763.0	7.0
1764.0	4.0
1765.0	4.0
1766.0	3.0
1767.0	1.0
1768.0	3.0
1769.0	1.0
1770.0	2.0
1771.0	4.0
1772.0	2.0
1773.0	4.0
1774.0	4.0
1775.0	2.0
1776.0	2.0
1777.0	2.0
1778.0	3.0
1779.0	1.0
1780.0	2.0
1781.0	3.0
1784.0	5.0
1785.0	2.0
1786.0	6.0
1787.0	2.0
1788.0	4.0
1789.0	4.0
1790.0	4.0
1791.0	2.0
1792.0	2.0
1793.0	2.0
1794.0	4.0
1795.0	1.0
1796.0	1.0
1797.0	3.0
1798.0	2.0
1799.0	1.0
1800.0	4.0
1801.0	2.0
1802.0	3.0
1803.0	1.0
1804.0	2.0
1805.0	4.0
1806.0	2.0
1807.0	4.0
1808.0	4.0
1809.0	6.0
1810.0	2.0
1811.0	5.0
1812.0	5.0
1813.0	1.0
1814.0	2.0
1815.0	3.0
1816.0	1.0
1817.0	3.0
1818.0	7.0
1819.0	2.0
1820.0	2.0
1822.0	3.0
1823.0	1.0
1824.0	1.0
1825.0	1.0
1826.0	7.0
1828.0	1.0
1829.0	4.0
1831.0	4.0
1832.0	1.0
1834.0	3.0
1835.0	1.0
1836.0	1.0
1837.0	2.0
1838.0	3.0
1839.0	2.0
1840.0	3.0
1842.0	1.0
1843.0	3.0
1844.0	2.0
1845.0	2.0
1846.0	3.0
1847.0	4.0
1849.0	6.0
1850.0	1.0
1851.0	2.0
1852.0	3.0
1853.0	5.0
1854.0	4.0
1856.0	3.0
1857.0	4.0
1858.0	4.0
1859.0	2.0
1860.0	2.0
1861.0	3.0
1863.0	2.0
1864.0	3.0
1865.0	2.0
1866.0	1.0
1868.0	1.0
1869.0	3.0
1870.0	2.0
1871.0	3.0
1873.0	1.0
1874.0	5.0
1876.0	1.0
1877.0	2.0
1878.0	3.0
1879.0	1.0
1880.0	2.0
1881.0	2.0
1882.0	1.0
1883.0	1.0
1884.0	2.0
1886.0	3.0
1887.0	3.0
1888.0	2.0
1889.0	3.0
1890.0	3.0
1891.0	1.0
1892.0	1.0
1893.0	2.0
1894.0	2.0
1895.0	4.0
1896.0	5.0
1897.0	1.0
1898.0	5.0
1901.0	4.0
1902.0	3.0
1903.0	5.0
1904.0	2.0
1905.0	1.0
1906.0	2.0
1907.0	2.0
1908.0	1.0
1909.0	3.0
1910.0	1.0
1911.0	1.0
1912.0	1.0
1913.0	1.0
1914.0	1.0
1915.0	4.0
1916.0	3.0
1917.0	2.0
1918.0	2.0
1919.0	1.0
1920.0	1.0
1922.0	3.0
1923.0	1.0
1924.0	1.0
1927.0	1.0
1929.0	1.0
1930.0	1.0
1931.0	2.0
1932.0	1.0
1935.0	1.0
1937.0	3.0
1939.0	2.0
1940.0	1.0
1941.0	1.0
1942.0	1.0
1947.0	2.0
1949.0	2.0
1950.0	3.0
1951.0	1.0
1952.0	1.0
1954.0	2.0
1959.0	1.0
1960.0	2.0
1961.0	1.0
1962.0	2.0
1964.0	2.0
1965.0	1.0
1966.0	4.0
1967.0	1.0
1968.0	1.0
1969.0	2.0
1971.0	1.0
1975.0	1.0
1977.0	1.0
1979.0	1.0
1981.0	1.0
1983.0	1.0
1987.0	1.0
1988.0	1.0
1993.0	1.0
1994.0	1.0
1996.0	1.0
2000.0	1.0
2001.0	2.0
2002.0	1.0
2003.0	2.0
2004.0	2.0
2005.0	1.0
2007.0	1.0
2008.0	2.0
2009.0	1.0
2012.0	1.0
2013.0	1.0
2014.0	3.0
2015.0	1.0
2028.0	1.0
2032.0	1.0
2036.0	2.0
2040.0	1.0
2041.0	1.0
2042.0	3.0
2043.0	1.0
2044.0	1.0
2047.0	1.0
2063.0	1.0
2064.0	1.0
2065.0	2.0
2067.0	2.0
2068.0	1.0
2071.0	2.0
2080.0	1.0
2083.0	1.0
2085.0	1.0
2091.0	2.0
2092.0	1.0
2094.0	1.0
2095.0	2.0
2098.0	1.0
2104.0	2.0
2107.0	1.0
2108.0	3.0
2110.0	1.0
2113.0	1.0
2115.0	1.0
2116.0	1.0
2117.0	1.0
2119.0	2.0
2120.0	1.0
2121.0	2.0
2122.0	2.0
2123.0	1.0
2126.0	1.0
2127.0	1.0
2130.0	1.0
2135.0	1.0
2137.0	1.0
2139.0	1.0
2140.0	2.0
2141.0	1.0
2145.0	1.0
2146.0	1.0
2148.0	1.0
2149.0	2.0
2150.0	3.0
2159.0	1.0
2164.0	1.0
2165.0	1.0
2166.0	2.0
2167.0	2.0
2169.0	1.0
2170.0	1.0
2171.0	1.0
2173.0	2.0
2174.0	2.0
2177.0	1.0
2182.0	1.0
2187.0	1.0
2188.0	1.0
2190.0	1.0
2192.0	1.0
2194.0	1.0
2195.0	1.0
2199.0	1.0
2201.0	2.0
2203.0	3.0
2204.0	1.0
2205.0	2.0
2206.0	2.0
2207.0	1.0
2208.0	1.0
2209.0	1.0
2211.0	1.0
2212.0	1.0
2213.0	2.0
2214.0	2.0
2215.0	1.0
2217.0	1.0
2218.0	1.0
2219.0	1.0
2222.0	1.0
2223.0	2.0
2224.0	1.0
2225.0	3.0
2226.0	1.0
2227.0	3.0
2228.0	1.0
2229.0	1.0
2231.0	2.0
2232.0	1.0
2234.0	1.0
2235.0	1.0
2237.0	1.0
2239.0	2.0
2243.0	1.0
2250.0	1.0
2252.0	2.0
2253.0	1.0
2254.0	1.0
2258.0	2.0
2262.0	1.0
2268.0	2.0
2269.0	1.0
2272.0	1.0
2274.0	1.0
2276.0	1.0
2278.0	1.0
2279.0	1.0
2280.0	2.0
2281.0	1.0
2283.0	1.0
2284.0	1.0
2286.0	1.0
2293.0	1.0
2294.0	2.0
2295.0	1.0
2298.0	2.0
2299.0	1.0
2300.0	1.0
2309.0	1.0
2310.0	1.0
2311.0	1.0
2321.0	1.0
2322.0	1.0
