#Read position (bp)	Clipping profile
0.0	24.097226317953684
1.0	0.5971885799412772
2.0	0.5894553806775602
3.0	0.5803817602081324
4.0	0.5712050304151882
5.0	0.5609972073870819
6.0	0.5529546801528163
7.0	0.5454483214008351
8.0	0.5353848514256514
9.0	0.5257956843386423
10.0	0.5170520137044664
11.0	0.5077721745880062
12.0	0.500451412618354
13.0	0.4898930178902925
14.0	0.47949959807985687
15.0	0.46894120335179534
16.0	0.4586715147295793
17.0	0.45038152511887475
18.0	0.44042116446720736
19.0	0.4325642340152709
20.0	0.42478979102214753
21.0	0.41924250941697455
22.0	0.4138189590000211
23.0	0.40899344265946164
24.0	0.40334305173077245
25.0	0.3991568131960137
26.0	0.3942075656672349
27.0	0.3902275457795085
28.0	0.3842884487449739
29.0	0.3759984591342694
30.0	1.1455445842652698
31.0	1.2740188013664873
32.0	1.2626561539149992
33.0	1.41923797260674
34.0	1.1975941707762605
35.0	1.348773060915751
36.0	1.3919758674690497
37.0	1.187695675718703
38.0	1.2684921416260175
39.0	2.9409666127886083
40.0	2.010446211784076
41.0	2.3354261776425167
42.0	2.6202966166531456
43.0	1.3181908355608385
44.0	1.0293609985271865
45.0	0.95675141290706
46.0	0.7968700958628002
47.0	0.7126504004147469
48.0	0.7480787639749221
49.0	0.7639369779317177
50.0	0.6984213137695078
51.0	0.6570744750395011
52.0	0.7586371587029836
53.0	0.6887496592236858
54.0	0.7197443218726632
55.0	0.6884197093884339
56.0	0.5451596152949896
57.0	0.6929977633525544
58.0	0.6552391290809123
59.0	0.6880691376884787
60.0	0.6438352379000178
61.0	0.58405245212531
62.0	0.6049217792049941
63.0	0.5592855926167125
64.0	0.5420663355895028
65.0	0.5227024046331556
66.0	0.5198978310335142
67.0	0.5173407198103118
68.0	0.5309099067850472
69.0	0.46970421234581544
70.0	0.490944732990158
71.0	0.6018078776348041
72.0	0.45485646975947897
73.0	0.423490613545843
74.0	0.3897944866207404
75.0	0.35275761761371205
76.0	0.2336457270877679
77.0	0.21467361156078235
78.0	0.18957680221693293
79.0	0.18671036302318186
80.0	0.1662328513728594
81.0	0.17204821721917454
82.0	0.16629471696696915
83.0	0.16707834782569245
84.0	0.16247967199686877
85.0	0.1670989696903957
86.0	0.16786197868441577
87.0	0.17054282109583763
88.0	0.17095525838990255
89.0	0.1726668731602719
90.0	0.1760076152421976
91.0	0.17765736441845723
92.0	0.1805238036122083
93.0	0.1835758395882886
94.0	0.18683409421140135
95.0	0.18902001186994533
96.0	0.19227826649305807
97.0	0.19621704265137788
98.0	0.19926907862745818
99.0	0.2027129300329001
100.0	0.2049400914208506
101.0	0.20910570809090614
102.0	0.21494169580192451
103.0	0.21776689126626908
104.0	0.22034462435417476
105.0	0.22459272848304326
106.0	0.2282634204002209
107.0	0.2320990872350245
108.0	0.23486241710525937
109.0	0.23805880613426236
110.0	0.24189447296906597
111.0	0.24447220605697162
112.0	0.2485347134035109
113.0	0.2508856059796809
114.0	0.2533602297440703
115.0	0.25663910623188624
116.0	0.25995922644910874
117.0	0.26404235566035134
118.0	0.26616640772478556
119.0	0.2695277716714145
120.0	0.27505443141188424
121.0	0.2783745516291067
122.0	0.2811172596346383
123.0	0.28557158241053926
124.0	0.28959284602767205
125.0	0.2937172189683211
126.0	0.2971816922384663
127.0	0.30246088960249706
128.0	0.30817314612529595
129.0	0.3125449814423839
130.0	0.3167724637065492
131.0	0.3212061646177469
132.0	0.326176034011229
133.0	0.3314964751046663
134.0	0.3379717406214853
135.0	0.3431890723914063
136.0	0.34797334500255916
137.0	0.352922592531338
138.0	0.3575831339542714
139.0	0.3620787004595789
140.0	0.3655637955944273
141.0	0.3688014283528368
142.0	0.37177097687010413
143.0	0.37418373504038377
144.0	0.3758953498107532
145.0	0.37653462761655376
146.0	0.37436933182271304
147.0	0.36772909138826804
148.0	0.3512728433550784
149.0	0.31844283474751206
150.0	0.21626149514293222
