#Position (bp)	Coverage
38.0	2716.693333333333
113.0	35.373333333333335
188.0	2.1466666666666665
263.0	2.3066666666666666
338.0	9.2
413.0	27.48
488.0	24.24
563.0	19.826666666666668
638.0	17.68
713.0	131.18666666666667
788.0	9.306666666666667
863.0	17.253333333333334
938.0	24.573333333333334
1013.0	24.85333333333333
1088.0	9.973333333333333
1163.0	8.96
1238.0	15.12
1313.0	23.12
1388.0	15.84
1463.0	18.04
1538.0	24.053333333333335
1613.0	25.88
1688.0	11.32
1763.0	16.546666666666667
1838.0	14.506666666666666
1913.0	22.986666666666668
1988.0	11.16
2063.0	11.853333333333333
2138.0	11.106666666666667
2213.0	20.066666666666666
2288.0	11.84
2363.0	10.32
2438.0	8.026666666666667
2513.0	18.013333333333332
2588.0	22.773333333333333
2663.0	9.333333333333334
2738.0	6.706666666666667
2813.0	12.133333333333333
2888.0	16.213333333333335
2963.0	7.0
3038.0	9.346666666666666
3113.0	8.586666666666666
3188.0	17.133333333333333
3263.0	10.373333333333333
3338.0	11.066666666666666
3413.0	11.266666666666667
3488.0	29.786666666666665
3563.0	23.133333333333333
3638.0	23.48
3713.0	20.626666666666665
3788.0	20.213333333333335
3863.0	9.586666666666666
3938.0	5.733333333333333
4013.0	4.68
4088.0	9.24
4163.0	7.133333333333334
4238.0	7.066666666666666
4313.0	15.253333333333334
4388.0	21.453333333333333
4463.0	9.453333333333333
4538.0	8.373333333333333
4613.0	14.4
4688.0	18.413333333333334
4763.0	11.706666666666667
4838.0	14.653333333333334
4913.0	10.4
4988.0	10.453333333333333
5063.0	3.0
5138.0	4.52
5213.0	3.0
5288.0	8.586666666666666
5363.0	5.613333333333333
5438.0	4.786666666666667
5513.0	1.7333333333333334
5588.0	5.96
5663.0	6.24
5738.0	7.6
5813.0	6.746666666666667
5888.0	12.613333333333333
5963.0	12.28
6038.0	9.546666666666667
6113.0	9.453333333333333
6188.0	18.946666666666665
6263.0	17.16
6338.0	10.44
6413.0	10.733333333333333
6488.0	18.733333333333334
6563.0	18.133333333333333
6638.0	15.173333333333334
6713.0	13.786666666666667
6788.0	17.493333333333332
6863.0	11.826666666666666
6938.0	5.946666666666666
7013.0	8.36
7088.0	13.666666666666666
7163.0	6.0
7238.0	8.466666666666667
7313.0	15.666666666666666
7388.0	20.773333333333333
7463.0	10.84
7538.0	12.973333333333333
7613.0	26.08
7688.0	24.413333333333334
7763.0	12.986666666666666
7838.0	16.026666666666667
7913.0	13.506666666666666
7988.0	21.946666666666665
8063.0	11.0
8138.0	12.2
8213.0	12.293333333333333
8288.0	22.133333333333333
8363.0	10.92
8438.0	10.186666666666667
8513.0	14.68
8588.0	19.226666666666667
8663.0	15.533333333333333
8738.0	6.0
8813.0	6.693333333333333
8888.0	24.30666666666667
8963.0	25.226666666666667
9038.0	11.32
9113.0	15.453333333333333
9188.0	14.293333333333333
9263.0	7.68
9338.0	1.0
9413.0	1.5066666666666666
9488.0	6.666666666666667
9563.0	9.306666666666667
9638.0	6.68
9713.0	6.88
9788.0	11.413333333333334
9863.0	15.306666666666667
9938.0	12.76
10013.0	12.626666666666667
10088.0	34.93333333333333
10163.0	29.826666666666668
10238.0	13.28
10313.0	14.826666666666666
10388.0	28.346666666666668
10463.0	25.346666666666668
10538.0	22.52
10613.0	26.626666666666665
10688.0	26.386666666666667
10763.0	11.133333333333333
10838.0	4.44
10913.0	7.1866666666666665
10988.0	16.4
11063.0	33.18666666666667
11138.0	14.546666666666667
11213.0	12.0
11288.0	19.506666666666668
11363.0	28.24
11438.0	11.146666666666667
11513.0	10.053333333333333
11588.0	20.026666666666667
11663.0	19.653333333333332
11738.0	13.946666666666667
11813.0	14.853333333333333
11888.0	28.48
11963.0	18.866666666666667
12038.0	16.573333333333334
12113.0	20.0
12188.0	20.133333333333333
12263.0	10.36
12338.0	5.28
12413.0	8.746666666666666
12488.0	12.666666666666666
12563.0	9.0
12638.0	10.693333333333333
12713.0	11.8
12788.0	12.8
12863.0	7.266666666666667
12938.0	8.306666666666667
13013.0	12.36
13088.0	12.72
13163.0	10.946666666666667
13238.0	15.56
13313.0	23.4
13388.0	18.013333333333332
13463.0	14.173333333333334
13538.0	17.16
13613.0	23.08
13688.0	21.893333333333334
13763.0	17.773333333333333
13838.0	13.626666666666667
13913.0	13.48
13988.0	13.893333333333333
14063.0	9.68
14138.0	19.946666666666665
14213.0	13.293333333333333
14288.0	9.053333333333333
14363.0	2.08
14438.0	3.72
14513.0	3.9066666666666667
14588.0	18.026666666666667
14663.0	18.133333333333333
14738.0	22.30666666666667
14813.0	21.12
14888.0	28.32
14963.0	10.986666666666666
15038.0	11.613333333333333
15113.0	12.68
15188.0	22.533333333333335
15263.0	13.733333333333333
15338.0	9.28
15413.0	9.466666666666667
15488.0	10.84
15563.0	11.613333333333333
15638.0	9.0
15713.0	9.013333333333334
15788.0	9.746666666666666
15863.0	18.586666666666666
15938.0	12.0
16013.0	11.733333333333333
16088.0	13.08
16163.0	19.88
16238.0	5.266666666666667
16313.0	4.253333333333333
16388.0	8.0
16463.0	29.85333333333333
16538.0	22.426666666666666
16613.0	16.52
16688.0	13.973333333333333
16763.0	19.386666666666667
16838.0	13.84
16913.0	8.826666666666666
16988.0	12.64
17063.0	17.56
17138.0	27.013333333333332
17213.0	15.76
17288.0	16.893333333333334
17363.0	24.986666666666668
17438.0	30.506666666666668
17513.0	10.0
17588.0	14.453333333333333
17663.0	17.186666666666667
17738.0	22.986666666666668
17813.0	10.013333333333334
17888.0	8.813333333333333
17963.0	18.506666666666668
18038.0	18.69333333333333
18113.0	10.84
18188.0	20.973333333333333
18263.0	31.066666666666666
18338.0	31.506666666666668
18413.0	10.093333333333334
18488.0	8.28
18563.0	11.586666666666666
18638.0	24.92
18713.0	13.106666666666667
18788.0	17.72
18863.0	13.306666666666667
18938.0	22.293333333333333
19013.0	10.666666666666666
19088.0	12.973333333333333
19163.0	14.506666666666666
19238.0	24.44
19313.0	15.853333333333333
19388.0	14.213333333333333
19463.0	10.346666666666666
19538.0	15.413333333333334
19613.0	18.44
19688.0	12.693333333333333
19763.0	17.453333333333333
19838.0	21.36
19913.0	25.533333333333335
19988.0	11.293333333333333
20063.0	10.973333333333333
20138.0	12.973333333333333
20213.0	38.44
20288.0	16.28
20363.0	23.373333333333335
20438.0	20.08
20513.0	35.6
20588.0	15.106666666666667
20663.0	8.56
20738.0	9.32
20813.0	19.56
20888.0	17.72
20963.0	15.133333333333333
21038.0	12.666666666666666
21113.0	19.96
21188.0	10.146666666666667
21263.0	8.146666666666667
21338.0	5.973333333333334
21413.0	12.0
21488.0	5.546666666666667
21563.0	5.173333333333333
21638.0	8.2
21713.0	22.84
21788.0	14.24
21863.0	13.866666666666667
21938.0	12.306666666666667
22013.0	11.92
22088.0	4.613333333333333
22163.0	8.226666666666667
22238.0	14.84
22313.0	26.866666666666667
22388.0	13.133333333333333
22463.0	9.28
22538.0	11.6
22613.0	13.693333333333333
22688.0	8.48
22763.0	14.413333333333334
22838.0	25.253333333333334
22913.0	16.226666666666667
22988.0	10.44
23063.0	6.306666666666667
23138.0	18.986666666666668
23213.0	17.426666666666666
23288.0	12.946666666666667
23363.0	17.973333333333333
23438.0	28.04
23513.0	30.613333333333333
23588.0	14.08
23663.0	13.346666666666666
23738.0	12.88
23813.0	20.8
23888.0	13.066666666666666
23963.0	16.56
24038.0	14.773333333333333
24113.0	18.506666666666668
24188.0	13.0
24263.0	13.493333333333334
24338.0	11.12
24413.0	20.52
24488.0	9.92
24563.0	9.56
24638.0	10.88
24713.0	21.08
24788.0	18.453333333333333
24863.0	15.026666666666667
24938.0	13.653333333333334
25013.0	19.546666666666667
25088.0	9.533333333333333
25163.0	4.786666666666667
25238.0	4.626666666666667
25313.0	16.973333333333333
25388.0	22.066666666666666
25463.0	28.6
25538.0	27.6
25613.0	28.826666666666668
25688.0	11.44
25763.0	5.746666666666667
25838.0	22.613333333333333
25913.0	31.28
25988.0	18.386666666666667
26063.0	10.72
26138.0	10.96
26213.0	20.96
26288.0	26.68
26363.0	8.453333333333333
26438.0	8.613333333333333
26513.0	42.54666666666667
26588.0	41.45333333333333
26663.0	20.013333333333332
26738.0	31.826666666666668
26813.0	20.533333333333335
26888.0	37.13333333333333
26963.0	27.053333333333335
27038.0	32.973333333333336
27113.0	40.946666666666665
27188.0	58.52
27263.0	14.12
27338.0	14.68
27413.0	24.106666666666666
27488.0	39.96
27563.0	20.733333333333334
27638.0	15.706666666666667
27713.0	20.226666666666667
27788.0	54.10666666666667
27863.0	36.61333333333334
27938.0	13.04
28013.0	17.373333333333335
28088.0	29.373333333333335
28163.0	28.746666666666666
28238.0	21.613333333333333
28313.0	48.093333333333334
28388.0	70.46666666666667
28463.0	54.64
28538.0	25.733333333333334
28613.0	20.386666666666667
28688.0	28.013333333333332
28763.0	38.13333333333333
28838.0	39.986666666666665
28913.0	39.50666666666667
28988.0	58.333333333333336
29063.0	39.986666666666665
29138.0	35.373333333333335
29213.0	31.16
29288.0	39.053333333333335
29363.0	35.733333333333334
29438.0	7.586666666666667
29513.0	24.133333333333333
29588.0	28.2
29663.0	26.68
29738.0	13.2
29813.0	11.386666666666667
29877.0	3.1320754716981134
