#Coverage	Number of genomic locations
0.0	28844.0
1.0	509.0
2.0	12.0
3.0	31.0
4.0	31.0
6.0	2.0
7.0	1.0
8.0	4.0
9.0	2.0
11.0	29.0
17.0	1.0
25.0	1.0
39.0	1.0
46.0	1.0
59.0	2.0
72.0	29.0
85.0	1.0
135.0	1.0
143.0	1.0
154.0	1.0
204.0	1.0
283.0	1.0
287.0	1.0
305.0	2.0
341.0	1.0
345.0	1.0
519.0	1.0
1335.0	1.0
1395.0	1.0
1452.0	1.0
1460.0	1.0
1464.0	2.0
1470.0	1.0
1472.0	2.0
1517.0	1.0
1525.0	1.0
1532.0	1.0
1534.0	1.0
1549.0	1.0
1551.0	1.0
1555.0	1.0
1560.0	1.0
1574.0	1.0
1575.0	1.0
1585.0	1.0
1590.0	1.0
1643.0	1.0
1644.0	1.0
1656.0	1.0
1667.0	1.0
1674.0	1.0
1678.0	1.0
1680.0	1.0
1686.0	1.0
1687.0	1.0
1688.0	1.0
1695.0	1.0
1702.0	1.0
1709.0	1.0
1714.0	1.0
1719.0	1.0
1727.0	1.0
1729.0	1.0
1731.0	1.0
1745.0	1.0
1747.0	1.0
1751.0	1.0
1752.0	1.0
1753.0	1.0
1756.0	1.0
1757.0	1.0
1760.0	1.0
1762.0	1.0
1763.0	1.0
1770.0	1.0
1772.0	1.0
1778.0	1.0
1779.0	1.0
1784.0	1.0
1787.0	1.0
1791.0	1.0
1795.0	1.0
1811.0	1.0
1816.0	1.0
1846.0	1.0
1864.0	1.0
1872.0	1.0
1876.0	1.0
1882.0	1.0
1887.0	1.0
1890.0	1.0
1895.0	1.0
1896.0	3.0
1897.0	1.0
1898.0	1.0
1908.0	1.0
1909.0	1.0
1910.0	1.0
1912.0	1.0
1913.0	1.0
1914.0	1.0
1915.0	1.0
1918.0	1.0
1919.0	1.0
1920.0	2.0
1923.0	2.0
1926.0	1.0
1927.0	1.0
1930.0	2.0
1933.0	1.0
1934.0	2.0
1936.0	2.0
1938.0	1.0
1941.0	1.0
1946.0	1.0
1949.0	1.0
1951.0	4.0
1953.0	1.0
1957.0	1.0
1958.0	1.0
1960.0	1.0
1962.0	1.0
1963.0	1.0
1964.0	1.0
1970.0	1.0
1973.0	1.0
1974.0	1.0
1976.0	2.0
1977.0	3.0
1979.0	1.0
1981.0	1.0
1982.0	1.0
1986.0	1.0
1992.0	2.0
1994.0	1.0
1995.0	1.0
1998.0	1.0
2004.0	2.0
2005.0	2.0
2009.0	1.0
2012.0	2.0
2013.0	1.0
2015.0	2.0
2017.0	1.0
2018.0	1.0
2023.0	1.0
2026.0	1.0
2034.0	1.0
2044.0	1.0
2045.0	1.0
2046.0	1.0
2048.0	1.0
2051.0	1.0
2058.0	1.0
2059.0	1.0
2061.0	1.0
2065.0	1.0
2073.0	1.0
2074.0	1.0
2075.0	1.0
2077.0	1.0
2079.0	1.0
2083.0	1.0
2084.0	1.0
2089.0	1.0
2091.0	1.0
2092.0	2.0
2094.0	1.0
2095.0	1.0
2096.0	1.0
2097.0	1.0
2100.0	1.0
2103.0	2.0
2104.0	1.0
2105.0	1.0
2106.0	2.0
2107.0	1.0
2108.0	1.0
2113.0	1.0
2115.0	1.0
2117.0	1.0
2119.0	2.0
2120.0	1.0
2121.0	2.0
2138.0	1.0
2146.0	1.0
2151.0	1.0
2156.0	2.0
2166.0	1.0
2175.0	2.0
2196.0	1.0
2206.0	1.0
2210.0	1.0
2214.0	1.0
2234.0	1.0
2240.0	1.0
2245.0	2.0
2255.0	1.0
2277.0	1.0
2292.0	1.0
2293.0	1.0
2306.0	1.0
2319.0	1.0
2326.0	1.0
2330.0	1.0
2331.0	1.0
2332.0	1.0
2334.0	1.0
2336.0	1.0
2337.0	1.0
2341.0	1.0
2345.0	1.0
2385.0	1.0
2395.0	2.0
2398.0	2.0
2402.0	2.0
2406.0	1.0
2407.0	1.0
2414.0	1.0
2422.0	1.0
2423.0	1.0
2428.0	1.0
2446.0	1.0
2456.0	1.0
2460.0	1.0
2463.0	1.0
2470.0	1.0
2472.0	1.0
2474.0	1.0
2480.0	1.0
2481.0	1.0
2486.0	1.0
2487.0	1.0
2501.0	1.0
2521.0	1.0
2532.0	1.0
2533.0	1.0
2540.0	1.0
2545.0	1.0
2553.0	1.0
2560.0	1.0
2563.0	1.0
2566.0	1.0
2574.0	1.0
2575.0	1.0
2586.0	1.0
2596.0	1.0
2622.0	1.0
2623.0	1.0
2639.0	1.0
2660.0	1.0
2663.0	1.0
2668.0	1.0
2671.0	1.0
2673.0	1.0
2679.0	1.0
2693.0	2.0
2695.0	1.0
2701.0	1.0
2715.0	1.0
2716.0	1.0
2722.0	1.0
2726.0	1.0
2734.0	1.0
2760.0	1.0
2772.0	1.0
2778.0	1.0
2781.0	1.0
2796.0	1.0
2807.0	1.0
2808.0	1.0
2811.0	1.0
2813.0	1.0
2818.0	1.0
2827.0	1.0
2828.0	1.0
2833.0	1.0
2844.0	1.0
2860.0	1.0
2862.0	1.0
2865.0	1.0
2871.0	1.0
2876.0	1.0
2882.0	1.0
2884.0	1.0
2898.0	1.0
2904.0	1.0
2928.0	1.0
2929.0	1.0
2942.0	1.0
2954.0	1.0
2977.0	1.0
2980.0	1.0
2985.0	1.0
2995.0	1.0
3018.0	1.0
3027.0	1.0
3029.0	1.0
3056.0	1.0
3057.0	1.0
3062.0	1.0
3065.0	3.0
3067.0	1.0
3085.0	1.0
3087.0	1.0
3088.0	1.0
3092.0	1.0
3099.0	1.0
3100.0	1.0
3103.0	1.0
3104.0	1.0
3128.0	1.0
3142.0	1.0
3143.0	1.0
3144.0	1.0
3148.0	1.0
3159.0	1.0
3162.0	1.0
3163.0	1.0
3165.0	1.0
3167.0	2.0
3176.0	1.0
3179.0	2.0
3193.0	1.0
3208.0	1.0
3213.0	1.0
3216.0	1.0
3223.0	1.0
3225.0	1.0
3235.0	2.0
3252.0	1.0
3259.0	1.0
3270.0	1.0
3276.0	1.0
3283.0	1.0
3284.0	1.0
3310.0	1.0
3338.0	2.0
3344.0	1.0
3377.0	1.0
3387.0	1.0
3411.0	1.0
3422.0	1.0
3431.0	1.0
3446.0	1.0
3469.0	1.0
3473.0	1.0
3475.0	2.0
3482.0	1.0
3491.0	1.0
3499.0	1.0
3503.0	1.0
3506.0	1.0
3530.0	1.0
3545.0	1.0
3547.0	1.0
3556.0	1.0
3559.0	1.0
3560.0	1.0
3561.0	1.0
3571.0	1.0
3572.0	1.0
3579.0	1.0
3587.0	1.0
3600.0	1.0
3614.0	1.0
3622.0	1.0
3653.0	1.0
3665.0	1.0
3666.0	1.0
3678.0	1.0
3698.0	1.0
3708.0	1.0
3732.0	1.0
3758.0	1.0
3773.0	1.0
3802.0	1.0
3803.0	1.0
3860.0	1.0
