#Read position (bp)	Clipping profile
0.0	13.310982091749121
1.0	13.310982091749121
2.0	10.970643552211955
3.0	6.603974159784119
4.0	3.624172050044975
5.0	0.8095510671354975
6.0	0.0
7.0	0.0
8.0	0.0
9.0	0.0
10.0	0.0
11.0	0.0
12.0	0.0
13.0	0.0
14.0	0.0
15.0	0.0
16.0	0.0
17.0	0.0
18.0	0.0
19.0	0.0
20.0	0.0
21.0	0.0
22.0	0.0
23.0	0.0
24.0	0.0
25.0	0.0
26.0	0.0
27.0	0.0
28.0	0.0
29.0	0.0
30.0	2.0017990023714125
31.0	4.567830566685747
32.0	8.563251287922153
33.0	11.30100580587129
34.0	14.347861640363071
35.0	10.587946684111538
