#Position (bp)	Coverage
38.0	221.46666666666667
113.0	839.3466666666667
188.0	864.32
263.0	725.1333333333333
338.0	1171.8266666666666
413.0	1219.1866666666667
488.0	1113.1066666666666
563.0	1125.56
638.0	1117.5066666666667
713.0	1563.96
788.0	1466.04
863.0	1417.4933333333333
938.0	1506.6266666666668
1013.0	1187.3866666666668
1088.0	833.16
1163.0	954.32
1238.0	891.64
1313.0	837.36
1388.0	678.2266666666667
1463.0	765.8
1538.0	823.4266666666666
1613.0	936.3866666666667
1688.0	733.96
1763.0	644.04
1838.0	735.84
1913.0	3190.5466666666666
1988.0	5198.04
2063.0	5707.4
2138.0	5400.506666666667
2213.0	4042.1066666666666
2288.0	1211.2266666666667
2363.0	1015.28
2438.0	1293.7066666666667
2513.0	2969.9333333333334
2588.0	7512.653333333334
2663.0	7364.786666666667
2738.0	6684.44
2813.0	6034.48
2888.0	2992.32
2963.0	1269.52
3038.0	1291.9466666666667
3113.0	1320.0666666666666
3188.0	1163.8266666666666
3263.0	903.4
3338.0	941.7866666666666
3413.0	856.0933333333334
3488.0	1070.0666666666666
3563.0	966.88
3638.0	893.1866666666666
3713.0	930.96
3788.0	1159.3733333333332
3863.0	1086.0266666666666
3938.0	1168.4133333333334
4013.0	1137.32
4088.0	3062.9466666666667
4163.0	3846.6666666666665
4238.0	3686.0
4313.0	4120.933333333333
4388.0	3930.866666666667
4463.0	2329.826666666667
4538.0	2105.6133333333332
4613.0	2142.0666666666666
4688.0	2270.5066666666667
4763.0	1817.4133333333334
4838.0	2021.36
4913.0	1999.4133333333334
4988.0	1547.2133333333334
5063.0	1121.7733333333333
5138.0	1126.8
5213.0	981.7733333333333
5288.0	1233.2266666666667
5363.0	1911.08
5438.0	1727.6533333333334
5513.0	1870.3466666666666
5588.0	2469.7466666666664
5663.0	2506.6
5738.0	2746.04
5813.0	2336.0666666666666
5888.0	2488.1066666666666
5963.0	1295.32
6038.0	979.68
6113.0	1080.9333333333334
6188.0	2162.733333333333
6263.0	3075.3866666666668
6338.0	2571.12
6413.0	2390.6133333333332
6488.0	2510.4533333333334
6563.0	1372.2933333333333
6638.0	1254.7333333333333
6713.0	1569.4133333333334
6788.0	2520.0533333333333
6863.0	1704.5733333333333
6938.0	1207.1733333333334
7013.0	1579.9466666666667
7088.0	1893.3333333333333
7163.0	1506.88
7238.0	1329.5733333333333
7313.0	1639.2
7388.0	1775.56
7463.0	1324.6133333333332
7538.0	1322.3866666666668
7613.0	1506.8133333333333
7688.0	1594.92
7763.0	1416.7733333333333
7838.0	1330.0933333333332
7913.0	1591.4666666666667
7988.0	2645.28
8063.0	1945.2533333333333
8138.0	2102.0933333333332
8213.0	2146.12
8288.0	2312.8533333333335
8363.0	1323.16
8438.0	1163.44
8513.0	1099.5866666666666
8588.0	1401.16
8663.0	2823.7733333333335
8738.0	3079.9866666666667
8813.0	2907.68
8888.0	3125.4133333333334
8963.0	2611.7733333333335
9038.0	1417.2933333333333
9113.0	1521.0933333333332
9188.0	1672.48
9263.0	2159.306666666667
9338.0	2085.306666666667
9413.0	2194.56
9488.0	2832.3733333333334
9563.0	2792.8933333333334
9638.0	2070.9466666666667
9713.0	1954.3466666666666
9788.0	1972.7333333333333
9863.0	1754.0
9938.0	1630.6133333333332
10013.0	1402.04
10088.0	1795.48
10163.0	1879.16
10238.0	1561.6266666666668
10313.0	1595.8933333333334
10388.0	2194.5466666666666
10463.0	1951.0
10538.0	1675.1066666666666
10613.0	1696.3333333333333
10688.0	2308.88
10763.0	2147.9333333333334
10838.0	1853.5733333333333
10913.0	1933.7333333333333
10988.0	2253.4666666666667
11063.0	4606.706666666667
11138.0	4292.373333333333
11213.0	4469.8533333333335
11288.0	5055.72
11363.0	4670.92
11438.0	2330.0133333333333
11513.0	2245.866666666667
11588.0	3173.9733333333334
11663.0	3194.5066666666667
11738.0	2193.0533333333333
11813.0	2021.28
11888.0	2275.9733333333334
11963.0	1703.16
12038.0	1534.7466666666667
12113.0	2000.7333333333333
12188.0	3245.8933333333334
12263.0	2398.0666666666666
12338.0	2432.88
12413.0	2941.1066666666666
12488.0	2977.786666666667
12563.0	2405.5066666666667
12638.0	2268.213333333333
12713.0	3042.64
12788.0	3931.306666666667
12863.0	3683.08
12938.0	3724.693333333333
13013.0	6145.066666666667
13088.0	11686.28
13163.0	13845.68
13238.0	13701.066666666668
13313.0	13787.426666666666
13388.0	6288.573333333334
13463.0	4017.56
13538.0	3683.84
13613.0	4567.56
13688.0	6884.413333333333
13763.0	6839.826666666667
13838.0	6755.493333333333
13913.0	6013.68
13988.0	3637.0133333333333
14063.0	3048.173333333333
14138.0	3141.6666666666665
14213.0	3395.2
14288.0	3473.3333333333335
14363.0	3177.866666666667
14438.0	3155.2933333333335
14513.0	3297.1466666666665
14588.0	3438.4
14663.0	3198.5333333333333
14738.0	3298.693333333333
14813.0	3228.8133333333335
14888.0	3400.0533333333333
14963.0	3102.5066666666667
15038.0	3049.9733333333334
15113.0	3044.133333333333
15188.0	4567.506666666667
15263.0	6304.346666666666
15338.0	6452.7733333333335
15413.0	6282.1466666666665
15488.0	6036.32
15563.0	4399.76
15638.0	3767.6666666666665
15713.0	3781.08
15788.0	3737.1866666666665
15863.0	3854.1866666666665
15938.0	3608.653333333333
16013.0	3517.6133333333332
16088.0	3662.72
16163.0	4039.6
16238.0	3448.346666666667
16313.0	3332.92
16388.0	3384.8533333333335
16463.0	3669.173333333333
16538.0	3031.4666666666667
16613.0	3035.4933333333333
16688.0	3100.9733333333334
16763.0	3687.96
16838.0	4703.706666666667
16913.0	4763.826666666667
16988.0	4737.68
17063.0	5106.466666666666
17138.0	5001.533333333334
17213.0	4465.053333333333
17288.0	4074.88
17363.0	4375.76
17438.0	3900.653333333333
17513.0	3193.0133333333333
17588.0	3048.96
17663.0	3229.6666666666665
17738.0	3527.6666666666665
17813.0	3213.653333333333
17888.0	3274.266666666667
17963.0	3231.9733333333334
18038.0	3662.9866666666667
18113.0	3637.5466666666666
18188.0	3536.4
18263.0	3792.8
18338.0	3707.8933333333334
18413.0	3247.4133333333334
18488.0	3275.133333333333
18563.0	3287.1866666666665
18638.0	3909.56
18713.0	3385.0533333333333
18788.0	3373.88
18863.0	3447.7066666666665
18938.0	4046.4266666666667
19013.0	3337.2933333333335
19088.0	3352.5866666666666
19163.0	3193.653333333333
19238.0	3346.92
19313.0	2223.44
19388.0	2165.28
19463.0	2246.2933333333335
19538.0	2236.1066666666666
19613.0	2681.0133333333333
19688.0	2624.84
19763.0	2697.24
19838.0	2823.346666666667
19913.0	3090.266666666667
19988.0	2554.9333333333334
20063.0	2661.32
20138.0	2609.0133333333333
20213.0	2637.7466666666664
20288.0	2249.306666666667
20363.0	2262.44
20438.0	2312.0
20513.0	3289.0666666666666
20588.0	2882.68
20663.0	2961.88
20738.0	2874.8533333333335
20813.0	3616.8933333333334
20888.0	3229.4133333333334
20963.0	3009.693333333333
21038.0	2963.7066666666665
21113.0	3172.2
21188.0	2378.8133333333335
21263.0	2325.8533333333335
21338.0	2319.1466666666665
21413.0	2677.8933333333334
21488.0	2535.56
21563.0	2555.08
21638.0	2695.0266666666666
21713.0	2756.56
21788.0	2318.24
21863.0	2326.48
21938.0	2256.68
22013.0	2383.6266666666666
22088.0	2425.2266666666665
22163.0	2319.9066666666668
22238.0	2321.4133333333334
22313.0	2133.48
22388.0	1869.5333333333333
22463.0	1882.48
22538.0	2156.1066666666666
22613.0	2458.2933333333335
22688.0	2475.0
22763.0	2424.08
22838.0	2780.36
22913.0	2440.9466666666667
22988.0	2481.213333333333
23063.0	2634.24
23138.0	2805.0133333333333
23213.0	2991.3333333333335
23288.0	2924.76
23363.0	3016.5066666666667
23438.0	3143.866666666667
23513.0	3233.3333333333335
23588.0	2849.6133333333332
23663.0	2883.2533333333336
23738.0	3095.9866666666667
23813.0	3469.213333333333
23888.0	3949.6133333333332
23963.0	3493.133333333333
24038.0	3978.2533333333336
24113.0	4042.3733333333334
24188.0	2693.4266666666667
24263.0	2742.213333333333
24338.0	2606.2933333333335
24413.0	2924.28
24488.0	2616.4666666666667
24563.0	2584.96
24638.0	2598.173333333333
24713.0	3056.866666666667
24788.0	2801.9733333333334
24863.0	2535.0933333333332
24938.0	2590.9333333333334
25013.0	3266.96
25088.0	2951.2266666666665
25163.0	2969.04
25238.0	2997.0533333333333
25313.0	2879.2533333333336
25388.0	3068.5466666666666
25463.0	2871.48
25538.0	2928.2533333333336
25613.0	3669.1866666666665
25688.0	3865.92
25763.0	3567.44
25838.0	4144.306666666666
25913.0	4093.733333333333
25988.0	4088.213333333333
26063.0	4029.0933333333332
26138.0	2982.64
26213.0	3555.64
26288.0	2482.4
26363.0	797.16
26438.0	919.8266666666667
26513.0	1472.1066666666666
26588.0	1356.04
26663.0	1053.24
26738.0	1088.9866666666667
26813.0	1378.28
26888.0	4899.8133333333335
26963.0	7021.493333333333
27038.0	7693.12
27113.0	8267.746666666666
27188.0	5810.16
27263.0	1936.8266666666666
27338.0	1563.0
27413.0	1894.3466666666666
27488.0	1666.6933333333334
27563.0	434.6666666666667
27638.0	434.1066666666667
27713.0	442.32
27788.0	631.0666666666667
27863.0	681.1066666666667
27938.0	647.3066666666666
28013.0	734.96
28088.0	935.5866666666667
28163.0	1139.8666666666666
28238.0	899.1466666666666
28313.0	971.1066666666667
28388.0	1367.6133333333332
28463.0	1424.4133333333334
28538.0	1101.04
28613.0	1215.9066666666668
28688.0	1254.3333333333333
28763.0	786.6533333333333
28838.0	444.02666666666664
28913.0	397.53333333333336
28988.0	573.32
29063.0	1184.92
29138.0	1243.44
29213.0	1167.16
29288.0	1188.3333333333333
29363.0	960.2133333333334
29438.0	673.48
29513.0	1304.5333333333333
29588.0	2049.08
29663.0	1584.0266666666666
29738.0	1122.56
29813.0	750.1466666666666
29877.0	8.075471698113208
