#GC Content (%)	Sample
1.0	0.0
2.0	0.0
3.0	0.0
4.0	0.0
5.0	0.0
6.0	0.0
7.0	0.0
8.0	0.0
9.0	0.0
10.0	0.0
11.0	0.0
12.0	0.0
13.0	2.3002783336783752E-5
14.0	0.0
15.0	0.0
16.0	0.0
17.0	0.0
18.0	4.6005566673567504E-5
19.0	4.6005566673567504E-5
20.0	2.3002783336783752E-5
21.0	4.6005566673567504E-5
22.0	2.0702505003105377E-4
23.0	5.520668000828099E-4
24.0	0.0026913256504036993
25.0	0.0028293423504244016
26.0	0.0018172198836059166
27.0	0.006670807167667287
28.0	0.008119982517884665
29.0	0.0058197041842062884
30.0	0.015296850918961198
31.0	0.03751753962229429
32.0	0.04126699330619005
33.0	0.0394957789892577
34.0	0.06606399374324293
35.0	0.06792721919352242
36.0	0.05732293607526511
37.0	0.07363190946104478
38.0	0.08400616474593425
39.0	0.07321785936098267
40.0	0.04572953327352609
41.0	0.07038851701055829
42.0	0.06824925816023739
43.0	0.040070848572677294
44.0	0.04002484300600373
45.0	0.03938076507257378
46.0	0.028684470820969338
47.0	0.016446990085800382
48.0	0.019161318519540865
49.0	0.014376739585489844
50.0	0.011846433418443634
51.0	0.006279759850941965
52.0	0.005083615117429208
53.0	0.0034734202838543468
54.0	0.0018402226669427002
55.0	0.001564189266901295
56.0	0.0017712143169323488
57.0	5.060612334092425E-4
58.0	2.0702505003105377E-4
59.0	2.0702505003105377E-4
60.0	4.6005566673567504E-5
61.0	0.0
62.0	0.0
63.0	0.0
64.0	0.0
65.0	0.0
66.0	0.0
67.0	0.0
68.0	0.0
69.0	0.0
70.0	0.0
71.0	0.0
72.0	0.0
73.0	0.0
74.0	0.0
75.0	0.0
76.0	0.0
77.0	0.0
78.0	0.0
79.0	0.0
80.0	0.0
81.0	0.0
82.0	0.0
83.0	0.0
84.0	0.0
85.0	0.0
86.0	0.0
87.0	0.0
88.0	0.0
89.0	0.0
90.0	0.0
91.0	0.0
92.0	0.0
93.0	0.0
94.0	0.0
95.0	0.0
96.0	0.0
97.0	0.0
98.0	0.0
99.0	0.0
100.0	2.3002783336783752E-5
