#Position (bp)	Coverage
38.0	1846.16
113.0	2113.0933333333332
188.0	2282.48
263.0	1822.04
338.0	7728.533333333334
413.0	7846.4
488.0	7045.1466666666665
563.0	7640.466666666666
638.0	7189.706666666667
713.0	10989.186666666666
788.0	7014.88
863.0	5604.68
938.0	7609.026666666667
1013.0	7200.386666666666
1088.0	2554.6266666666666
1163.0	3461.786666666667
1238.0	3574.133333333333
1313.0	3633.1466666666665
1388.0	1549.2266666666667
1463.0	1480.7733333333333
1538.0	1738.12
1613.0	5300.253333333333
1688.0	2745.6133333333332
1763.0	2725.8
1838.0	3627.733333333333
1913.0	9588.786666666667
1988.0	6425.96
2063.0	7299.533333333334
2138.0	6178.333333333333
2213.0	7929.16
2288.0	2117.133333333333
2363.0	1817.96
2438.0	2281.693333333333
2513.0	6451.28
2588.0	6803.706666666667
2663.0	7539.626666666667
2738.0	6722.746666666667
2813.0	8113.293333333333
2888.0	11629.373333333333
2963.0	4888.066666666667
3038.0	4733.173333333333
3113.0	5419.48
3188.0	8245.24
3263.0	3710.04
3338.0	4423.386666666666
3413.0	3175.0266666666666
3488.0	5048.093333333333
3563.0	1188.84
3638.0	1004.1066666666667
3713.0	1246.0666666666666
3788.0	4472.2
3863.0	2044.84
3938.0	3053.04
4013.0	2446.4666666666667
4088.0	10412.026666666667
4163.0	13532.413333333334
4238.0	9941.253333333334
4313.0	15379.426666666666
4388.0	11819.68
4463.0	8414.413333333334
4538.0	5892.68
4613.0	7167.4
4688.0	10770.586666666666
4763.0	4160.173333333333
4838.0	5993.7733333333335
4913.0	4742.053333333333
4988.0	6554.48
5063.0	767.8933333333333
5138.0	960.1866666666666
5213.0	892.68
5288.0	6239.426666666666
5363.0	6439.56
5438.0	6153.066666666667
5513.0	6035.013333333333
5588.0	11749.506666666666
5663.0	5249.16
5738.0	7170.92
5813.0	4830.8133333333335
5888.0	5955.64
5963.0	1777.32
6038.0	327.1333333333333
6113.0	1043.96
6188.0	10929.653333333334
6263.0	9738.786666666667
6338.0	9872.426666666666
6413.0	9080.906666666666
6488.0	14894.546666666667
6563.0	4297.28
6638.0	3646.72
6713.0	4159.346666666666
6788.0	2955.6666666666665
6863.0	3314.9333333333334
6938.0	236.25333333333333
7013.0	662.48
7088.0	4477.373333333333
7163.0	2655.9866666666667
7238.0	2343.6266666666666
7313.0	4219.64
7388.0	6853.066666666667
7463.0	4199.106666666667
7538.0	4075.3333333333335
7613.0	5435.626666666667
7688.0	4303.68
7763.0	2357.3866666666668
7838.0	2069.36
7913.0	1930.5333333333333
7988.0	10757.813333333334
8063.0	3558.0
8138.0	5234.7733333333335
8213.0	4045.4533333333334
8288.0	8865.426666666666
8363.0	1585.5733333333333
8438.0	1565.84
8513.0	1613.76
8588.0	1788.28
8663.0	5311.16
8738.0	4022.866666666667
8813.0	4245.626666666667
8888.0	4525.1466666666665
8963.0	9582.226666666667
9038.0	3457.52
9113.0	4626.12
9188.0	8985.96
9263.0	28785.333333333332
9338.0	22327.12
9413.0	30029.4
9488.0	32969.973333333335
9563.0	36838.52
9638.0	25575.466666666667
9713.0	23681.546666666665
9788.0	27355.666666666668
9863.0	28860.84
9938.0	21243.96
10013.0	19247.213333333333
10088.0	25943.266666666666
10163.0	15133.786666666667
10238.0	4415.626666666667
10313.0	5390.306666666666
10388.0	12027.546666666667
10463.0	10048.64
10538.0	7297.36
10613.0	6768.133333333333
10688.0	12124.12
10763.0	10549.586666666666
10838.0	6068.453333333333
10913.0	7809.266666666666
10988.0	9699.56
11063.0	15698.586666666666
11138.0	9419.706666666667
11213.0	11167.426666666666
11288.0	11624.653333333334
11363.0	21629.826666666668
11438.0	7223.16
11513.0	8239.306666666667
11588.0	18575.666666666668
11663.0	14192.013333333334
11738.0	8410.533333333333
11813.0	6279.386666666666
11888.0	10936.906666666666
11963.0	6779.933333333333
12038.0	5104.466666666666
12113.0	8609.253333333334
12188.0	12360.773333333333
12263.0	6113.4
12338.0	6131.706666666667
12413.0	10076.506666666666
12488.0	11257.266666666666
12563.0	6475.426666666666
12638.0	6183.573333333334
12713.0	9732.213333333333
12788.0	12271.68
12863.0	6334.2266666666665
12938.0	7000.76
13013.0	24164.2
13088.0	24914.653333333332
13163.0	35803.56
13238.0	25089.346666666668
13313.0	27977.733333333334
13388.0	23364.72
13463.0	7471.066666666667
13538.0	8300.293333333333
13613.0	8859.906666666666
13688.0	9640.786666666667
13763.0	8237.56
13838.0	7758.413333333333
13913.0	8489.973333333333
13988.0	7261.666666666667
14063.0	3408.7733333333335
14138.0	3875.36
14213.0	7405.293333333333
14288.0	6650.466666666666
14363.0	5979.08
14438.0	3650.4666666666667
14513.0	5494.106666666667
14588.0	10696.586666666666
14663.0	4241.293333333333
14738.0	5650.293333333333
14813.0	4963.1866666666665
14888.0	8307.146666666667
14963.0	2473.8133333333335
15038.0	2252.1466666666665
15113.0	2594.64
15188.0	6928.693333333334
15263.0	5555.946666666667
15338.0	5900.52
15413.0	5740.173333333333
15488.0	9808.173333333334
15563.0	6696.24
15638.0	5238.293333333333
15713.0	5139.64
15788.0	4133.026666666667
15863.0	12092.613333333333
15938.0	6094.72
16013.0	6048.293333333333
16088.0	5598.106666666667
16163.0	9327.413333333334
16238.0	2712.68
16313.0	2083.84
16388.0	2161.306666666667
16463.0	4364.36
16538.0	1507.3066666666666
16613.0	1203.2533333333333
16688.0	1611.52
16763.0	8999.413333333334
16838.0	14456.466666666667
16913.0	13783.4
16988.0	16302.933333333332
17063.0	16509.613333333335
17138.0	22913.48
17213.0	13271.533333333333
17288.0	10526.253333333334
17363.0	7361.92
17438.0	16588.373333333333
17513.0	4487.253333333333
17588.0	4201.346666666666
17663.0	4320.32
17738.0	7791.266666666666
17813.0	2321.3733333333334
17888.0	3401.0666666666666
17963.0	4369.6
18038.0	5332.026666666667
18113.0	5875.706666666667
18188.0	4477.76
18263.0	7746.026666666667
18338.0	8798.04
18413.0	6474.546666666667
18488.0	6590.72
18563.0	5065.933333333333
18638.0	14624.986666666666
18713.0	6717.106666666667
18788.0	7390.973333333333
18863.0	6049.8533333333335
18938.0	11647.933333333332
19013.0	4613.16
19088.0	5943.546666666667
19163.0	4120.28
19238.0	6352.066666666667
19313.0	625.6533333333333
19388.0	2.493333333333333
19463.0	9.733333333333333
19538.0	406.3466666666667
19613.0	2551.866666666667
19688.0	2219.0933333333332
19763.0	2081.693333333333
19838.0	2550.7066666666665
19913.0	3272.1866666666665
19988.0	575.64
20063.0	920.6266666666667
20138.0	657.2533333333333
20213.0	820.68
20288.0	600.48
20363.0	528.8
20438.0	582.6533333333333
20513.0	6868.546666666667
20588.0	4515.413333333333
20663.0	5327.586666666667
20738.0	4229.573333333334
20813.0	9994.506666666666
20888.0	5546.84
20963.0	3932.3333333333335
21038.0	4727.2
21113.0	5171.253333333333
21188.0	286.02666666666664
21263.0	34.88
21338.0	65.21333333333334
21413.0	781.84
21488.0	760.4933333333333
21563.0	543.8933333333333
21638.0	1286.8
21713.0	5296.36
21788.0	4694.346666666666
21863.0	3622.653333333333
21938.0	3862.2266666666665
22013.0	5385.586666666667
22088.0	2460.693333333333
22163.0	2213.68
22238.0	2712.2266666666665
22313.0	2483.786666666667
22388.0	169.86666666666667
22463.0	225.45333333333335
22538.0	2410.6
22613.0	2649.76
22688.0	3657.5066666666667
22763.0	2964.9066666666668
22838.0	8267.48
22913.0	5517.36
22988.0	4919.693333333334
23063.0	6248.173333333333
23138.0	7891.2
23213.0	7737.066666666667
23288.0	5810.586666666667
23363.0	5838.266666666666
23438.0	6160.133333333333
23513.0	7627.48
23588.0	3062.6266666666666
23663.0	2996.16
23738.0	3428.72
23813.0	3612.2933333333335
23888.0	2551.653333333333
23963.0	1578.9333333333334
24038.0	2050.3733333333334
24113.0	4557.1866666666665
24188.0	3240.6133333333332
24263.0	3516.866666666667
24338.0	2381.6133333333332
24413.0	6605.2
24488.0	2914.5733333333333
24563.0	3198.84
24638.0	2764.1866666666665
24713.0	9380.8
24788.0	6406.1466666666665
24863.0	4725.64
24938.0	6374.24
25013.0	14646.28
25088.0	7765.52
25163.0	7081.306666666666
25238.0	6873.946666666667
25313.0	12193.386666666667
25388.0	5496.746666666667
25463.0	4961.333333333333
25538.0	3976.6266666666666
25613.0	11589.253333333334
25688.0	5229.92
25763.0	4837.613333333334
25838.0	6246.346666666666
25913.0	6438.1466666666665
25988.0	5889.08
26063.0	5190.533333333334
26138.0	3052.08
26213.0	4196.266666666666
26288.0	3701.56
26363.0	580.7733333333333
26438.0	609.04
26513.0	2767.96
26588.0	8341.6
26663.0	5703.626666666667
26738.0	5240.36
26813.0	6361.56
26888.0	15950.84
26963.0	8044.36
27038.0	6803.893333333333
27113.0	8362.573333333334
27188.0	15217.066666666668
27263.0	6800.1866666666665
27338.0	5751.28
27413.0	7109.413333333333
27488.0	7338.8
27563.0	95.25333333333333
27638.0	156.46666666666667
27713.0	111.72
27788.0	367.26666666666665
27863.0	426.56
27938.0	335.9066666666667
28013.0	451.0933333333333
28088.0	3440.4266666666667
28163.0	5012.2266666666665
28238.0	4817.4
28313.0	5964.906666666667
28388.0	11039.106666666667
28463.0	10802.346666666666
28538.0	5923.746666666667
28613.0	7697.44
28688.0	8924.333333333334
28763.0	7553.346666666666
28838.0	4133.933333333333
28913.0	3639.64
28988.0	6166.44
29063.0	7836.973333333333
29138.0	6216.96
29213.0	5675.573333333334
29288.0	5870.013333333333
29363.0	4193.68
29438.0	19.813333333333333
29513.0	519.4133333333333
29588.0	806.0666666666667
29663.0	644.5466666666666
29738.0	730.3866666666667
29813.0	708.9066666666666
29877.0	14.075471698113208
