# Position (bp)	A	C	G	T	N
0.0	26.126392178177355	24.048730114407867	24.00173207131905	25.823145636095724	0.0
1.0	26.84869502866421	20.73816421123916	15.59318080227613	36.8199599578205	0.0
2.0	29.07249621084097	20.025047226852617	17.497709270250578	33.40474729205584	0.0
3.0	23.5144246730664	22.698732472947157	15.008177408601997	38.77866544538445	0.0
4.0	34.22544395259962	13.350415379355052	14.926701251938864	37.49743941610647	0.0
5.0	35.164031584234834	15.015528711270107	23.51634955833527	26.30409014615978	0.0
6.0	31.566219671940978	17.429961223193192	21.005249043883815	29.998570060982015	0.0
7.0	35.30617061756712	17.438651883356027	20.106052853379182	27.149124645697675	0.0
8.0	22.779655968540578	26.97835508774025	22.807144488350783	27.434844455368385	0.0
9.0	27.370851334389613	18.86803577106351	15.530286280682674	38.2308266138642	0.0
10.0	26.916965336325678	16.812196939547654	24.82902466099247	31.441813063134198	0.0
11.0	28.066467853458626	18.937580194789472	19.12988497892132	33.86606697283058	0.0
12.0	25.9818196749272	20.459460271719042	20.453506978083265	33.1052130752705	0.0
13.0	26.36233276461194	21.251344037393576	19.05695234627725	33.329370851717236	0.0
14.0	30.458677346607455	18.79359088698141	20.153947196391115	30.593784570020016	0.0
15.0	29.701919927626324	18.761508185587324	20.130861433932125	31.405710452854223	0.0
16.0	29.655212414856898	18.25990012632085	18.554502020387066	33.53038543843519	0.0
17.0	30.273416974237556	17.983483534357493	19.863786344522655	31.879313146882303	0.0
18.0	31.873819271404912	17.9567224266314	19.251764787856963	30.91769351410672	0.0
19.0	30.20662905946192	18.657449972712474	20.032450235920795	31.10347073190481	0.0
20.0	29.645602918377286	17.814053946028704	20.252128685323257	32.28821445027076	0.0
21.0	29.132298838495185	18.887407903408864	20.094222835800696	31.88607042229526	0.0
22.0	30.062754606193455	19.0259224781628	22.719108483749707	28.192214431894037	0.0
23.0	29.606054671909394	20.366619518878164	21.309537004122703	28.71778880508974	0.0
24.0	33.300599789548194	19.552817678563876	17.501534743785367	29.645047788102563	0.0
25.0	29.58044210957927	21.038690857329797	19.497132369282614	29.88373466380832	0.0
26.0	31.632203604939434	16.752530006227033	22.628737103510165	28.98652928532337	0.0
27.0	26.321406263668884	21.226037753835712	24.708331682299324	27.744224300196073	0.0
28.0	27.06267746222769	19.935206725728698	18.89544772118065	34.106668090862954	0.0
29.0	28.315357640765242	20.479004685873793	17.13782870172831	34.06780897163265	0.0
30.0	26.819152339647225	19.154046690905407	15.98435427332493	38.04244669612244	0.0
31.0	34.43857175171697	14.71461504771897	18.47197262475996	32.3748405758041	0.0
32.0	34.25216511985706	15.564493740384139	22.80362859198968	27.37971254776912	0.0
33.0	31.241971171255518	17.349901839547147	21.151084485652405	30.25704250354493	0.0
34.0	32.900043895932875	16.6878197227803	21.869861221319916	28.542275159966906	0.0
35.0	26.71614753424953	20.476705298062953	25.571289487640204	27.235857680047314	0.0
