#Position (bp)	mapping quality
38.0	60.0
113.0	59.84159220146223
188.0	59.98092209856916
263.0	59.95133819951338
338.0	59.932688262515775
413.0	59.79277864992151
488.0	59.57654723127036
563.0	59.9543205177008
638.0	59.9617773530817
713.0	59.86155484558041
788.0	59.9741879974188
863.0	59.38921377517869
938.0	59.87462006079027
1013.0	59.96854246766865
1088.0	60.0
1163.0	59.83513464004396
1238.0	59.948553054662376
1313.0	59.94263862332696
1388.0	59.88258317025441
1463.0	59.929577464788736
1538.0	59.77728285077951
1613.0	59.80308500164096
1688.0	59.927073837739286
1763.0	59.93601706211677
1838.0	60.0
1913.0	59.98867069486405
1988.0	59.97724687144483
2063.0	59.93490054249548
2138.0	59.821393133558246
2213.0	59.94984675397046
2288.0	60.0
2363.0	60.0
2438.0	60.0
2513.0	60.0
2588.0	59.97188378631677
2663.0	59.67459324155194
2738.0	59.904761904761905
2813.0	59.984318850049
2888.0	59.97608227696723
2963.0	59.87127916331456
3038.0	59.98382749326146
3113.0	59.94793173271623
3188.0	59.926547743966424
3263.0	60.0
3338.0	59.77484238967277
3413.0	59.343629343629345
3488.0	59.81781376518219
3563.0	59.89182692307692
3638.0	59.93273542600897
3713.0	59.9
3788.0	59.97197571228398
3863.0	59.83561643835616
3938.0	59.8159509202454
4013.0	59.97231195200738
4088.0	59.97919916796672
4163.0	59.92785571142284
4238.0	59.895496392137346
4313.0	59.76303317535545
4388.0	59.94301994301994
4463.0	59.930955120828536
4538.0	60.0
4613.0	59.60385982732351
4688.0	59.96662958843159
4763.0	60.0
4838.0	59.77832512315271
4913.0	60.0
4988.0	59.672642244738896
5063.0	60.0
5138.0	59.904229848363926
5213.0	59.88194786030497
5288.0	59.96557659208261
5363.0	59.924452279022915
5438.0	59.84598930481283
5513.0	59.94718309859155
5588.0	59.96940856560163
5663.0	59.92470419505199
5738.0	59.936908517350155
5813.0	59.85813022917424
5888.0	59.80863591756624
5963.0	60.0
6038.0	59.660468876313665
6113.0	59.5635528330781
6188.0	59.94108405341712
6263.0	59.904430929626415
6338.0	59.757992231849414
6413.0	59.92496482726278
6488.0	59.97756590016826
6563.0	59.90823349477441
6638.0	59.97195606450105
6713.0	60.0
6788.0	60.0
6863.0	59.965811965811966
6938.0	60.0
7013.0	60.0
7088.0	60.0
7163.0	60.0
7238.0	60.0
7313.0	59.88774555659495
7388.0	59.72801450589302
7463.0	60.0
7538.0	59.77534100026745
7613.0	59.807568954457984
7688.0	59.7972972972973
7763.0	59.883008356545965
7838.0	59.93814432989691
7913.0	59.92017030335285
7988.0	59.922296568098425
8063.0	59.81292517006803
8138.0	60.0
8213.0	59.981701738334856
8288.0	59.95919755185311
8363.0	59.972439136426274
8438.0	59.848293299620735
8513.0	60.0
8588.0	59.95879120879121
8663.0	59.863325740318906
8738.0	59.82954545454545
8813.0	59.88005997001499
8888.0	59.81481481481482
8963.0	59.98300283286119
9038.0	59.966564502646975
9113.0	59.966092116417066
9188.0	59.91581901087338
9263.0	59.86996098829649
9338.0	59.84112974404236
9413.0	59.9237933954276
9488.0	59.98265394622723
9563.0	59.96345177664975
9638.0	59.82261640798226
9713.0	59.98990238976776
9788.0	59.94415487714073
9863.0	59.98498498498498
9938.0	59.878991596638656
10013.0	59.95869191049914
10088.0	59.943977591036415
10163.0	59.952556668423824
10238.0	59.94262491035142
10313.0	59.848066298342545
10388.0	59.94200657258844
10463.0	59.9718574108818
10538.0	59.97189037245256
10613.0	59.865501008742434
10688.0	59.80652503793627
10763.0	59.973947025618756
10838.0	59.97094430992736
10913.0	59.95558845299778
10988.0	59.92691839220463
11063.0	59.89613387189844
11138.0	59.90546218487395
11213.0	60.0
11288.0	60.0
11363.0	59.96107266435986
11438.0	59.968178202068415
11513.0	59.87075928917609
11588.0	60.0
11663.0	59.69953775038521
11738.0	59.971982255428436
11813.0	59.97058102476097
11888.0	59.95028997514499
11963.0	59.93582887700535
12038.0	59.98075072184793
12113.0	59.95910577971647
12188.0	59.91438763376932
12263.0	59.96360327570519
12338.0	59.75257731958763
12413.0	59.826048171275644
12488.0	59.956668271545496
12563.0	59.923371647509576
12638.0	59.97646597372034
12713.0	59.95425085779642
12788.0	59.924921793534935
12863.0	59.68563943796142
12938.0	59.929643527204504
13013.0	59.94301994301994
13088.0	59.90857142857143
13163.0	59.94353472614342
13238.0	59.872045494935136
13313.0	59.85319028797289
13388.0	59.98590887740723
13463.0	59.97732426303855
13538.0	59.91385498923187
13613.0	59.86852917009038
13688.0	59.88467083133109
13763.0	59.89302429240027
13838.0	59.94850890366874
13913.0	59.934224950668714
13988.0	59.97131245517571
14063.0	59.72837022132797
14138.0	59.93957703927492
14213.0	59.91769547325103
14288.0	59.92308924851787
14363.0	59.875707775169175
14438.0	59.848101265822784
14513.0	59.87274655355249
14588.0	59.88758303525805
14663.0	60.0
14738.0	59.88478771068914
14813.0	59.77625854568055
14888.0	59.90384615384615
14963.0	59.968586387434556
15038.0	59.959229898074746
15113.0	59.98681028797538
15188.0	59.961423060437205
15263.0	59.969159599074786
15338.0	59.94183228308289
15413.0	59.80726464047443
15488.0	59.82098458478369
15563.0	59.984202211690366
15638.0	59.987239472564866
15713.0	59.986781229345674
15788.0	59.83379501385041
15863.0	59.97134670487106
15938.0	59.86467437270933
16013.0	59.96962025316456
16088.0	59.89494747373687
16163.0	59.933609958506224
16238.0	59.872249822569195
16313.0	59.9137311286844
16388.0	59.95473406261788
16463.0	59.94039735099338
16538.0	60.0
16613.0	60.0
16688.0	59.91724137931035
16763.0	59.742765273311896
16838.0	59.89424206815511
16913.0	60.0
16988.0	59.838882921589686
17063.0	59.862464183381086
17138.0	59.942044984131364
17213.0	59.96258962901382
17288.0	59.850591409006014
17363.0	59.95554457890837
17438.0	59.99087313659872
17513.0	59.80707395498392
17588.0	60.0
17663.0	59.953398058252425
17738.0	59.80035492457853
17813.0	59.91519434628975
17888.0	59.98640380693406
17963.0	59.95036194415719
18038.0	59.98889916743756
18113.0	59.90831696136215
18188.0	59.9253112033195
18263.0	59.841799964844434
18338.0	59.96324280171534
18413.0	59.84908033328093
18488.0	60.0
18563.0	59.91049785567779
18638.0	59.909118448954864
18713.0	60.0
18788.0	59.97349823321555
18863.0	59.920809502859655
18938.0	59.96523082866525
19013.0	59.972776769509984
19088.0	59.8927507447865
19163.0	59.94927076727964
19238.0	59.86530306809678
19313.0	60.0
19388.0	60.0
19463.0	59.91404011461318
19538.0	59.87234042553192
19613.0	59.91399904443383
19688.0	59.887471867966994
19763.0	59.93316004455997
19838.0	59.89346590909091
19913.0	59.956973825743994
19988.0	59.949622166246854
20063.0	59.95386389850058
20138.0	59.88112927191679
20213.0	59.959933222036724
20288.0	59.93271028037383
20363.0	59.89878542510122
20438.0	60.0
20513.0	60.0
20588.0	60.0
20663.0	60.0
20738.0	59.886578449905485
20813.0	60.0
20888.0	60.0
20963.0	59.90750732233698
21038.0	59.841766935882646
21113.0	59.65966386554622
21188.0	60.0
21263.0	60.0
21338.0	59.94183228308289
21413.0	60.0
21488.0	59.94055482166446
21563.0	60.0
21638.0	59.93927125506073
21713.0	60.0
21788.0	59.95416348357525
21863.0	59.92822966507177
21938.0	60.0
22013.0	59.92253066494513
22088.0	59.870094722598104
22163.0	59.81400154998708
22238.0	59.92150706436421
22313.0	59.92503123698459
22388.0	59.582608695652176
22463.0	59.34782608695652
22538.0	59.78622327790974
22613.0	59.909706546275395
22688.0	59.980276134122285
22763.0	59.92172211350294
22838.0	59.882484611080024
22913.0	60.0
22988.0	59.90811638591118
23063.0	59.90783410138249
23138.0	59.850581073602655
23213.0	60.0
23288.0	59.901315789473685
23363.0	60.0
23438.0	59.8159509202454
23513.0	59.88059701492537
23588.0	59.71451229183188
23663.0	59.926274831046484
23738.0	59.87744382842136
23813.0	59.97923875432526
23888.0	59.944674965421854
23963.0	59.956204379562045
24038.0	60.0
24113.0	59.94471744471745
24188.0	59.932860872808654
24263.0	59.95131845841785
24338.0	59.852700490998366
24413.0	59.90646921278254
24488.0	59.82885085574572
24563.0	59.76878612716763
24638.0	59.944134078212294
24713.0	60.0
24788.0	59.94225216554379
24863.0	59.910485933503836
24938.0	60.0
25013.0	59.94987468671679
25088.0	59.971982255428436
25163.0	59.88530465949821
25238.0	59.76077747321206
25313.0	59.90243902439025
25388.0	59.98449612403101
25463.0	59.832330180567496
25538.0	59.76386806596702
25613.0	59.936315390447305
25688.0	59.92217898832685
25763.0	59.96116504854369
25838.0	59.90319457889642
25913.0	59.94001499625094
25988.0	60.0
26063.0	59.97818181818182
26138.0	59.978467611699266
26213.0	59.966728280961185
26288.0	60.0
26363.0	60.0
26438.0	59.68034096963239
26513.0	59.98532648569332
26588.0	60.0
26663.0	59.95958235095992
26738.0	59.84126984126984
26813.0	59.57073170731707
26888.0	59.90126582278481
26963.0	59.96325330720235
27038.0	59.97991631799163
27113.0	59.98636673483299
27188.0	59.87593984962406
27263.0	59.53349282296651
27338.0	59.91835623894407
27413.0	59.818391467281636
27488.0	59.93977919036467
27563.0	60.0
27638.0	60.0
27713.0	59.92537313432836
27788.0	59.91101223581757
27863.0	59.72172672136996
27938.0	60.0
28013.0	59.845857418111756
28088.0	59.96862745098039
28163.0	59.88959313023921
28238.0	59.73507391053945
28313.0	59.966235227912215
28388.0	59.923453115032956
28463.0	59.9687255668491
28538.0	59.86512524084778
28613.0	59.95874871089722
28688.0	60.0
28763.0	59.91327390990123
28838.0	59.81046931407942
28913.0	59.84651162790698
28988.0	59.764044943820224
29063.0	59.93234354444653
29138.0	59.9195845200201
29213.0	59.855421686746986
29288.0	59.9
29363.0	59.96775060467616
29438.0	59.876543209876544
29513.0	59.883249554078155
29588.0	59.945326737828694
29663.0	59.918689170875936
29738.0	59.92813141683778
29813.0	59.929390997352165
29877.0	60.0
