#Coverage	Number of genomic locations
0.0	961.0
1.0	340.0
2.0	400.0
3.0	429.0
4.0	194.0
5.0	246.0
6.0	249.0
7.0	202.0
8.0	271.0
9.0	220.0
10.0	187.0
11.0	186.0
12.0	191.0
13.0	158.0
14.0	135.0
15.0	170.0
16.0	92.0
17.0	109.0
18.0	142.0
19.0	204.0
20.0	175.0
21.0	113.0
22.0	111.0
23.0	139.0
24.0	176.0
25.0	190.0
26.0	136.0
27.0	124.0
28.0	133.0
29.0	119.0
30.0	159.0
31.0	135.0
32.0	99.0
33.0	116.0
34.0	96.0
35.0	87.0
36.0	97.0
37.0	109.0
38.0	114.0
39.0	109.0
40.0	109.0
41.0	102.0
42.0	94.0
43.0	88.0
44.0	112.0
45.0	105.0
46.0	122.0
47.0	96.0
48.0	145.0
49.0	128.0
50.0	131.0
51.0	125.0
52.0	122.0
53.0	116.0
54.0	124.0
55.0	87.0
56.0	96.0
57.0	71.0
58.0	79.0
59.0	80.0
60.0	67.0
61.0	61.0
62.0	68.0
63.0	93.0
64.0	60.0
65.0	84.0
66.0	57.0
67.0	75.0
68.0	62.0
69.0	79.0
70.0	78.0
71.0	85.0
72.0	89.0
73.0	87.0
74.0	115.0
75.0	94.0
76.0	92.0
77.0	116.0
78.0	118.0
79.0	110.0
80.0	118.0
81.0	116.0
82.0	132.0
83.0	123.0
84.0	121.0
85.0	127.0
86.0	89.0
87.0	84.0
88.0	94.0
89.0	108.0
90.0	93.0
91.0	103.0
92.0	98.0
93.0	104.0
94.0	77.0
95.0	95.0
96.0	125.0
97.0	100.0
98.0	115.0
99.0	100.0
100.0	98.0
101.0	110.0
102.0	95.0
103.0	91.0
104.0	89.0
105.0	90.0
106.0	94.0
107.0	101.0
108.0	92.0
109.0	108.0
110.0	113.0
111.0	80.0
112.0	65.0
113.0	65.0
114.0	64.0
115.0	64.0
116.0	65.0
117.0	95.0
118.0	70.0
119.0	75.0
120.0	79.0
121.0	83.0
122.0	73.0
123.0	62.0
124.0	80.0
125.0	80.0
126.0	61.0
127.0	74.0
128.0	74.0
129.0	97.0
130.0	77.0
131.0	82.0
132.0	66.0
133.0	60.0
134.0	58.0
135.0	59.0
136.0	68.0
137.0	41.0
138.0	65.0
139.0	59.0
140.0	49.0
141.0	32.0
142.0	41.0
143.0	50.0
144.0	42.0
145.0	43.0
146.0	62.0
147.0	46.0
148.0	47.0
149.0	58.0
150.0	43.0
151.0	73.0
152.0	71.0
153.0	77.0
154.0	58.0
155.0	61.0
156.0	45.0
157.0	64.0
158.0	56.0
159.0	53.0
160.0	58.0
161.0	47.0
162.0	56.0
163.0	56.0
164.0	47.0
165.0	59.0
166.0	39.0
167.0	45.0
168.0	43.0
169.0	40.0
170.0	28.0
171.0	46.0
172.0	34.0
173.0	36.0
174.0	42.0
175.0	49.0
176.0	34.0
177.0	33.0
178.0	34.0
179.0	43.0
180.0	36.0
181.0	32.0
182.0	32.0
183.0	36.0
184.0	43.0
185.0	36.0
186.0	27.0
187.0	34.0
188.0	37.0
189.0	36.0
190.0	38.0
191.0	37.0
192.0	24.0
193.0	40.0
194.0	37.0
195.0	57.0
196.0	37.0
197.0	50.0
198.0	36.0
199.0	36.0
200.0	31.0
201.0	42.0
202.0	49.0
203.0	34.0
204.0	48.0
205.0	36.0
206.0	49.0
207.0	41.0
208.0	31.0
209.0	41.0
210.0	33.0
211.0	38.0
212.0	46.0
213.0	34.0
214.0	36.0
215.0	34.0
216.0	25.0
217.0	28.0
218.0	40.0
219.0	27.0
220.0	23.0
221.0	15.0
222.0	24.0
223.0	25.0
224.0	38.0
225.0	43.0
226.0	18.0
227.0	24.0
228.0	19.0
229.0	13.0
230.0	24.0
231.0	22.0
232.0	25.0
233.0	28.0
234.0	31.0
235.0	19.0
236.0	32.0
237.0	23.0
238.0	24.0
239.0	27.0
240.0	42.0
241.0	33.0
242.0	28.0
243.0	28.0
244.0	36.0
245.0	35.0
246.0	34.0
247.0	41.0
248.0	36.0
249.0	31.0
250.0	30.0
251.0	39.0
252.0	16.0
253.0	25.0
254.0	24.0
255.0	20.0
256.0	37.0
257.0	39.0
258.0	37.0
259.0	38.0
260.0	28.0
261.0	35.0
262.0	28.0
263.0	25.0
264.0	30.0
265.0	37.0
266.0	33.0
267.0	31.0
268.0	34.0
269.0	25.0
270.0	41.0
271.0	33.0
272.0	41.0
273.0	45.0
274.0	30.0
275.0	36.0
276.0	39.0
277.0	28.0
278.0	35.0
279.0	37.0
280.0	31.0
281.0	46.0
282.0	33.0
283.0	23.0
284.0	24.0
285.0	30.0
286.0	22.0
287.0	38.0
288.0	19.0
289.0	31.0
290.0	21.0
291.0	28.0
292.0	21.0
293.0	26.0
294.0	25.0
295.0	20.0
296.0	25.0
297.0	22.0
298.0	26.0
299.0	23.0
300.0	18.0
301.0	31.0
302.0	21.0
303.0	19.0
304.0	20.0
305.0	29.0
306.0	27.0
307.0	36.0
308.0	27.0
309.0	21.0
310.0	25.0
311.0	31.0
312.0	26.0
313.0	27.0
314.0	26.0
315.0	24.0
316.0	22.0
317.0	21.0
318.0	25.0
319.0	36.0
320.0	31.0
321.0	20.0
322.0	28.0
323.0	28.0
324.0	27.0
325.0	31.0
326.0	27.0
327.0	20.0
328.0	20.0
329.0	26.0
330.0	26.0
331.0	26.0
332.0	16.0
333.0	15.0
334.0	36.0
335.0	19.0
336.0	25.0
337.0	19.0
338.0	24.0
339.0	24.0
340.0	22.0
341.0	34.0
342.0	16.0
343.0	27.0
344.0	17.0
345.0	28.0
346.0	24.0
347.0	24.0
348.0	42.0
349.0	27.0
350.0	11.0
351.0	33.0
352.0	27.0
353.0	28.0
354.0	26.0
355.0	39.0
356.0	23.0
357.0	34.0
358.0	25.0
359.0	32.0
360.0	31.0
361.0	18.0
362.0	30.0
363.0	15.0
364.0	23.0
365.0	18.0
366.0	23.0
367.0	27.0
368.0	26.0
369.0	30.0
370.0	17.0
371.0	34.0
372.0	24.0
373.0	17.0
374.0	25.0
375.0	33.0
376.0	27.0
377.0	32.0
378.0	27.0
379.0	22.0
380.0	22.0
381.0	20.0
382.0	21.0
383.0	29.0
384.0	31.0
385.0	30.0
386.0	28.0
387.0	26.0
388.0	21.0
389.0	39.0
390.0	35.0
391.0	30.0
392.0	39.0
393.0	25.0
394.0	17.0
395.0	26.0
396.0	24.0
397.0	23.0
398.0	18.0
399.0	30.0
400.0	17.0
401.0	23.0
402.0	28.0
403.0	20.0
404.0	17.0
405.0	25.0
406.0	32.0
407.0	24.0
408.0	17.0
409.0	26.0
410.0	20.0
411.0	26.0
412.0	20.0
413.0	27.0
414.0	28.0
415.0	26.0
416.0	29.0
417.0	19.0
418.0	15.0
419.0	27.0
420.0	29.0
421.0	22.0
422.0	22.0
423.0	15.0
424.0	22.0
425.0	22.0
426.0	13.0
427.0	19.0
428.0	16.0
429.0	16.0
430.0	12.0
431.0	15.0
432.0	18.0
433.0	27.0
434.0	18.0
435.0	16.0
436.0	19.0
437.0	13.0
438.0	10.0
439.0	9.0
440.0	6.0
441.0	13.0
442.0	16.0
443.0	14.0
444.0	9.0
445.0	8.0
446.0	10.0
447.0	13.0
448.0	18.0
449.0	19.0
450.0	15.0
451.0	13.0
452.0	15.0
453.0	19.0
454.0	22.0
455.0	11.0
456.0	14.0
457.0	13.0
458.0	16.0
459.0	13.0
460.0	16.0
461.0	16.0
462.0	19.0
463.0	20.0
464.0	22.0
465.0	19.0
466.0	17.0
467.0	14.0
468.0	9.0
469.0	10.0
470.0	14.0
471.0	11.0
472.0	9.0
473.0	12.0
474.0	8.0
475.0	14.0
476.0	12.0
477.0	9.0
478.0	10.0
479.0	11.0
480.0	18.0
481.0	8.0
482.0	7.0
483.0	8.0
484.0	12.0
485.0	16.0
486.0	13.0
487.0	19.0
488.0	18.0
489.0	12.0
490.0	9.0
491.0	14.0
492.0	9.0
493.0	13.0
494.0	14.0
495.0	14.0
496.0	11.0
497.0	20.0
498.0	7.0
499.0	12.0
500.0	11.0
501.0	12.0
502.0	13.0
503.0	13.0
504.0	8.0
505.0	7.0
506.0	10.0
507.0	16.0
508.0	10.0
509.0	8.0
510.0	7.0
511.0	10.0
512.0	12.0
513.0	8.0
514.0	13.0
515.0	16.0
516.0	11.0
517.0	13.0
518.0	18.0
519.0	15.0
520.0	8.0
521.0	9.0
522.0	5.0
523.0	3.0
524.0	15.0
525.0	15.0
526.0	10.0
527.0	17.0
528.0	8.0
529.0	14.0
530.0	15.0
531.0	11.0
532.0	15.0
533.0	11.0
534.0	18.0
535.0	9.0
536.0	8.0
537.0	17.0
538.0	15.0
539.0	14.0
540.0	7.0
541.0	12.0
542.0	17.0
543.0	13.0
544.0	10.0
545.0	9.0
546.0	23.0
547.0	20.0
548.0	10.0
549.0	9.0
550.0	10.0
551.0	10.0
552.0	10.0
553.0	10.0
554.0	10.0
555.0	12.0
556.0	14.0
557.0	18.0
558.0	16.0
559.0	14.0
560.0	18.0
561.0	20.0
562.0	17.0
563.0	9.0
564.0	15.0
565.0	12.0
566.0	7.0
567.0	9.0
568.0	11.0
569.0	14.0
570.0	6.0
571.0	11.0
572.0	8.0
573.0	9.0
574.0	9.0
575.0	11.0
576.0	15.0
577.0	10.0
578.0	11.0
579.0	4.0
580.0	8.0
581.0	5.0
582.0	10.0
583.0	9.0
584.0	10.0
585.0	15.0
586.0	9.0
587.0	7.0
588.0	6.0
589.0	8.0
590.0	16.0
591.0	16.0
592.0	9.0
593.0	16.0
594.0	10.0
595.0	7.0
596.0	7.0
597.0	8.0
598.0	9.0
599.0	10.0
600.0	5.0
601.0	12.0
602.0	10.0
603.0	7.0
604.0	5.0
605.0	7.0
606.0	11.0
607.0	9.0
608.0	6.0
609.0	8.0
610.0	14.0
611.0	9.0
612.0	5.0
613.0	7.0
614.0	7.0
615.0	14.0
616.0	10.0
617.0	6.0
618.0	3.0
619.0	9.0
620.0	12.0
621.0	7.0
622.0	8.0
623.0	8.0
624.0	5.0
625.0	10.0
626.0	6.0
627.0	7.0
628.0	5.0
629.0	11.0
630.0	9.0
631.0	11.0
632.0	2.0
633.0	14.0
634.0	17.0
635.0	14.0
636.0	8.0
637.0	3.0
638.0	9.0
639.0	9.0
640.0	8.0
641.0	10.0
642.0	11.0
643.0	7.0
644.0	9.0
645.0	7.0
646.0	8.0
647.0	16.0
648.0	14.0
649.0	9.0
650.0	7.0
651.0	10.0
652.0	13.0
653.0	11.0
654.0	11.0
655.0	6.0
656.0	11.0
657.0	5.0
658.0	8.0
659.0	4.0
660.0	6.0
661.0	7.0
662.0	6.0
663.0	9.0
664.0	8.0
665.0	12.0
666.0	7.0
667.0	5.0
668.0	11.0
669.0	10.0
670.0	7.0
671.0	5.0
672.0	7.0
673.0	10.0
674.0	9.0
675.0	11.0
676.0	5.0
677.0	9.0
678.0	8.0
679.0	8.0
680.0	11.0
681.0	4.0
682.0	6.0
683.0	8.0
684.0	4.0
685.0	3.0
686.0	11.0
687.0	9.0
688.0	8.0
689.0	10.0
690.0	9.0
691.0	8.0
692.0	16.0
693.0	9.0
694.0	14.0
695.0	13.0
696.0	8.0
697.0	6.0
698.0	12.0
699.0	9.0
700.0	9.0
701.0	11.0
702.0	9.0
703.0	12.0
704.0	16.0
705.0	5.0
706.0	7.0
707.0	10.0
708.0	3.0
709.0	13.0
710.0	8.0
711.0	6.0
712.0	5.0
713.0	5.0
714.0	6.0
715.0	6.0
716.0	8.0
717.0	7.0
718.0	6.0
719.0	4.0
720.0	5.0
721.0	6.0
722.0	7.0
723.0	5.0
724.0	6.0
725.0	2.0
726.0	3.0
727.0	10.0
728.0	5.0
729.0	5.0
730.0	7.0
731.0	6.0
732.0	5.0
733.0	8.0
734.0	8.0
735.0	8.0
736.0	6.0
737.0	3.0
738.0	8.0
739.0	7.0
740.0	4.0
741.0	8.0
742.0	8.0
743.0	6.0
744.0	7.0
745.0	3.0
746.0	2.0
747.0	8.0
748.0	6.0
749.0	5.0
750.0	6.0
751.0	9.0
752.0	3.0
753.0	5.0
754.0	7.0
755.0	5.0
756.0	11.0
757.0	7.0
758.0	4.0
759.0	4.0
760.0	1.0
761.0	7.0
762.0	5.0
763.0	5.0
764.0	11.0
765.0	5.0
766.0	6.0
767.0	3.0
768.0	3.0
769.0	6.0
770.0	7.0
771.0	7.0
772.0	7.0
773.0	4.0
774.0	5.0
776.0	1.0
777.0	8.0
778.0	7.0
779.0	3.0
780.0	1.0
781.0	3.0
782.0	1.0
783.0	2.0
784.0	6.0
785.0	6.0
787.0	4.0
788.0	1.0
789.0	4.0
790.0	3.0
791.0	3.0
792.0	1.0
793.0	2.0
794.0	4.0
795.0	2.0
796.0	2.0
797.0	3.0
798.0	2.0
799.0	1.0
800.0	1.0
801.0	1.0
802.0	4.0
803.0	3.0
804.0	3.0
805.0	4.0
806.0	4.0
807.0	4.0
808.0	6.0
809.0	3.0
810.0	3.0
811.0	1.0
812.0	2.0
814.0	2.0
815.0	3.0
816.0	4.0
817.0	3.0
818.0	1.0
819.0	1.0
820.0	1.0
821.0	1.0
823.0	1.0
824.0	2.0
825.0	1.0
826.0	3.0
827.0	2.0
830.0	1.0
831.0	2.0
832.0	1.0
834.0	2.0
836.0	1.0
837.0	1.0
838.0	1.0
839.0	2.0
841.0	1.0
842.0	1.0
843.0	5.0
844.0	3.0
845.0	1.0
848.0	3.0
849.0	2.0
850.0	2.0
851.0	2.0
852.0	2.0
853.0	3.0
854.0	2.0
855.0	3.0
856.0	1.0
857.0	1.0
858.0	4.0
859.0	4.0
861.0	3.0
862.0	2.0
864.0	2.0
865.0	4.0
866.0	1.0
867.0	3.0
868.0	1.0
869.0	1.0
870.0	2.0
871.0	1.0
872.0	4.0
873.0	1.0
874.0	2.0
876.0	1.0
877.0	2.0
878.0	1.0
879.0	3.0
880.0	1.0
881.0	1.0
884.0	2.0
885.0	1.0
886.0	1.0
888.0	1.0
891.0	3.0
892.0	2.0
893.0	1.0
894.0	6.0
895.0	2.0
899.0	4.0
901.0	1.0
903.0	1.0
904.0	1.0
905.0	1.0
906.0	2.0
907.0	3.0
908.0	5.0
909.0	1.0
910.0	2.0
911.0	2.0
912.0	1.0
913.0	5.0
914.0	3.0
915.0	1.0
917.0	3.0
918.0	2.0
919.0	1.0
920.0	1.0
921.0	3.0
922.0	1.0
923.0	1.0
924.0	2.0
925.0	2.0
926.0	2.0
927.0	1.0
929.0	3.0
930.0	1.0
931.0	1.0
932.0	1.0
933.0	2.0
934.0	1.0
935.0	1.0
937.0	3.0
939.0	1.0
940.0	1.0
941.0	2.0
942.0	5.0
943.0	1.0
945.0	4.0
946.0	5.0
947.0	5.0
948.0	2.0
949.0	1.0
950.0	3.0
951.0	1.0
952.0	2.0
953.0	1.0
954.0	2.0
955.0	2.0
956.0	2.0
957.0	5.0
958.0	1.0
959.0	1.0
960.0	1.0
961.0	2.0
963.0	1.0
965.0	2.0
966.0	2.0
967.0	2.0
968.0	1.0
971.0	1.0
972.0	3.0
973.0	2.0
974.0	1.0
981.0	1.0
983.0	1.0
984.0	2.0
985.0	2.0
988.0	3.0
989.0	2.0
991.0	1.0
993.0	3.0
994.0	2.0
997.0	4.0
999.0	1.0
1000.0	1.0
1001.0	2.0
1002.0	1.0
1004.0	1.0
1005.0	1.0
1006.0	6.0
1007.0	3.0
1008.0	2.0
1009.0	3.0
1010.0	1.0
1011.0	4.0
1013.0	2.0
1014.0	2.0
1015.0	2.0
1018.0	1.0
1019.0	1.0
1020.0	2.0
1021.0	3.0
1024.0	2.0
1025.0	3.0
1026.0	2.0
1027.0	1.0
1029.0	3.0
1033.0	1.0
1034.0	1.0
1035.0	1.0
1039.0	1.0
1040.0	2.0
1042.0	2.0
1043.0	1.0
1044.0	2.0
1045.0	2.0
1046.0	2.0
1047.0	3.0
1048.0	1.0
1049.0	1.0
1050.0	2.0
1051.0	2.0
1052.0	3.0
1053.0	1.0
1054.0	1.0
1055.0	1.0
1056.0	2.0
1058.0	1.0
1059.0	1.0
1060.0	1.0
1061.0	2.0
1062.0	1.0
1064.0	1.0
1065.0	2.0
1066.0	2.0
1067.0	1.0
1069.0	1.0
1070.0	2.0
1072.0	3.0
1073.0	1.0
1074.0	1.0
1075.0	4.0
1076.0	1.0
1080.0	1.0
1083.0	2.0
1085.0	2.0
1088.0	1.0
1090.0	1.0
1093.0	1.0
1095.0	1.0
1099.0	1.0
1104.0	1.0
1108.0	1.0
1116.0	2.0
1120.0	1.0
1122.0	1.0
1124.0	1.0
1125.0	1.0
1129.0	1.0
1132.0	1.0
1133.0	1.0
1137.0	2.0
1139.0	2.0
1140.0	1.0
1141.0	2.0
1142.0	1.0
1145.0	1.0
1146.0	1.0
1149.0	1.0
1150.0	3.0
1151.0	2.0
1154.0	1.0
1157.0	1.0
1160.0	2.0
1161.0	2.0
1162.0	1.0
1165.0	1.0
1166.0	1.0
1169.0	1.0
1171.0	1.0
1173.0	1.0
1176.0	1.0
1178.0	1.0
1180.0	1.0
1182.0	1.0
1183.0	1.0
1185.0	2.0
1186.0	2.0
1188.0	1.0
1189.0	3.0
1190.0	1.0
1191.0	2.0
1194.0	3.0
1196.0	1.0
1197.0	1.0
1198.0	3.0
1199.0	2.0
1200.0	2.0
1201.0	7.0
1202.0	3.0
1203.0	2.0
1204.0	1.0
1205.0	1.0
1206.0	5.0
1207.0	2.0
1208.0	2.0
1209.0	2.0
1210.0	3.0
1211.0	1.0
1212.0	1.0
1213.0	3.0
1214.0	3.0
1219.0	2.0
1220.0	1.0
1221.0	3.0
1223.0	2.0
1224.0	2.0
1226.0	1.0
1227.0	1.0
1231.0	1.0
1234.0	2.0
1237.0	2.0
1238.0	1.0
1240.0	2.0
1243.0	1.0
1244.0	2.0
1245.0	2.0
1246.0	1.0
1247.0	1.0
1248.0	1.0
1249.0	1.0
1250.0	1.0
1251.0	1.0
1254.0	1.0
1255.0	2.0
1256.0	3.0
1257.0	2.0
1258.0	1.0
1260.0	1.0
1261.0	1.0
1264.0	1.0
1265.0	2.0
1267.0	1.0
1268.0	1.0
1269.0	1.0
1273.0	1.0
1275.0	1.0
1276.0	1.0
1277.0	1.0
1278.0	1.0
1279.0	1.0
1280.0	1.0
1281.0	2.0
1283.0	1.0
1290.0	1.0
1294.0	1.0
1295.0	1.0
1299.0	3.0
1300.0	1.0
1301.0	1.0
1302.0	1.0
1303.0	1.0
1305.0	2.0
1307.0	2.0
1308.0	1.0
1310.0	1.0
1311.0	2.0
1312.0	1.0
1313.0	1.0
1315.0	1.0
1316.0	1.0
1317.0	2.0
1319.0	2.0
1320.0	2.0
1322.0	1.0
1324.0	3.0
1325.0	2.0
1326.0	1.0
1329.0	1.0
1330.0	1.0
1331.0	1.0
1332.0	1.0
1333.0	1.0
1334.0	2.0
1336.0	1.0
1337.0	1.0
1338.0	1.0
1339.0	1.0
1340.0	2.0
1342.0	2.0
1344.0	2.0
1345.0	3.0
1346.0	2.0
1347.0	1.0
1353.0	1.0
1358.0	1.0
1359.0	2.0
1360.0	4.0
1363.0	1.0
1364.0	1.0
1365.0	1.0
1366.0	1.0
1367.0	1.0
1368.0	1.0
1370.0	1.0
1374.0	1.0
1377.0	1.0
1378.0	1.0
1380.0	1.0
1385.0	2.0
1387.0	1.0
1388.0	1.0
1389.0	1.0
1390.0	1.0
1393.0	1.0
1394.0	1.0
1397.0	1.0
1427.0	1.0
1431.0	1.0
1436.0	1.0
1438.0	1.0
1465.0	1.0
1467.0	1.0
1484.0	2.0
1496.0	1.0
