#Position (bp)	Coverage
38.0	504.4533333333333
113.0	1002.76
188.0	1031.96
263.0	1072.0266666666666
338.0	1322.5066666666667
413.0	1399.2533333333333
488.0	10292.746666666666
563.0	29989.96
638.0	30780.426666666666
713.0	32957.62666666666
788.0	34181.253333333334
863.0	34052.746666666666
938.0	33194.4
1013.0	31800.933333333334
1088.0	30761.28
1163.0	30656.746666666666
1238.0	30940.066666666666
1313.0	30332.81333333333
1388.0	29497.733333333334
1463.0	29410.546666666665
1538.0	29432.386666666665
1613.0	33466.293333333335
1688.0	37867.89333333333
1763.0	38623.88
1838.0	38045.706666666665
1913.0	33556.04
1988.0	29531.626666666667
2063.0	29258.453333333335
2138.0	29269.68
2213.0	30210.92
2288.0	30875.12
2363.0	30716.053333333333
2438.0	30763.12
2513.0	32179.92
2588.0	36093.26666666667
2663.0	39184.84
2738.0	39630.26666666667
2813.0	37068.54666666667
2888.0	32685.97333333333
2963.0	30479.013333333332
3038.0	30421.44
3113.0	30437.986666666668
3188.0	30387.173333333332
3263.0	30294.8
3338.0	30256.493333333332
3413.0	30268.346666666668
3488.0	30586.213333333333
3563.0	30747.12
3638.0	30597.6
3713.0	30578.32
3788.0	33342.653333333335
3863.0	39426.16
3938.0	43231.04
4013.0	44092.22666666667
4088.0	44404.62666666666
4163.0	51820.2
4238.0	56214.17333333333
4313.0	55180.88
4388.0	50423.2
4463.0	46173.6
4538.0	46181.14666666667
4613.0	46046.37333333334
4688.0	46243.21333333333
4763.0	46414.90666666667
4838.0	46514.86666666667
4913.0	46865.89333333333
4988.0	46521.45333333333
5063.0	46042.37333333334
5138.0	46119.05333333334
5213.0	45601.746666666666
5288.0	45232.26666666667
5363.0	45702.77333333333
5438.0	45592.85333333333
5513.0	45667.666666666664
5588.0	45374.746666666666
5663.0	44485.41333333333
5738.0	44323.973333333335
5813.0	44298.13333333333
5888.0	44456.92
5963.0	44463.4
6038.0	44351.05333333334
6113.0	44401.68
6188.0	44642.2
6263.0	44671.81333333333
6338.0	44520.56
6413.0	44545.32
6488.0	44696.16
6563.0	44780.986666666664
6638.0	44772.09333333333
6713.0	45214.346666666665
6788.0	46842.52
6863.0	47420.68
6938.0	47111.706666666665
7013.0	47441.26666666667
7088.0	47957.89333333333
7163.0	47857.026666666665
7238.0	47549.573333333334
7313.0	47022.613333333335
7388.0	45637.08
7463.0	44462.64
7538.0	44481.666666666664
7613.0	44935.306666666664
7688.0	47518.89333333333
7763.0	49245.64
7838.0	49040.6
7913.0	48487.333333333336
7988.0	46594.8
8063.0	44961.17333333333
8138.0	44856.0
8213.0	45006.82666666667
8288.0	45290.013333333336
8363.0	45123.386666666665
8438.0	44878.54666666667
8513.0	44917.85333333333
8588.0	45008.746666666666
8663.0	45354.346666666665
8738.0	45418.58666666667
8813.0	45304.16
8888.0	46124.693333333336
8963.0	48705.89333333333
9038.0	49993.62666666666
9113.0	50143.32
9188.0	48990.653333333335
9263.0	46099.706666666665
9338.0	44848.68
9413.0	44852.2
9488.0	45549.333333333336
9563.0	46476.32
9638.0	46644.88
9713.0	46873.4
9788.0	46383.88
9863.0	45141.41333333333
9938.0	44705.58666666667
10013.0	44725.13333333333
10088.0	45891.933333333334
10163.0	48430.253333333334
10238.0	49869.56
10313.0	49612.306666666664
10388.0	48250.10666666667
10463.0	46229.653333333335
10538.0	45648.58666666667
10613.0	45746.666666666664
10688.0	45866.933333333334
10763.0	45572.573333333334
10838.0	45354.22666666667
10913.0	45389.72
10988.0	45490.026666666665
11063.0	45772.12
11138.0	45745.49333333333
11213.0	45699.706666666665
11288.0	46026.94666666666
11363.0	48291.44
11438.0	49423.82666666667
11513.0	48846.90666666667
11588.0	52351.693333333336
11663.0	57029.85333333333
11738.0	58049.45333333333
11813.0	57656.41333333333
11888.0	53979.8
11963.0	50599.44
12038.0	50378.81333333333
12113.0	50302.24
12188.0	48684.50666666667
12263.0	46057.08
12338.0	45360.026666666665
12413.0	46362.306666666664
12488.0	50575.17333333333
12563.0	53769.64
12638.0	53603.64
12713.0	51689.62666666666
12788.0	48366.8
12863.0	46940.46666666667
12938.0	46792.09333333333
13013.0	49556.90666666667
13088.0	58902.6
13163.0	66388.29333333333
13238.0	66735.77333333333
13313.0	58503.44
13388.0	49161.746666666666
13463.0	47318.41333333333
13538.0	47310.066666666666
13613.0	48743.04
13688.0	51096.573333333334
13763.0	52054.2
13838.0	53366.21333333333
13913.0	51943.48
13988.0	50366.14666666667
14063.0	49909.73333333333
14138.0	49794.693333333336
14213.0	50074.72
14288.0	50084.16
14363.0	49817.58666666667
14438.0	49904.72
14513.0	49712.81333333333
14588.0	49200.77333333333
14663.0	48745.706666666665
14738.0	48593.92
14813.0	48669.333333333336
14888.0	48576.066666666666
14963.0	48275.04
15038.0	48291.49333333333
15113.0	48371.26666666667
15188.0	49449.933333333334
15263.0	50864.24
15338.0	51323.706666666665
15413.0	51480.8
15488.0	51620.90666666667
15563.0	53033.89333333333
15638.0	54443.426666666666
15713.0	54188.6
15788.0	52570.68
15863.0	50173.90666666667
15938.0	48659.41333333333
16013.0	48567.82666666667
16088.0	48588.21333333333
16163.0	48802.78666666667
16238.0	48691.24
16313.0	48376.62666666666
16388.0	48290.77333333333
16463.0	51528.306666666664
16538.0	55326.54666666667
16613.0	57556.10666666667
16688.0	57845.86666666667
16763.0	56035.32
16838.0	55412.68
16913.0	57444.746666666666
16988.0	58406.22666666667
17063.0	59310.58666666667
17138.0	67609.8
17213.0	76630.68
17288.0	78635.72
17363.0	74021.70666666667
17438.0	64835.013333333336
17513.0	63275.53333333333
17588.0	62503.53333333333
17663.0	61733.17333333333
17738.0	60416.24
17813.0	59226.44
17888.0	59131.6
17963.0	59832.8
18038.0	60867.10666666667
18113.0	61070.14666666667
18188.0	61253.89333333333
18263.0	62205.64
18338.0	63626.45333333333
18413.0	64622.253333333334
18488.0	64924.45333333333
18563.0	64049.64
18638.0	65141.066666666666
18713.0	67895.42666666667
18788.0	68440.89333333333
18863.0	66635.12
18938.0	62283.333333333336
19013.0	58636.86666666667
19088.0	58534.46666666667
19163.0	58645.44
19238.0	62015.81333333333
19313.0	66701.41333333333
19388.0	68139.61333333333
19463.0	67493.25333333333
19538.0	63852.56
19613.0	61638.16
19688.0	62626.613333333335
19763.0	62613.50666666667
19838.0	62898.48
19913.0	63931.92
19988.0	64406.573333333334
20063.0	64081.693333333336
20138.0	64126.64
20213.0	65310.58666666667
20288.0	65591.26666666666
20363.0	65302.0
20438.0	65375.013333333336
20513.0	66702.17333333334
20588.0	67464.14666666667
20663.0	67178.42666666667
20738.0	67199.18666666666
20813.0	65960.45333333334
20888.0	63977.81333333333
20963.0	63213.13333333333
21038.0	63205.73333333333
21113.0	63888.04
21188.0	64191.58666666667
21263.0	64041.573333333334
21338.0	64375.85333333333
21413.0	67342.93333333333
21488.0	69700.53333333334
21563.0	69846.52
21638.0	69160.72
21713.0	68314.84
21788.0	67635.54666666666
21863.0	67148.22666666667
21938.0	66355.41333333333
22013.0	65200.573333333334
22088.0	64129.96
22163.0	63948.653333333335
22238.0	64106.386666666665
22313.0	63813.64
22388.0	63194.73333333333
22463.0	63162.48
22538.0	63299.6
22613.0	63375.026666666665
22688.0	63206.54666666667
22763.0	63183.88
22838.0	64101.22666666667
22913.0	64380.49333333333
22988.0	64200.64
23063.0	64298.6
23138.0	66055.34666666666
23213.0	69846.72
23288.0	71810.50666666667
23363.0	71167.38666666667
23438.0	69157.69333333333
23513.0	66264.13333333333
23588.0	65292.64
23663.0	64845.92
23738.0	64433.90666666667
23813.0	64275.45333333333
23888.0	64072.746666666666
23963.0	64032.0
24038.0	64363.2
24113.0	69393.22666666667
24188.0	102806.24
24263.0	104648.72
24338.0	103583.82666666666
24413.0	98321.4
24488.0	93253.64
24563.0	93322.14666666667
24638.0	93592.34666666666
24713.0	95603.05333333333
24788.0	102963.36
24863.0	108281.61333333333
24938.0	106889.41333333333
25013.0	98539.52
25088.0	90936.2
25163.0	89992.69333333333
25238.0	90004.13333333333
25313.0	92509.34666666666
25388.0	95989.24
25463.0	97045.37333333334
25538.0	96812.81333333334
25613.0	94283.61333333333
25688.0	90788.37333333334
25763.0	90241.94666666667
25838.0	90248.28
25913.0	90966.28
25988.0	91791.6
26063.0	91946.44
26138.0	92048.17333333334
26213.0	92268.08
26288.0	91393.52
26363.0	90263.22666666667
26438.0	90236.44
26513.0	90342.4
26588.0	91211.90666666666
26663.0	91676.73333333334
26738.0	91603.04
26813.0	91850.54666666666
26888.0	91894.33333333333
26963.0	91511.82666666666
27038.0	91345.42666666667
27113.0	91534.65333333334
27188.0	93707.68
27263.0	95238.41333333333
27338.0	95033.65333333334
27413.0	95012.96
27488.0	93610.17333333334
27563.0	96924.45333333334
27638.0	97320.53333333334
27713.0	97587.88
27788.0	97618.49333333333
27863.0	97543.28
27938.0	97922.56
28013.0	98195.09333333334
28088.0	98904.54666666666
28163.0	100853.09333333334
28238.0	102082.10666666667
28313.0	102666.66666666667
28388.0	101617.37333333334
28463.0	103864.4
28538.0	108413.32
28613.0	107853.25333333333
28688.0	103504.50666666667
28763.0	97936.56
28838.0	95498.45333333334
28913.0	95466.98666666666
28988.0	100216.25333333333
29063.0	121491.94666666667
29138.0	114148.93333333333
29213.0	91267.57333333333
29288.0	74306.81333333334
29363.0	56610.986666666664
29438.0	47795.973333333335
29513.0	51434.2
29588.0	61069.386666666665
29663.0	64109.48
29738.0	60250.8
29813.0	47839.12
29877.0	36988.056603773584
