#Position (bp)	mapping quality
38.0	60.0
113.0	59.982439024390246
188.0	59.99665122509349
263.0	59.98927933293627
338.0	59.9414694254762
413.0	59.93548071753263
488.0	59.24882251117105
563.0	59.995599398584474
638.0	59.987149282501605
713.0	59.99374283032642
788.0	60.0
863.0	59.961443128614704
938.0	60.0
1013.0	60.0
1088.0	59.99518729445737
1163.0	59.97938852627963
1238.0	59.99786027602439
1313.0	60.0
1388.0	59.99263080324245
1463.0	60.0
1538.0	60.0
1613.0	59.98687089715536
1688.0	59.98703356865005
1763.0	59.940847847518896
1838.0	59.960359099918385
1913.0	59.981694294721855
1988.0	59.9889090169692
2063.0	59.99740349662454
2138.0	60.0
2213.0	59.9675227040356
2288.0	60.0
2363.0	60.0
2438.0	59.994865211810016
2513.0	60.0
2588.0	60.0
2663.0	60.0
2738.0	60.0
2813.0	60.0
2888.0	59.99344333952573
2963.0	60.0
3038.0	59.973736868434216
3113.0	60.0
3188.0	59.98774593233031
3263.0	59.994683678894205
3338.0	60.0
3413.0	59.871081609945136
3488.0	59.995929443690635
3563.0	59.93851199016192
3638.0	60.0
3713.0	60.0
3788.0	60.0
3863.0	59.95533924992843
3938.0	59.98237367802585
4013.0	59.97181655137074
4088.0	59.99592183517417
4163.0	59.99256136870816
4238.0	60.0
4313.0	59.95827296435816
4388.0	59.989816700611
4463.0	60.0
4538.0	59.97627520759193
4613.0	59.9894607412612
4688.0	59.97369574747918
4763.0	59.993816664090275
4838.0	59.99466002135991
4913.0	59.98070739549839
4988.0	59.99197378101799
5063.0	59.98785302156089
5138.0	59.9887986558387
5213.0	59.97938321450047
5288.0	60.0
5363.0	60.0
5438.0	59.98794131439673
5513.0	60.0
5588.0	59.99608406213288
5663.0	59.99211183662737
5738.0	59.984679547195505
5813.0	59.924369747899156
5888.0	59.972375690607734
5963.0	60.0
6038.0	59.940658688557015
6113.0	59.98266313508307
6188.0	59.9978982765868
6263.0	60.0
6338.0	59.97042149371457
6413.0	59.9339772588336
6488.0	59.99318285108317
6563.0	59.97188268832741
6638.0	59.99800657829164
6713.0	60.0
6788.0	59.996468303019604
6863.0	60.0
6938.0	59.97585513078471
7013.0	59.991212224771765
7088.0	60.0
7163.0	60.0
7238.0	60.0
7313.0	60.0
7388.0	59.98318542737039
7463.0	59.958698545270984
7538.0	60.0
7613.0	59.91345934866773
7688.0	60.0
7763.0	60.0
7838.0	59.958984375
7913.0	59.98566821927624
7988.0	59.9971653989701
8063.0	59.99410724808486
8138.0	59.99369648579083
8213.0	59.991528215748104
8288.0	59.9747179175055
8363.0	59.99369913363088
8438.0	60.0
8513.0	60.0
8588.0	60.0
8663.0	60.0
8738.0	60.0
8813.0	59.99520422028615
8888.0	59.93850358729074
8963.0	60.0
9038.0	60.0
9113.0	60.0
9188.0	60.0
9263.0	59.99600079984003
9338.0	59.98794454490657
9413.0	60.0
9488.0	59.98852278704988
9563.0	59.98750553140537
9638.0	59.99521123762903
9713.0	59.99351771823682
9788.0	59.995124923826936
9863.0	59.96822781831019
9938.0	59.99720436119653
10013.0	59.9731770315915
10088.0	60.0
10163.0	60.0
10238.0	60.0
10313.0	60.0
10388.0	60.0
10463.0	59.98077128511911
10538.0	59.97681735386654
10613.0	59.9732650105826
10688.0	59.992436180271035
10763.0	59.99313108185461
10838.0	59.98725356900068
10913.0	59.970202622169246
10988.0	59.98230871295887
11063.0	59.96567645977199
11138.0	60.0
11213.0	59.99378087966002
11288.0	59.993538428402196
11363.0	59.979334395315796
11438.0	60.0
11513.0	59.77635635727762
11588.0	59.96335447498238
11663.0	59.98969647533594
11738.0	59.99679384418083
11813.0	59.97595431319507
11888.0	60.0
11963.0	60.0
12038.0	59.97880083383387
12113.0	59.99584731979098
12188.0	59.9844662022218
12263.0	59.99773302603242
12338.0	59.97803538743136
12413.0	59.997380598969706
12488.0	60.0
12563.0	59.94600899850025
12638.0	59.995759717314485
12713.0	60.0
12788.0	59.95775804748308
12863.0	59.98731930002536
12938.0	59.97095435684647
13013.0	59.98486213732204
13088.0	59.97857525441886
13163.0	59.97414393211125
13238.0	59.98124824202269
13313.0	60.0
13388.0	60.0
13463.0	60.0
13538.0	60.0
13613.0	59.9915086328899
13688.0	59.99263396967651
13763.0	60.0
13838.0	59.88081725312145
13913.0	59.97944629566192
13988.0	59.97615126909318
14063.0	59.964640988166515
14138.0	59.987133053755244
14213.0	59.98962446321008
14288.0	59.97179125528914
14363.0	59.99660133680752
14438.0	59.95022345920197
14513.0	59.97245811338077
14588.0	59.944998281196284
14663.0	59.97445449707291
14738.0	59.99006828057107
14813.0	60.0
14888.0	59.972503866643756
14963.0	59.98858393188413
15038.0	59.80777787665747
15113.0	59.96942415491762
15188.0	59.98684210526316
15263.0	59.99029283287494
15338.0	59.996610169491525
15413.0	60.0
15488.0	59.985217123498614
15563.0	59.99501564533548
15638.0	59.989341454130184
15713.0	59.998162215143346
15788.0	59.968182139574346
15863.0	59.95556789780616
15938.0	59.972295129775446
16013.0	59.98908346599954
16088.0	59.976124154397134
16163.0	60.0
16238.0	59.96659242761692
16313.0	60.0
16388.0	59.96668979875087
16463.0	60.0
16538.0	59.99066075180948
16613.0	60.0
16688.0	59.95577228396462
16763.0	59.97854173186106
16838.0	59.98586683417086
16913.0	60.0
16988.0	59.991399493525726
17063.0	59.943060151839596
17138.0	59.995319204264725
17213.0	59.947896432733835
17288.0	59.979876126377924
17363.0	59.97619224760062
17438.0	60.0
17513.0	60.0
17588.0	59.97867614393603
17663.0	59.98991121872478
17738.0	59.98928724467933
17813.0	59.9919869119562
17888.0	59.97597677755164
17963.0	59.948333599107
18038.0	59.99268270374097
18113.0	59.991746337437235
18188.0	59.98168554073441
18263.0	59.987337097029496
18338.0	59.94998263285863
18413.0	59.94911121320281
18488.0	59.99802625086352
18563.0	59.9835667088911
18638.0	59.98550824649783
18713.0	59.98834159137278
18788.0	60.0
18863.0	59.979793269604414
18938.0	59.98954667410014
19013.0	59.98199549887472
19088.0	59.997197963853736
19163.0	60.0
19238.0	59.992736956784896
19313.0	60.0
19388.0	59.848866498740556
19463.0	60.0
19538.0	60.0
19613.0	60.0
19688.0	59.99492664778252
19763.0	59.99549836815846
19838.0	60.0
19913.0	59.9956979995698
19988.0	60.0
20063.0	60.0
20138.0	60.0
20213.0	60.0
20288.0	59.98507091316248
20363.0	60.0
20438.0	59.905738841142224
20513.0	59.9751621360563
20588.0	59.94424969379567
20663.0	59.98851762544494
20738.0	59.970335840661086
20813.0	59.98335529509675
20888.0	59.99056826220231
20963.0	59.99144446028804
21038.0	59.99200639488409
21113.0	59.81322102179088
21188.0	60.0
21263.0	60.0
21338.0	60.0
21413.0	60.0
21488.0	60.0
21563.0	59.981439472056095
21638.0	59.99286393910561
21713.0	59.95170849491476
21788.0	60.0
21863.0	60.0
21938.0	59.99682707562136
22013.0	59.974329720479176
22088.0	59.9856330439988
22163.0	60.0
22238.0	60.0
22313.0	60.0
22388.0	60.0
22463.0	59.962168978562424
22538.0	60.0
22613.0	60.0
22688.0	59.98903642343769
22763.0	59.967478415734256
22838.0	59.944316502251404
22913.0	59.99258618559249
22988.0	60.0
23063.0	60.0
23138.0	60.0
23213.0	59.94551200552145
23288.0	60.0
23363.0	59.99097778279012
23438.0	59.908440629470675
23513.0	59.87875988684256
23588.0	59.90356604721246
23663.0	60.0
23738.0	59.99770659735494
23813.0	59.991356335086074
23888.0	59.98676081200353
23963.0	59.99002261540508
24038.0	59.82124326314732
24113.0	59.9578270910734
24188.0	59.97254789819846
24263.0	60.0
24338.0	59.99048022001269
24413.0	59.995600205323754
24488.0	59.991142604074405
24563.0	59.97801213404455
24638.0	60.0
24713.0	59.99376104814391
24788.0	59.96842382247171
24863.0	59.97979525862069
24938.0	59.987604159493145
25013.0	59.9796394485684
25088.0	59.99693345599509
25163.0	60.0
25238.0	59.99182950908967
25313.0	59.98517603458925
25388.0	60.0
25463.0	59.99197753710389
25538.0	60.0
25613.0	59.94728750274544
25688.0	59.9937369519833
25763.0	59.97589780670041
25838.0	59.9948713565262
25913.0	60.0
25988.0	59.98429319371728
26063.0	59.984867591424965
26138.0	59.98958188637311
26213.0	59.94287527768962
26288.0	59.99236382148312
26363.0	60.0
26438.0	59.95856573705179
26513.0	60.0
26588.0	59.926425505824646
26663.0	59.99317742485692
26738.0	59.99707016944187
26813.0	59.94136220117276
26888.0	59.90923942639318
26963.0	59.98305403878742
27038.0	59.9969512195122
27113.0	59.979992219196355
27188.0	60.0
27263.0	60.0
27338.0	60.0
27413.0	59.979220452112585
27488.0	59.990510083036774
27563.0	60.0
27638.0	59.984752223634054
27713.0	60.0
27788.0	60.0
27863.0	59.99137187230371
27938.0	59.98455267110062
28013.0	59.98115155050936
28088.0	59.994265781048405
28163.0	59.99802267334564
28238.0	59.996079200156835
28313.0	59.99044915501552
28388.0	59.984862682909245
28463.0	60.0
28538.0	60.0
28613.0	59.99514955537591
28688.0	59.98630215170367
28763.0	59.98835290692031
28838.0	59.95797142056598
28913.0	60.0
28988.0	59.98313185268485
29063.0	59.962483767014575
29138.0	59.94893399719137
29213.0	59.97173411221557
29288.0	59.96742165684145
29363.0	59.995870612525806
29438.0	59.959951051284904
29513.0	59.98532768177372
29588.0	59.98472271731934
29663.0	59.99270959902795
29738.0	59.97533232835412
29813.0	59.954233409610985
29877.0	6.462585034013605
