# Position (bp)	A	C	G	T	N
0.0	25.895454100227056	23.565784660570195	24.268630217394634	26.27013102180812	0.0
1.0	25.821893922256027	19.809282108370166	15.661616603365719	38.707207366008085	0.0
2.0	28.03192590234379	18.97256215550092	18.811183622750754	34.184328319404536	0.0
3.0	22.789381221940268	22.018739020105407	15.62574355075665	39.56613620719767	0.0
4.0	33.8896862876057	13.522309467560104	14.766874638615398	37.821129606218804	0.0
5.0	34.80036189993563	15.058009675657095	22.802725814374995	27.338902610032278	0.0
6.0	30.466101259738686	17.64391071527605	21.160118065839985	30.729869959145272	0.0
7.0	34.493660225902595	17.21562421048091	20.048475188303513	28.24224037531298	0.0
8.0	22.415163285385347	26.942807493935465	22.077295330976675	28.564733889702516	0.0
9.0	27.87943645539564	18.567732778470443	15.868178298315488	37.68465246781843	0.0
10.0	25.85967460002835	16.32954501106097	25.663627381908483	32.1471530070022	0.0
11.0	27.843573032184647	17.748676688980318	19.603150476433047	34.80459980240199	0.0
12.0	26.170347152185393	19.278746710979014	21.65726604046035	32.89364009637525	0.0
13.0	26.159594287322303	20.668485170905846	18.611052342933203	34.56086819883865	0.0
14.0	30.454064623998917	18.08170739472565	20.641197337151095	30.823030644124334	0.0
15.0	29.813678630041885	17.837503363479698	20.024761372669442	32.32405663380898	0.0
16.0	29.489213243585766	17.575059515617845	18.66682961998328	34.26889762081311	0.0
17.0	30.04576386421196	17.746109147226953	19.710001294041042	32.49812569452005	0.0
18.0	30.25625093715274	17.28782348458551	18.927219434442442	33.528706143819306	0.0
19.0	29.63865444379857	18.03700135771608	19.5655616651638	32.75878253332156	0.0
20.0	29.895716724145366	17.276937107551245	20.046308183063672	32.78103798523971	0.0
21.0	28.877008587913654	18.09756453259443	19.62345459661865	33.40197228287327	0.0
22.0	29.59262355524426	18.72511281778464	22.50709155032279	29.17517207664831	0.0
23.0	29.398188753345504	20.155264384909426	21.288443802673118	29.158103059071948	0.0
24.0	31.517581498910335	19.585609031174066	18.49187732490906	30.40493214500654	0.0
25.0	28.804737422639963	21.06405092359612	19.412505366162264	30.71870628760165	0.0
26.0	31.835135062966398	16.705012046905907	21.595172610696995	29.864680279430704	0.0
27.0	25.93371223402835	20.749937865489567	25.237394910516038	28.07895498996605	0.0
28.0	25.784651029995047	19.616645475888728	18.563172824316467	36.035530669799755	0.0
29.0	27.418131363652236	19.6799713256937	17.609310522607718	35.29258678804635	0.0
30.0	26.218672114074515	19.17073834815493	16.86889845885102	37.74169107891953	0.0
31.0	33.593232667816714	14.28487564674678	17.906058172871163	34.21583351256534	0.0
32.0	34.03047543450084	15.64939396719192	22.36978599508717	27.950344603220067	0.0
33.0	30.757606105019303	17.966198150308866	20.861059094950598	30.41513664972123	0.0
34.0	33.349214497006066	16.35179015921758	21.254198397694537	29.044796946081817	0.0
35.0	25.724613230860495	20.600917795570766	25.01570834010469	28.65876063346405	0.0
