#GC Content (%)	Sample
1.0	0.0
2.0	0.0
3.0	0.0
4.0	0.0
5.0	0.0
6.0	0.0
7.0	0.0
8.0	0.0
9.0	0.0
10.0	0.0
11.0	0.0
12.0	0.0
13.0	0.0
14.0	0.0
15.0	0.0
16.0	5.1527799247694134E-5
17.0	0.0
18.0	0.0
19.0	0.0
20.0	5.1527799247694134E-5
21.0	5.1527799247694134E-5
22.0	1.0305559849538827E-4
23.0	6.698613902200237E-4
24.0	0.0032977791518524245
25.0	0.004328335136806307
26.0	0.0016488895759262123
27.0	0.00762611428865873
28.0	0.009275003864584944
29.0	0.006647086102952542
30.0	0.01860153552841758
31.0	0.03761529345081671
32.0	0.03910959962899985
33.0	0.04276807337558613
34.0	0.07105683516257022
35.0	0.07667336528056885
36.0	0.060854330911526776
37.0	0.07409697531818416
38.0	0.08213531200082445
39.0	0.06873808419642398
40.0	0.04338640696655846
41.0	0.06688308342350698
42.0	0.05575307878600504
43.0	0.0360179316741382
44.0	0.03720307105683517
45.0	0.03617251507188128
46.0	0.027052094605039417
47.0	0.015767506569794403
48.0	0.020971814293811505
49.0	0.015252228577317463
50.0	0.011026949039006544
51.0	0.008244447879631061
52.0	0.0061318081104756025
53.0	0.004585974133044778
54.0	0.003452362549595507
55.0	0.001958056371412377
56.0	0.0034523625495955067
57.0	7.729169887154121E-4
58.0	2.0611119699077653E-4
59.0	2.5763899623847065E-4
60.0	0.0
61.0	0.0
62.0	0.0
63.0	0.0
64.0	0.0
65.0	0.0
66.0	0.0
67.0	0.0
68.0	0.0
69.0	0.0
70.0	0.0
71.0	0.0
72.0	0.0
73.0	0.0
74.0	0.0
75.0	0.0
76.0	0.0
77.0	0.0
78.0	0.0
79.0	0.0
80.0	0.0
81.0	0.0
82.0	0.0
83.0	0.0
84.0	0.0
85.0	0.0
86.0	0.0
87.0	0.0
88.0	0.0
89.0	0.0
90.0	0.0
91.0	0.0
92.0	0.0
93.0	0.0
94.0	0.0
95.0	0.0
96.0	0.0
97.0	0.0
98.0	0.0
99.0	0.0
100.0	5.1527799247694134E-5
