#Insert size (bp)	insert size
56.0	4.0
57.0	1.0
60.0	1.0
62.0	1.0
63.0	1.0
64.0	1.0
65.0	1.0
67.0	1.0
73.0	1.0
76.0	1.0
77.0	1.0
78.0	3.0
79.0	1.0
80.0	3.0
81.0	1.0
82.0	1.0
83.0	3.0
84.0	2.0
85.0	5.0
88.0	2.0
89.0	3.0
90.0	2.0
91.0	2.0
92.0	2.0
93.0	7.0
94.0	2.0
95.0	3.0
97.0	4.0
99.0	2.0
100.0	1.0
103.0	3.0
104.0	2.0
105.0	1.0
106.0	6.0
107.0	2.0
109.0	2.0
110.0	3.0
111.0	5.0
112.0	4.0
113.0	5.0
114.0	1.0
115.0	11.0
116.0	3.0
117.0	3.0
119.0	4.0
120.0	2.0
122.0	14.0
123.0	3.0
124.0	2.0
125.0	1.0
127.0	13.0
128.0	2.0
130.0	2.0
131.0	2.0
132.0	3.0
133.0	1.0
134.0	1.0
135.0	4.0
136.0	2.0
137.0	1.0
138.0	2.0
139.0	4.0
140.0	1.0
141.0	8.0
142.0	2.0
143.0	8.0
145.0	6.0
146.0	1.0
147.0	6.0
148.0	6.0
149.0	3.0
150.0	4.0
152.0	6.0
153.0	6.0
154.0	3.0
155.0	4.0
156.0	1.0
157.0	2.0
158.0	2.0
160.0	3.0
161.0	3.0
162.0	4.0
163.0	2.0
164.0	2.0
165.0	1.0
166.0	1.0
167.0	2.0
168.0	3.0
169.0	2.0
170.0	6.0
171.0	7.0
172.0	6.0
173.0	2.0
174.0	4.0
175.0	7.0
176.0	4.0
177.0	2.0
178.0	10.0
179.0	2.0
180.0	3.0
181.0	4.0
183.0	1.0
184.0	1.0
185.0	1.0
186.0	1.0
187.0	1.0
189.0	4.0
190.0	6.0
192.0	13.0
193.0	11.0
194.0	4.0
196.0	1.0
197.0	1.0
199.0	5.0
200.0	2.0
201.0	2.0
202.0	6.0
204.0	3.0
205.0	5.0
206.0	1.0
207.0	2.0
209.0	21.0
210.0	3.0
211.0	1.0
212.0	1.0
213.0	5.0
214.0	5.0
215.0	4.0
216.0	2.0
218.0	1.0
219.0	2.0
220.0	4.0
221.0	3.0
222.0	1.0
223.0	4.0
224.0	4.0
225.0	9.0
226.0	5.0
227.0	5.0
228.0	2.0
229.0	15.0
230.0	3.0
231.0	5.0
233.0	3.0
234.0	3.0
236.0	1.0
237.0	4.0
238.0	2.0
239.0	1.0
240.0	9.0
241.0	2.0
242.0	11.0
245.0	3.0
246.0	1.0
247.0	4.0
248.0	6.0
249.0	3.0
250.0	6.0
251.0	3.0
252.0	6.0
253.0	11.0
255.0	3.0
256.0	16.0
257.0	3.0
258.0	7.0
259.0	1.0
260.0	2.0
261.0	6.0
262.0	2.0
263.0	12.0
264.0	1.0
265.0	3.0
266.0	1.0
267.0	2.0
268.0	2.0
269.0	9.0
270.0	2.0
271.0	1.0
272.0	1.0
276.0	1.0
277.0	1.0
278.0	17.0
280.0	3.0
281.0	1.0
283.0	1.0
284.0	1.0
286.0	1.0
287.0	2.0
289.0	3.0
290.0	2.0
291.0	1.0
292.0	2.0
293.0	1.0
294.0	8.0
295.0	1.0
296.0	1.0
297.0	4.0
299.0	2.0
300.0	1.0
301.0	3.0
302.0	1.0
303.0	3.0
305.0	1.0
306.0	3.0
307.0	1.0
308.0	1.0
309.0	3.0
310.0	6.0
311.0	1.0
312.0	4.0
313.0	2.0
314.0	4.0
315.0	3.0
316.0	3.0
317.0	1.0
318.0	5.0
319.0	2.0
322.0	1.0
323.0	1.0
324.0	1.0
326.0	1.0
327.0	2.0
328.0	1.0
330.0	1.0
331.0	2.0
332.0	1.0
333.0	1.0
335.0	2.0
336.0	4.0
337.0	2.0
341.0	5.0
343.0	1.0
345.0	1.0
348.0	3.0
349.0	16.0
350.0	2.0
354.0	1.0
355.0	4.0
356.0	1.0
357.0	1.0
358.0	2.0
361.0	2.0
364.0	1.0
366.0	1.0
367.0	3.0
368.0	1.0
369.0	2.0
370.0	1.0
372.0	2.0
373.0	2.0
374.0	3.0
375.0	6.0
376.0	6.0
377.0	9.0
378.0	19.0
379.0	33.0
380.0	43.0
381.0	38.0
382.0	44.0
383.0	36.0
384.0	26.0
385.0	32.0
386.0	20.0
387.0	28.0
388.0	25.0
389.0	28.0
390.0	15.0
391.0	23.0
392.0	39.0
393.0	33.0
394.0	24.0
395.0	13.0
396.0	13.0
397.0	10.0
398.0	16.0
399.0	16.0
400.0	17.0
401.0	12.0
402.0	9.0
403.0	12.0
404.0	9.0
405.0	16.0
406.0	12.0
407.0	8.0
408.0	11.0
409.0	19.0
410.0	9.0
411.0	12.0
412.0	13.0
413.0	8.0
414.0	3.0
415.0	5.0
416.0	10.0
417.0	7.0
418.0	6.0
419.0	4.0
420.0	1.0
427.0	1.0
430.0	2.0
433.0	1.0
444.0	1.0
447.0	1.0
449.0	1.0
451.0	1.0
457.0	1.0
458.0	1.0
461.0	2.0
463.0	1.0
464.0	1.0
465.0	1.0
467.0	1.0
470.0	1.0
471.0	1.0
472.0	3.0
475.0	1.0
484.0	1.0
485.0	1.0
489.0	1.0
490.0	1.0
494.0	1.0
495.0	2.0
497.0	1.0
504.0	1.0
507.0	1.0
510.0	2.0
516.0	1.0
517.0	1.0
522.0	1.0
533.0	1.0
540.0	3.0
547.0	1.0
555.0	1.0
556.0	1.0
558.0	2.0
559.0	1.0
560.0	3.0
561.0	1.0
570.0	1.0
575.0	2.0
576.0	4.0
577.0	1.0
581.0	1.0
584.0	2.0
585.0	2.0
587.0	1.0
588.0	10.0
589.0	3.0
595.0	2.0
598.0	1.0
601.0	1.0
604.0	1.0
606.0	2.0
607.0	1.0
608.0	1.0
610.0	2.0
611.0	6.0
612.0	1.0
613.0	11.0
614.0	7.0
616.0	3.0
618.0	1.0
619.0	1.0
621.0	4.0
622.0	1.0
623.0	1.0
626.0	1.0
627.0	2.0
629.0	1.0
630.0	1.0
633.0	1.0
634.0	1.0
636.0	2.0
637.0	1.0
639.0	2.0
641.0	1.0
642.0	2.0
643.0	1.0
645.0	2.0
646.0	2.0
647.0	1.0
648.0	2.0
649.0	2.0
650.0	3.0
651.0	5.0
652.0	9.0
654.0	2.0
655.0	1.0
657.0	4.0
660.0	2.0
661.0	2.0
662.0	2.0
663.0	1.0
664.0	1.0
665.0	5.0
666.0	1.0
667.0	2.0
668.0	7.0
670.0	2.0
671.0	1.0
672.0	2.0
673.0	1.0
684.0	1.0
685.0	1.0
687.0	2.0
716.0	1.0
718.0	3.0
732.0	1.0
753.0	2.0
755.0	1.0
766.0	1.0
770.0	1.0
775.0	1.0
778.0	2.0
785.0	1.0
795.0	1.0
798.0	2.0
803.0	1.0
809.0	1.0
812.0	1.0
814.0	1.0
815.0	2.0
819.0	1.0
823.0	1.0
825.0	10.0
828.0	2.0
830.0	1.0
833.0	1.0
837.0	4.0
849.0	4.0
855.0	1.0
856.0	2.0
858.0	8.0
859.0	1.0
868.0	7.0
871.0	2.0
873.0	1.0
881.0	1.0
882.0	1.0
903.0	1.0
911.0	1.0
918.0	1.0
939.0	1.0
940.0	3.0
942.0	1.0
949.0	1.0
950.0	5.0
963.0	1.0
964.0	1.0
967.0	3.0
968.0	1.0
970.0	1.0
973.0	4.0
977.0	2.0
979.0	1.0
982.0	1.0
983.0	1.0
984.0	4.0
986.0	1.0
989.0	1.0
992.0	1.0
997.0	1.0
998.0	2.0
999.0	1.0
1006.0	1.0
1007.0	1.0
1008.0	1.0
1013.0	2.0
1016.0	4.0
1018.0	4.0
1019.0	1.0
1020.0	2.0
1021.0	2.0
1022.0	10.0
1024.0	2.0
1027.0	2.0
1029.0	2.0
1032.0	1.0
1034.0	2.0
1035.0	1.0
1036.0	2.0
1039.0	1.0
1044.0	1.0
1046.0	1.0
1103.0	3.0
1177.0	1.0
1316.0	1.0
1374.0	2.0
1381.0	2.0
1386.0	5.0
1388.0	5.0
1396.0	1.0
1407.0	1.0
1422.0	1.0
1428.0	4.0
1436.0	1.0
1437.0	1.0
1445.0	2.0
1451.0	1.0
1454.0	1.0
1457.0	1.0
1471.0	3.0
1472.0	1.0
1480.0	1.0
1493.0	3.0
1495.0	1.0
1502.0	16.0
1550.0	1.0
1571.0	1.0
1576.0	1.0
1587.0	1.0
1588.0	1.0
1589.0	1.0
1599.0	1.0
1600.0	1.0
1611.0	9.0
1612.0	1.0
1617.0	1.0
1619.0	1.0
1621.0	1.0
1622.0	1.0
1633.0	1.0
1645.0	1.0
1646.0	1.0
1649.0	7.0
1653.0	4.0
1662.0	5.0
1664.0	1.0
1678.0	1.0
1686.0	1.0
1878.0	1.0
1945.0	1.0
1955.0	6.0
2009.0	1.0
2024.0	1.0
2042.0	1.0
2044.0	5.0
2047.0	1.0
2075.0	1.0
2089.0	2.0
2116.0	1.0
2118.0	1.0
2122.0	1.0
2168.0	1.0
2183.0	1.0
2186.0	1.0
2191.0	1.0
2194.0	1.0
2220.0	2.0
2237.0	1.0
2247.0	1.0
2256.0	1.0
2265.0	1.0
2271.0	1.0
2272.0	1.0
2501.0	1.0
2516.0	3.0
2579.0	4.0
2608.0	1.0
2611.0	1.0
2640.0	1.0
2647.0	1.0
2670.0	12.0
2677.0	1.0
2685.0	1.0
2700.0	1.0
2712.0	2.0
2713.0	2.0
2718.0	10.0
2728.0	5.0
2745.0	1.0
2750.0	1.0
2793.0	2.0
2798.0	1.0
2799.0	1.0
2806.0	1.0
2829.0	1.0
2837.0	1.0
2855.0	1.0
2867.0	1.0
2872.0	78.0
2877.0	1.0
2916.0	1.0
2922.0	1.0
3086.0	1.0
3138.0	1.0
3149.0	2.0
3153.0	1.0
3173.0	1.0
3176.0	3.0
3247.0	8.0
3270.0	1.0
3276.0	1.0
3296.0	1.0
3298.0	1.0
3301.0	1.0
3314.0	1.0
3341.0	1.0
3352.0	1.0
3354.0	3.0
3368.0	1.0
3420.0	4.0
3432.0	1.0
3444.0	1.0
3448.0	1.0
3462.0	1.0
3476.0	1.0
3501.0	2.0
3738.0	1.0
3775.0	2.0
3860.0	3.0
3880.0	1.0
3890.0	1.0
3921.0	1.0
3937.0	1.0
3964.0	3.0
3974.0	1.0
4012.0	1.0
4039.0	1.0
4070.0	1.0
4089.0	2.0
4099.0	1.0
4104.0	2.0
4123.0	1.0
4134.0	1.0
4376.0	1.0
4408.0	1.0
4412.0	1.0
4440.0	1.0
4462.0	1.0
4465.0	1.0
4497.0	1.0
4501.0	9.0
4508.0	16.0
4511.0	1.0
4516.0	3.0
4650.0	1.0
4659.0	19.0
4715.0	2.0
4892.0	1.0
5024.0	2.0
5127.0	1.0
5170.0	4.0
5232.0	8.0
5242.0	2.0
5302.0	1.0
5641.0	1.0
5673.0	1.0
5685.0	1.0
5720.0	3.0
5740.0	3.0
5769.0	1.0
5788.0	1.0
5873.0	1.0
5927.0	13.0
6279.0	5.0
6291.0	1.0
6318.0	4.0
6331.0	1.0
6410.0	1.0
6429.0	4.0
6433.0	1.0
6453.0	1.0
6455.0	1.0
6461.0	1.0
6624.0	2.0
7027.0	1.0
7052.0	1.0
7087.0	2.0
7116.0	1.0
7177.0	1.0
7510.0	1.0
7533.0	5.0
7547.0	1.0
7604.0	1.0
7664.0	10.0
7667.0	1.0
7678.0	1.0
7685.0	1.0
7689.0	1.0
8012.0	1.0
8033.0	2.0
8101.0	1.0
8275.0	1.0
8311.0	3.0
8329.0	1.0
8336.0	1.0
8373.0	1.0
8782.0	10.0
8791.0	1.0
8825.0	1.0
8867.0	1.0
8935.0	11.0
8951.0	1.0
8953.0	7.0
9379.0	1.0
9445.0	1.0
10007.0	3.0
10091.0	1.0
10121.0	1.0
10141.0	4.0
10174.0	1.0
10528.0	1.0
10561.0	1.0
10569.0	13.0
10618.0	1.0
10733.0	16.0
11084.0	1.0
11239.0	1.0
11240.0	1.0
11270.0	2.0
11313.0	1.0
11364.0	4.0
11367.0	1.0
11710.0	10.0
11848.0	1.0
11859.0	1.0
11919.0	17.0
11977.0	1.0
12896.0	6.0
13066.0	12.0
13129.0	1.0
13206.0	1.0
13256.0	1.0
13566.0	6.0
13641.0	1.0
13664.0	1.0
13669.0	6.0
14145.0	1.0
14222.0	9.0
14329.0	1.0
14782.0	1.0
14896.0	1.0
14918.0	1.0
14926.0	3.0
15448.0	1.0
15584.0	6.0
15602.0	1.0
16050.0	1.0
16054.0	1.0
16069.0	1.0
16179.0	4.0
16194.0	1.0
16674.0	5.0
16785.0	1.0
16803.0	1.0
16804.0	1.0
16807.0	5.0
16859.0	1.0
17449.0	1.0
17909.0	1.0
18036.0	1.0
18523.0	3.0
19131.0	4.0
19132.0	1.0
19267.0	3.0
19656.0	1.0
19723.0	1.0
20217.0	1.0
20307.0	1.0
20542.0	3.0
20683.0	1.0
20968.0	1.0
20978.0	2.0
20981.0	3.0
21098.0	1.0
21139.0	17.0
21713.0	278.0
22153.0	2.0
22316.0	10.0
22869.0	1.0
22915.0	4.0
23492.0	2.0
23511.0	1.0
23969.0	1.0
24139.0	4.0
25339.0	1.0
25585.0	1.0
25592.0	1.0
25593.0	117.0
25964.0	76.0
25973.0	1.0
26393.0	365.0
26413.0	2.0
26432.0	1.0
26456.0	3.0
26559.0	3.0
26560.0	562.0
27026.0	1.0
27184.0	1.0
27185.0	514.0
27440.0	1.0
27685.0	10.0
27718.0	6.0
27725.0	1.0
27822.0	1.0
27824.0	37.0
27825.0	1.0
28160.0	1.0
28181.0	1.0
28293.0	1.0
28304.0	1.0
28433.0	5.0
28434.0	930.0
28435.0	1.0
29525.0	1.0
29663.0	1.0
