#Position (bp)	Coverage
38.0	2509.0666666666666
113.0	32.42666666666667
188.0	4.8133333333333335
263.0	3.6
338.0	23.546666666666667
413.0	55.946666666666665
488.0	60.85333333333333
563.0	44.22666666666667
638.0	32.306666666666665
713.0	184.22666666666666
788.0	10.693333333333333
863.0	20.266666666666666
938.0	26.573333333333334
1013.0	32.93333333333333
1088.0	17.653333333333332
1163.0	13.666666666666666
1238.0	21.373333333333335
1313.0	38.54666666666667
1388.0	22.52
1463.0	25.813333333333333
1538.0	31.76
1613.0	34.29333333333334
1688.0	14.906666666666666
1763.0	21.226666666666667
1838.0	25.30666666666667
1913.0	43.08
1988.0	18.413333333333334
2063.0	14.72
2138.0	13.053333333333333
2213.0	33.16
2288.0	26.133333333333333
2363.0	23.626666666666665
2438.0	19.906666666666666
2513.0	34.04
2588.0	33.08
2663.0	9.893333333333333
2738.0	13.853333333333333
2813.0	22.85333333333333
2888.0	29.64
2963.0	12.933333333333334
3038.0	14.346666666666666
3113.0	12.013333333333334
3188.0	24.12
3263.0	18.333333333333332
3338.0	22.16
3413.0	13.586666666666666
3488.0	39.413333333333334
3563.0	33.74666666666667
3638.0	34.89333333333333
3713.0	27.88
3788.0	31.586666666666666
3863.0	16.64
3938.0	6.573333333333333
4013.0	7.24
4088.0	16.093333333333334
4163.0	13.453333333333333
4238.0	16.04
4313.0	24.14666666666667
4388.0	32.4
4463.0	10.986666666666666
4538.0	12.133333333333333
4613.0	19.173333333333332
4688.0	28.0
4763.0	17.613333333333333
4838.0	21.666666666666668
4913.0	19.533333333333335
4988.0	20.813333333333333
5063.0	6.0
5138.0	8.44
5213.0	6.96
5288.0	17.333333333333332
5363.0	8.64
5438.0	12.666666666666666
5513.0	25.253333333333334
5588.0	39.72
5663.0	17.373333333333335
5738.0	14.386666666666667
5813.0	15.853333333333333
5888.0	30.466666666666665
5963.0	23.85333333333333
6038.0	19.133333333333333
6113.0	29.373333333333335
6188.0	34.36
6263.0	28.0
6338.0	16.14666666666667
6413.0	13.866666666666667
6488.0	38.666666666666664
6563.0	36.586666666666666
6638.0	32.093333333333334
6713.0	34.56
6788.0	42.08
6863.0	32.16
6938.0	13.4
7013.0	18.68
7088.0	29.213333333333335
7163.0	12.746666666666666
7238.0	18.773333333333333
7313.0	39.28
7388.0	40.32
7463.0	13.68
7538.0	15.306666666666667
7613.0	27.36
7688.0	31.186666666666667
7763.0	15.72
7838.0	17.92
7913.0	16.946666666666665
7988.0	28.0
8063.0	12.626666666666667
8138.0	14.013333333333334
8213.0	20.213333333333335
8288.0	44.266666666666666
8363.0	19.613333333333333
8438.0	12.36
8513.0	21.453333333333333
8588.0	29.626666666666665
8663.0	20.85333333333333
8738.0	7.32
8813.0	9.16
8888.0	38.053333333333335
8963.0	41.32
9038.0	19.12
9113.0	29.666666666666668
9188.0	30.653333333333332
9263.0	18.69333333333333
9338.0	2.466666666666667
9413.0	3.506666666666667
9488.0	31.866666666666667
9563.0	48.653333333333336
9638.0	23.92
9713.0	30.786666666666665
9788.0	25.32
9863.0	24.92
9938.0	19.85333333333333
10013.0	23.30666666666667
10088.0	61.81333333333333
10163.0	50.306666666666665
10238.0	28.48
10313.0	25.346666666666668
10388.0	49.973333333333336
10463.0	42.6
10538.0	33.92
10613.0	52.52
10688.0	49.61333333333334
10763.0	16.2
10838.0	6.293333333333333
10913.0	16.68
10988.0	40.13333333333333
11063.0	46.013333333333335
11138.0	15.626666666666667
11213.0	26.066666666666666
11288.0	33.28
11363.0	49.14666666666667
11438.0	31.8
11513.0	31.32
11588.0	36.53333333333333
11663.0	42.733333333333334
11738.0	25.56
11813.0	26.773333333333333
11888.0	66.08
11963.0	36.653333333333336
12038.0	29.08
12113.0	34.2
12188.0	53.24
12263.0	30.813333333333333
12338.0	19.533333333333335
12413.0	23.14666666666667
12488.0	24.453333333333333
12563.0	14.706666666666667
12638.0	12.946666666666667
12713.0	14.48
12788.0	16.453333333333333
12863.0	11.44
12938.0	17.893333333333334
13013.0	31.85333333333333
13088.0	31.04
13163.0	18.92
13238.0	19.573333333333334
13313.0	38.68
13388.0	38.57333333333333
13463.0	23.30666666666667
13538.0	16.773333333333333
13613.0	21.666666666666668
13688.0	15.586666666666666
13763.0	10.56
13838.0	11.573333333333334
13913.0	15.8
13988.0	15.786666666666667
14063.0	10.893333333333333
14138.0	13.866666666666667
14213.0	16.386666666666667
14288.0	18.64
14363.0	10.453333333333333
14438.0	10.506666666666666
14513.0	10.626666666666667
14588.0	37.24
14663.0	34.21333333333333
14738.0	35.70666666666666
14813.0	28.24
14888.0	47.666666666666664
14963.0	15.253333333333334
15038.0	19.426666666666666
15113.0	30.69333333333333
15188.0	63.85333333333333
15263.0	33.54666666666667
15338.0	20.52
15413.0	18.253333333333334
15488.0	23.813333333333333
15563.0	22.826666666666668
15638.0	17.293333333333333
15713.0	19.85333333333333
15788.0	23.813333333333333
15863.0	27.44
15938.0	12.32
16013.0	18.666666666666668
16088.0	16.346666666666668
16163.0	26.0
16238.0	14.813333333333333
16313.0	14.666666666666666
16388.0	18.106666666666666
16463.0	48.85333333333333
16538.0	34.72
16613.0	34.72
16688.0	26.88
16763.0	30.2
16838.0	20.173333333333332
16913.0	13.093333333333334
16988.0	30.133333333333333
17063.0	42.013333333333335
17138.0	40.04
17213.0	12.786666666666667
17288.0	17.30666666666667
17363.0	29.0
17438.0	41.04
17513.0	16.053333333333335
17588.0	17.813333333333333
17663.0	21.946666666666665
17738.0	27.68
17813.0	12.346666666666666
17888.0	10.693333333333333
17963.0	16.226666666666667
18038.0	19.546666666666667
18113.0	13.333333333333334
18188.0	32.626666666666665
18263.0	49.413333333333334
18338.0	39.6
18413.0	15.2
18488.0	15.946666666666667
18563.0	21.72
18638.0	68.2
18713.0	37.04
18788.0	38.906666666666666
18863.0	27.4
18938.0	50.92
19013.0	18.546666666666667
19088.0	19.69333333333333
19163.0	20.986666666666668
19238.0	47.81333333333333
19313.0	34.77333333333333
19388.0	19.16
19463.0	15.293333333333333
19538.0	30.84
19613.0	30.213333333333335
19688.0	11.133333333333333
19763.0	13.226666666666667
19838.0	22.946666666666665
19913.0	38.093333333333334
19988.0	22.533333333333335
20063.0	23.213333333333335
20138.0	21.986666666666668
20213.0	45.693333333333335
20288.0	19.96
20363.0	21.226666666666667
20438.0	28.413333333333334
20513.0	40.10666666666667
20588.0	22.69333333333333
20663.0	14.626666666666667
20738.0	15.906666666666666
20813.0	24.88
20888.0	18.2
20963.0	11.4
21038.0	11.72
21113.0	28.226666666666667
21188.0	11.0
21263.0	10.56
21338.0	14.853333333333333
21413.0	30.14666666666667
21488.0	21.866666666666667
21563.0	24.08
21638.0	26.053333333333335
21713.0	44.413333333333334
21788.0	21.013333333333332
21863.0	19.226666666666667
21938.0	25.76
22013.0	39.42666666666667
22088.0	10.213333333333333
22163.0	16.69333333333333
22238.0	29.626666666666665
22313.0	66.96
22388.0	29.24
22463.0	21.426666666666666
22538.0	20.893333333333334
22613.0	28.16
22688.0	19.12
22763.0	22.933333333333334
22838.0	44.25333333333333
22913.0	31.413333333333334
22988.0	23.84
23063.0	20.706666666666667
23138.0	33.666666666666664
23213.0	28.133333333333333
23288.0	18.106666666666666
23363.0	19.173333333333332
23438.0	24.32
23513.0	31.546666666666667
23588.0	18.493333333333332
23663.0	17.52
23738.0	15.773333333333333
23813.0	28.92
23888.0	13.573333333333334
23963.0	18.69333333333333
24038.0	20.346666666666668
24113.0	39.46666666666667
24188.0	21.0
24263.0	21.386666666666667
24338.0	29.2
24413.0	46.693333333333335
24488.0	19.026666666666667
24563.0	8.893333333333333
24638.0	15.36
24713.0	30.08
24788.0	24.786666666666665
24863.0	19.466666666666665
24938.0	20.226666666666667
25013.0	35.266666666666666
25088.0	17.573333333333334
25163.0	5.1066666666666665
25238.0	2.6266666666666665
25313.0	34.92
25388.0	40.89333333333333
25463.0	56.81333333333333
25538.0	62.48
25613.0	91.09333333333333
25688.0	38.06666666666667
25763.0	13.4
25838.0	47.32
25913.0	72.94666666666667
25988.0	56.82666666666667
26063.0	27.346666666666668
26138.0	23.52
26213.0	43.906666666666666
26288.0	66.66666666666667
26363.0	11.853333333333333
26438.0	13.746666666666666
26513.0	93.45333333333333
26588.0	113.97333333333333
26663.0	81.73333333333333
26738.0	90.89333333333333
26813.0	53.13333333333333
26888.0	77.69333333333333
26963.0	38.06666666666667
27038.0	47.8
27113.0	53.74666666666667
27188.0	80.13333333333334
27263.0	24.746666666666666
27338.0	27.973333333333333
27413.0	41.44
27488.0	72.94666666666667
27563.0	29.56
27638.0	17.026666666666667
27713.0	22.546666666666667
27788.0	94.2
27863.0	82.06666666666666
27938.0	22.746666666666666
28013.0	27.826666666666668
28088.0	41.093333333333334
28163.0	46.36
28238.0	35.2
28313.0	57.92
28388.0	79.46666666666667
28463.0	76.52
28538.0	38.093333333333334
28613.0	39.08
28688.0	73.58666666666667
28763.0	106.28
28838.0	86.0
28913.0	64.64
28988.0	90.25333333333333
29063.0	93.82666666666667
29138.0	101.73333333333333
29213.0	56.16
29288.0	72.72
29363.0	121.32
29438.0	24.333333333333332
29513.0	90.13333333333334
29588.0	86.48
29663.0	63.333333333333336
29738.0	24.786666666666665
29813.0	22.613333333333333
29877.0	7.9245283018867925
