#Coverage	Number of genomic locations
0.0	635.0
1.0	62.0
2.0	123.0
3.0	312.0
4.0	267.0
5.0	329.0
6.0	134.0
7.0	140.0
8.0	172.0
9.0	175.0
10.0	226.0
11.0	322.0
12.0	390.0
13.0	274.0
14.0	356.0
15.0	351.0
16.0	256.0
17.0	282.0
18.0	192.0
19.0	224.0
20.0	231.0
21.0	174.0
22.0	212.0
23.0	216.0
24.0	253.0
25.0	236.0
26.0	186.0
27.0	176.0
28.0	147.0
29.0	211.0
30.0	161.0
31.0	162.0
32.0	201.0
33.0	149.0
34.0	136.0
35.0	141.0
36.0	217.0
37.0	167.0
38.0	203.0
39.0	127.0
40.0	95.0
41.0	89.0
42.0	54.0
43.0	61.0
44.0	67.0
45.0	73.0
46.0	61.0
47.0	72.0
48.0	71.0
49.0	65.0
50.0	60.0
51.0	45.0
52.0	56.0
53.0	81.0
54.0	73.0
55.0	71.0
56.0	86.0
57.0	89.0
58.0	105.0
59.0	96.0
60.0	99.0
61.0	112.0
62.0	77.0
63.0	76.0
64.0	81.0
65.0	63.0
66.0	67.0
67.0	71.0
68.0	73.0
69.0	66.0
70.0	63.0
71.0	37.0
72.0	52.0
73.0	60.0
74.0	50.0
75.0	35.0
76.0	47.0
77.0	44.0
78.0	40.0
79.0	34.0
80.0	23.0
81.0	43.0
82.0	36.0
83.0	38.0
84.0	29.0
85.0	23.0
86.0	48.0
87.0	46.0
88.0	28.0
89.0	33.0
90.0	23.0
91.0	21.0
92.0	22.0
93.0	23.0
94.0	35.0
95.0	17.0
96.0	15.0
97.0	15.0
98.0	16.0
99.0	15.0
100.0	13.0
101.0	20.0
102.0	13.0
103.0	6.0
104.0	16.0
105.0	21.0
106.0	28.0
107.0	21.0
108.0	30.0
109.0	33.0
110.0	24.0
111.0	33.0
112.0	35.0
113.0	35.0
114.0	34.0
115.0	34.0
116.0	27.0
117.0	41.0
118.0	23.0
119.0	36.0
120.0	47.0
121.0	48.0
122.0	50.0
123.0	24.0
124.0	22.0
125.0	29.0
126.0	32.0
127.0	26.0
128.0	14.0
129.0	20.0
130.0	18.0
131.0	15.0
132.0	19.0
133.0	27.0
134.0	23.0
135.0	30.0
136.0	28.0
137.0	29.0
138.0	34.0
139.0	16.0
140.0	29.0
141.0	24.0
142.0	25.0
143.0	23.0
144.0	16.0
145.0	19.0
146.0	22.0
147.0	25.0
148.0	20.0
149.0	14.0
150.0	11.0
151.0	12.0
152.0	36.0
153.0	41.0
154.0	26.0
155.0	32.0
156.0	23.0
157.0	18.0
158.0	26.0
159.0	37.0
160.0	34.0
161.0	26.0
162.0	25.0
163.0	16.0
164.0	29.0
165.0	25.0
166.0	17.0
167.0	25.0
168.0	22.0
169.0	26.0
170.0	33.0
171.0	18.0
172.0	30.0
173.0	27.0
174.0	37.0
175.0	35.0
176.0	28.0
177.0	32.0
178.0	40.0
179.0	39.0
180.0	40.0
181.0	36.0
182.0	22.0
183.0	28.0
184.0	36.0
185.0	31.0
186.0	34.0
187.0	54.0
188.0	38.0
189.0	30.0
190.0	51.0
191.0	40.0
192.0	37.0
193.0	46.0
194.0	48.0
195.0	53.0
196.0	63.0
197.0	66.0
198.0	59.0
199.0	58.0
200.0	85.0
201.0	75.0
202.0	63.0
203.0	59.0
204.0	70.0
205.0	70.0
206.0	58.0
207.0	66.0
208.0	65.0
209.0	68.0
210.0	57.0
211.0	48.0
212.0	45.0
213.0	52.0
214.0	52.0
215.0	64.0
216.0	52.0
217.0	71.0
218.0	42.0
219.0	48.0
220.0	41.0
221.0	29.0
222.0	42.0
223.0	34.0
224.0	37.0
225.0	32.0
226.0	19.0
227.0	26.0
228.0	32.0
229.0	25.0
230.0	40.0
231.0	29.0
232.0	39.0
233.0	36.0
234.0	36.0
235.0	32.0
236.0	36.0
237.0	38.0
238.0	29.0
239.0	35.0
240.0	48.0
241.0	25.0
242.0	34.0
243.0	48.0
244.0	36.0
245.0	23.0
246.0	31.0
247.0	35.0
248.0	33.0
249.0	30.0
250.0	24.0
251.0	39.0
252.0	32.0
253.0	21.0
254.0	22.0
255.0	33.0
256.0	41.0
257.0	30.0
258.0	25.0
259.0	47.0
260.0	40.0
261.0	31.0
262.0	23.0
263.0	35.0
264.0	39.0
265.0	29.0
266.0	39.0
267.0	44.0
268.0	39.0
269.0	35.0
270.0	24.0
271.0	34.0
272.0	21.0
273.0	31.0
274.0	21.0
275.0	30.0
276.0	31.0
277.0	25.0
278.0	29.0
279.0	28.0
280.0	39.0
281.0	28.0
282.0	35.0
283.0	23.0
284.0	26.0
285.0	25.0
286.0	16.0
287.0	17.0
288.0	20.0
289.0	14.0
290.0	21.0
291.0	18.0
292.0	14.0
293.0	18.0
294.0	26.0
295.0	16.0
296.0	15.0
297.0	12.0
298.0	15.0
299.0	10.0
300.0	3.0
301.0	14.0
302.0	9.0
303.0	12.0
304.0	16.0
305.0	6.0
306.0	19.0
307.0	11.0
308.0	13.0
309.0	7.0
310.0	12.0
311.0	12.0
312.0	20.0
313.0	11.0
314.0	9.0
315.0	16.0
316.0	17.0
317.0	19.0
318.0	10.0
319.0	16.0
320.0	13.0
321.0	12.0
322.0	11.0
323.0	9.0
324.0	20.0
325.0	12.0
326.0	16.0
327.0	9.0
328.0	11.0
329.0	11.0
330.0	11.0
331.0	16.0
332.0	20.0
333.0	10.0
334.0	7.0
335.0	13.0
336.0	16.0
337.0	8.0
338.0	12.0
339.0	7.0
340.0	13.0
341.0	7.0
342.0	4.0
343.0	11.0
344.0	4.0
345.0	3.0
346.0	11.0
347.0	3.0
348.0	8.0
349.0	5.0
350.0	7.0
351.0	6.0
352.0	7.0
353.0	7.0
354.0	1.0
355.0	12.0
356.0	8.0
357.0	2.0
358.0	5.0
359.0	5.0
360.0	9.0
361.0	3.0
362.0	8.0
363.0	4.0
364.0	4.0
365.0	9.0
366.0	10.0
367.0	4.0
368.0	5.0
369.0	5.0
370.0	5.0
371.0	7.0
372.0	8.0
373.0	3.0
374.0	6.0
375.0	2.0
376.0	2.0
377.0	2.0
378.0	3.0
379.0	3.0
380.0	5.0
381.0	6.0
382.0	4.0
383.0	7.0
384.0	5.0
385.0	4.0
386.0	7.0
387.0	5.0
388.0	8.0
389.0	9.0
390.0	4.0
391.0	3.0
392.0	2.0
395.0	10.0
396.0	7.0
397.0	5.0
398.0	9.0
399.0	7.0
400.0	6.0
401.0	8.0
402.0	6.0
403.0	10.0
404.0	8.0
405.0	3.0
406.0	6.0
407.0	7.0
408.0	9.0
409.0	13.0
410.0	4.0
411.0	8.0
412.0	9.0
413.0	17.0
414.0	8.0
415.0	10.0
416.0	4.0
417.0	8.0
418.0	16.0
419.0	14.0
420.0	11.0
421.0	12.0
422.0	15.0
423.0	12.0
424.0	16.0
425.0	14.0
426.0	14.0
427.0	14.0
428.0	14.0
429.0	11.0
430.0	17.0
431.0	13.0
432.0	14.0
433.0	14.0
434.0	15.0
435.0	12.0
436.0	26.0
437.0	9.0
438.0	22.0
439.0	20.0
440.0	17.0
441.0	21.0
442.0	20.0
443.0	21.0
444.0	22.0
445.0	18.0
446.0	22.0
447.0	17.0
448.0	16.0
449.0	21.0
450.0	18.0
451.0	16.0
452.0	11.0
453.0	24.0
454.0	18.0
455.0	24.0
456.0	10.0
457.0	19.0
458.0	12.0
459.0	15.0
460.0	13.0
461.0	19.0
462.0	16.0
463.0	16.0
464.0	14.0
465.0	12.0
466.0	13.0
467.0	13.0
468.0	18.0
469.0	13.0
470.0	15.0
471.0	19.0
472.0	8.0
473.0	9.0
474.0	16.0
475.0	7.0
476.0	10.0
477.0	8.0
478.0	10.0
479.0	13.0
480.0	16.0
481.0	7.0
482.0	11.0
483.0	15.0
484.0	7.0
485.0	10.0
486.0	11.0
487.0	5.0
488.0	10.0
489.0	13.0
490.0	10.0
491.0	8.0
492.0	5.0
493.0	14.0
494.0	20.0
495.0	9.0
496.0	6.0
497.0	15.0
498.0	16.0
499.0	9.0
500.0	9.0
501.0	5.0
502.0	4.0
503.0	5.0
504.0	4.0
505.0	5.0
506.0	11.0
507.0	4.0
508.0	9.0
509.0	8.0
510.0	4.0
511.0	7.0
512.0	10.0
513.0	13.0
514.0	6.0
515.0	7.0
516.0	6.0
517.0	4.0
518.0	3.0
519.0	4.0
520.0	5.0
521.0	8.0
522.0	4.0
523.0	4.0
524.0	7.0
525.0	7.0
526.0	10.0
527.0	8.0
528.0	9.0
529.0	13.0
530.0	13.0
531.0	6.0
532.0	7.0
533.0	8.0
534.0	4.0
535.0	5.0
536.0	7.0
537.0	3.0
538.0	3.0
539.0	9.0
540.0	5.0
541.0	8.0
542.0	6.0
543.0	6.0
544.0	8.0
545.0	10.0
546.0	4.0
547.0	10.0
548.0	11.0
549.0	10.0
550.0	9.0
551.0	5.0
552.0	8.0
553.0	6.0
554.0	4.0
555.0	7.0
556.0	14.0
557.0	9.0
558.0	8.0
559.0	12.0
560.0	10.0
561.0	8.0
562.0	8.0
563.0	9.0
564.0	17.0
565.0	11.0
566.0	7.0
567.0	11.0
568.0	2.0
569.0	4.0
570.0	8.0
571.0	5.0
572.0	5.0
573.0	6.0
574.0	6.0
575.0	8.0
576.0	3.0
577.0	5.0
578.0	6.0
579.0	3.0
580.0	7.0
581.0	12.0
582.0	13.0
583.0	10.0
584.0	2.0
585.0	8.0
586.0	10.0
587.0	5.0
588.0	11.0
589.0	9.0
590.0	13.0
591.0	10.0
592.0	11.0
593.0	7.0
594.0	14.0
595.0	11.0
596.0	9.0
597.0	15.0
598.0	9.0
599.0	9.0
600.0	9.0
601.0	8.0
602.0	10.0
603.0	12.0
604.0	10.0
605.0	8.0
606.0	8.0
607.0	11.0
608.0	8.0
609.0	3.0
610.0	7.0
611.0	8.0
612.0	13.0
613.0	5.0
614.0	2.0
615.0	7.0
616.0	8.0
617.0	11.0
618.0	6.0
619.0	9.0
620.0	7.0
621.0	7.0
622.0	5.0
623.0	14.0
624.0	13.0
625.0	16.0
626.0	11.0
627.0	14.0
628.0	13.0
629.0	5.0
630.0	9.0
631.0	7.0
632.0	9.0
633.0	10.0
634.0	9.0
635.0	11.0
636.0	4.0
637.0	10.0
638.0	8.0
639.0	7.0
640.0	7.0
641.0	8.0
642.0	4.0
643.0	4.0
644.0	9.0
645.0	9.0
646.0	5.0
647.0	4.0
648.0	12.0
649.0	5.0
650.0	6.0
651.0	7.0
652.0	13.0
653.0	11.0
654.0	10.0
655.0	11.0
656.0	3.0
657.0	7.0
658.0	4.0
659.0	8.0
660.0	6.0
661.0	7.0
662.0	10.0
663.0	7.0
664.0	9.0
665.0	11.0
666.0	7.0
667.0	6.0
668.0	11.0
669.0	5.0
670.0	12.0
671.0	10.0
672.0	2.0
673.0	3.0
674.0	2.0
675.0	6.0
676.0	7.0
677.0	7.0
678.0	5.0
679.0	12.0
680.0	5.0
681.0	7.0
682.0	6.0
683.0	6.0
684.0	6.0
685.0	1.0
686.0	4.0
687.0	5.0
688.0	3.0
689.0	3.0
690.0	8.0
691.0	7.0
692.0	3.0
693.0	6.0
694.0	6.0
695.0	6.0
696.0	4.0
697.0	10.0
698.0	10.0
699.0	9.0
700.0	7.0
701.0	8.0
702.0	10.0
703.0	5.0
704.0	3.0
705.0	7.0
706.0	10.0
707.0	8.0
708.0	2.0
709.0	2.0
710.0	6.0
711.0	6.0
712.0	6.0
713.0	5.0
714.0	6.0
715.0	5.0
716.0	3.0
717.0	3.0
718.0	11.0
719.0	7.0
720.0	8.0
721.0	4.0
722.0	5.0
723.0	5.0
724.0	2.0
725.0	9.0
726.0	1.0
727.0	4.0
728.0	2.0
729.0	1.0
730.0	5.0
731.0	4.0
732.0	2.0
733.0	6.0
734.0	3.0
735.0	5.0
736.0	5.0
737.0	3.0
738.0	3.0
739.0	7.0
740.0	5.0
741.0	4.0
742.0	5.0
743.0	8.0
744.0	5.0
745.0	6.0
746.0	10.0
747.0	4.0
748.0	5.0
749.0	2.0
750.0	4.0
751.0	8.0
752.0	4.0
753.0	6.0
754.0	4.0
755.0	6.0
756.0	2.0
757.0	3.0
758.0	2.0
759.0	6.0
760.0	7.0
761.0	1.0
762.0	2.0
763.0	2.0
764.0	4.0
765.0	2.0
766.0	2.0
767.0	5.0
768.0	2.0
769.0	4.0
770.0	5.0
771.0	4.0
772.0	9.0
773.0	6.0
774.0	6.0
775.0	4.0
776.0	9.0
777.0	4.0
778.0	5.0
779.0	1.0
780.0	7.0
781.0	5.0
782.0	5.0
783.0	6.0
784.0	9.0
785.0	4.0
786.0	11.0
787.0	3.0
788.0	8.0
789.0	7.0
790.0	9.0
791.0	8.0
792.0	7.0
793.0	7.0
794.0	10.0
795.0	7.0
796.0	5.0
797.0	5.0
798.0	7.0
799.0	5.0
800.0	5.0
801.0	12.0
802.0	9.0
803.0	9.0
804.0	15.0
805.0	12.0
806.0	12.0
807.0	12.0
808.0	6.0
809.0	7.0
810.0	6.0
811.0	4.0
812.0	11.0
813.0	8.0
814.0	7.0
815.0	10.0
816.0	6.0
817.0	6.0
818.0	12.0
819.0	12.0
820.0	4.0
821.0	8.0
822.0	9.0
823.0	6.0
824.0	5.0
825.0	6.0
826.0	7.0
827.0	7.0
828.0	8.0
829.0	3.0
830.0	6.0
831.0	8.0
832.0	3.0
833.0	4.0
834.0	7.0
835.0	11.0
836.0	4.0
837.0	8.0
838.0	6.0
839.0	6.0
840.0	6.0
841.0	4.0
842.0	5.0
843.0	4.0
844.0	4.0
845.0	5.0
846.0	3.0
847.0	10.0
848.0	6.0
849.0	1.0
850.0	3.0
851.0	6.0
852.0	10.0
853.0	5.0
854.0	6.0
855.0	5.0
856.0	3.0
857.0	4.0
858.0	7.0
859.0	12.0
860.0	5.0
861.0	4.0
862.0	3.0
863.0	5.0
864.0	3.0
865.0	8.0
866.0	9.0
867.0	8.0
868.0	2.0
869.0	3.0
870.0	6.0
871.0	5.0
872.0	5.0
873.0	6.0
874.0	1.0
875.0	5.0
876.0	10.0
877.0	4.0
878.0	3.0
879.0	8.0
880.0	7.0
881.0	6.0
882.0	8.0
883.0	9.0
884.0	9.0
885.0	9.0
886.0	6.0
887.0	3.0
888.0	13.0
889.0	5.0
890.0	8.0
891.0	5.0
892.0	10.0
893.0	7.0
894.0	3.0
895.0	8.0
896.0	3.0
897.0	4.0
898.0	7.0
899.0	8.0
900.0	6.0
901.0	5.0
902.0	6.0
903.0	7.0
904.0	4.0
905.0	1.0
906.0	8.0
907.0	9.0
908.0	4.0
909.0	3.0
910.0	5.0
911.0	2.0
912.0	2.0
913.0	7.0
914.0	2.0
915.0	2.0
916.0	5.0
917.0	3.0
918.0	1.0
919.0	3.0
920.0	11.0
921.0	5.0
922.0	4.0
923.0	4.0
924.0	4.0
925.0	5.0
926.0	4.0
927.0	9.0
928.0	5.0
929.0	8.0
930.0	4.0
931.0	2.0
932.0	3.0
933.0	9.0
934.0	4.0
935.0	5.0
936.0	2.0
937.0	3.0
938.0	3.0
939.0	5.0
940.0	4.0
941.0	5.0
942.0	9.0
943.0	2.0
944.0	6.0
945.0	2.0
946.0	8.0
947.0	7.0
948.0	7.0
949.0	2.0
950.0	3.0
951.0	4.0
952.0	4.0
953.0	6.0
954.0	2.0
955.0	5.0
956.0	4.0
957.0	8.0
958.0	7.0
959.0	5.0
960.0	1.0
961.0	3.0
962.0	1.0
963.0	6.0
964.0	4.0
965.0	4.0
966.0	6.0
967.0	2.0
968.0	6.0
969.0	6.0
970.0	7.0
971.0	5.0
972.0	6.0
973.0	3.0
974.0	10.0
975.0	3.0
976.0	10.0
977.0	6.0
978.0	4.0
979.0	2.0
980.0	2.0
981.0	7.0
982.0	9.0
983.0	8.0
984.0	9.0
985.0	4.0
986.0	6.0
987.0	5.0
988.0	5.0
989.0	8.0
990.0	7.0
991.0	2.0
992.0	8.0
993.0	2.0
994.0	8.0
995.0	6.0
996.0	6.0
997.0	7.0
998.0	6.0
999.0	2.0
1000.0	14.0
1001.0	5.0
1002.0	3.0
1003.0	6.0
1004.0	6.0
1005.0	7.0
1006.0	4.0
1007.0	4.0
1008.0	6.0
1009.0	5.0
1010.0	5.0
1012.0	7.0
1013.0	9.0
1014.0	5.0
1015.0	3.0
1016.0	3.0
1017.0	7.0
1018.0	2.0
1019.0	2.0
1020.0	4.0
1021.0	5.0
1022.0	3.0
1023.0	4.0
1024.0	5.0
1025.0	3.0
1026.0	3.0
1027.0	6.0
1028.0	5.0
1029.0	2.0
1030.0	3.0
1031.0	5.0
1032.0	4.0
1033.0	4.0
1034.0	2.0
1035.0	1.0
1036.0	7.0
1037.0	1.0
1038.0	6.0
1039.0	5.0
1040.0	5.0
1041.0	7.0
1042.0	7.0
1043.0	5.0
1044.0	3.0
1045.0	6.0
1046.0	5.0
1047.0	6.0
1048.0	6.0
1049.0	8.0
1050.0	3.0
1051.0	6.0
1052.0	9.0
1053.0	3.0
1054.0	5.0
1055.0	5.0
1056.0	4.0
1057.0	5.0
1058.0	2.0
1059.0	5.0
1060.0	4.0
1061.0	3.0
1062.0	4.0
1064.0	4.0
1065.0	2.0
1066.0	2.0
1067.0	4.0
1068.0	5.0
1069.0	5.0
1070.0	7.0
1071.0	1.0
1072.0	4.0
1073.0	2.0
1074.0	12.0
1075.0	2.0
1076.0	2.0
1077.0	4.0
1078.0	3.0
1079.0	6.0
1080.0	7.0
1081.0	3.0
1082.0	5.0
1084.0	7.0
1085.0	7.0
1086.0	4.0
1087.0	4.0
1088.0	7.0
1089.0	8.0
1090.0	3.0
1091.0	3.0
1092.0	9.0
1093.0	1.0
1094.0	6.0
1095.0	9.0
1096.0	3.0
1097.0	7.0
1098.0	6.0
1099.0	11.0
1100.0	7.0
1101.0	7.0
1102.0	7.0
1103.0	5.0
1104.0	9.0
1105.0	7.0
1106.0	7.0
1107.0	8.0
1108.0	5.0
1109.0	4.0
1110.0	8.0
1111.0	5.0
1112.0	4.0
1113.0	7.0
1114.0	5.0
1115.0	11.0
1116.0	5.0
1117.0	3.0
1118.0	2.0
1119.0	4.0
1120.0	2.0
1121.0	9.0
1122.0	10.0
1123.0	5.0
1124.0	8.0
1125.0	6.0
1126.0	8.0
1127.0	8.0
1128.0	6.0
1129.0	3.0
1130.0	8.0
1131.0	8.0
1132.0	6.0
1133.0	6.0
1134.0	3.0
1135.0	2.0
1136.0	3.0
1137.0	2.0
1138.0	4.0
1139.0	7.0
1140.0	2.0
1141.0	3.0
1142.0	5.0
1143.0	6.0
1144.0	4.0
1145.0	4.0
1146.0	6.0
1147.0	7.0
1148.0	6.0
1149.0	9.0
1150.0	3.0
1151.0	6.0
1152.0	4.0
1153.0	4.0
1154.0	6.0
1155.0	5.0
1156.0	4.0
1157.0	8.0
1158.0	5.0
1159.0	6.0
1160.0	8.0
1161.0	5.0
1162.0	5.0
1163.0	6.0
1164.0	6.0
1165.0	7.0
1166.0	4.0
1167.0	4.0
1168.0	4.0
1169.0	4.0
1170.0	4.0
1171.0	6.0
1172.0	7.0
1173.0	3.0
1174.0	4.0
1175.0	5.0
1176.0	1.0
1177.0	6.0
1178.0	4.0
1179.0	7.0
1180.0	6.0
1181.0	3.0
1182.0	2.0
1183.0	5.0
1184.0	2.0
1185.0	5.0
1186.0	3.0
1187.0	3.0
1189.0	4.0
1190.0	3.0
1191.0	1.0
1192.0	1.0
1193.0	2.0
1194.0	4.0
1195.0	5.0
1196.0	8.0
1197.0	3.0
1198.0	4.0
1199.0	3.0
1200.0	2.0
1201.0	4.0
1202.0	4.0
1203.0	4.0
1204.0	5.0
1205.0	5.0
1206.0	6.0
1207.0	1.0
1208.0	3.0
1210.0	6.0
1211.0	6.0
1212.0	8.0
1213.0	2.0
1214.0	2.0
1215.0	4.0
1216.0	6.0
1217.0	8.0
1218.0	4.0
1219.0	3.0
1220.0	5.0
1221.0	3.0
1222.0	4.0
1223.0	4.0
1224.0	5.0
1225.0	6.0
1227.0	3.0
1228.0	2.0
1229.0	10.0
1230.0	4.0
1231.0	3.0
1232.0	7.0
1233.0	5.0
1234.0	11.0
1235.0	7.0
1236.0	7.0
1237.0	4.0
1238.0	11.0
1239.0	2.0
1240.0	6.0
1241.0	3.0
1242.0	1.0
1243.0	4.0
1244.0	3.0
1245.0	3.0
1246.0	3.0
1247.0	2.0
1248.0	1.0
1249.0	3.0
1250.0	3.0
1251.0	2.0
1252.0	5.0
1253.0	4.0
1254.0	2.0
1255.0	2.0
1256.0	4.0
1257.0	3.0
1258.0	2.0
1259.0	2.0
1260.0	3.0
1261.0	2.0
1262.0	1.0
1263.0	5.0
1264.0	1.0
1265.0	2.0
1266.0	3.0
1267.0	3.0
1269.0	2.0
1270.0	2.0
1271.0	3.0
1272.0	3.0
1273.0	1.0
1275.0	1.0
1277.0	2.0
1278.0	5.0
1279.0	2.0
1280.0	1.0
1281.0	5.0
1282.0	3.0
1284.0	1.0
1285.0	6.0
1286.0	2.0
1287.0	1.0
1288.0	2.0
1289.0	3.0
1290.0	2.0
1291.0	5.0
1292.0	2.0
1293.0	3.0
1294.0	5.0
1295.0	2.0
1296.0	8.0
1298.0	4.0
1299.0	5.0
1300.0	7.0
1301.0	1.0
1302.0	5.0
1303.0	2.0
1304.0	4.0
1305.0	2.0
1306.0	2.0
1307.0	3.0
1308.0	3.0
1309.0	5.0
1310.0	1.0
1311.0	2.0
1312.0	4.0
1313.0	4.0
1314.0	4.0
1315.0	3.0
1316.0	3.0
1317.0	3.0
1318.0	7.0
1319.0	3.0
1320.0	8.0
1321.0	3.0
1322.0	4.0
1323.0	6.0
1324.0	4.0
1325.0	4.0
1326.0	6.0
1327.0	3.0
1328.0	3.0
1329.0	7.0
1330.0	5.0
1331.0	2.0
1332.0	3.0
1333.0	5.0
1334.0	1.0
1335.0	3.0
1336.0	3.0
1337.0	5.0
1338.0	3.0
1339.0	3.0
1340.0	2.0
1341.0	2.0
1342.0	3.0
1343.0	7.0
1344.0	5.0
1345.0	5.0
1346.0	1.0
1347.0	2.0
1348.0	1.0
1349.0	3.0
1350.0	2.0
1351.0	1.0
1352.0	2.0
1353.0	4.0
1354.0	2.0
1355.0	3.0
1356.0	1.0
1357.0	6.0
1358.0	3.0
1359.0	3.0
1360.0	2.0
1361.0	3.0
1362.0	5.0
1363.0	4.0
1364.0	5.0
1365.0	3.0
1366.0	4.0
1367.0	3.0
1368.0	2.0
1369.0	8.0
1370.0	2.0
1371.0	3.0
1372.0	4.0
1373.0	2.0
1374.0	3.0
1375.0	2.0
1376.0	2.0
1377.0	3.0
1378.0	3.0
1379.0	7.0
1380.0	5.0
1381.0	2.0
1383.0	5.0
1384.0	1.0
1385.0	4.0
1386.0	6.0
1387.0	2.0
1388.0	3.0
1389.0	5.0
1390.0	3.0
1391.0	4.0
1392.0	4.0
1393.0	7.0
1394.0	3.0
1395.0	5.0
1396.0	2.0
1397.0	7.0
1398.0	5.0
1399.0	3.0
1400.0	5.0
1401.0	5.0
1402.0	4.0
1403.0	5.0
1404.0	4.0
1405.0	3.0
1406.0	8.0
1407.0	4.0
1408.0	1.0
1409.0	6.0
1410.0	4.0
1411.0	4.0
1412.0	6.0
1413.0	8.0
1414.0	3.0
1415.0	4.0
1416.0	3.0
1417.0	5.0
1418.0	8.0
1419.0	4.0
1420.0	2.0
1421.0	6.0
1422.0	3.0
1423.0	5.0
1424.0	3.0
1425.0	4.0
1426.0	10.0
1427.0	2.0
1428.0	3.0
1429.0	5.0
1430.0	7.0
1431.0	7.0
1432.0	8.0
1433.0	10.0
1434.0	4.0
1435.0	13.0
1436.0	9.0
1437.0	4.0
1438.0	2.0
1439.0	5.0
1440.0	6.0
1441.0	9.0
1442.0	3.0
1443.0	3.0
1444.0	8.0
1445.0	4.0
1446.0	2.0
1447.0	4.0
1448.0	4.0
1449.0	4.0
1450.0	5.0
1451.0	4.0
1452.0	6.0
1453.0	6.0
1454.0	5.0
1455.0	6.0
1456.0	5.0
1457.0	8.0
1458.0	10.0
1459.0	3.0
1460.0	7.0
1461.0	6.0
1462.0	2.0
1463.0	4.0
1464.0	7.0
1465.0	5.0
1466.0	6.0
1467.0	2.0
1468.0	4.0
1469.0	6.0
1470.0	6.0
1471.0	5.0
1472.0	1.0
1473.0	7.0
1474.0	4.0
1475.0	5.0
1476.0	2.0
1477.0	5.0
1478.0	3.0
1479.0	2.0
1480.0	3.0
1481.0	4.0
1482.0	4.0
1483.0	3.0
1484.0	1.0
1485.0	3.0
1486.0	5.0
1487.0	6.0
1488.0	7.0
1489.0	4.0
1490.0	4.0
1491.0	7.0
1492.0	4.0
1493.0	3.0
1494.0	3.0
1495.0	7.0
1496.0	2.0
1497.0	3.0
1498.0	6.0
1499.0	5.0
1500.0	1.0
1501.0	8.0
1502.0	7.0
1503.0	9.0
1504.0	4.0
1505.0	3.0
1506.0	3.0
1507.0	8.0
1508.0	9.0
1509.0	7.0
1510.0	5.0
1511.0	9.0
1512.0	7.0
1513.0	6.0
1514.0	3.0
1515.0	3.0
1516.0	3.0
1517.0	5.0
1518.0	8.0
1519.0	5.0
1520.0	2.0
1521.0	5.0
1522.0	5.0
1523.0	6.0
1524.0	6.0
1525.0	6.0
1526.0	7.0
1527.0	2.0
1528.0	5.0
1529.0	9.0
1530.0	4.0
1531.0	10.0
1532.0	6.0
1533.0	6.0
1534.0	3.0
1535.0	5.0
1536.0	8.0
1537.0	7.0
1538.0	2.0
1539.0	2.0
1540.0	2.0
1541.0	6.0
1542.0	3.0
1544.0	4.0
1545.0	4.0
1546.0	3.0
1547.0	7.0
1548.0	5.0
1549.0	2.0
1550.0	6.0
1551.0	7.0
1552.0	3.0
1553.0	5.0
1554.0	7.0
1555.0	3.0
1556.0	3.0
1557.0	3.0
1558.0	4.0
1559.0	3.0
1560.0	6.0
1561.0	3.0
1562.0	5.0
1563.0	2.0
1564.0	3.0
1565.0	4.0
1566.0	4.0
1567.0	1.0
1568.0	3.0
1569.0	7.0
1570.0	2.0
1571.0	3.0
1572.0	8.0
1573.0	7.0
1574.0	4.0
1575.0	2.0
1576.0	6.0
1577.0	4.0
1578.0	3.0
1579.0	4.0
1580.0	6.0
1581.0	7.0
1582.0	5.0
1583.0	6.0
1584.0	4.0
1585.0	7.0
1586.0	1.0
1587.0	6.0
1588.0	5.0
1589.0	3.0
1590.0	4.0
1591.0	3.0
1592.0	3.0
1593.0	6.0
1594.0	6.0
1595.0	4.0
1596.0	4.0
1597.0	5.0
1598.0	3.0
1599.0	3.0
1600.0	1.0
1601.0	5.0
1602.0	6.0
1603.0	4.0
1604.0	4.0
1605.0	5.0
1606.0	5.0
1607.0	5.0
1608.0	2.0
1609.0	3.0
1610.0	3.0
1611.0	7.0
1612.0	5.0
1613.0	3.0
1614.0	3.0
1615.0	5.0
1616.0	4.0
1617.0	6.0
1618.0	4.0
1619.0	5.0
1620.0	3.0
1621.0	4.0
1622.0	5.0
1623.0	5.0
1624.0	4.0
1625.0	3.0
1626.0	2.0
1627.0	3.0
1628.0	2.0
1629.0	2.0
1630.0	1.0
1631.0	4.0
1632.0	3.0
1633.0	1.0
1634.0	6.0
1635.0	2.0
1636.0	2.0
1637.0	2.0
1638.0	6.0
1639.0	3.0
1640.0	5.0
1641.0	1.0
1642.0	3.0
1643.0	6.0
1644.0	6.0
1645.0	1.0
1646.0	1.0
1647.0	4.0
1648.0	5.0
1649.0	1.0
1650.0	5.0
1651.0	2.0
1652.0	3.0
1653.0	4.0
1654.0	4.0
1655.0	3.0
1656.0	4.0
1658.0	2.0
1659.0	5.0
1660.0	2.0
1661.0	2.0
1662.0	1.0
1663.0	4.0
1664.0	2.0
1665.0	2.0
1666.0	1.0
1667.0	3.0
1668.0	5.0
1669.0	2.0
1670.0	2.0
1671.0	3.0
1672.0	1.0
1673.0	3.0
1674.0	2.0
1675.0	3.0
1676.0	3.0
1677.0	2.0
1678.0	1.0
1679.0	1.0
1680.0	4.0
1681.0	1.0
1682.0	4.0
1683.0	4.0
1684.0	3.0
1685.0	1.0
1686.0	2.0
1687.0	1.0
1688.0	1.0
1689.0	2.0
1690.0	5.0
1691.0	3.0
1692.0	1.0
1693.0	7.0
1694.0	1.0
1695.0	4.0
1696.0	3.0
1697.0	2.0
1698.0	4.0
1699.0	2.0
1700.0	4.0
1701.0	4.0
1702.0	2.0
1703.0	3.0
1704.0	2.0
1705.0	5.0
1706.0	2.0
1707.0	4.0
1708.0	3.0
1709.0	2.0
1712.0	2.0
1713.0	4.0
1714.0	3.0
1715.0	2.0
1716.0	3.0
1717.0	3.0
1718.0	3.0
1719.0	2.0
1720.0	3.0
1721.0	1.0
1723.0	2.0
1725.0	1.0
1727.0	5.0
1728.0	3.0
1729.0	2.0
1730.0	4.0
1731.0	3.0
1732.0	2.0
1733.0	3.0
1735.0	1.0
1736.0	3.0
1737.0	1.0
1739.0	9.0
1740.0	4.0
1741.0	5.0
1742.0	4.0
1743.0	5.0
1744.0	1.0
1745.0	4.0
1746.0	3.0
1747.0	2.0
1748.0	2.0
1749.0	4.0
1751.0	2.0
1752.0	1.0
1753.0	2.0
1754.0	1.0
1755.0	1.0
1756.0	1.0
1757.0	5.0
1758.0	2.0
1759.0	2.0
1760.0	2.0
1761.0	4.0
1762.0	3.0
1763.0	1.0
1764.0	2.0
1765.0	3.0
1766.0	3.0
1767.0	1.0
1768.0	4.0
1769.0	2.0
1770.0	3.0
1771.0	3.0
1772.0	1.0
1773.0	4.0
1774.0	1.0
1775.0	2.0
1776.0	3.0
1777.0	3.0
1778.0	3.0
1779.0	3.0
1780.0	1.0
1781.0	1.0
1783.0	1.0
1784.0	1.0
1785.0	3.0
1786.0	1.0
1787.0	2.0
1788.0	1.0
1789.0	3.0
1790.0	3.0
1791.0	2.0
1792.0	2.0
1793.0	6.0
1794.0	2.0
1795.0	4.0
1796.0	2.0
1797.0	2.0
1798.0	3.0
1799.0	3.0
1800.0	6.0
1801.0	3.0
1802.0	3.0
1803.0	3.0
1804.0	2.0
1806.0	2.0
1807.0	3.0
1808.0	1.0
1810.0	8.0
1812.0	2.0
1813.0	1.0
1814.0	1.0
1815.0	1.0
1816.0	3.0
1817.0	1.0
1818.0	2.0
1819.0	2.0
1820.0	2.0
1821.0	2.0
1822.0	3.0
1823.0	1.0
1824.0	3.0
1825.0	3.0
1826.0	1.0
1827.0	2.0
1828.0	2.0
1829.0	4.0
1830.0	1.0
1831.0	3.0
1832.0	2.0
1833.0	1.0
1834.0	1.0
1835.0	3.0
1836.0	2.0
1837.0	1.0
1838.0	1.0
1839.0	3.0
1841.0	2.0
1842.0	2.0
1843.0	2.0
1844.0	1.0
1845.0	2.0
1846.0	1.0
1847.0	3.0
1848.0	3.0
1850.0	4.0
1851.0	1.0
1852.0	2.0
1853.0	1.0
1854.0	1.0
1855.0	2.0
1857.0	1.0
1859.0	3.0
1860.0	2.0
1861.0	2.0
1863.0	3.0
1864.0	4.0
1865.0	1.0
1866.0	1.0
1868.0	2.0
1869.0	2.0
1870.0	3.0
1871.0	2.0
1872.0	2.0
1873.0	1.0
1874.0	3.0
1875.0	2.0
1876.0	1.0
1877.0	3.0
1879.0	4.0
1880.0	1.0
1881.0	1.0
1882.0	3.0
1885.0	3.0
1886.0	1.0
1887.0	1.0
1889.0	1.0
1891.0	1.0
1892.0	1.0
1893.0	2.0
1894.0	1.0
1895.0	3.0
1899.0	5.0
1900.0	1.0
1902.0	1.0
1903.0	1.0
1904.0	4.0
1905.0	3.0
1906.0	2.0
1907.0	1.0
1908.0	1.0
1909.0	1.0
1910.0	2.0
1911.0	1.0
1912.0	2.0
1913.0	2.0
1914.0	1.0
1915.0	1.0
1916.0	2.0
1917.0	1.0
1918.0	1.0
1920.0	1.0
1924.0	2.0
1925.0	2.0
1928.0	2.0
1929.0	3.0
1933.0	3.0
1934.0	2.0
1935.0	2.0
1936.0	1.0
1937.0	2.0
1938.0	1.0
1939.0	1.0
1940.0	2.0
1941.0	1.0
1942.0	1.0
1943.0	1.0
1944.0	1.0
1945.0	1.0
1946.0	1.0
1947.0	2.0
1948.0	3.0
1949.0	2.0
1950.0	1.0
1951.0	4.0
1952.0	2.0
1953.0	1.0
1954.0	1.0
1955.0	4.0
1956.0	2.0
1957.0	1.0
1958.0	2.0
1959.0	1.0
1960.0	1.0
1962.0	1.0
1963.0	3.0
1964.0	2.0
1965.0	3.0
1966.0	4.0
1967.0	3.0
1969.0	2.0
1971.0	1.0
1972.0	1.0
1973.0	1.0
1974.0	1.0
1975.0	3.0
1976.0	5.0
1978.0	1.0
1979.0	4.0
1980.0	2.0
1982.0	1.0
1984.0	3.0
1985.0	1.0
1987.0	1.0
1988.0	2.0
1989.0	1.0
1990.0	1.0
1991.0	2.0
1992.0	3.0
1993.0	3.0
1996.0	1.0
1997.0	1.0
1999.0	1.0
2000.0	4.0
2001.0	1.0
2002.0	4.0
2003.0	1.0
2004.0	1.0
2005.0	2.0
2009.0	2.0
2010.0	2.0
2011.0	1.0
2013.0	2.0
2014.0	2.0
2015.0	2.0
2017.0	1.0
2018.0	1.0
2019.0	2.0
2021.0	3.0
2023.0	1.0
2025.0	2.0
2026.0	3.0
2028.0	1.0
2029.0	1.0
2030.0	1.0
2031.0	2.0
2032.0	2.0
2035.0	2.0
2036.0	2.0
2038.0	1.0
2042.0	3.0
2043.0	1.0
2045.0	1.0
2046.0	2.0
2047.0	2.0
2050.0	1.0
2051.0	1.0
2054.0	1.0
2055.0	1.0
2056.0	1.0
2058.0	1.0
2059.0	1.0
2060.0	1.0
2061.0	1.0
2063.0	1.0
2064.0	3.0
2065.0	2.0
2066.0	2.0
2067.0	2.0
2068.0	1.0
2069.0	1.0
2072.0	1.0
2073.0	1.0
2075.0	1.0
2076.0	2.0
2077.0	2.0
2078.0	2.0
2079.0	1.0
2081.0	2.0
2082.0	2.0
2083.0	1.0
2084.0	1.0
2086.0	1.0
2087.0	2.0
2089.0	2.0
2090.0	2.0
2092.0	2.0
2093.0	1.0
2094.0	1.0
2095.0	1.0
2097.0	1.0
2099.0	1.0
2100.0	1.0
2101.0	1.0
2103.0	1.0
2104.0	2.0
2105.0	3.0
2106.0	2.0
2107.0	2.0
2109.0	1.0
2110.0	1.0
2111.0	1.0
2112.0	1.0
2114.0	1.0
2115.0	1.0
2116.0	1.0
2118.0	1.0
2119.0	1.0
2121.0	1.0
2123.0	1.0
2124.0	1.0
2129.0	1.0
2132.0	1.0
2133.0	1.0
2135.0	1.0
2136.0	3.0
2138.0	1.0
2140.0	1.0
2141.0	1.0
2142.0	1.0
2144.0	1.0
2145.0	2.0
2147.0	1.0
2151.0	2.0
2153.0	2.0
2154.0	2.0
2159.0	1.0
2160.0	2.0
2163.0	1.0
2165.0	1.0
2166.0	1.0
2167.0	1.0
2169.0	1.0
2172.0	1.0
2175.0	1.0
2176.0	1.0
2177.0	1.0
2180.0	1.0
2181.0	2.0
2182.0	1.0
2183.0	2.0
2184.0	2.0
2185.0	1.0
2186.0	2.0
2189.0	1.0
2190.0	2.0
2193.0	1.0
2194.0	2.0
2197.0	1.0
2201.0	3.0
2202.0	1.0
2205.0	1.0
2207.0	1.0
2208.0	2.0
2209.0	1.0
2210.0	3.0
2211.0	2.0
2214.0	3.0
2217.0	1.0
2218.0	1.0
2220.0	1.0
2221.0	1.0
2222.0	1.0
2224.0	1.0
2225.0	1.0
2226.0	2.0
2227.0	1.0
2230.0	2.0
2231.0	1.0
2232.0	3.0
2234.0	1.0
2239.0	1.0
2241.0	3.0
2243.0	1.0
2244.0	1.0
2245.0	2.0
2246.0	1.0
2247.0	1.0
2248.0	1.0
2249.0	2.0
2250.0	3.0
2252.0	2.0
2253.0	1.0
2255.0	1.0
2257.0	1.0
2259.0	2.0
2261.0	2.0
2263.0	1.0
2264.0	2.0
2265.0	2.0
2266.0	1.0
2268.0	1.0
2269.0	2.0
2270.0	1.0
2271.0	1.0
2273.0	2.0
2274.0	1.0
2277.0	2.0
2279.0	1.0
2280.0	2.0
2282.0	1.0
2284.0	2.0
2285.0	1.0
2286.0	1.0
2287.0	2.0
2288.0	1.0
2289.0	3.0
2292.0	1.0
2295.0	1.0
2296.0	1.0
2298.0	2.0
2303.0	3.0
2304.0	2.0
2308.0	1.0
2313.0	1.0
2314.0	1.0
2315.0	1.0
2316.0	1.0
2320.0	1.0
2321.0	1.0
2322.0	2.0
2327.0	4.0
2328.0	1.0
2329.0	1.0
2330.0	2.0
2331.0	1.0
2332.0	1.0
2334.0	1.0
2335.0	2.0
2337.0	1.0
2338.0	1.0
2340.0	1.0
2342.0	1.0
2344.0	1.0
2350.0	1.0
2351.0	1.0
2353.0	1.0
2354.0	2.0
2355.0	1.0
2357.0	1.0
2359.0	1.0
2365.0	1.0
2371.0	1.0
2375.0	1.0
2377.0	1.0
2378.0	2.0
2379.0	1.0
2380.0	2.0
2381.0	1.0
2383.0	1.0
2385.0	1.0
2386.0	1.0
2387.0	1.0
2390.0	1.0
2391.0	2.0
2395.0	1.0
2399.0	1.0
2401.0	1.0
2402.0	1.0
2403.0	1.0
2404.0	1.0
2410.0	1.0
2413.0	2.0
2414.0	2.0
2418.0	1.0
2419.0	3.0
2420.0	2.0
2423.0	1.0
2425.0	2.0
2427.0	1.0
2429.0	2.0
2431.0	1.0
2433.0	1.0
2439.0	1.0
2442.0	1.0
2443.0	2.0
2447.0	1.0
2448.0	1.0
2456.0	1.0
2458.0	1.0
2459.0	1.0
2460.0	1.0
2462.0	1.0
2466.0	1.0
2468.0	1.0
2473.0	2.0
2474.0	1.0
2476.0	2.0
2477.0	1.0
2478.0	1.0
2479.0	1.0
2483.0	2.0
2485.0	1.0
2486.0	1.0
2489.0	1.0
2491.0	3.0
2492.0	1.0
2493.0	1.0
2494.0	2.0
2495.0	1.0
2498.0	1.0
2499.0	1.0
2502.0	1.0
2503.0	1.0
2504.0	1.0
2509.0	1.0
2512.0	1.0
2513.0	1.0
2514.0	1.0
2518.0	1.0
2519.0	2.0
2520.0	1.0
2522.0	1.0
2525.0	1.0
2526.0	1.0
2527.0	1.0
2528.0	1.0
2531.0	2.0
2537.0	1.0
2541.0	1.0
2542.0	3.0
2543.0	1.0
2546.0	2.0
2547.0	1.0
2548.0	2.0
2550.0	1.0
2551.0	1.0
2552.0	3.0
2553.0	1.0
2554.0	1.0
2557.0	2.0
2559.0	4.0
2560.0	2.0
2561.0	3.0
2562.0	2.0
2563.0	2.0
2565.0	1.0
2566.0	2.0
2567.0	1.0
2571.0	1.0
2572.0	2.0
2573.0	2.0
2574.0	2.0
2575.0	4.0
2576.0	2.0
2578.0	2.0
2579.0	1.0
2580.0	3.0
2581.0	4.0
2582.0	1.0
2583.0	1.0
2586.0	1.0
2587.0	2.0
2588.0	1.0
2589.0	4.0
2590.0	1.0
2592.0	4.0
2593.0	1.0
2594.0	1.0
2595.0	2.0
2596.0	2.0
2598.0	2.0
2599.0	1.0
2600.0	1.0
2601.0	2.0
2603.0	3.0
2604.0	2.0
2607.0	1.0
2609.0	1.0
2610.0	1.0
2612.0	2.0
2614.0	1.0
2615.0	1.0
2619.0	1.0
2621.0	1.0
2625.0	1.0
2629.0	1.0
2630.0	1.0
2631.0	2.0
2637.0	1.0
2639.0	2.0
2641.0	1.0
2642.0	1.0
2644.0	1.0
2646.0	1.0
2647.0	2.0
2648.0	1.0
2652.0	1.0
2654.0	1.0
2655.0	2.0
2656.0	1.0
2661.0	1.0
2662.0	1.0
2666.0	1.0
2670.0	1.0
2671.0	1.0
2675.0	1.0
2677.0	1.0
2678.0	1.0
2679.0	1.0
2680.0	1.0
2681.0	1.0
2682.0	2.0
2686.0	1.0
2687.0	2.0
2688.0	2.0
2691.0	1.0
2692.0	1.0
2693.0	2.0
2695.0	1.0
2696.0	1.0
2697.0	1.0
2699.0	1.0
2700.0	1.0
2701.0	1.0
2702.0	1.0
2703.0	2.0
2704.0	2.0
2705.0	2.0
2707.0	3.0
2708.0	2.0
2709.0	3.0
2710.0	2.0
2712.0	2.0
2713.0	2.0
2714.0	5.0
2716.0	1.0
2720.0	2.0
2721.0	2.0
2722.0	1.0
2724.0	2.0
2725.0	4.0
2727.0	3.0
2728.0	3.0
2729.0	1.0
2730.0	2.0
2731.0	1.0
2733.0	3.0
2734.0	1.0
2735.0	2.0
2736.0	1.0
2737.0	4.0
2739.0	1.0
2740.0	1.0
2741.0	2.0
2742.0	2.0
2743.0	2.0
2744.0	1.0
2745.0	1.0
2746.0	3.0
2747.0	1.0
2748.0	3.0
2749.0	3.0
2750.0	2.0
2751.0	2.0
2753.0	3.0
2754.0	4.0
2757.0	1.0
2758.0	2.0
2759.0	2.0
2761.0	1.0
2762.0	2.0
2763.0	4.0
2765.0	3.0
2766.0	2.0
2767.0	6.0
2768.0	1.0
2769.0	4.0
2771.0	1.0
2772.0	1.0
2773.0	4.0
2774.0	3.0
2776.0	2.0
2777.0	2.0
2778.0	3.0
2779.0	1.0
2780.0	1.0
2781.0	4.0
2782.0	3.0
2785.0	7.0
2786.0	1.0
2787.0	1.0
2788.0	1.0
2789.0	3.0
2790.0	2.0
2791.0	2.0
2792.0	5.0
2793.0	1.0
2794.0	1.0
2795.0	1.0
2796.0	2.0
2797.0	2.0
2798.0	1.0
2799.0	2.0
2801.0	1.0
2802.0	1.0
2803.0	1.0
2804.0	1.0
2805.0	5.0
2806.0	2.0
2807.0	1.0
2808.0	3.0
2809.0	1.0
2810.0	3.0
2811.0	1.0
2812.0	2.0
2815.0	3.0
2816.0	2.0
2817.0	1.0
2818.0	3.0
2819.0	1.0
2821.0	1.0
2822.0	2.0
2823.0	1.0
2825.0	2.0
2826.0	2.0
2827.0	1.0
2828.0	2.0
2829.0	2.0
2830.0	2.0
2831.0	4.0
2832.0	1.0
2833.0	4.0
2835.0	3.0
2837.0	2.0
2838.0	4.0
2839.0	1.0
2840.0	4.0
2841.0	3.0
2842.0	2.0
2843.0	3.0
2845.0	1.0
2846.0	2.0
2847.0	2.0
2848.0	4.0
2850.0	1.0
2851.0	1.0
2852.0	3.0
2853.0	1.0
2854.0	1.0
2856.0	4.0
2857.0	3.0
2858.0	3.0
2859.0	5.0
2860.0	2.0
2861.0	1.0
2862.0	2.0
2863.0	3.0
2864.0	4.0
2865.0	4.0
2866.0	2.0
2867.0	2.0
2868.0	3.0
2869.0	2.0
2870.0	2.0
2871.0	4.0
2873.0	2.0
2874.0	3.0
2875.0	1.0
2876.0	2.0
2877.0	2.0
2878.0	5.0
2879.0	1.0
2880.0	1.0
2881.0	6.0
2883.0	2.0
2884.0	1.0
2885.0	4.0
2886.0	2.0
2887.0	5.0
2888.0	2.0
2889.0	3.0
2890.0	1.0
2891.0	2.0
2892.0	4.0
2893.0	2.0
2894.0	1.0
2895.0	2.0
2896.0	3.0
2897.0	3.0
2898.0	3.0
2899.0	1.0
2900.0	4.0
2901.0	3.0
2902.0	5.0
2903.0	3.0
2904.0	1.0
2906.0	3.0
2907.0	2.0
2908.0	2.0
2909.0	1.0
2910.0	4.0
2911.0	1.0
2912.0	4.0
2913.0	1.0
2914.0	3.0
2915.0	2.0
2916.0	1.0
2917.0	2.0
2918.0	2.0
2919.0	2.0
2921.0	2.0
2922.0	2.0
2923.0	3.0
2924.0	2.0
2925.0	3.0
2926.0	1.0
2927.0	1.0
2928.0	1.0
2929.0	1.0
2930.0	2.0
2931.0	2.0
2932.0	3.0
2933.0	2.0
2934.0	4.0
2935.0	3.0
2936.0	5.0
2938.0	1.0
2939.0	1.0
2940.0	2.0
2941.0	1.0
2942.0	1.0
2943.0	2.0
2944.0	2.0
2945.0	3.0
2946.0	1.0
2947.0	3.0
2948.0	2.0
2949.0	1.0
2950.0	2.0
2951.0	1.0
2952.0	2.0
2953.0	1.0
2954.0	3.0
2955.0	1.0
2956.0	4.0
2957.0	1.0
2958.0	2.0
2959.0	3.0
2960.0	1.0
2961.0	4.0
2962.0	1.0
2964.0	1.0
2965.0	2.0
2966.0	1.0
2968.0	1.0
2970.0	2.0
2971.0	3.0
2972.0	2.0
2973.0	1.0
2974.0	1.0
2975.0	2.0
2976.0	3.0
2978.0	2.0
2980.0	1.0
2981.0	2.0
2982.0	3.0
2983.0	3.0
2984.0	2.0
2985.0	1.0
2986.0	1.0
2987.0	1.0
2988.0	2.0
2989.0	2.0
2990.0	4.0
2991.0	1.0
2992.0	1.0
2993.0	3.0
2994.0	2.0
2995.0	2.0
2996.0	2.0
2997.0	1.0
2999.0	1.0
3000.0	2.0
3002.0	1.0
3003.0	1.0
3004.0	1.0
3005.0	2.0
3007.0	3.0
3008.0	1.0
3009.0	1.0
3011.0	2.0
3012.0	2.0
3013.0	1.0
3014.0	1.0
3015.0	1.0
3017.0	3.0
3018.0	3.0
3020.0	1.0
3022.0	1.0
3024.0	2.0
3025.0	3.0
3026.0	2.0
3027.0	1.0
3028.0	2.0
3029.0	1.0
3030.0	2.0
3033.0	2.0
3037.0	1.0
3038.0	4.0
3040.0	1.0
3047.0	2.0
3048.0	1.0
3051.0	2.0
3052.0	1.0
3054.0	1.0
3055.0	1.0
3056.0	3.0
3059.0	1.0
3060.0	1.0
3061.0	1.0
3062.0	2.0
3063.0	2.0
3065.0	2.0
3066.0	2.0
3067.0	1.0
3068.0	3.0
3070.0	2.0
3071.0	1.0
3074.0	1.0
3075.0	1.0
3077.0	2.0
3082.0	4.0
3083.0	1.0
3084.0	1.0
3086.0	1.0
3087.0	1.0
3088.0	3.0
3089.0	1.0
3090.0	1.0
3091.0	2.0
3092.0	2.0
3093.0	1.0
3094.0	3.0
3097.0	1.0
3099.0	2.0
3101.0	1.0
3104.0	1.0
3105.0	2.0
3107.0	1.0
3108.0	1.0
3109.0	1.0
3112.0	1.0
3114.0	2.0
3119.0	1.0
3121.0	2.0
3122.0	1.0
3123.0	3.0
3126.0	1.0
3128.0	1.0
3129.0	1.0
3131.0	2.0
3133.0	1.0
3134.0	1.0
3135.0	1.0
3136.0	2.0
3137.0	2.0
3138.0	1.0
3139.0	3.0
3143.0	1.0
3144.0	1.0
3147.0	2.0
3149.0	2.0
3151.0	1.0
3152.0	1.0
3153.0	1.0
3154.0	1.0
3155.0	2.0
3156.0	2.0
3157.0	3.0
3158.0	2.0
3160.0	2.0
3162.0	1.0
3163.0	1.0
3165.0	1.0
3167.0	1.0
3168.0	1.0
3171.0	1.0
3173.0	1.0
3175.0	2.0
3176.0	1.0
3177.0	1.0
3179.0	1.0
3181.0	1.0
3182.0	1.0
3183.0	1.0
3184.0	1.0
3185.0	3.0
3186.0	3.0
3189.0	1.0
3191.0	1.0
3193.0	1.0
3194.0	1.0
3196.0	1.0
3197.0	2.0
3198.0	1.0
3200.0	2.0
3201.0	3.0
3203.0	1.0
3204.0	2.0
3205.0	2.0
3206.0	3.0
3207.0	2.0
3208.0	1.0
3210.0	2.0
3211.0	1.0
3212.0	2.0
3214.0	1.0
3215.0	2.0
3216.0	1.0
3218.0	3.0
3219.0	1.0
3220.0	1.0
3222.0	2.0
3223.0	2.0
3226.0	1.0
3228.0	1.0
3229.0	1.0
3230.0	1.0
3231.0	2.0
3232.0	2.0
3233.0	2.0
3234.0	3.0
3235.0	2.0
3237.0	1.0
3238.0	1.0
3240.0	3.0
3242.0	1.0
3244.0	1.0
3245.0	1.0
3247.0	1.0
3249.0	1.0
3255.0	1.0
3256.0	1.0
3257.0	1.0
3262.0	2.0
3265.0	1.0
3266.0	4.0
3268.0	1.0
3270.0	2.0
3273.0	1.0
3276.0	1.0
3277.0	2.0
3278.0	1.0
3279.0	2.0
3280.0	1.0
3281.0	2.0
3283.0	2.0
3284.0	1.0
3285.0	3.0
3286.0	2.0
3287.0	1.0
3289.0	1.0
3290.0	3.0
3293.0	1.0
3294.0	2.0
3295.0	2.0
3297.0	2.0
3299.0	1.0
3301.0	1.0
3305.0	1.0
3307.0	1.0
3308.0	1.0
3310.0	2.0
3314.0	1.0
3317.0	1.0
3318.0	1.0
3320.0	2.0
3321.0	2.0
3322.0	1.0
3324.0	2.0
3325.0	2.0
3326.0	1.0
3327.0	2.0
3328.0	2.0
3330.0	2.0
3332.0	1.0
3335.0	1.0
3338.0	1.0
3339.0	1.0
3340.0	1.0
3341.0	1.0
3343.0	2.0
3344.0	2.0
3352.0	1.0
3359.0	1.0
3360.0	1.0
3361.0	2.0
3362.0	2.0
3363.0	1.0
3365.0	1.0
3366.0	1.0
3367.0	1.0
3370.0	2.0
3374.0	1.0
3375.0	1.0
3378.0	1.0
3379.0	1.0
3380.0	1.0
3382.0	1.0
3385.0	1.0
3386.0	1.0
3391.0	2.0
3398.0	1.0
3399.0	1.0
3403.0	2.0
3404.0	1.0
3405.0	1.0
3407.0	1.0
3409.0	1.0
3412.0	2.0
3413.0	1.0
3419.0	1.0
3420.0	1.0
3421.0	1.0
3423.0	1.0
3428.0	1.0
3431.0	1.0
3433.0	1.0
3435.0	1.0
3437.0	1.0
3440.0	1.0
3442.0	1.0
3444.0	1.0
3445.0	1.0
3446.0	2.0
3447.0	1.0
3449.0	2.0
3450.0	1.0
3452.0	1.0
3453.0	1.0
3456.0	1.0
3461.0	2.0
3465.0	1.0
3466.0	1.0
3468.0	2.0
3469.0	1.0
3470.0	1.0
3476.0	1.0
3482.0	3.0
3483.0	1.0
3486.0	1.0
3489.0	1.0
3490.0	2.0
3494.0	3.0
3496.0	2.0
3501.0	3.0
3502.0	1.0
3506.0	2.0
3507.0	1.0
3508.0	2.0
3511.0	1.0
3513.0	1.0
3514.0	2.0
3519.0	1.0
3521.0	1.0
3523.0	3.0
3527.0	2.0
3548.0	1.0
3550.0	1.0
3560.0	1.0
3568.0	1.0
3571.0	1.0
3574.0	1.0
3581.0	1.0
3583.0	1.0
3584.0	2.0
3594.0	1.0
3595.0	1.0
3600.0	1.0
3606.0	1.0
3607.0	1.0
3615.0	1.0
3622.0	1.0
3630.0	1.0
3648.0	1.0
3679.0	1.0
3680.0	1.0
3681.0	1.0
3684.0	2.0
3687.0	2.0
3690.0	1.0
3695.0	1.0
3703.0	1.0
3705.0	1.0
3706.0	1.0
3707.0	1.0
3709.0	1.0
3710.0	3.0
3715.0	1.0
3721.0	1.0
3725.0	1.0
3727.0	1.0
3728.0	1.0
3729.0	1.0
3731.0	1.0
3733.0	2.0
3736.0	1.0
3738.0	2.0
3739.0	1.0
3740.0	1.0
3741.0	1.0
3748.0	2.0
3749.0	1.0
3753.0	1.0
3757.0	1.0
3758.0	1.0
3759.0	1.0
3762.0	1.0
3766.0	2.0
3768.0	1.0
3770.0	2.0
3772.0	1.0
3774.0	2.0
3775.0	1.0
3776.0	1.0
3777.0	1.0
3778.0	2.0
3780.0	1.0
3781.0	1.0
3783.0	1.0
3786.0	1.0
3787.0	1.0
3788.0	1.0
3790.0	3.0
3791.0	2.0
3796.0	1.0
3799.0	1.0
3801.0	1.0
3803.0	1.0
3804.0	2.0
3809.0	1.0
3815.0	3.0
3819.0	1.0
3820.0	1.0
3822.0	1.0
3825.0	1.0
3826.0	1.0
3827.0	2.0
3829.0	2.0
3832.0	1.0
3835.0	1.0
3836.0	2.0
3837.0	1.0
3842.0	1.0
3844.0	1.0
3845.0	1.0
3849.0	1.0
3852.0	1.0
3853.0	1.0
3860.0	1.0
3864.0	1.0
3865.0	1.0
3867.0	1.0
3889.0	1.0
3895.0	1.0
3903.0	1.0
3939.0	1.0
4071.0	1.0
4137.0	1.0
4192.0	1.0
4225.0	1.0
4264.0	1.0
4325.0	1.0
4357.0	1.0
4382.0	1.0
4409.0	1.0
4461.0	1.0
4496.0	1.0
4511.0	1.0
4557.0	1.0
4573.0	1.0
4598.0	1.0
4606.0	1.0
4614.0	1.0
4669.0	1.0
4691.0	1.0
4720.0	1.0
4773.0	1.0
5028.0	1.0
5073.0	1.0
5104.0	1.0
5108.0	1.0
5222.0	1.0
5280.0	1.0
5349.0	1.0
5382.0	1.0
5386.0	1.0
5423.0	1.0
5439.0	1.0
5467.0	1.0
5506.0	1.0
5519.0	1.0
5532.0	1.0
5556.0	1.0
5579.0	1.0
5606.0	1.0
5615.0	1.0
5658.0	1.0
5684.0	1.0
5703.0	1.0
5714.0	1.0
5721.0	2.0
5728.0	1.0
5767.0	1.0
5770.0	1.0
5811.0	1.0
5812.0	1.0
5828.0	1.0
5829.0	1.0
5832.0	1.0
5839.0	1.0
5840.0	1.0
5841.0	2.0
5843.0	5.0
5844.0	1.0
5848.0	3.0
5862.0	1.0
5889.0	1.0
5922.0	1.0
6023.0	1.0
6079.0	1.0
6253.0	1.0
6277.0	1.0
6306.0	1.0
6333.0	1.0
6365.0	2.0
6379.0	1.0
6421.0	1.0
6422.0	1.0
6449.0	1.0
6465.0	1.0
6523.0	1.0
6604.0	1.0
6606.0	2.0
6607.0	1.0
6608.0	2.0
6613.0	2.0
6615.0	1.0
6631.0	1.0
6634.0	1.0
6637.0	1.0
6640.0	1.0
6644.0	1.0
6645.0	1.0
6652.0	3.0
6653.0	3.0
6654.0	1.0
6680.0	1.0
6701.0	1.0
6710.0	1.0
6722.0	1.0
6741.0	1.0
6747.0	1.0
6753.0	1.0
6760.0	1.0
6778.0	1.0
6786.0	1.0
6817.0	1.0
6837.0	1.0
6840.0	1.0
6845.0	1.0
6850.0	1.0
6852.0	3.0
6859.0	1.0
6863.0	1.0
6874.0	1.0
6890.0	1.0
6894.0	1.0
6900.0	1.0
6917.0	1.0
6930.0	1.0
6935.0	1.0
6940.0	1.0
6954.0	1.0
6975.0	1.0
6977.0	1.0
6978.0	1.0
6986.0	1.0
6991.0	1.0
6994.0	1.0
7016.0	1.0
7050.0	1.0
7074.0	1.0
7089.0	1.0
7108.0	1.0
7136.0	1.0
7147.0	1.0
7151.0	1.0
7152.0	1.0
7167.0	1.0
7171.0	1.0
7188.0	1.0
7203.0	1.0
7220.0	1.0
7245.0	1.0
7282.0	1.0
7291.0	1.0
7301.0	1.0
7344.0	1.0
7347.0	1.0
7352.0	1.0
7361.0	1.0
7381.0	1.0
7384.0	1.0
7391.0	1.0
7394.0	1.0
7395.0	1.0
7406.0	2.0
7413.0	1.0
7417.0	1.0
7437.0	1.0
7446.0	1.0
7447.0	1.0
7449.0	1.0
7451.0	1.0
7457.0	1.0
7459.0	1.0
7464.0	1.0
7473.0	2.0
7499.0	1.0
7502.0	1.0
7507.0	1.0
7510.0	1.0
7515.0	1.0
7519.0	1.0
7520.0	1.0
7526.0	1.0
7537.0	1.0
7539.0	1.0
7554.0	1.0
7561.0	1.0
7564.0	1.0
7566.0	1.0
7574.0	1.0
7579.0	1.0
7588.0	1.0
7592.0	1.0
7612.0	1.0
7614.0	1.0
7615.0	1.0
7619.0	1.0
7621.0	1.0
7628.0	1.0
7633.0	1.0
7637.0	1.0
7639.0	2.0
7648.0	1.0
7654.0	1.0
7658.0	1.0
7659.0	1.0
7664.0	1.0
7666.0	1.0
7672.0	1.0
7674.0	1.0
7676.0	1.0
7677.0	1.0
7681.0	1.0
7688.0	1.0
7689.0	1.0
7697.0	1.0
7700.0	3.0
7701.0	1.0
7703.0	1.0
7705.0	1.0
7707.0	2.0
7710.0	1.0
7713.0	1.0
7715.0	1.0
7719.0	1.0
7726.0	1.0
7727.0	1.0
7729.0	1.0
7741.0	1.0
7745.0	1.0
7753.0	1.0
7763.0	1.0
7768.0	1.0
7771.0	3.0
7772.0	1.0
7774.0	1.0
7789.0	2.0
7791.0	1.0
7792.0	1.0
7796.0	1.0
7797.0	3.0
7800.0	1.0
7802.0	1.0
7803.0	1.0
7814.0	1.0
7816.0	1.0
7817.0	1.0
7820.0	1.0
7824.0	1.0
7827.0	1.0
7828.0	1.0
7829.0	1.0
7831.0	2.0
7833.0	2.0
7834.0	2.0
7835.0	1.0
7836.0	1.0
7845.0	1.0
7847.0	1.0
7853.0	2.0
7854.0	1.0
7859.0	1.0
7861.0	1.0
7869.0	1.0
7874.0	1.0
7876.0	1.0
7877.0	1.0
7883.0	1.0
7887.0	2.0
7890.0	1.0
7893.0	1.0
7899.0	1.0
7901.0	1.0
7904.0	2.0
7914.0	1.0
7917.0	1.0
7928.0	1.0
7935.0	1.0
7937.0	2.0
7940.0	1.0
7945.0	1.0
7951.0	1.0
7953.0	1.0
7965.0	1.0
7973.0	1.0
7978.0	1.0
7981.0	1.0
7982.0	2.0
7990.0	1.0
7999.0	1.0
8004.0	1.0
8006.0	1.0
8028.0	1.0
8048.0	1.0
8053.0	1.0
8059.0	1.0
8078.0	1.0
8092.0	1.0
8098.0	1.0
8121.0	1.0
8127.0	1.0
8131.0	1.0
8138.0	1.0
8144.0	1.0
8153.0	1.0
8160.0	1.0
8163.0	1.0
8164.0	1.0
8168.0	1.0
8169.0	1.0
8177.0	3.0
8179.0	1.0
8180.0	1.0
8181.0	1.0
8186.0	1.0
8189.0	1.0
8191.0	2.0
8193.0	1.0
8195.0	3.0
8198.0	1.0
8225.0	1.0
8234.0	1.0
8236.0	1.0
8237.0	1.0
8244.0	1.0
8256.0	1.0
8266.0	1.0
8275.0	1.0
8284.0	1.0
8289.0	1.0
8304.0	1.0
8314.0	1.0
8334.0	1.0
8339.0	1.0
8344.0	1.0
8351.0	1.0
8361.0	1.0
8362.0	1.0
8368.0	1.0
8379.0	1.0
8384.0	1.0
8395.0	1.0
8405.0	1.0
8413.0	1.0
8435.0	1.0
8443.0	1.0
8447.0	1.0
8458.0	1.0
8479.0	2.0
8481.0	1.0
8489.0	1.0
8524.0	1.0
8527.0	1.0
8530.0	1.0
8534.0	2.0
8535.0	1.0
8537.0	1.0
8539.0	1.0
8545.0	1.0
8546.0	1.0
8555.0	1.0
8556.0	1.0
8557.0	1.0
8560.0	1.0
8563.0	1.0
8571.0	1.0
8572.0	1.0
8578.0	1.0
8582.0	1.0
8584.0	1.0
8588.0	2.0
8589.0	1.0
8593.0	1.0
8601.0	1.0
8603.0	4.0
8605.0	10.0
8606.0	7.0
8607.0	2.0
8608.0	1.0
8615.0	2.0
8616.0	1.0
8623.0	1.0
8625.0	2.0
8626.0	1.0
8628.0	1.0
8630.0	1.0
8634.0	1.0
8637.0	1.0
8641.0	1.0
8646.0	2.0
8648.0	1.0
8651.0	1.0
8652.0	2.0
8653.0	4.0
8654.0	2.0
8655.0	1.0
8657.0	1.0
8659.0	1.0
8661.0	2.0
8662.0	1.0
8663.0	2.0
8665.0	1.0
8672.0	1.0
8684.0	1.0
8685.0	1.0
8695.0	1.0
8709.0	1.0
8712.0	1.0
8734.0	1.0
8801.0	1.0
8809.0	1.0
8969.0	1.0
9114.0	1.0
9207.0	1.0
9221.0	1.0
9224.0	1.0
9229.0	1.0
9259.0	1.0
9289.0	1.0
9331.0	1.0
9338.0	1.0
9339.0	1.0
9344.0	2.0
9345.0	1.0
9346.0	2.0
9347.0	1.0
9348.0	2.0
9350.0	2.0
9351.0	1.0
9354.0	1.0
9355.0	1.0
9356.0	1.0
9383.0	1.0
9485.0	1.0
9510.0	1.0
9519.0	1.0
9530.0	1.0
9531.0	1.0
9533.0	1.0
9534.0	1.0
9539.0	1.0
9541.0	2.0
9548.0	1.0
9568.0	1.0
9572.0	1.0
9576.0	1.0
9579.0	1.0
9582.0	1.0
9598.0	1.0
9600.0	1.0
9601.0	1.0
9603.0	1.0
9604.0	1.0
9609.0	1.0
9718.0	1.0
9804.0	1.0
9879.0	1.0
9964.0	1.0
9990.0	1.0
10004.0	1.0
10016.0	2.0
10019.0	1.0
10041.0	1.0
11962.0	1.0
12064.0	1.0
12143.0	1.0
12255.0	1.0
12650.0	1.0
12735.0	1.0
12831.0	1.0
12928.0	1.0
12980.0	1.0
12991.0	1.0
12992.0	1.0
12993.0	1.0
13001.0	1.0
13002.0	1.0
13008.0	1.0
13009.0	2.0
13010.0	3.0
13011.0	4.0
13014.0	1.0
16582.0	1.0
16722.0	1.0
16724.0	1.0
16776.0	1.0
16890.0	1.0
16894.0	1.0
16960.0	1.0
17009.0	1.0
17022.0	1.0
17038.0	1.0
17079.0	1.0
17089.0	2.0
17090.0	1.0
17091.0	1.0
17093.0	1.0
17096.0	1.0
17097.0	1.0
17098.0	2.0
17099.0	1.0
17108.0	2.0
17111.0	1.0
21500.0	1.0
21664.0	1.0
22115.0	1.0
22424.0	1.0
22744.0	1.0
22902.0	1.0
23306.0	1.0
25088.0	1.0
25239.0	1.0
25409.0	1.0
25699.0	1.0
25932.0	1.0
25944.0	1.0
26087.0	1.0
26249.0	1.0
26343.0	1.0
26434.0	1.0
26466.0	1.0
26504.0	1.0
26506.0	1.0
26515.0	1.0
26516.0	1.0
26517.0	1.0
26519.0	1.0
26520.0	2.0
27371.0	1.0
27989.0	1.0
28263.0	1.0
28381.0	1.0
28556.0	1.0
28570.0	1.0
28711.0	1.0
28714.0	1.0
28826.0	1.0
28838.0	1.0
28926.0	1.0
28954.0	1.0
29020.0	1.0
29032.0	1.0
29074.0	1.0
29094.0	1.0
29104.0	1.0
29111.0	1.0
29112.0	2.0
29125.0	1.0
29130.0	1.0
29141.0	2.0
29151.0	1.0
29153.0	1.0
29156.0	1.0
