#Position (bp)	mapping quality
38.0	60.0
113.0	60.0
188.0	59.997237399472034
263.0	59.99747616376893
338.0	59.99629806728263
413.0	59.95482820602103
488.0	59.793907775885486
563.0	59.99229959701224
638.0	59.993541596899966
713.0	59.97609899641485
788.0	60.0
863.0	59.99759586488761
938.0	59.99403264992967
1013.0	59.99385140905209
1088.0	59.998392175252896
1163.0	59.999067555596994
1238.0	59.998616108497096
1313.0	60.0
1388.0	60.0
1463.0	59.93803786574871
1538.0	60.0
1613.0	59.99728156219559
1688.0	59.98786762227864
1763.0	59.994713811635485
1838.0	59.993825607720275
1913.0	59.99384777641062
1988.0	60.0
2063.0	60.0
2138.0	59.99677471375585
2213.0	59.99626226444479
2288.0	60.0
2363.0	60.0
2438.0	60.0
2513.0	60.0
2588.0	59.9968257327267
2663.0	59.98715019988578
2738.0	60.0
2813.0	59.9977128044829
2888.0	60.0
2963.0	60.0
3038.0	59.99365159979685
3113.0	59.98475953939941
3188.0	59.997484698583044
3263.0	59.995126366358
3338.0	59.99830041167806
3413.0	59.99936949622749
3488.0	60.0
3563.0	60.0
3638.0	60.0
3713.0	60.0
3788.0	59.99707259953161
3863.0	60.0
3938.0	59.999194641682664
4013.0	59.999300005833284
4088.0	59.99858660573367
4163.0	59.99433020864832
4238.0	59.98309709511506
4313.0	59.99622749973054
4388.0	59.99906596614127
4463.0	59.99347160146638
4538.0	59.92010332502328
4613.0	59.967903837379446
4688.0	59.99890324821321
4763.0	59.99636946721932
4838.0	59.99677407792394
4913.0	59.9993078067858
4988.0	59.99830561125074
5063.0	60.0
5138.0	60.0
5213.0	60.0
5288.0	59.9916573971079
5363.0	59.98191510433262
5438.0	59.989570982500354
5513.0	59.99226898768836
5588.0	60.0
5663.0	59.99577827500317
5738.0	59.998064016520395
5813.0	59.93758780066702
5888.0	59.98272107129358
5963.0	60.0
6038.0	59.976741181031144
6113.0	60.0
6188.0	59.995723957714695
6263.0	59.99592616168046
6338.0	59.99774225310597
6413.0	60.0
6488.0	59.99772082658023
6563.0	59.99135353244227
6638.0	60.0
6713.0	59.986342351716964
6788.0	60.0
6863.0	60.0
6938.0	60.0
7013.0	59.94808191520046
7088.0	60.0
7163.0	59.99900396752934
7238.0	59.99596652213371
7313.0	60.0
7388.0	59.99787535410765
7463.0	59.9952326720873
7538.0	59.9968853820598
7613.0	59.99872375725863
7688.0	60.0
7763.0	59.996031089796595
7838.0	59.99651780273352
7913.0	59.996126533247256
7988.0	60.0
8063.0	59.99606062879868
8138.0	59.99945333284741
8213.0	59.983199395178225
8288.0	59.97538232002984
8363.0	59.99140031532177
8438.0	60.0
8513.0	60.0
8588.0	60.0
8663.0	59.99846708055492
8738.0	59.99853052827508
8813.0	59.999348725129444
8888.0	59.992726978867836
8963.0	59.997183451211114
9038.0	60.0
9113.0	59.97072381514914
9188.0	59.99445686517248
9263.0	60.0
9338.0	59.998714625420426
9413.0	59.998908326737805
9488.0	59.99889232473347
9563.0	59.989466628363495
9638.0	59.99783716755463
9713.0	59.97620913304948
9788.0	59.99532513673975
9863.0	59.98293259873641
9938.0	59.99936798196642
10013.0	59.995628915762964
10088.0	59.99921798631476
10163.0	60.0
10238.0	59.99942451011424
10313.0	59.99880251471909
10388.0	59.96809744779582
10463.0	59.9981141761569
10538.0	59.99039409489623
10613.0	59.988751195185515
10688.0	59.983708195682674
10763.0	59.998292414525864
10838.0	59.99451569355383
10913.0	59.99018464252183
10988.0	59.99768041984401
11063.0	59.969009598416044
11138.0	59.99454075628723
11213.0	59.9989641718554
11288.0	59.91399787042346
11363.0	59.99944899027468
11438.0	59.99251037025657
11513.0	59.98438482725715
11588.0	59.96976367928281
11663.0	59.95548594509933
11738.0	59.99880620771986
11813.0	60.0
11888.0	59.98650202469629
11963.0	59.99811068251594
12038.0	59.97794592950302
12113.0	59.99060309836729
12188.0	59.95657387302719
12263.0	59.99794238683128
12338.0	59.995533997444454
12413.0	59.99496948152123
12488.0	59.99733001067996
12563.0	59.99870596693027
12638.0	59.98707936143333
12713.0	59.998392297317814
12788.0	59.997297881539126
12863.0	59.995656360174614
12938.0	59.958666666666666
13013.0	59.997468632133184
13088.0	59.99927995391705
13163.0	59.99679174408812
13238.0	59.99807371259792
13313.0	59.99825993912384
13388.0	59.99778673331058
13463.0	59.9968002389155
13538.0	59.99730285560163
13613.0	59.997145304025125
13688.0	59.99883750217968
13763.0	59.9982000899955
13838.0	59.99482476064518
13913.0	59.99749893183547
13988.0	59.99904089005403
14063.0	59.997512076793896
14138.0	59.99750098919178
14213.0	59.992450192240476
14288.0	59.99777527839919
14363.0	60.0
14438.0	59.97973745280731
14513.0	60.0
14588.0	60.0
14663.0	59.90843494880951
14738.0	59.9483473990234
14813.0	60.0
14888.0	60.0
14963.0	60.0
15038.0	59.78223495702006
15113.0	60.0
15188.0	59.996067378908045
15263.0	59.993966574824526
15338.0	59.99486044685559
15413.0	59.99804534792807
15488.0	59.99858673890001
15563.0	59.99919723850044
15638.0	59.99721743001837
15713.0	59.99880410193038
15788.0	59.99839142091153
15863.0	59.997920709731076
15938.0	59.99601249418489
16013.0	59.99735111032626
16088.0	59.999407038453555
16163.0	59.9938523540361
16238.0	60.0
16313.0	59.97246443322625
16388.0	59.99806489066632
16463.0	60.0
16538.0	60.0
16613.0	60.0
16688.0	60.0
16763.0	59.99638401735672
16838.0	59.99693082854841
16913.0	59.997813271619
16988.0	59.98184156767799
17063.0	59.99471199984332
17138.0	59.99881967600106
17213.0	59.96761333706192
17288.0	59.997150252915056
17363.0	59.98882654424445
17438.0	60.0
17513.0	60.0
17588.0	59.97736440407441
17663.0	59.995490417136416
17738.0	60.0
17813.0	59.989885509587694
17888.0	59.97582292375884
17963.0	60.0
18038.0	59.99004424778761
18113.0	60.0
18188.0	59.99804145585115
18263.0	60.0
18338.0	59.957251117300345
18413.0	59.994657903469935
18488.0	59.990878613549256
18563.0	59.98132073398528
18638.0	59.95780547081028
18713.0	59.979727715393025
18788.0	59.99324215607401
18863.0	59.997097543277704
18938.0	59.99893001399899
19013.0	59.99949923633541
19088.0	59.99904281794397
19163.0	59.99903720404053
19238.0	60.0
19313.0	60.0
19388.0	0.0
19463.0	0.0
19538.0	60.0
19613.0	59.99535189991091
19688.0	59.995576933709295
19763.0	59.9990947768625
19838.0	59.998838154990125
19913.0	59.99711926253121
19988.0	59.97393853838636
20063.0	60.0
20138.0	60.0
20213.0	60.0
20288.0	60.0
20363.0	60.0
20438.0	60.0
20513.0	59.99758337361044
20588.0	59.997674688989655
20663.0	59.996855785354946
20738.0	59.99819836050806
20813.0	59.997753734416534
20888.0	59.998689670233674
20963.0	59.998863571793855
21038.0	59.99750426354977
21113.0	59.9834293379626
21188.0	60.0
21263.0	60.0
21338.0	60.0
21413.0	60.0
21488.0	59.93727130162049
21563.0	60.0
21638.0	59.89785495403473
21713.0	60.0
21788.0	60.0
21863.0	60.0
21938.0	60.0
22013.0	60.0
22088.0	60.0
22163.0	60.0
22238.0	60.0
22313.0	60.0
22388.0	60.0
22463.0	60.0
22538.0	60.0
22613.0	60.0
22688.0	60.0
22763.0	59.99703190699975
22838.0	59.91652874721163
22913.0	59.995867199338754
22988.0	59.99601408357138
23063.0	60.0
23138.0	59.98856221130581
23213.0	60.0
23288.0	59.99652894952514
23363.0	59.99714280272005
23438.0	59.99406721003489
23513.0	59.99212205561829
23588.0	59.85081585081585
23663.0	59.99581888817268
23738.0	59.994993951024156
23813.0	59.97163312170741
23888.0	60.0
23963.0	59.99313658201785
24038.0	60.0
24113.0	59.959700633275766
24188.0	60.0
24263.0	59.992879394748556
24338.0	59.997242182353034
24413.0	60.0
24488.0	59.997865452346225
24563.0	59.997618858639576
24638.0	60.0
24713.0	59.998429668790976
24788.0	59.999400653287914
24863.0	59.98842722816041
24938.0	60.0
25013.0	59.994206886563596
25088.0	59.99754101719922
25163.0	60.0
25238.0	59.99015946709729
25313.0	59.999034655854814
25388.0	59.994504404109485
25463.0	59.99074242913049
25538.0	59.93586005830904
25613.0	59.99674143268343
25688.0	60.0
25763.0	60.0
25838.0	60.0
25913.0	60.0
25988.0	59.9968080012768
26063.0	60.0
26138.0	60.0
26213.0	60.0
26288.0	60.0
26363.0	60.0
26438.0	59.99393939393939
26513.0	59.99549244985351
26588.0	59.883903974813066
26663.0	59.99815585107473
26738.0	59.99670818017227
26813.0	59.462285287528005
26888.0	59.99911535739561
26963.0	59.97954932777883
27038.0	59.96238528645342
27113.0	59.979208616249124
27188.0	59.98119635654134
27263.0	59.99562280228198
27338.0	59.99260248638652
27413.0	59.99743280363515
27488.0	60.0
27563.0	60.0
27638.0	60.0
27713.0	60.0
27788.0	60.0
27863.0	60.0
27938.0	60.0
28013.0	60.0
28088.0	60.0
28163.0	59.995252037667164
28238.0	59.99606681175761
28313.0	59.99926342409585
28388.0	59.987100472982654
28463.0	60.0
28538.0	59.98922263247181
28613.0	59.99866820562905
28688.0	60.0
28763.0	60.0
28838.0	60.0
28913.0	60.0
28988.0	59.988257551047035
29063.0	59.98020548590819
29138.0	59.99920616019687
29213.0	60.0
29288.0	60.0
29363.0	59.99760775088713
29438.0	59.993695161036094
29513.0	59.99710193928563
29588.0	59.997366284046265
29663.0	60.0
29738.0	58.934520534240406
29813.0	59.99808030715086
29877.0	50.934065934065934
