#Position (bp)	Coverage
38.0	476.25333333333333
113.0	47.82666666666667
188.0	56.093333333333334
263.0	57.946666666666665
338.0	93.26666666666667
413.0	81.04
488.0	59.053333333333335
563.0	48.74666666666667
638.0	59.57333333333333
713.0	65.12
788.0	32.17333333333333
863.0	49.8
938.0	67.08
1013.0	83.06666666666666
1088.0	49.36
1163.0	63.06666666666667
1238.0	68.42666666666666
1313.0	77.44
1388.0	32.68
1463.0	38.413333333333334
1538.0	42.08
1613.0	75.37333333333333
1688.0	31.85333333333333
1763.0	36.86666666666667
1838.0	32.84
1913.0	67.2
1988.0	45.49333333333333
2063.0	46.89333333333333
2138.0	44.13333333333333
2213.0	62.12
2288.0	29.586666666666666
2363.0	22.066666666666666
2438.0	25.14666666666667
2513.0	48.986666666666665
2588.0	49.96
2663.0	36.266666666666666
2738.0	31.613333333333333
2813.0	44.85333333333333
2888.0	70.08
2963.0	48.88
3038.0	53.44
3113.0	54.08
3188.0	71.05333333333333
3263.0	39.266666666666666
3338.0	42.44
3413.0	44.653333333333336
3488.0	61.88
3563.0	25.08
3638.0	26.346666666666668
3713.0	22.426666666666666
3788.0	32.38666666666666
3863.0	22.826666666666668
3938.0	15.826666666666666
4013.0	17.226666666666667
4088.0	37.626666666666665
4163.0	28.546666666666667
4238.0	26.973333333333333
4313.0	34.42666666666667
4388.0	39.053333333333335
4463.0	19.546666666666667
4538.0	20.013333333333332
4613.0	22.293333333333333
4688.0	36.70666666666666
4763.0	28.906666666666666
4838.0	38.16
4913.0	32.4
4988.0	55.666666666666664
5063.0	29.893333333333334
5138.0	35.38666666666666
5213.0	20.266666666666666
5288.0	23.586666666666666
5363.0	3.0
5438.0	3.2266666666666666
5513.0	1.1466666666666667
5588.0	13.746666666666666
5663.0	16.24
5738.0	18.48
5813.0	16.546666666666667
5888.0	27.013333333333332
5963.0	21.613333333333333
6038.0	13.053333333333333
6113.0	13.386666666666667
6188.0	27.333333333333332
6263.0	27.253333333333334
6338.0	27.24
6413.0	23.493333333333332
6488.0	28.773333333333333
6563.0	16.973333333333333
6638.0	12.106666666666667
6713.0	17.973333333333333
6788.0	27.226666666666667
6863.0	21.253333333333334
6938.0	12.053333333333333
7013.0	21.733333333333334
7088.0	67.61333333333333
7163.0	65.21333333333334
7238.0	74.78666666666666
7313.0	76.90666666666667
7388.0	83.08
7463.0	47.53333333333333
7538.0	48.93333333333333
7613.0	46.52
7688.0	32.88
7763.0	7.653333333333333
7838.0	9.4
7913.0	11.893333333333333
7988.0	47.78666666666667
8063.0	38.52
8138.0	41.52
8213.0	38.0
8288.0	60.36
8363.0	32.49333333333333
8438.0	25.56
8513.0	27.64
8588.0	30.84
8663.0	17.133333333333333
8738.0	5.653333333333333
8813.0	10.76
8888.0	20.36
8963.0	29.026666666666667
9038.0	19.48
9113.0	12.106666666666667
9188.0	19.786666666666665
9263.0	39.76
9338.0	37.24
9413.0	40.56
9488.0	71.14666666666666
9563.0	78.21333333333334
9638.0	53.24
9713.0	43.013333333333335
9788.0	62.25333333333333
9863.0	56.093333333333334
9938.0	44.06666666666667
10013.0	46.36
10088.0	77.34666666666666
10163.0	68.36
10238.0	48.21333333333333
10313.0	55.53333333333333
10388.0	70.37333333333333
10463.0	50.026666666666664
10538.0	36.89333333333333
10613.0	34.733333333333334
10688.0	55.61333333333334
10763.0	49.48
10838.0	34.13333333333333
10913.0	37.56
10988.0	49.85333333333333
11063.0	51.373333333333335
11138.0	19.906666666666666
11213.0	22.586666666666666
11288.0	30.413333333333334
11363.0	43.74666666666667
11438.0	29.30666666666667
11513.0	30.96
11588.0	41.946666666666665
11663.0	35.28
11738.0	16.826666666666668
11813.0	16.08
11888.0	47.72
11963.0	47.986666666666665
12038.0	42.08
12113.0	68.69333333333333
12188.0	104.42666666666666
12263.0	57.72
12338.0	45.32
12413.0	50.986666666666665
12488.0	50.28
12563.0	31.066666666666666
12638.0	38.88
12713.0	41.45333333333333
12788.0	44.2
12863.0	28.333333333333332
12938.0	36.373333333333335
13013.0	45.86666666666667
13088.0	57.17333333333333
13163.0	35.77333333333333
13238.0	35.653333333333336
13313.0	58.413333333333334
13388.0	62.84
13463.0	52.413333333333334
13538.0	46.82666666666667
13613.0	49.38666666666666
13688.0	39.586666666666666
13763.0	27.266666666666666
13838.0	22.666666666666668
13913.0	36.06666666666667
13988.0	47.64
14063.0	47.4
14138.0	53.373333333333335
14213.0	66.04
14288.0	71.44
14363.0	49.986666666666665
14438.0	50.85333333333333
14513.0	43.74666666666667
14588.0	49.626666666666665
14663.0	23.373333333333335
14738.0	27.986666666666668
14813.0	28.373333333333335
14888.0	49.82666666666667
14963.0	26.773333333333333
15038.0	30.706666666666667
15113.0	23.24
15188.0	48.306666666666665
15263.0	47.986666666666665
15338.0	43.013333333333335
15413.0	36.96
15488.0	49.653333333333336
15563.0	37.44
15638.0	20.6
15713.0	25.106666666666666
15788.0	26.346666666666668
15863.0	36.84
15938.0	20.52
16013.0	25.32
16088.0	30.186666666666667
16163.0	83.97333333333333
16238.0	67.29333333333334
16313.0	89.16
16388.0	72.49333333333334
16463.0	95.92
16538.0	45.78666666666667
16613.0	40.77333333333333
16688.0	41.08
16763.0	62.88
16838.0	53.12
16913.0	37.04
16988.0	36.61333333333334
17063.0	52.46666666666667
17138.0	61.06666666666667
17213.0	38.81333333333333
17288.0	45.57333333333333
17363.0	49.77333333333333
17438.0	74.37333333333333
17513.0	49.82666666666667
17588.0	57.2
17663.0	57.68
17738.0	72.74666666666667
17813.0	42.4
17888.0	53.77333333333333
17963.0	61.04
18038.0	75.81333333333333
18113.0	49.24
18188.0	63.306666666666665
18263.0	62.653333333333336
18338.0	46.88
18413.0	19.506666666666668
18488.0	15.653333333333334
18563.0	19.72
18638.0	49.52
18713.0	30.24
18788.0	43.81333333333333
18863.0	39.653333333333336
18938.0	79.54666666666667
19013.0	16.266666666666666
19088.0	13.466666666666667
19163.0	9.026666666666667
19238.0	34.61333333333334
19313.0	29.493333333333332
19388.0	21.626666666666665
19463.0	19.506666666666668
19538.0	34.946666666666665
19613.0	39.61333333333334
19688.0	23.786666666666665
19763.0	32.45333333333333
19838.0	34.17333333333333
19913.0	31.986666666666668
19988.0	4.533333333333333
20063.0	6.1066666666666665
20138.0	8.066666666666666
20213.0	41.266666666666666
20288.0	38.89333333333333
20363.0	49.986666666666665
20438.0	35.78666666666667
20513.0	39.81333333333333
20588.0	12.266666666666667
20663.0	2.44
20738.0	2.0
20813.0	20.533333333333335
20888.0	24.026666666666667
20963.0	32.973333333333336
21038.0	26.613333333333333
21113.0	82.16
21188.0	62.266666666666666
21263.0	67.96
21338.0	56.0
21413.0	99.53333333333333
21488.0	65.44
21563.0	75.30666666666667
21638.0	76.88
21713.0	88.16
21788.0	38.93333333333333
21863.0	43.013333333333335
21938.0	42.12
22013.0	72.25333333333333
22088.0	43.57333333333333
22163.0	52.44
22238.0	55.42666666666667
22313.0	95.10666666666667
22388.0	76.32
22463.0	104.26666666666667
22538.0	99.78666666666666
22613.0	105.14666666666666
22688.0	71.37333333333333
22763.0	78.8
22838.0	92.04
22913.0	51.61333333333334
22988.0	36.16
23063.0	42.82666666666667
23138.0	63.54666666666667
23213.0	51.61333333333334
23288.0	31.30666666666667
23363.0	27.426666666666666
23438.0	39.64
23513.0	47.61333333333334
23588.0	32.013333333333335
23663.0	31.866666666666667
23738.0	31.84
23813.0	39.973333333333336
23888.0	13.746666666666666
23963.0	18.2
24038.0	16.773333333333333
24113.0	25.253333333333334
24188.0	16.293333333333333
24263.0	13.146666666666667
24338.0	13.226666666666667
24413.0	38.693333333333335
24488.0	32.50666666666667
24563.0	29.56
24638.0	25.986666666666668
24713.0	43.32
24788.0	42.88
24863.0	37.026666666666664
24938.0	36.373333333333335
25013.0	47.89333333333333
25088.0	24.906666666666666
25163.0	11.413333333333334
25238.0	8.466666666666667
25313.0	44.04
25388.0	38.093333333333334
25463.0	45.56
25538.0	45.53333333333333
25613.0	67.70666666666666
25688.0	47.32
25763.0	32.053333333333335
25838.0	28.24
25913.0	57.52
25988.0	67.05333333333333
26063.0	47.013333333333335
26138.0	43.333333333333336
26213.0	77.18666666666667
26288.0	89.58666666666667
26363.0	42.093333333333334
26438.0	34.306666666666665
26513.0	71.57333333333334
26588.0	75.38666666666667
26663.0	43.44
26738.0	35.733333333333334
26813.0	34.36
26888.0	57.2
26963.0	37.53333333333333
27038.0	60.42666666666667
27113.0	59.6
27188.0	87.89333333333333
27263.0	47.48
27338.0	61.57333333333333
27413.0	52.61333333333334
27488.0	88.65333333333334
27563.0	52.013333333333335
27638.0	55.96
27713.0	50.45333333333333
27788.0	65.94666666666667
27863.0	38.8
27938.0	17.053333333333335
28013.0	20.706666666666667
28088.0	52.70666666666666
28163.0	69.70666666666666
28238.0	71.05333333333333
28313.0	94.73333333333333
28388.0	93.57333333333334
28463.0	61.333333333333336
28538.0	29.466666666666665
28613.0	36.12
28688.0	47.82666666666667
28763.0	43.44
28838.0	29.933333333333334
28913.0	33.50666666666667
28988.0	55.18666666666667
29063.0	45.24
29138.0	20.85333333333333
29213.0	17.84
29288.0	28.85333333333333
29363.0	40.053333333333335
29438.0	28.36
29513.0	53.413333333333334
29588.0	61.013333333333335
29663.0	65.01333333333334
29738.0	36.32
29813.0	32.32
29877.0	8.754716981132075
