#Insert size (bp)	insert size
67.0	3.0
81.0	1.0
83.0	2.0
88.0	1.0
92.0	1.0
94.0	1.0
98.0	1.0
101.0	1.0
104.0	1.0
105.0	1.0
107.0	8.0
108.0	2.0
113.0	1.0
115.0	3.0
116.0	3.0
119.0	1.0
123.0	7.0
129.0	1.0
131.0	1.0
137.0	1.0
139.0	1.0
141.0	1.0
144.0	1.0
145.0	4.0
149.0	1.0
159.0	11.0
170.0	2.0
172.0	1.0
175.0	3.0
180.0	1.0
181.0	2.0
182.0	1.0
187.0	1.0
190.0	2.0
192.0	4.0
193.0	4.0
197.0	8.0
198.0	1.0
202.0	1.0
204.0	1.0
207.0	1.0
208.0	2.0
209.0	1.0
210.0	1.0
213.0	20.0
220.0	1.0
221.0	2.0
223.0	3.0
228.0	1.0
234.0	1.0
236.0	1.0
237.0	1.0
241.0	1.0
242.0	2.0
248.0	1.0
250.0	3.0
255.0	1.0
261.0	2.0
264.0	1.0
266.0	1.0
272.0	1.0
278.0	1.0
280.0	1.0
282.0	1.0
288.0	1.0
290.0	1.0
297.0	1.0
299.0	1.0
300.0	2.0
303.0	1.0
307.0	1.0
308.0	3.0
310.0	1.0
311.0	1.0
314.0	1.0
318.0	1.0
322.0	1.0
324.0	1.0
328.0	2.0
329.0	1.0
333.0	1.0
336.0	1.0
338.0	1.0
355.0	1.0
361.0	1.0
367.0	1.0
368.0	1.0
369.0	1.0
371.0	1.0
372.0	1.0
373.0	1.0
374.0	1.0
375.0	2.0
376.0	6.0
377.0	11.0
378.0	9.0
379.0	25.0
380.0	28.0
381.0	26.0
382.0	21.0
383.0	15.0
384.0	18.0
385.0	14.0
386.0	23.0
387.0	20.0
388.0	14.0
389.0	9.0
390.0	16.0
391.0	15.0
392.0	26.0
393.0	20.0
394.0	26.0
395.0	8.0
396.0	3.0
397.0	11.0
398.0	10.0
399.0	11.0
400.0	4.0
401.0	4.0
402.0	7.0
403.0	6.0
404.0	11.0
405.0	9.0
406.0	7.0
407.0	5.0
408.0	5.0
409.0	4.0
410.0	8.0
411.0	10.0
412.0	5.0
413.0	3.0
414.0	3.0
415.0	2.0
416.0	3.0
417.0	4.0
418.0	6.0
419.0	2.0
443.0	3.0
457.0	1.0
465.0	2.0
494.0	1.0
497.0	1.0
511.0	1.0
523.0	1.0
525.0	1.0
537.0	1.0
547.0	1.0
560.0	1.0
562.0	1.0
564.0	1.0
583.0	1.0
585.0	1.0
587.0	1.0
588.0	3.0
589.0	1.0
607.0	1.0
608.0	1.0
611.0	1.0
613.0	3.0
615.0	1.0
616.0	1.0
621.0	1.0
626.0	1.0
629.0	1.0
640.0	1.0
642.0	1.0
643.0	1.0
645.0	1.0
650.0	1.0
651.0	1.0
652.0	3.0
661.0	1.0
665.0	2.0
667.0	1.0
670.0	1.0
673.0	1.0
815.0	1.0
825.0	3.0
830.0	1.0
871.0	3.0
881.0	1.0
949.0	1.0
950.0	3.0
964.0	1.0
967.0	2.0
968.0	1.0
976.0	1.0
977.0	2.0
979.0	2.0
982.0	1.0
983.0	1.0
986.0	1.0
989.0	1.0
992.0	1.0
997.0	1.0
998.0	3.0
1006.0	1.0
1013.0	1.0
1016.0	4.0
1021.0	1.0
1027.0	2.0
1031.0	1.0
1032.0	1.0
1036.0	1.0
1038.0	16.0
1046.0	1.0
1049.0	4.0
1405.0	1.0
1502.0	4.0
1576.0	1.0
1609.0	1.0
1611.0	1.0
1619.0	1.0
1653.0	1.0
2088.0	1.0
2122.0	1.0
2194.0	1.0
2598.0	18.0
2670.0	7.0
2685.0	1.0
3247.0	7.0
3341.0	1.0
3554.0	1.0
3974.0	1.0
4012.0	1.0
4376.0	1.0
4377.0	1.0
4391.0	14.0
4449.0	1.0
4554.0	13.0
5170.0	1.0
5302.0	1.0
5717.0	4.0
5927.0	8.0
6423.0	1.0
6486.0	1.0
7018.0	3.0
7087.0	1.0
7090.0	1.0
7177.0	1.0
7604.0	1.0
8084.0	5.0
10141.0	15.0
11270.0	1.0
11313.0	1.0
13066.0	1.0
15448.0	1.0
18036.0	1.0
19909.0	2.0
21665.0	1.0
21713.0	93.0
24139.0	4.0
25593.0	7.0
25964.0	6.0
26393.0	109.0
26394.0	1.0
26560.0	145.0
27185.0	63.0
27693.0	4.0
27824.0	4.0
28434.0	108.0
29033.0	2.0
