#Position (bp)	mapping quality
38.0	59.998271130939884
113.0	59.99683389102377
188.0	59.98788722808715
263.0	59.94143554060319
338.0	59.99771586183119
413.0	59.99711165929309
488.0	59.99480939939246
563.0	59.99710951007462
638.0	59.99724771088716
713.0	59.995056137195974
788.0	59.99842831567064
863.0	59.99745707286251
938.0	59.99810648182741
1013.0	59.99798630979752
1088.0	59.99802630554214
1163.0	59.99632978291726
1238.0	59.99791522022028
1313.0	59.99759402121504
1388.0	59.996659272170284
1463.0	59.9996021853286
1538.0	59.99916179769741
1613.0	59.997598040247915
1688.0	59.99803278310232
1763.0	59.998990431514315
1838.0	59.997473654154426
1913.0	59.994615763717555
1988.0	59.99655525530195
2063.0	59.997879433313386
2138.0	59.9979557024123
2213.0	59.99903799700554
2288.0	59.99438886997771
2363.0	59.99913088263697
2438.0	59.998338384644015
2513.0	59.998064641715395
2588.0	59.99740159753633
2663.0	59.99850531517371
2738.0	59.998156054438574
2813.0	59.99831140868334
2888.0	59.99747795032665
2963.0	59.99869140801413
3038.0	59.92978612943664
3113.0	59.83884811571457
3188.0	59.99793799186005
3263.0	59.998705936552746
3338.0	59.99899396620981
3413.0	59.99859142585266
3488.0	59.99818401125779
3563.0	59.99870133383837
3638.0	59.944222864971834
3713.0	59.996120132202904
3788.0	59.9984875814946
3863.0	59.99888700993926
3938.0	59.998828712143016
4013.0	59.998780928405765
4088.0	59.998594323957924
4163.0	59.99704698102931
4238.0	59.99838569807238
4313.0	59.99794676535069
4388.0	59.997818026068806
4463.0	59.997739199206535
4538.0	59.998090169409856
4613.0	59.99892608908468
4688.0	59.99584869288782
4763.0	59.99747302710988
4838.0	59.99877399903305
4913.0	59.99928825744549
4988.0	59.99862218721142
5063.0	60.0
5138.0	59.99784030605949
5213.0	60.0
5288.0	59.99501646964568
5363.0	59.996917592338676
5438.0	59.99745698058828
5513.0	59.99855942376951
5588.0	59.99830688392717
5663.0	59.99871070289368
5738.0	59.97953103890454
5813.0	59.99822859897891
5888.0	59.99823857222588
5963.0	59.99708556864843
6038.0	59.99747488761862
6113.0	60.0
6188.0	59.964030439533765
6263.0	59.99874750381031
6338.0	59.99828267937381
6413.0	59.99747525223102
6488.0	59.99792561367637
6563.0	59.997881166999
6638.0	59.999396978037666
6713.0	59.996084530994004
6788.0	59.99876381941568
6863.0	59.997589858025684
6938.0	60.0
7013.0	59.99961335223611
7088.0	59.99673402559352
7163.0	60.0
7238.0	59.996479564460614
7313.0	59.996747520650985
7388.0	59.99810883013152
7463.0	59.99861970534935
7538.0	59.9983442969838
7613.0	59.99655597125857
7688.0	59.99907559643576
7763.0	59.999473545669915
7838.0	59.999196828326326
7913.0	59.998604933770814
7988.0	59.99826374481641
8063.0	59.998959586240076
8138.0	59.99806360549339
8213.0	59.99766492262055
8288.0	59.998904353228006
8363.0	59.99139149289636
8438.0	59.99833742735606
8513.0	59.998574903913976
8588.0	59.99406977346949
8663.0	59.99945962868771
8738.0	59.998667820738476
8813.0	59.99873894363299
8888.0	59.99723568553356
8963.0	59.996947919563524
9038.0	59.99873237840747
9113.0	59.99736093133945
9188.0	59.997579456094364
9263.0	59.99849880672911
9338.0	59.999579606869624
9413.0	59.999155018237566
9488.0	59.99854281457966
9563.0	59.99633880298328
9638.0	59.99822463025626
9713.0	59.997898751984344
9788.0	59.996816098118536
9863.0	59.998128563869905
9938.0	59.999152754169316
10013.0	59.998191745245855
10088.0	59.99851904900843
10163.0	59.9965034685528
10238.0	59.97661212394512
10313.0	59.99693758883577
10388.0	59.99666232837541
10463.0	59.998055969921964
10538.0	59.998891097981016
10613.0	59.998306344128366
10688.0	59.99879254614381
10763.0	59.99748981526932
10838.0	59.997954892731045
10913.0	59.998702063791434
10988.0	59.998181553882574
11063.0	59.99433670008492
11138.0	59.997953349721364
11213.0	59.997768786468136
11288.0	59.995461412542454
11363.0	59.998693823866965
11438.0	59.99835067858514
11513.0	59.99790969405253
11588.0	59.99385417134642
11663.0	59.998437804665585
11738.0	59.998795334709314
11813.0	59.998765792853135
11888.0	59.99812872646163
11963.0	59.99805713259243
12038.0	59.99709324191494
12113.0	59.99547505152043
12188.0	59.99906683871363
12263.0	59.997693205598175
12338.0	59.998759892132
12413.0	59.99861819827745
12488.0	59.99818775520244
12563.0	59.9981127781217
12638.0	59.99864501339363
12713.0	59.99713196179216
12788.0	59.9981817879915
12863.0	59.99878206407332
12938.0	59.99781027342279
13013.0	59.99747019698238
13088.0	59.99754307639344
13163.0	59.99855801587038
13238.0	59.99743619447529
13313.0	59.99669301145419
13388.0	59.993419615084704
13463.0	59.996738928058946
13538.0	59.99730952537831
13613.0	59.99815055359014
13688.0	59.99709226482539
13763.0	59.994854927722564
13838.0	59.99746475883117
13913.0	59.99626940393193
13988.0	59.9962677020004
14063.0	59.99822350091642
14138.0	59.99731960823506
14213.0	59.99613613232052
14288.0	59.9978447811154
14363.0	59.986507577262685
14438.0	59.95132851808601
14513.0	59.99909738081685
14588.0	59.997999611222355
14663.0	59.99771143347789
14738.0	59.99921108796179
14813.0	59.998593737034646
14888.0	59.99403878053712
14963.0	59.999761611506216
15038.0	59.999172294829975
15113.0	59.99925873611589
15188.0	59.999109430922765
15263.0	59.99810166298692
15338.0	59.964461955171686
15413.0	59.997426678763205
15488.0	59.99828618316013
15563.0	59.99849037639111
15638.0	59.99818332618078
15713.0	59.997301963321526
15788.0	59.99711921645072
15863.0	59.99804187922206
15938.0	59.99813844029342
16013.0	59.9969972787839
16088.0	59.99880187976922
16163.0	59.998308435113216
16238.0	59.99928699206142
16313.0	59.99862187769165
16388.0	59.997163358583435
16463.0	59.99442335371083
16538.0	60.0
16613.0	59.997756769748435
16688.0	59.99814585908529
16763.0	59.99873742260954
16838.0	59.99688794867737
16913.0	59.99861948589256
16988.0	59.998879477914215
17063.0	59.99753893843686
17138.0	59.99687424597004
17213.0	59.99922428864181
17288.0	59.998400026008284
17363.0	59.997910012491545
17438.0	59.99749613331445
17513.0	59.99880707060027
17588.0	59.998109901778605
17663.0	59.998222514942974
17738.0	59.99780436173879
17813.0	59.998446766869506
17888.0	59.99747665247557
17963.0	59.99892645143575
18038.0	59.9978209284449
18113.0	59.99847128309716
18188.0	59.99930524202563
18263.0	59.99952477875313
18338.0	59.99793106072925
18413.0	59.99787770020918
18488.0	59.99850752711479
18563.0	59.99838540269284
18638.0	59.99663939010201
18713.0	59.998130634885605
18788.0	59.998503028066025
18863.0	59.99888827797884
18938.0	59.99789316260895
19013.0	59.997942650203704
19088.0	59.99914635606674
19163.0	59.9988974232122
19238.0	59.998302629407824
19313.0	59.99240383131758
19388.0	60.0
19463.0	60.0
19538.0	59.999217815404435
19613.0	59.999290534276064
19688.0	59.998067269290964
19763.0	59.9979687346201
19838.0	59.99963794351919
19913.0	59.99472412197254
19988.0	59.99790346517161
20063.0	59.99942745426616
20138.0	59.99899762900707
20213.0	59.998387540082454
20288.0	60.0
20363.0	60.0
20438.0	60.0
20513.0	59.99876132012075
20588.0	59.99811443190041
20663.0	59.997712636147504
20738.0	59.9987254875147
20813.0	59.99884079918505
20888.0	59.998094746446405
20963.0	59.998740955068726
21038.0	59.9984530426725
21113.0	59.99804502112299
21188.0	59.9942885978393
21263.0	60.0
21338.0	59.98328225132349
21413.0	60.0
21488.0	60.0
21563.0	59.996951485062276
21638.0	59.97235060516935
21713.0	59.91886624041386
21788.0	59.998271645723634
21863.0	59.99784357789707
21938.0	59.99837661117583
22013.0	59.99764000274541
22088.0	59.998179795429394
22163.0	59.998997277250965
22238.0	59.997951394552274
22313.0	59.998343035040286
22388.0	60.0
22463.0	60.0
22538.0	59.996714160573504
22613.0	59.998240292442006
22688.0	59.99859615095506
22763.0	59.99938434568468
22838.0	59.99822988209937
22913.0	59.99836939590546
22988.0	59.998042237060524
23063.0	59.999286173483206
23138.0	59.99764051198056
23213.0	59.99630844451499
23288.0	59.99725591817021
23363.0	59.966481582908884
23438.0	59.95050327264086
23513.0	59.98931917219341
23588.0	59.998847207704785
23663.0	59.99874591883068
23738.0	59.99962592198034
23813.0	59.998628797380896
23888.0	59.99903216607569
23963.0	59.99817943880479
24038.0	59.99627548046972
24113.0	59.99807709007902
24188.0	59.99805693468736
24263.0	59.99857941016137
24338.0	59.99805695374166
24413.0	59.99843718083874
24488.0	59.9979805227709
24563.0	59.99773209674585
24638.0	59.99797340695026
24713.0	59.99585963154469
24788.0	59.997814316228705
24863.0	59.99708294795044
24938.0	59.99736647535751
25013.0	59.99746740644704
25088.0	59.99849183106038
25163.0	59.9994403533843
25238.0	59.99858835964927
25313.0	59.997706689794356
25388.0	59.99904352694381
25463.0	59.998004986812745
25538.0	59.99751363988102
25613.0	59.99881015931441
25688.0	59.99577202195696
25763.0	59.99657881283898
25838.0	59.99835372873768
25913.0	59.998917828771
25988.0	59.99636550056621
26063.0	59.99932556953028
26138.0	59.998421039810616
26213.0	59.99805722279886
26288.0	59.99814341472628
26363.0	59.9990690147986
26438.0	59.99860557089769
26513.0	59.99848547541448
26588.0	59.99770457919711
26663.0	59.99716945520566
26738.0	59.99511436440625
26813.0	59.99539322980364
26888.0	59.99529368415764
26963.0	59.99690351511714
27038.0	59.99889176562754
27113.0	59.998574827101116
27188.0	59.99676891700282
27263.0	59.99903891376807
27338.0	59.9990266316979
27413.0	59.998604325940434
27488.0	59.99746824595459
27563.0	59.99949083503055
27638.0	60.0
27713.0	60.0
27788.0	60.0
27863.0	60.0
27938.0	59.998862615983235
28013.0	59.943976420896284
28088.0	59.99047148652544
28163.0	59.997958744688965
28238.0	59.998723908902164
28313.0	59.99657661062605
28388.0	59.99755563736808
28463.0	59.998277252521014
28538.0	59.997268965557964
28613.0	59.99888056789338
28688.0	59.99650437839914
28763.0	59.998993167152165
28838.0	59.999040541336676
28913.0	59.99831925339467
28988.0	59.99605745793596
29063.0	59.995464834360114
29138.0	59.99819636538778
29213.0	59.99734827540555
29288.0	59.99663946294074
29363.0	59.99838329784628
29438.0	60.0
29513.0	59.99331082372428
29588.0	59.99650824442289
29663.0	60.0
29738.0	59.99778002018164
29813.0	59.99691229241425
29877.0	60.0
