#Position (bp)	insert size
38.0	17970.830847029076
113.0	238.02083333333334
188.0	305.78205128205127
263.0	145.96174863387978
338.0	352.3084200567644
413.0	239.09677419354838
488.0	208.06361829025846
563.0	156.4721549636804
638.0	312.44177310293014
713.0	575.5306513409962
788.0	250.36639676113361
863.0	284.9273607748184
938.0	331.71373752877975
1013.0	252.28402366863907
1088.0	214.5177993527508
1163.0	169.75
1238.0	265.5266524520256
1313.0	328.75636363636363
1388.0	273.80669144981414
1463.0	237.39285714285714
1538.0	248.89819004524887
1613.0	257.59551243177685
1688.0	290.390625
1763.0	191.15837104072398
1838.0	78.31211291948725
1913.0	234.3296
1988.0	228.5762962962963
2063.0	205.21222410865875
2138.0	130.12562814070353
2213.0	274.1940928270042
2288.0	279.45
2363.0	216.4
2438.0	157.63636363636363
2513.0	265.35502121640735
2588.0	235.7764705882353
2663.0	204.497461928934
2738.0	153.9891304347826
2813.0	188.44985673352434
2888.0	25.87261328013679
2963.0	215.7076923076923
3038.0	181.27777777777777
3113.0	333.5792400370714
3188.0	286.05910165484636
3263.0	205.7798319327731
3338.0	226.86652078774617
3413.0	121.94650205761317
3488.0	884.633608815427
3563.0	261.85714285714283
3638.0	262.28
3713.0	246.7941176470588
3788.0	284.2641261498029
3863.0	242.28
3938.0	198.93977812995246
4013.0	229.54001344989913
4088.0	268.7686408180656
4163.0	165.65130759651308
4238.0	218.58786346396965
4313.0	188.27344497607655
4388.0	274.1832917705736
4463.0	191.69418960244647
4538.0	146.19012797074953
4613.0	279.03355704697987
4688.0	215.9526627218935
4763.0	207.76972281449895
4838.0	176.78398058252426
4913.0	158.63829787234042
4988.0	606.2753623188406
5063.0	275.35714285714283
5138.0	232.48275862068965
5213.0	250.0308510638298
5288.0	237.2781875658588
5363.0	210.12267657992564
5438.0	182.24238227146813
5513.0	171.69133192389006
5588.0	265.2729676140119
5663.0	219.21955403087478
5738.0	199.57077625570776
5813.0	146.79109589041096
5888.0	291.98915187376724
5963.0	254.16780821917808
6038.0	210.0609318996416
6113.0	165.06614785992218
6188.0	265.6733731530965
6263.0	234.59850374064837
6338.0	189.07461328480437
6413.0	157.00778210116732
6488.0	300.2549394518802
6563.0	239.37868852459016
6638.0	248.99465240641712
6713.0	185.04936305732485
6788.0	219.1266968325792
6863.0	226.91666666666666
6938.0	174.3125
7013.0	250.38470728793308
7088.0	453.6453201970443
7163.0	223.26694915254237
7238.0	183.26106194690266
7313.0	255.47262647262647
7388.0	280.7153284671533
7463.0	202.22623574144487
7538.0	230.4442105263158
7613.0	275.68239564428313
7688.0	241.58969465648855
7763.0	260.7346570397112
7838.0	178.42082429501085
7913.0	245.4822888283379
7988.0	285.0087336244541
8063.0	233.8569587628866
8138.0	254.76898222940227
8213.0	146.59049773755657
8288.0	327.3829787234043
8363.0	242.87579617834396
8438.0	204.75806451612902
8513.0	185.71621621621622
8588.0	248.88039867109634
8663.0	255.931654676259
8738.0	218.91335740072202
8813.0	165.11290322580646
8888.0	310.5282485875706
8963.0	245.9602122015915
9038.0	218.44444444444446
9113.0	192.91353996737357
9188.0	297.88085539714865
9263.0	280.9146341463415
9338.0	238.5641646489104
9413.0	222.19541484716157
9488.0	247.86379018612521
9563.0	240.53942953020135
9638.0	218.61831442463534
9713.0	183.5609348914858
9788.0	368.9428436466698
9863.0	69.72661024917724
9938.0	205.4873417721519
10013.0	207.2103092783505
10088.0	235.01749539594843
10163.0	264.4375
10238.0	193.37339055793993
10313.0	170.74233128834356
10388.0	330.2918287937743
10463.0	298.2595281306715
10538.0	305.54330708661416
10613.0	202.26106194690266
10688.0	259.995287464656
10763.0	246.14442013129104
10838.0	220.34116331096197
10913.0	191.7521793275218
10988.0	239.88104838709677
11063.0	275.0305958132045
11138.0	209.4788732394366
11213.0	180.87617260787994
11288.0	259.74074074074076
11363.0	263.01179673321235
11438.0	213.13498920086394
11513.0	187.76237623762376
11588.0	199.37117647058824
11663.0	111.69787697332607
11738.0	255.5112540192926
11813.0	151.92193308550185
11888.0	245.90013617793917
11963.0	252.01870187018702
12038.0	205.3371794871795
12113.0	226.79098360655738
12188.0	308.07934508816123
12263.0	196.13057851239668
12338.0	173.77185501066097
12413.0	248.0709745762712
12488.0	276.5329593267882
12563.0	202.96166134185304
12638.0	167.75249500998004
12713.0	268.6798608090474
12788.0	223.2826086956522
12863.0	213.40083073727934
12938.0	171.26359832635984
13013.0	247.21641274238226
13088.0	266.98009478672986
13163.0	200.28367003367003
13238.0	164.70432692307693
13313.0	300.97808586762073
13388.0	251.6005291005291
13463.0	235.35109289617486
13538.0	169.60576923076923
13613.0	269.3517968116725
13688.0	219.1794701986755
13763.0	187.4371761658031
13838.0	171.77211155378487
13913.0	488.17968449403617
13988.0	212.5231037489102
14063.0	216.36231884057972
14138.0	185.3090909090909
14213.0	252.5249438202247
14288.0	258.6084762865792
14363.0	204.30009407337724
14438.0	157.11234911792016
14513.0	201.4270633397313
14588.0	142.81821467293096
14663.0	211.43987341772151
14738.0	172.14172185430465
14813.0	126.04174950298211
14888.0	254.57997481108313
14963.0	231.41935483870967
15038.0	191.1650853889943
15113.0	139.15330188679246
15188.0	244.26375952582558
15263.0	231.12739571589628
15338.0	206.84485006518904
15413.0	196.63049853372434
15488.0	278.1801941747573
15563.0	249.1920326864147
15638.0	208.6141791044776
15713.0	164.3301204819277
15788.0	127.88794567062818
15863.0	109.06364545151617
15938.0	236.87309644670052
16013.0	193.37906137184115
16088.0	205.99558916194076
16163.0	400.835
16238.0	212.5794871794872
16313.0	178.86092715231788
16388.0	204.13225058004642
16463.0	329.1119402985075
16538.0	259.021582733813
16613.0	284.06060606060606
16688.0	263.6066666666667
16763.0	260.35298681148174
16838.0	246.55243445692884
16913.0	203.28595890410958
16988.0	175.88056680161944
17063.0	258.90452029520293
17138.0	255.248766041461
17213.0	210.37513061650992
17288.0	154.536
17363.0	221.75634517766497
17438.0	249.11359724612737
17513.0	206.24493243243242
17588.0	173.4055666003976
17663.0	242.70547550432278
17738.0	273.4560357675112
17813.0	232.04943502824858
17888.0	183.214405360134
17963.0	216.94075699396598
18038.0	238.48475120385234
18113.0	202.7660485021398
18188.0	161.79690189328744
18263.0	242.29485887096774
18338.0	241.4973656480506
18413.0	207.04710500490677
18488.0	171.7640586797066
18563.0	197.41543257989088
18638.0	279.4174653887114
18713.0	219.80238095238096
18788.0	191.53571428571428
18863.0	212.93079847908746
18938.0	236.0878048780488
19013.0	221.2998760842627
19088.0	187.99373040752351
19163.0	131.50260416666666
19238.0	216.30263157894737
19313.0	255.28571428571428
19388.0	220.75
19463.0	129.0
19538.0	235.38953488372093
19613.0	228.49586776859505
19688.0	213.8148148148148
19763.0	166.4756446991404
19838.0	238.79306608884073
19913.0	277.056338028169
19988.0	244.00581395348837
20063.0	221.69607843137254
20138.0	245.8820754716981
20213.0	278.2523076923077
20288.0	262.02941176470586
20363.0	273.36601307189545
20438.0	249.7950937950938
20513.0	267.3848354792561
20588.0	242.3168168168168
20663.0	215.69924812030075
20738.0	193.103690685413
20813.0	234.07814336075205
20888.0	238.3252551020408
20963.0	195.98425196850394
21038.0	161.59922928709057
21113.0	256.9478908188586
21188.0	234.25409836065575
21263.0	192.73076923076923
21338.0	232.20731707317074
21413.0	254.80263157894737
21488.0	225.59420289855072
21563.0	174.66129032258064
21638.0	238.71713985278654
21713.0	264.0
21788.0	220.48026315789474
21863.0	200.79710144927537
21938.0	227.49618966977138
22013.0	265.01187648456056
22088.0	218.31549295774647
22163.0	168.08722741433021
22238.0	217.63346613545818
22313.0	432.5719424460432
22388.0	245.15032679738562
22463.0	201.49707602339183
22538.0	239.42430484037075
22613.0	247.3658536585366
22688.0	193.8268551236749
22763.0	251.74422442244224
22838.0	267.02338530066817
22913.0	250.79508890770532
22988.0	220.96924510717614
23063.0	194.30396475770925
23138.0	222.90730972117558
23213.0	222.35593220338984
23288.0	192.68303571428572
23363.0	151.8755426917511
23438.0	225.83321847002068
23513.0	247.3222748815166
23588.0	221.43453510436433
23663.0	173.57882352941178
23738.0	132.64102564102564
23813.0	235.23058103975535
23888.0	226.66156202143952
23963.0	186.70089285714286
24038.0	138.30043859649123
24113.0	231.9518134715026
24188.0	226.01963534361852
24263.0	185.01329394387002
24338.0	133.84909456740442
24413.0	232.69147286821706
24488.0	234.1949579831933
24563.0	196.321875
24638.0	156.81
24713.0	217.17751141552512
24788.0	213.0562827225131
24863.0	183.55310344827586
24938.0	150.72727272727272
25013.0	223.77401812688822
25088.0	213.16632443531827
25163.0	182.85780885780886
25238.0	147.7
25313.0	236.7270087124879
25388.0	228.5456647398844
25463.0	185.3753462603878
25538.0	133.92051756007393
25613.0	136.0687186828919
25688.0	255.1244019138756
25763.0	214.25
25838.0	151.1125
25913.0	239.1940412528648
25988.0	251.58602150537635
26063.0	224.62237762237763
26138.0	180.6918429003021
26213.0	234.78587528174305
26288.0	226.73672055427252
26363.0	223.42942942942943
26438.0	180.3372093023256
26513.0	229.60185185185185
26588.0	231.9712990936556
26663.0	200.07014925373133
26738.0	158.8148893360161
26813.0	228.150114416476
26888.0	262.11382799325463
26963.0	210.5736704446382
27038.0	168.5093002657219
27113.0	193.3711433756806
27188.0	229.66461916461915
27263.0	216.07981927710844
27338.0	174.22148760330577
27413.0	148.83916083916083
27488.0	202.52985074626866
27563.0	286.8205128205128
27638.0	250.64705882352942
27713.0	238.72413793103448
27788.0	294.93610223642173
27863.0	259.76237623762376
27938.0	217.15254237288136
28013.0	169.30701754385964
28088.0	220.9178690344062
28163.0	230.52566096423018
28238.0	183.7941176470588
28313.0	148.19011406844106
28388.0	203.64805057955743
28463.0	247.74634146341464
28538.0	205.14354066985646
28613.0	157.59903381642513
28688.0	211.34920634920636
28763.0	241.9485294117647
28838.0	205.42608695652174
28913.0	160.6206896551724
28988.0	136.16926032660902
29063.0	231.93299492385788
29138.0	199.51263537906138
29213.0	152.96500920810314
29288.0	123.53351955307262
29363.0	148.52777777777777
29438.0	216.125
29513.0	157.69767441860466
29588.0	139.0625
29663.0	113.16666666666667
29738.0	114.5
29813.0	76.0
29877.0	0.0
