#GC Content (%)	Sample
1.0	0.0
2.0	0.0
3.0	0.0
4.0	0.0
5.0	0.0
6.0	0.0
7.0	0.0
8.0	0.0
9.0	0.0
10.0	3.0656697108766894E-6
11.0	0.0
12.0	0.0
13.0	3.0656697108766894E-6
14.0	7.051040335016386E-5
15.0	7.051040335016386E-5
16.0	6.131339421753379E-6
17.0	4.199967503901065E-4
18.0	3.2189531964205246E-4
19.0	7.357607306104055E-5
20.0	0.0035193888280864393
21.0	5.732802359339409E-4
22.0	9.534232800826505E-4
23.0	0.009313504581643381
24.0	0.0014837841400643177
25.0	0.015711557268243033
26.0	0.00785424579926608
27.0	0.0035285858372190696
28.0	0.036322054734467014
29.0	0.012468078714135498
30.0	0.007581401194998054
31.0	0.07112966863176096
32.0	0.017900445441808986
33.0	0.010417145677558992
34.0	0.08232242874617174
35.0	0.02160684012225891
36.0	0.036466141210878225
37.0	0.08579583252859503
38.0	0.023121280959431993
39.0	0.09999601462937585
40.0	0.033164414932264026
41.0	0.013749528653281953
42.0	0.1021879684726527
43.0	0.026984024795136622
44.0	0.009509707443139491
45.0	0.07696976943098104
46.0	0.021634431149656796
47.0	0.011232613820652191
48.0	0.04687715554901546
49.0	0.014307480540661508
50.0	0.022744203584994162
51.0	0.016382938934925026
52.0	0.009086645023038506
53.0	0.01794949615718302
54.0	0.0019804226332263415
55.0	0.005107405738320565
56.0	0.012544720456907415
57.0	9.687516286370338E-4
58.0	0.0018179421385498772
59.0	0.0023268433105554077
60.0	5.242295205599139E-4
61.0	9.074382344195001E-4
62.0	0.0011833485083984025
63.0	3.218953196420524E-4
64.0	3.8014304414870953E-4
65.0	3.372236681964358E-5
66.0	3.985370624139697E-5
67.0	1.2262678843506758E-5
68.0	0.0
69.0	0.0
70.0	0.0
71.0	0.0
72.0	0.0
73.0	0.0
74.0	0.0
75.0	3.0656697108766894E-6
76.0	0.0
77.0	0.0
78.0	0.0
79.0	0.0
80.0	0.0
81.0	0.0
82.0	0.0
83.0	0.0
84.0	3.0656697108766894E-6
85.0	0.0
86.0	0.0
87.0	0.0
88.0	0.0
89.0	0.0
90.0	0.0
91.0	0.0
92.0	0.0
93.0	0.0
94.0	0.0
95.0	0.0
96.0	0.0
97.0	0.0
98.0	0.0
99.0	0.0
100.0	3.06566971087669E-5
