# Position (bp)	A	C	G	T	N
0.0	29.28909952606635	19.273301737756714	19.273301737756714	32.16429699842022	0.0
1.0	24.39178515007899	21.80094786729858	25.150078988941548	28.657187993680882	0.0
2.0	28.021457873146105	19.596087093720417	19.53297570211423	32.849479331019246	0.0
3.0	30.053610848312832	21.065909807631662	19.394512771996215	29.485966572059287	0.0
4.0	29.61210974456008	18.669189530116682	19.394512771996215	32.324187953327026	0.0
5.0	32.44010088272383	19.07313997477932	18.127364438839848	30.359394703657	0.0
6.0	33.07061790668348	18.06431273644388	20.208070617906685	28.65699873896595	0.0
7.0	29.133858267716533	19.055118110236222	20.976377952755907	30.834645669291337	0.0
8.0	28.076802014479068	19.106074913440352	23.040604343720492	29.77651872836009	0.0
9.0	26.597418948693736	20.616934214667925	19.54674220963173	33.23890462700661	0.0
10.0	26.345609065155806	17.186024551463642	20.365124331129998	36.10324205225055	0.0
11.0	26.565942713251495	19.137551148882594	18.948693736229146	35.347812401636766	0.0
12.0	27.51022977651873	21.214982688070506	19.106074913440352	32.168712621970414	0.0
13.0	29.933899905571295	21.624173748819643	19.64117091595845	28.800755429650614	0.0
14.0	28.517469310670446	23.29241422725842	18.508026440037774	29.682090022033364	0.0
15.0	26.651982378854626	22.876022655758337	20.64191315292637	29.83008181246067	0.0
16.0	28.247876690783265	18.055992450456117	20.666876376218937	33.02925448254168	0.0
17.0	32.14847436300723	16.860648002516516	20.289399182132748	30.701478452343505	0.0
18.0	28.234924623115575	21.136934673366834	20.634422110552762	29.993718592964825	0.0
19.0	25.094221105527637	23.618090452261306	21.29396984924623	29.993718592964825	0.0
20.0	27.275580665411177	22.78719397363465	18.20464532328939	31.732580037664782	0.0
21.0	24.506424318395485	21.49796302099655	20.33845189595738	33.65716076465058	0.0
22.0	28.34793491864831	19.74342928660826	19.242803504380475	32.66583229036296	0.0
23.0	26.806380982170786	20.83203002815139	18.26712543009071	34.09446355958711	0.0
24.0	25.148391127772573	16.994689159637613	19.212746016869726	38.644173695720085	0.0
25.0	27.403245942571786	18.008739076154807	15.69912609238452	38.88888888888889	0.0
26.0	31.524789522918617	17.96071094480823	17.14998440910508	33.36451512316807	0.0
27.0	29.08354114713217	19.170822942643394	18.609725685785534	33.1359102244389	0.0
28.0	30.258647553755065	19.725771268307884	17.32626986600187	32.689311311935185	0.0
29.0	29.585798816568047	19.464341326689507	17.315478044222985	33.634381812519464	0.0
30.0	29.996862252902417	20.426733605271416	17.383118920614997	32.19328522121117	0.0
31.0	30.467524317540008	19.73642924380295	17.2262315657358	32.56981487292124	0.0
32.0	28.63422291993721	21.789638932496075	19.277864992150707	30.298273155416013	0.0
33.0	28.13186813186813	19.15227629513344	21.63265306122449	31.083202511773937	0.0
34.0	33.741368487131204	16.94915254237288	19.899560577526678	29.409918392969242	0.0
35.0	29.25298179535468	18.39296924042687	22.128060263653484	30.225988700564972	0.0
36.0	32.234777150031384	16.101694915254235	17.200251098556183	34.463276836158194	0.0
37.0	31.07131636820609	19.572730128809297	19.164310398994658	30.191643103989946	0.0
38.0	28.090594526580688	18.905316137150045	19.50298836111985	33.50110097514942	0.0
39.0	31.434864694776586	18.28193832599119	18.502202643171806	31.780994336060413	0.0
40.0	29.735682819383257	15.890497168030207	20.862177470106985	33.51164254247955	0.0
41.0	26.188227887944603	16.650928548945547	24.582939880390306	32.577903682719544	0.0
42.0	30.553807426054124	18.628067967275015	19.383259911894275	31.434864694776586	0.0
43.0	29.83947119924457	16.965690903367957	19.07459867799811	34.12023921938936	0.0
44.0	32.473253618628064	19.005663939584643	17.526746381371932	30.994336060415357	0.0
45.0	31.253938248267172	16.099558916194077	18.6830497794581	33.96345305608065	0.0
46.0	32.53543307086614	16.031496062992126	19.023622047244093	32.40944881889764	0.0
47.0	34.27851291745432	17.233774417139255	19.06112161310649	29.426591052299937	0.0
48.0	27.000630119722747	18.557025834908632	21.707624448645245	32.73471959672338	0.0
49.0	28.539325842696627	19.550561797752806	18.362760834670947	33.547351524879616	0.0
50.0	28.443017656500803	18.747993579454253	19.518459069020867	33.29052969502408	0.0
51.0	29.460847240051347	17.008985879332478	18.966623876765084	34.563543003851095	0.0
52.0	28.209242618741975	15.693196405648266	23.202824133504492	32.89473684210527	0.0
53.0	30.29525032092426	20.218228498074453	19.60847240051348	29.878048780487802	0.0
54.0	29.910141206675224	19.54428754813864	19.319640564826702	31.225930680359436	0.0
55.0	27.993579454253613	17.49598715890851	19.42215088282504	35.08828250401284	0.0
56.0	25.46563904945408	20.456005138086063	20.199100834938985	33.87925497752087	0.0
57.0	29.466580976863753	17.769922879177376	20.5012853470437	32.26221079691517	0.0
58.0	27.024421593830333	19.408740359897173	19.53727506426735	34.02956298200514	0.0
59.0	25.546272493573262	19.98714652956298	20.019280205655527	34.447300771208226	0.0
60.0	28.663239074550127	18.958868894601544	18.99100257069409	33.38688946015424	0.0
61.0	27.570694087403595	16.9987146529563	22.36503856041131	33.06555269922879	0.0
62.0	28.631105398457585	21.240359897172237	20.75835475578406	29.370179948586117	0.0
63.0	28.07073954983923	19.260450160771704	19.839228295819936	32.82958199356913	0.0
64.0	29.260450160771708	18.87459807073955	19.742765273311896	32.12218649517685	0.0
65.0	28.520900321543408	19.871382636655948	19.067524115755628	32.540192926045016	0.0
66.0	30.35369774919614	17.331189710610932	19.581993569131832	32.733118971061096	0.0
67.0	29.5271791572853	21.550337729173368	17.594081698295273	31.32840141524606	0.0
68.0	27.693792216146672	20.360244451592152	19.009327758121582	32.93663557413959	0.0
69.0	29.334191058218078	21.26085558057253	18.269540045030556	31.135413316178834	0.0
70.0	31.392730781601802	21.357349630106143	17.143776133805083	30.106143454486972	0.0
71.0	29.591508523641043	20.585397233837245	20.553232550659377	29.269861691862335	0.0
72.0	28.764478764478763	18.17889317889318	21.17117117117117	31.885456885456886	0.0
73.0	28.185328185328185	16.441441441441444	23.037323037323038	32.335907335907336	0.0
74.0	30.27670527670528	18.371943371943374	20.656370656370658	30.694980694980696	0.0
75.0	30.051480051480052	20.238095238095237	20.72072072072072	28.98970398970399	0.0
76.0	29.987129987129986	19.401544401544403	19.723294723294725	30.888030888030887	0.0
77.0	32.52818035426731	20.611916264090176	18.067632850241548	28.792270531400966	0.0
78.0	30.563607085346217	17.198067632850243	20.25764895330113	31.980676328502415	0.0
79.0	32.39935587761675	18.937198067632853	18.454106280193237	30.209339774557165	0.0
80.0	33.97745571658615	17.1658615136876	18.454106280193237	30.40257648953301	0.0
81.0	30.273752012882447	17.52012882447665	19.871175523349436	32.33494363929147	0.0
82.0	34.847020933977454	15.265700483091788	21.09500805152979	28.792270531400966	0.0
83.0	33.24742268041237	17.17139175257732	20.554123711340207	29.027061855670105	0.0
84.0	28.962628865979383	17.8479381443299	20.876288659793815	32.31314432989691	0.0
85.0	29.864690721649485	16.076030927835053	22.100515463917525	31.958762886597935	0.0
86.0	28.93041237113402	20.038659793814436	19.716494845360824	31.314432989690722	0.0
87.0	32.21649484536083	17.23582474226804	20.167525773195877	30.380154639175256	0.0
88.0	30.283505154639172	17.1069587628866	19.748711340206185	32.86082474226804	0.0
89.0	30.980012894906512	16.53771760154739	19.084461637653128	33.39780786589297	0.0
90.0	28.04642166344294	17.923920051579625	20.08381689232753	33.9458413926499	0.0
91.0	30.947775628626694	19.63249516441006	15.635074145712444	33.78465506125081	0.0
92.0	30.657640232108317	18.92327530625403	17.0535138620245	33.36557059961315	0.0
93.0	32.20502901353966	17.0535138620245	19.761444229529335	30.980012894906512	0.0
94.0	29.78723404255319	17.08575112830432	17.988394584139265	35.138620245003224	0.0
95.0	30.39974210186976	17.73049645390071	18.98774983881367	32.88201160541586	0.0
96.0	29.883945841392652	17.859445519019985	19.116698903932946	33.13990973565441	0.0
97.0	30.57078361818768	17.80070944856498	19.348597226701063	32.27990970654628	0.0
98.0	30.119316349564656	19.929055143502097	17.929700096742987	32.021928410190256	0.0
99.0	27.410512737826508	19.606578523057077	19.83231215736859	33.15059658174782	0.0
100.0	30.699774266365687	17.41373750403096	20.735246694614638	31.15124153498871	0.0
101.0	31.15124153498871	20.38052241212512	19.348597226701063	29.119638826185103	0.0
102.0	29.21638181231861	19.380844888745568	18.800386971944533	32.602386326991294	0.0
103.0	28.893905191873586	19.864559819413092	20.92873266688165	30.31280232183167	0.0
104.0	27.750887383026786	17.5540496934495	19.909648273636655	34.78541464988706	0.0
105.0	28.88028396256857	18.78025169409487	19.19974185221039	33.13972249112617	0.0
106.0	33.10745401742498	19.457889641819943	17.941271377863828	29.493384962891255	0.0
107.0	31.203614069054534	20.00645369474024	20.68409164246531	28.105840593739916	0.0
108.0	32.94611164891901	17.941271377863828	18.425298483381734	30.68731848983543	0.0
109.0	28.84366925064599	19.347545219638242	18.47545219638243	33.33333333333333	0.0
110.0	28.497576736672052	19.321486268174475	18.86914378029079	33.31179321486268	0.0
111.0	28.816300129366105	19.178525226390686	20.69857697283312	31.306597671410092	0.0
112.0	27.8137128072445	19.21086675291074	19.760672703751617	33.214747736093145	0.0
113.0	31.759379042690817	16.81759379042691	19.890038809831825	31.53298835705045	0.0
114.0	31.403622250970248	16.849935316946958	17.884864165588617	33.86157826649418	0.0
115.0	27.078615334843093	18.990617923002265	16.531866709802653	37.39890003235199	0.0
116.0	29.602070527337432	18.990617923002265	18.440634098997087	32.96667745066322	0.0
117.0	33.27937843962447	19.035286500485594	16.99579151829071	30.689543541599225	0.0
118.0	31.984460990611847	18.743930074457754	17.869860796374233	31.40174813855617	0.0
119.0	25.218517319520878	21.948850760764003	22.85529297507284	29.97733894464228	0.0
120.0	28.742709008425145	19.928710304601427	20.868438107582634	30.460142579390798	0.0
121.0	30.992815153494448	20.31352057478772	19.007184846505552	29.68647942521228	0.0
122.0	30.585541380438336	17.664376840039253	19.463526333006214	32.28655544651619	0.0
123.0	31.53241650294695	16.633922724296006	18.59855926653569	33.23510150622135	0.0
124.0	31.258191349934467	18.97116644823067	18.381389252948885	31.389252948885975	0.0
125.0	32.73204329288291	19.08822564775336	18.137094129222696	30.042636930141033	0.0
126.0	32.68725361366623	17.83837056504599	18.725361366622863	30.749014454664913	0.0
127.0	29.007884362680684	19.842312746386334	20.170827858081473	30.978975032851512	0.0
128.0	33.50854139290407	17.73981603153745	17.936925098554536	30.814717477003946	0.0
129.0	31.537450722733247	19.776609724047304	19.44809461235217	29.23784494086728	0.0
130.0	29.533508541392905	18.725361366622863	18.363994743758212	33.37713534822602	0.0
131.0	30.003286230693394	19.06013802168912	20.177456457443313	30.75911929017417	0.0
132.0	28.031547814656587	19.388761091028588	21.22905027932961	31.350640814985216	0.0
133.0	27.275714755175812	18.501478803812027	21.557673348669077	32.66513309234308	0.0
134.0	26.692965154503618	20.34845496383958	21.564760026298487	31.393819855358316	0.0
135.0	28.148635317329823	19.269976981256164	21.933574482078264	30.647813219335745	0.0
136.0	29.85859914501809	19.138441302203223	18.28345938835909	32.7195001644196	0.0
137.0	29.64791049687397	16.979269496544916	19.677525501809807	33.695294504771304	0.0
138.0	28.17643186306781	18.861092824226464	19.749835418038185	33.21263989466755	0.0
139.0	29.16392363396972	19.947333772218563	19.22317314022383	31.66556945358789	0.0
140.0	28.251564043463944	18.70266710569641	20.842937108989133	32.20283174185051	0.0
141.0	28.218636812644053	17.089232795521898	22.884425419822193	31.80770497201185	0.0
142.0	31.050378663154426	17.648995719459993	19.394138952914062	31.90648666447152	0.0
143.0	32.608695652173914	19.13702239789196	19.104084321475625	29.150197628458496	0.0
144.0	28.76441515650741	19.505766062602966	19.670510708401977	32.059308072487646	0.0
145.0	30.98220171390903	17.237969676994066	19.24851680949242	32.53131179960448	0.0
146.0	29.663810151615028	17.172050098879367	18.325642715886616	34.838497033618985	0.0
147.0	29.927488464073832	18.391562294001318	19.38035596572182	32.30059327620303	0.0
148.0	28.025057698648205	19.22189251566106	20.441806791955162	32.311242993735576	0.0
149.0	28.36411609498681	18.40369393139842	20.217678100263853	33.01451187335092	0.0
150.0	28.79287598944591	18.568601583113455	19.063324538258573	33.57519788918206	0.0
151.0	27.64764104256021	19.861431870669747	19.99340151765094	32.4975255691191	0.0
152.0	29.03332233586275	18.14582645991422	18.937644341801384	33.883206862421645	0.0
153.0	30.250990752972257	19.418758256274767	17.007926023778072	33.322324966974904	0.0
154.0	31.516352824578792	18.070697059795176	17.244796828543112	33.168153287082916	0.0
155.0	30.469266358228687	17.878387309980173	20.687376074025117	30.964970257766026	0.0
156.0	29.43508424182359	16.55104063429138	21.704658077304263	32.30921704658078	0.0
157.0	30.85563263957714	18.63230921704658	19.920713577799802	30.591344565576478	0.0
158.0	32.90386521308226	18.467129170796166	18.401057152296	30.22794846382557	0.0
159.0	30.964970257766026	16.457369464639786	20.786516853932586	31.791143423661598	0.0
160.0	27.39590218109716	18.34104428288169	22.405816259087903	31.857237276933247	0.0
161.0	28.453403833443492	17.184401850627893	22.20753469927297	32.15465961665565	0.0
162.0	28.3212161269002	17.118307997356247	24.091209517514873	30.469266358228687	0.0
163.0	31.12801852464439	16.771419120079393	21.4356599404565	30.664902414819718	0.0
164.0	31.17140966247518	18.596955658504303	21.674387822634017	28.5572468563865	0.0
165.0	32.8590337524818	16.975512905360688	21.111846459298476	29.053606882859036	0.0
166.0	30.29801324503311	17.483443708609272	21.920529801324502	30.29801324503311	0.0
167.0	28.841059602649004	18.44370860927152	21.688741721854303	31.026490066225165	0.0
168.0	29.281218946671082	18.68168267638291	18.946671083140114	33.090427293805895	0.0
169.0	28.670865097779252	16.141862777593634	19.15810407689758	36.029168047729534	0.0
170.0	28.988391376451077	16.683250414593697	21.160862354892206	33.16749585406302	0.0
171.0	29.751243781094526	17.47927031509121	18.640132669983416	34.12935323383085	0.0
172.0	29.21087533156499	19.927055702917773	18.169761273209552	32.69230769230769	0.0
173.0	28.92205638474295	17.678275290215588	18.374792703150913	35.02487562189055	0.0
174.0	26.940942269409422	20.603848706038487	19.807564698075648	32.647644326476446	0.0
175.0	30.059721300597214	19.04445919044459	18.51360318513603	32.38221632382216	0.0
176.0	31.519575315195752	16.423357664233578	18.8122096881221	33.244857332448575	0.0
177.0	29.87056090275473	20.444739462329903	19.913707268503153	29.770992366412212	0.0
178.0	31.89512114171922	18.12147361433787	19.34948556256223	30.633919681380682	0.0
179.0	28.495516439721026	18.864164729325804	21.288608435735636	31.351710395217538	0.0
180.0	31.052806376619063	18.598472268349386	18.36599136499502	31.982729990036535	0.0
181.0	30.853537030886745	17.56891398206576	19.229491863168384	32.34805712387911	0.0
182.0	32.757475083056484	18.40531561461794	20.764119601328904	28.07308970099668	0.0
183.0	29.677633765370555	21.50216018610834	19.574609504818877	29.24559654370223	0.0
184.0	32.00398803589232	20.771020272515788	18.47789963443004	28.74709205716185	0.0
185.0	31.34973404255319	21.642287234042552	19.98005319148936	27.027925531914892	0.0
186.0	33.76537055500166	17.44765702891326	20.87072116982386	27.916251246261215	0.0
187.0	29.57793286806248	21.16982386174809	19.574609504818877	29.677633765370555	0.0
188.0	30.541708208707213	18.876703223662346	19.774011299435028	30.807577268195413	0.0
189.0	32.20338983050847	19.54137587238285	19.109338650714523	29.14589564639415	0.0
190.0	34.59621136590229	16.68328348288468	17.480890661349285	31.239614489863744	0.0
191.0	31.58244680851064	18.284574468085108	18.48404255319149	31.648936170212767	0.0
192.0	32.546542553191486	17.45345744680851	18.91622340425532	31.083776595744684	0.0
193.0	29.454787234042552	17.054521276595743	20.545212765957448	32.94547872340425	0.0
194.0	29.630861323578316	19.155304289990024	20.51878949118723	30.69504489524443	0.0
195.0	30.881863560732114	18.702163061564058	18.502495840266224	31.913477537437608	0.0
196.0	29.59387483355526	20.505992010652463	19.0745672436751	30.825565912117174	0.0
197.0	29.836829836829835	20.146520146520146	19.647019647019647	30.369630369630368	0.0
198.0	30.146568954030645	18.787475016655563	19.187208527648234	31.878747501665554	0.0
199.0	29.247168554297136	18.1545636242505	19.85343104596935	32.74483677548301	0.0
200.0	27.53333333333333	19.53333333333333	20.066666666666666	32.86666666666667	0.0
201.0	29.195862529195864	15.782449115782448	22.188855522188856	32.83283283283283	0.0
202.0	28.580968280467445	17.996661101836395	20.43405676126878	32.98831385642738	0.0
203.0	30.14705882352941	17.078877005347593	21.75802139037433	31.016042780748666	0.0
204.0	31.080628972900637	18.83573101371696	20.24088323854132	29.842756774841085	0.0
205.0	30.589022757697453	16.46586345381526	21.485943775100402	31.459170013386885	0.0
206.0	28.322731837964515	18.84834281888182	20.82356879812521	32.005356545028455	0.0
207.0	29.212730318257957	19.0284757118928	20.837520938023452	30.9212730318258	0.0
208.0	27.422058330539723	18.739523969158565	22.427086825343615	31.411330874958093	0.0
209.0	30.908481394569225	17.733825008380823	19.443513241702984	31.914180355346964	0.0
210.0	30.544354838709676	17.708333333333336	20.12768817204301	31.61962365591398	0.0
211.0	31.75403225806452	18.178763440860216	22.043010752688172	28.024193548387093	0.0
212.0	30.238816010763536	17.389841910528087	21.695257315842582	30.67608476286579	0.0
213.0	30.84426505213589	18.432559704002692	21.594349142280524	29.128826101580895	0.0
214.0	30.60881264715775	20.484359233097884	20.753447695930035	28.15338042381433	0.0
215.0	31.121589760862246	21.72448635904345	19.366790165038733	27.787133715055575	0.0
216.0	35.82743511964948	17.829457364341085	18.23390630266262	28.109201213346815	0.0
217.0	28.69184086311531	18.644639244774105	19.521240728253538	33.14227916385705	0.0
218.0	28.045899426257172	18.93351333108336	21.565980425244685	31.45460681741478	0.0
219.0	28.39297771775827	20.96556380823768	22.38352464550979	28.25793382849426	0.0
220.0	30.17911456573167	20.581277458600876	20.074349442379184	29.165258533288274	0.0
221.0	29.67218654950997	21.764109496451503	17.404528556944914	31.159175397093613	0.0
222.0	32.88273065224738	18.148022980736737	19.060493409935788	29.908752957080093	0.0
223.0	33.35588633288227	17.456021650879567	19.857916102841678	29.330175913396484	0.0
224.0	35.025380710659896	15.634517766497463	20.710659898477157	28.62944162436548	0.0
225.0	35.38774128005418	17.71080257365391	19.47172367084321	27.4297324754487	0.0
226.0	33.796139519133085	19.200812732814086	18.929901794784964	28.073145953267865	0.0
227.0	31.909121736181756	17.327907765344182	18.480840963038318	32.282129535435736	0.0
228.0	29.575551782682513	18.98132427843803	19.35483870967742	32.088285229202036	0.0
229.0	30.452534875808094	21.810139503232392	17.14869003062266	30.58863559033685	0.0
230.0	28.28454731109598	23.0428863172226	16.167460857726347	32.50510551395507	0.0
231.0	30.82168428230481	20.320490964882374	18.274803954994887	30.583020797817934	0.0
232.0	28.166609764424717	18.265619665414818	18.81188118811881	34.75588938204165	0.0
233.0	28.376068376068375	19.042735042735043	21.641025641025642	30.94017094017094	0.0
234.0	27.998629198080877	19.15695681973955	20.527758738862232	32.316655243317335	0.0
235.0	27.478559176672384	18.421955403087477	21.029159519725557	33.07032590051458	0.0
236.0	27.11340206185567	18.969072164948454	22.164948453608247	31.752577319587626	0.0
237.0	26.67814113597246	19.690189328743546	21.44578313253012	32.18588640275387	0.0
238.0	28.81764908652189	16.92519820751465	19.61392623233368	34.64322647362978	0.0
239.0	28.45808899620559	16.35046567781994	19.903414970679545	35.28803035529493	0.0
240.0	26.546837193225027	16.52264085724162	20.94711372277912	35.983408226754236	0.0
241.0	28.433068142511242	16.361120719474233	21.51504669664476	33.69076444136977	0.0
242.0	27.873961218836563	17.72853185595568	23.130193905817176	31.26731301939058	0.0
243.0	27.40817740817741	15.21136521136521	22.938322938322937	34.442134442134446	0.0
244.0	28.363384188626906	16.2621359223301	21.047156726768375	34.32732316227462	0.0
245.0	28.392919125303713	17.979868101353695	21.450885109337037	32.176327664005555	0.0
246.0	29.307344239470932	15.52384267316394	21.1277410372433	34.04107205012183	0.0
247.0	27.90373212417161	17.056156260899897	23.19497732821765	31.845134286710845	0.0
248.0	27.209221096751655	17.534055186866922	23.57666783094656	31.68005588543486	0.0
249.0	27.517482517482517	18.88111888111888	19.02097902097902	34.58041958041958	0.0
250.0	27.521008403361346	18.837535014005603	19.327731092436977	34.31372549019608	0.0
251.0	27.01088865472427	18.299964875307342	21.250439058658237	33.438707411310155	0.0
252.0	27.34952481520591	20.45054558254136	20.767335445265754	31.432594156986976	0.0
253.0	33.36860670194003	14.497354497354497	18.69488536155203	33.43915343915344	0.0
254.0	29.833863556026863	19.088016967126194	20.360551431601273	30.71756804524567	0.0
255.0	31.006378454996458	18.03685329553508	18.426647767540754	32.53012048192771	0.0
256.0	29.574468085106382	19.25531914893617	18.829787234042552	32.340425531914896	0.0
257.0	29.1089811856585	18.210862619808307	19.098331558395458	33.58182463613774	0.0
258.0	31.152204836415365	18.136557610241823	17.14082503556188	33.57041251778094	0.0
259.0	32.24883804075795	18.555595280657847	17.375759742581337	31.81980693600286	0.0
260.0	30.03584229390681	19.964157706093193	18.24372759856631	31.756272401433694	0.0
261.0	30.93783686669062	17.786561264822133	19.044196909809557	32.231404958677686	0.0
262.0	30.428519985595965	17.680950666186533	20.345696795102626	31.544832553114873	0.0
263.0	29.411764705882355	19.8845182244677	18.549260194875497	32.15445687477445	0.0
264.0	30.231716147719045	20.311368573497464	19.876900796524257	29.58001448225923	0.0
265.0	30.00364564345607	19.321910317170982	18.99380240612468	31.680641633248268	0.0
266.0	32.34649122807017	20.50438596491228	18.75	28.399122807017545	0.0
267.0	32.414553472987876	19.220874678427048	19.367879456082324	28.996692392502755	0.0
268.0	30.863282697295297	17.339755464987032	19.488699518340123	32.30826231937755	0.0
269.0	31.463595839524515	19.576523031203568	19.762258543833582	29.19762258543834	0.0
270.0	31.64179104477612	20.261194029850746	16.567164179104477	31.529850746268657	0.0
271.0	33.283414451516286	19.76787719955073	16.061400224634966	30.887308124298013	0.0
272.0	30.829891100262863	17.87457754412317	19.076229815996996	32.21930153961697	0.0
273.0	30.943396226415093	16.79245283018868	20.22641509433962	32.0377358490566	0.0
274.0	31.26654064272212	18.714555765595463	19.47069943289225	30.54820415879017	0.0
275.0	29.101932550208414	18.908677529367186	23.114816218264494	28.87457370215991	0.0
276.0	31.655225019069412	19.336384439359268	19.145690312738367	29.86270022883295	0.0
277.0	27.13356295445848	20.24492920015308	20.62763107539227	31.99387676999617	0.0
278.0	27.2936660268714	19.309021113243762	22.68714011516315	30.710172744721685	0.0
279.0	30.401234567901238	19.984567901234566	20.17746913580247	29.436728395061728	0.0
280.0	30.49205734211546	21.07710189848896	20.689655172413794	27.741185586981793	0.0
281.0	28.966861598440545	18.440545808966863	21.910331384015596	30.682261208577	0.0
282.0	30.250783699059564	18.338557993730408	22.021943573667713	29.388714733542322	0.0
283.0	29.610696028313015	19.111285882815572	21.313409359024774	29.96460872984664	0.0
284.0	26.713947990543733	20.37037037037037	22.89204097714736	30.023640661938533	0.0
285.0	27.43467933491687	19.55661124307205	22.76326207442597	30.245447347585113	0.0
286.0	28.00953516090584	18.87167262614223	22.765196662693683	30.353595550258245	0.0
287.0	25.469061876247505	22.15568862275449	23.193612774451097	29.181636726546905	0.0
288.0	26.155082362394538	18.601848131779832	21.815990357573323	33.42707914825231	0.0
289.0	26.771972458485216	18.67152693398137	21.74969623329283	32.806804374240585	0.0
290.0	28.635437881873727	16.130346232179228	22.077393075356415	33.15682281059063	0.0
291.0	28.817733990147783	17.81609195402299	21.38752052545156	31.97865353037767	0.0
292.0	27.107438016528924	18.71900826446281	23.18181818181818	30.991735537190085	0.0
293.0	28.672492717436537	18.352059925093634	22.51352476071577	30.46192259675406	0.0
294.0	29.669870455495197	19.18094442122858	21.688257417467614	29.460927705808608	0.0
295.0	29.59697732997481	19.563392107472712	22.753988245172124	28.085642317380355	0.0
296.0	28.05084745762712	18.728813559322035	23.135593220338983	30.08474576271186	0.0
297.0	27.931769722814497	20.46908315565032	22.174840085287848	29.42430703624733	0.0
298.0	29.242819843342037	21.671018276762403	21.409921671018274	27.676240208877285	0.0
299.0	28.319405756731662	18.848653667595173	21.680594243268338	31.151346332404827	0.0
300.0	31.054131054131055	9.971509971509972	22.79202279202279	36.182336182336186	0.0
