#Position (bp)	insert size
38.0	17284.48181818182
113.0	0.0
188.0	0.0
263.0	0.0
338.0	397.6333333333333
413.0	0.0
488.0	0.0
563.0	0.0
638.0	375.17241379310343
713.0	7324.75
788.0	0.0
863.0	0.0
938.0	380.5869565217391
1013.0	349.8
1088.0	0.0
1163.0	0.0
1238.0	395.96875
1313.0	365.5
1388.0	0.0
1463.0	0.0
1538.0	383.8125
1613.0	380.7142857142857
1688.0	0.0
1763.0	0.0
1838.0	388.3478260869565
1913.0	0.0
1988.0	0.0
2063.0	0.0
2138.0	0.0
2213.0	392.2
2288.0	0.0
2363.0	0.0
2438.0	0.0
2513.0	395.3
2588.0	0.0
2663.0	0.0
2738.0	0.0
2813.0	367.3333333333333
2888.0	0.0
2963.0	0.0
3038.0	0.0
3113.0	380.15
3188.0	371.64285714285717
3263.0	0.0
3338.0	0.0
3413.0	0.0
3488.0	381.55
3563.0	272.0
3638.0	0.0
3713.0	0.0
3788.0	385.7647058823529
3863.0	0.0
3938.0	0.0
4013.0	378.0
4088.0	371.5
4163.0	0.0
4238.0	0.0
4313.0	386.16129032258067
4388.0	0.0
4463.0	0.0
4538.0	0.0
4613.0	375.7096774193548
4688.0	357.8888888888889
4763.0	0.0
4838.0	0.0
4913.0	856.2439024390244
4988.0	354.0
5063.0	0.0
5138.0	0.0
5213.0	0.0
5288.0	370.1162790697674
5363.0	0.0
5438.0	0.0
5513.0	0.0
5588.0	385.10714285714283
5663.0	0.0
5738.0	0.0
5813.0	0.0
5888.0	385.26666666666665
5963.0	0.0
6038.0	0.0
6113.0	0.0
6188.0	367.2413793103448
6263.0	0.0
6338.0	0.0
6413.0	171.0
6488.0	382.10169491525426
6563.0	344.5
6638.0	0.0
6713.0	377.5
6788.0	349.22222222222223
6863.0	0.0
6938.0	0.0
7013.0	373.34615384615387
7088.0	357.8181818181818
7163.0	0.0
7238.0	0.0
7313.0	377.2631578947368
7388.0	0.0
7463.0	0.0
7538.0	0.0
7613.0	381.93333333333334
7688.0	361.6
7763.0	0.0
7838.0	0.0
7913.0	383.4186046511628
7988.0	376.7142857142857
8063.0	0.0
8138.0	0.0
8213.0	398.8333333333333
8288.0	390.2758620689655
8363.0	0.0
8438.0	0.0
8513.0	0.0
8588.0	382.5652173913044
8663.0	0.0
8738.0	0.0
8813.0	0.0
8888.0	377.4
8963.0	0.0
9038.0	0.0
9113.0	0.0
9188.0	377.5
9263.0	0.0
9338.0	0.0
9413.0	0.0
9488.0	377.44827586206895
9563.0	0.0
9638.0	0.0
9713.0	0.0
9788.0	380.6818181818182
9863.0	0.0
9938.0	0.0
10013.0	0.0
10088.0	378.8888888888889
10163.0	0.0
10238.0	0.0
10313.0	0.0
10388.0	390.95454545454544
10463.0	0.0
10538.0	198.0
10613.0	0.0
10688.0	398.8285714285714
10763.0	0.0
10838.0	0.0
10913.0	0.0
10988.0	383.7878787878788
11063.0	365.6666666666667
11138.0	0.0
11213.0	0.0
11288.0	383.2173913043478
11363.0	367.0
11438.0	0.0
11513.0	174.0
11588.0	391.1764705882353
11663.0	0.0
11738.0	0.0
11813.0	0.0
11888.0	382.5833333333333
11963.0	0.0
12038.0	0.0
12113.0	376.52941176470586
12188.0	0.0
12263.0	0.0
12338.0	0.0
12413.0	380.95
12488.0	0.0
12563.0	0.0
12638.0	0.0
12713.0	382.6190476190476
12788.0	0.0
12863.0	0.0
12938.0	0.0
13013.0	375.42105263157896
13088.0	0.0
13163.0	0.0
13238.0	0.0
13313.0	376.4146341463415
13388.0	0.0
13463.0	0.0
13538.0	0.0
13613.0	379.27272727272725
13688.0	0.0
13763.0	0.0
13838.0	0.0
13913.0	377.6190476190476
13988.0	0.0
14063.0	0.0
14138.0	0.0
14213.0	384.15625
14288.0	345.0
14363.0	0.0
14438.0	0.0
14513.0	371.4117647058824
14588.0	365.07142857142856
14663.0	0.0
14738.0	0.0
14813.0	0.0
14888.0	372.42857142857144
14963.0	0.0
15038.0	0.0
15113.0	0.0
15188.0	381.5
15263.0	0.0
15338.0	0.0
15413.0	0.0
15488.0	396.2173913043478
15563.0	0.0
15638.0	0.0
15713.0	0.0
15788.0	0.0
15863.0	370.51724137931035
15938.0	0.0
16013.0	0.0
16088.0	376.83720930232556
16163.0	366.45454545454544
16238.0	0.0
16313.0	0.0
16388.0	403.60869565217394
16463.0	386.3
16538.0	0.0
16613.0	0.0
16688.0	0.0
16763.0	397.5238095238095
16838.0	0.0
16913.0	0.0
16988.0	0.0
17063.0	378.8378378378378
17138.0	345.0
17213.0	0.0
17288.0	0.0
17363.0	366.5833333333333
17438.0	346.25
17513.0	0.0
17588.0	0.0
17663.0	378.5769230769231
17738.0	351.2857142857143
17813.0	0.0
17888.0	0.0
17963.0	369.3703703703704
18038.0	336.2
18113.0	0.0
18188.0	0.0
18263.0	405.375
18338.0	371.0
18413.0	0.0
18488.0	0.0
18563.0	377.06666666666666
18638.0	356.4
18713.0	0.0
18788.0	0.0
18863.0	384.1081081081081
18938.0	383.14285714285717
19013.0	0.0
19088.0	0.0
19163.0	0.0
19238.0	388.9298245614035
19313.0	0.0
19388.0	0.0
19463.0	0.0
19538.0	381.8181818181818
19613.0	0.0
19688.0	0.0
19763.0	0.0
19838.0	401.64285714285717
19913.0	374.25
19988.0	0.0
20063.0	0.0
20138.0	388.3888888888889
20213.0	385.57142857142856
20288.0	0.0
20363.0	230.75
20438.0	415.6923076923077
20513.0	387.54545454545456
20588.0	0.0
20663.0	0.0
20738.0	0.0
20813.0	378.25
20888.0	0.0
20963.0	0.0
21038.0	0.0
21113.0	373.96875
21188.0	0.0
21263.0	0.0
21338.0	379.6
21413.0	365.5
21488.0	0.0
21563.0	192.0
21638.0	375.8333333333333
21713.0	0.0
21788.0	0.0
21863.0	0.0
21938.0	375.7837837837838
22013.0	353.7857142857143
22088.0	0.0
22163.0	0.0
22238.0	375.21875
22313.0	355.29411764705884
22388.0	0.0
22463.0	414.0
22538.0	363.43333333333334
22613.0	0.0
22688.0	0.0
22763.0	402.9230769230769
22838.0	385.5882352941176
22913.0	0.0
22988.0	0.0
23063.0	0.0
23138.0	390.60869565217394
23213.0	0.0
23288.0	0.0
23363.0	0.0
23438.0	394.03333333333336
23513.0	369.0
23588.0	264.6666666666667
23663.0	0.0
23738.0	0.0
23813.0	412.12
23888.0	0.0
23963.0	0.0
24038.0	0.0
24113.0	374.18518518518516
24188.0	0.0
24263.0	0.0
24338.0	0.0
24413.0	382.56666666666666
24488.0	0.0
24563.0	0.0
24638.0	0.0
24713.0	370.72727272727275
24788.0	0.0
24863.0	0.0
24938.0	0.0
25013.0	376.6842105263158
25088.0	0.0
25163.0	0.0
25238.0	0.0
25313.0	385.7142857142857
25388.0	0.0
25463.0	0.0
25538.0	0.0
25613.0	436.375
25688.0	0.0
25763.0	0.0
25838.0	0.0
25913.0	403.3
25988.0	0.0
26063.0	0.0
26138.0	0.0
26213.0	378.37142857142857
26288.0	0.0
26363.0	0.0
26438.0	123.0
26513.0	373.28
26588.0	352.3333333333333
26663.0	268.0
26738.0	0.0
26813.0	371.7142857142857
26888.0	352.72222222222223
26963.0	0.0
27038.0	175.0
27113.0	354.57142857142856
27188.0	0.0
27263.0	0.0
27338.0	0.0
27413.0	384.44736842105266
27488.0	377.9428571428571
27563.0	0.0
27638.0	0.0
27713.0	168.0
27788.0	366.8627450980392
27863.0	0.0
27938.0	0.0
28013.0	0.0
28088.0	376.0740740740741
28163.0	0.0
28238.0	210.0
28313.0	0.0
28388.0	371.26666666666665
28463.0	0.0
28538.0	0.0
28613.0	0.0
28688.0	377.57894736842104
28763.0	0.0
28838.0	0.0
28913.0	0.0
28988.0	387.04347826086956
29063.0	0.0
29138.0	0.0
29213.0	0.0
29288.0	392.82608695652175
29363.0	362.1666666666667
29438.0	0.0
29513.0	376.5
29588.0	0.0
29663.0	0.0
29738.0	0.0
29813.0	0.0
29877.0	0.0
