#Position (bp)	Coverage
38.0	60.92
113.0	235.29333333333332
188.0	236.06666666666666
263.0	205.96
338.0	256.48
413.0	78.89333333333333
488.0	46.89333333333333
563.0	46.70666666666666
638.0	87.25333333333333
713.0	390.25333333333333
788.0	444.37333333333333
863.0	406.36
938.0	403.85333333333335
1013.0	153.32
1088.0	45.89333333333333
1163.0	47.026666666666664
1238.0	41.08
1313.0	29.986666666666668
1388.0	24.14666666666667
1463.0	22.826666666666668
1538.0	26.546666666666667
1613.0	74.17333333333333
1688.0	66.57333333333334
1763.0	67.48
1838.0	58.78666666666667
1913.0	128.49333333333334
1988.0	94.49333333333334
2063.0	87.29333333333334
2138.0	69.64
2213.0	49.16
2288.0	39.04
2363.0	57.413333333333334
2438.0	72.90666666666667
2513.0	68.34666666666666
2588.0	95.25333333333333
2663.0	79.96
2738.0	81.32
2813.0	101.2
2888.0	124.53333333333333
2963.0	101.42666666666666
3038.0	106.18666666666667
3113.0	110.37333333333333
3188.0	82.76
3263.0	72.8
3338.0	76.90666666666667
3413.0	68.76
3488.0	70.68
3563.0	23.88
3638.0	22.8
3713.0	17.36
3788.0	39.026666666666664
3863.0	52.13333333333333
3938.0	70.38666666666667
4013.0	87.92
4088.0	219.78666666666666
4163.0	333.32
4238.0	344.0133333333333
4313.0	379.4
4388.0	353.0
4463.0	220.82666666666665
4538.0	180.45333333333335
4613.0	175.6
4688.0	82.17333333333333
4763.0	48.693333333333335
4838.0	55.17333333333333
4913.0	50.49333333333333
4988.0	54.04
5063.0	50.14666666666667
5138.0	51.13333333333333
5213.0	58.88
5288.0	63.76
5363.0	52.56
5438.0	53.093333333333334
5513.0	55.45333333333333
5588.0	193.10666666666665
5663.0	338.9066666666667
5738.0	412.0933333333333
5813.0	297.94666666666666
5888.0	231.28
5963.0	57.86666666666667
6038.0	26.733333333333334
6113.0	34.64
6188.0	389.53333333333336
6263.0	726.32
6338.0	610.56
6413.0	611.8666666666667
6488.0	559.1333333333333
6563.0	177.69333333333333
6638.0	131.68
6713.0	112.25333333333333
6788.0	74.72
6863.0	47.333333333333336
6938.0	26.626666666666665
7013.0	30.88
7088.0	27.226666666666667
7163.0	25.0
7238.0	25.96
7313.0	39.28
7388.0	102.34666666666666
7463.0	121.38666666666667
7538.0	109.16
7613.0	118.18666666666667
7688.0	132.28
7763.0	104.53333333333333
7838.0	101.34666666666666
7913.0	111.22666666666667
7988.0	180.53333333333333
8063.0	118.49333333333334
8138.0	133.85333333333332
8213.0	147.34666666666666
8288.0	150.30666666666667
8363.0	74.54666666666667
8438.0	57.973333333333336
8513.0	63.0
8588.0	70.98666666666666
8663.0	64.28
8738.0	48.49333333333333
8813.0	59.013333333333335
8888.0	81.77333333333333
8963.0	330.06666666666666
9038.0	405.48
9113.0	447.92
9188.0	439.28
9263.0	190.98666666666668
9338.0	111.32
9413.0	118.04
9488.0	233.74666666666667
9563.0	386.8666666666667
9638.0	328.1066666666667
9713.0	261.73333333333335
9788.0	273.9866666666667
9863.0	71.01333333333334
9938.0	31.12
10013.0	28.69333333333333
10088.0	175.62666666666667
10163.0	530.3466666666667
10238.0	487.72
10313.0	458.26666666666665
10388.0	606.44
10463.0	256.8
10538.0	151.13333333333333
10613.0	181.54666666666665
10688.0	214.82666666666665
10763.0	160.16
10838.0	138.06666666666666
10913.0	132.90666666666667
10988.0	150.85333333333332
11063.0	175.96
11138.0	128.52
11213.0	136.54666666666665
11288.0	156.21333333333334
11363.0	351.28
11438.0	146.54666666666665
11513.0	146.90666666666667
11588.0	265.84
11663.0	300.2133333333333
11738.0	201.36
11813.0	171.96
11888.0	379.1066666666667
11963.0	524.9466666666667
12038.0	407.18666666666667
12113.0	464.36
12188.0	569.4266666666666
12263.0	260.56
12338.0	233.50666666666666
12413.0	328.94666666666666
12488.0	175.96
12563.0	119.25333333333333
12638.0	92.57333333333334
12713.0	200.44
12788.0	412.3333333333333
12863.0	496.52
12938.0	471.8933333333333
13013.0	499.70666666666665
13088.0	347.96
13163.0	277.92
13238.0	234.50666666666666
13313.0	295.94666666666666
13388.0	243.29333333333332
13463.0	232.2
13538.0	236.04
13613.0	329.37333333333333
13688.0	508.12
13763.0	528.4933333333333
13838.0	543.2266666666667
13913.0	504.68
13988.0	591.4666666666667
14063.0	481.9066666666667
14138.0	567.9866666666667
14213.0	640.1466666666666
14288.0	531.28
14363.0	404.6533333333333
14438.0	371.56
14513.0	407.72
14588.0	499.25333333333333
14663.0	475.85333333333335
14738.0	463.81333333333333
14813.0	462.08
14888.0	430.5466666666667
14963.0	315.0933333333333
15038.0	295.85333333333335
15113.0	301.6933333333333
15188.0	432.05333333333334
15263.0	608.96
15338.0	584.84
15413.0	597.4933333333333
15488.0	759.28
15563.0	752.28
15638.0	650.7466666666667
15713.0	620.3066666666666
15788.0	647.3066666666666
15863.0	783.0533333333333
15938.0	661.1866666666666
16013.0	634.96
16088.0	685.8666666666667
16163.0	606.36
16238.0	240.45333333333335
16313.0	238.90666666666667
16388.0	238.72
16463.0	247.0
16538.0	246.45333333333335
16613.0	251.08
16688.0	253.29333333333332
16763.0	272.96
16838.0	285.24
16913.0	291.96
16988.0	317.52
17063.0	523.12
17138.0	1258.2266666666667
17213.0	1349.0666666666666
17288.0	1166.7333333333333
17363.0	1326.2933333333333
17438.0	887.3866666666667
17513.0	560.4666666666667
17588.0	515.5866666666667
17663.0	604.7466666666667
17738.0	470.7866666666667
17813.0	313.97333333333336
17888.0	296.4533333333333
17963.0	298.68
18038.0	392.08
18113.0	436.74666666666667
18188.0	414.32
18263.0	464.73333333333335
18338.0	508.29333333333335
18413.0	421.3466666666667
18488.0	417.5466666666667
18563.0	407.04
18638.0	729.64
18713.0	661.5733333333334
18788.0	716.7733333333333
18863.0	668.6
18938.0	667.64
19013.0	419.50666666666666
19088.0	388.74666666666667
19163.0	403.2133333333333
19238.0	382.9866666666667
19313.0	237.74666666666667
19388.0	227.0
19463.0	227.0
19538.0	229.53333333333333
19613.0	259.7733333333333
19688.0	267.7733333333333
19763.0	283.9066666666667
19838.0	276.6
19913.0	258.41333333333336
19988.0	227.58666666666667
20063.0	230.26666666666668
20138.0	228.06666666666666
20213.0	227.33333333333334
20288.0	223.78666666666666
20363.0	223.34666666666666
20438.0	225.57333333333332
20513.0	358.26666666666665
20588.0	350.96
20663.0	386.8933333333333
20738.0	350.76
20813.0	494.6666666666667
20888.0	503.64
20963.0	434.36
21038.0	434.6933333333333
21113.0	435.61333333333334
21188.0	226.94666666666666
21263.0	220.92
21338.0	220.66666666666666
21413.0	224.46666666666667
21488.0	223.52
21563.0	222.26666666666668
21638.0	219.2
21713.0	228.58666666666667
21788.0	222.44
21863.0	222.73333333333332
21938.0	223.56
22013.0	217.89333333333335
22088.0	237.54666666666665
22163.0	233.02666666666667
22238.0	237.06666666666666
22313.0	240.0
22388.0	215.09333333333333
22463.0	213.0
22538.0	258.17333333333335
22613.0	293.2133333333333
22688.0	323.46666666666664
22763.0	300.6666666666667
22838.0	308.1066666666667
22913.0	224.36
22988.0	216.05333333333334
23063.0	216.46666666666667
23138.0	346.06666666666666
23213.0	544.04
23288.0	602.1866666666666
23363.0	603.5066666666667
23438.0	630.1333333333333
23513.0	505.4533333333333
23588.0	361.14666666666665
23663.0	373.74666666666667
23738.0	395.38666666666666
23813.0	314.96
23888.0	258.3333333333333
23963.0	238.46666666666667
24038.0	249.17333333333335
24113.0	385.3466666666667
24188.0	449.4533333333333
24263.0	459.4
24338.0	435.46666666666664
24413.0	436.12
24488.0	302.17333333333335
24563.0	292.70666666666665
24638.0	316.14666666666665
24713.0	496.4
24788.0	636.92
24863.0	579.32
24938.0	601.3866666666667
25013.0	606.8133333333334
25088.0	310.28
25163.0	310.56
25238.0	303.53333333333336
25313.0	297.4266666666667
25388.0	289.84
25463.0	281.61333333333334
25538.0	298.64
25613.0	356.26666666666665
25688.0	346.85333333333335
25763.0	309.82666666666665
25838.0	308.50666666666666
25913.0	238.82666666666665
25988.0	47.44
26063.0	18.653333333333332
26138.0	9.706666666666667
26213.0	49.06666666666667
26288.0	184.06666666666666
26363.0	54.48
26438.0	77.13333333333334
26513.0	175.65333333333334
26588.0	161.84
26663.0	163.05333333333334
26738.0	145.12
26813.0	128.52
26888.0	111.29333333333334
26963.0	28.76
27038.0	30.84
27113.0	75.4
27188.0	284.85333333333335
27263.0	314.8933333333333
27338.0	185.76
27413.0	171.77333333333334
27488.0	130.42666666666668
27563.0	1.3333333333333333
27638.0	2.8266666666666667
27713.0	0.52
27788.0	21.453333333333333
27863.0	84.90666666666667
27938.0	95.82666666666667
28013.0	130.22666666666666
28088.0	293.25333333333333
28163.0	689.4133333333333
28238.0	501.2266666666667
28313.0	827.3066666666666
28388.0	1046.9466666666667
28463.0	523.7866666666666
28538.0	293.81333333333333
28613.0	310.26666666666665
28688.0	334.36
28763.0	100.98666666666666
28838.0	1.2933333333333332
28913.0	0.9066666666666666
28988.0	42.89333333333333
29063.0	166.26666666666668
29138.0	183.56
29213.0	153.56
29288.0	180.46666666666667
29363.0	85.29333333333334
29438.0	10.36
29513.0	26.946666666666665
29588.0	54.666666666666664
29663.0	39.64
29738.0	22.68
29813.0	22.946666666666665
29877.0	0.09433962264150944
