#Read position (bp)	Clipping profile
0.0	11.187075740249629
1.0	8.991995328580813
2.0	7.0095618111481475
3.0	5.656310065448529
4.0	4.183839809250383
5.0	3.372180725529792
6.0	2.6291331111165177
7.0	1.9128488357947493
8.0	1.4632247390574438
9.0	1.1298995158268657
10.0	0.8603197002506021
11.0	0.5333203571689253
12.0	0.23162453468285443
13.0	0.0
14.0	0.0
15.0	0.0
16.0	0.0
17.0	0.0
18.0	0.0
19.0	0.0
20.0	0.0
21.0	0.0
22.0	0.0
23.0	0.0
24.0	0.0
25.0	0.0
26.0	0.0
27.0	0.0
28.0	0.0
29.0	9.732123306002288E-4
30.0	0.017031215785504
31.0	0.02579012676090606
32.0	0.036495462397508574
33.0	0.05401328434831269
34.0	0.07104450013381669
35.0	0.019464246612004573
36.0	0.02141067127320503
37.0	0.028709763752706747
38.0	0.034062431571008
39.0	0.037955280893408924
40.0	0.03454903773630812
41.0	0.03308921924040777
42.0	0.04038831171990949
43.0	0.05158025352181212
44.0	0.05644631517481327
45.0	0.0544998905136128
46.0	0.054986496678912915
47.0	0.0613123768278144
48.0	0.07104450013381669
49.0	0.09440159606822218
50.0	0.0948882022335223
51.0	0.1051069317048247
52.0	0.09975426388652345
53.0	0.1055935378701248
54.0	0.11191941801902631
55.0	0.1051069317048247
56.0	0.10364711320892436
57.0	0.13381669545753144
58.0	0.2228656237074524
59.0	0.4914722269531155
60.0	0.9863506970633318
61.0	1.2530108756477945
62.0	1.622344955110581
63.0	2.332303350283448
64.0	3.0013868275711055
65.0	3.432519890027007
66.0	4.194545144886986
67.0	4.848543831050339
68.0	5.859224836378677
69.0	6.76723194082869
70.0	7.283521082212112
71.0	6.784263156614194
