#Position (bp)	Coverage
38.0	2.986666666666667
113.0	4.04
188.0	6.0
263.0	6.0
338.0	22.56
413.0	36.70666666666666
488.0	53.25333333333333
563.0	53.64
638.0	43.72
713.0	43.093333333333334
788.0	39.693333333333335
863.0	40.42666666666667
938.0	37.093333333333334
1013.0	33.346666666666664
1088.0	31.0
1163.0	30.30666666666667
1238.0	25.946666666666665
1313.0	15.973333333333333
1388.0	6.0
1463.0	6.0
1538.0	4.946666666666666
1613.0	17.85333333333333
1688.0	26.04
1763.0	30.946666666666665
1838.0	28.85333333333333
1913.0	30.36
1988.0	28.613333333333333
2063.0	29.546666666666667
2138.0	28.946666666666665
2213.0	19.026666666666667
2288.0	9.173333333333334
2363.0	7.8933333333333335
2438.0	6.826666666666667
2513.0	8.2
2588.0	10.986666666666666
2663.0	14.0
2738.0	14.333333333333334
2813.0	12.64
2888.0	14.0
2963.0	14.0
3038.0	14.0
3113.0	12.986666666666666
3188.0	28.2
3263.0	44.50666666666667
3338.0	45.76
3413.0	45.18666666666667
3488.0	26.746666666666666
3563.0	7.8533333333333335
3638.0	8.0
3713.0	8.0
3788.0	13.813333333333333
3863.0	19.826666666666668
3938.0	24.506666666666668
4013.0	24.466666666666665
4088.0	39.68
4163.0	45.77333333333333
4238.0	47.306666666666665
4313.0	46.08
4388.0	25.573333333333334
4463.0	7.586666666666667
4538.0	0.0
4613.0	0.37333333333333335
4688.0	2.3466666666666667
4763.0	4.0
4838.0	4.0
4913.0	3.7066666666666666
4988.0	2.6933333333333334
5063.0	2.0
5138.0	2.0
5213.0	3.56
5288.0	7.946666666666666
5363.0	11.573333333333334
5438.0	13.0
5513.0	11.266666666666667
5588.0	26.533333333333335
5663.0	40.89333333333333
5738.0	49.13333333333333
5813.0	50.25333333333333
5888.0	40.92
5963.0	28.12
6038.0	25.546666666666667
6113.0	26.0
6188.0	21.533333333333335
6263.0	17.64
6338.0	12.0
6413.0	13.0
6488.0	18.173333333333332
6563.0	19.426666666666666
6638.0	27.4
6713.0	28.64
6788.0	21.746666666666666
6863.0	15.826666666666666
6938.0	7.0
7013.0	5.773333333333333
7088.0	3.56
7163.0	0.0
7238.0	0.0
7313.0	1.2
7388.0	2.84
7463.0	4.0
7538.0	4.0
7613.0	6.1466666666666665
7688.0	15.013333333333334
7763.0	25.0
7838.0	25.0
7913.0	22.96
7988.0	36.12
8063.0	44.86666666666667
8138.0	50.93333333333333
8213.0	48.373333333333335
8288.0	36.586666666666666
8363.0	20.226666666666667
8438.0	21.026666666666667
8513.0	20.026666666666667
8588.0	14.066666666666666
8663.0	14.666666666666666
8738.0	14.733333333333333
8813.0	15.506666666666666
8888.0	19.72
8963.0	30.30666666666667
9038.0	33.16
9113.0	32.48
9188.0	24.786666666666665
9263.0	9.226666666666667
9338.0	0.0
9413.0	0.0
9488.0	12.36
9563.0	30.106666666666666
9638.0	39.8
9713.0	38.50666666666667
9788.0	36.38666666666666
9863.0	34.693333333333335
9938.0	37.0
10013.0	37.0
10088.0	43.29333333333334
10163.0	48.42666666666667
10238.0	45.25333333333333
10313.0	44.266666666666666
10388.0	45.84
10463.0	45.52
10538.0	51.50666666666667
10613.0	52.44
10688.0	43.413333333333334
10763.0	29.586666666666666
10838.0	21.373333333333335
10913.0	20.706666666666667
10988.0	18.0
11063.0	22.933333333333334
11138.0	29.106666666666666
11213.0	30.64
11288.0	27.96
11363.0	37.06666666666667
11438.0	44.48
11513.0	45.82666666666667
11588.0	55.6
11663.0	49.88
11738.0	33.74666666666667
11813.0	32.96
11888.0	54.93333333333333
11963.0	68.93333333333334
12038.0	77.09333333333333
12113.0	89.13333333333334
12188.0	89.17333333333333
12263.0	71.46666666666667
12338.0	56.12
12413.0	52.85333333333333
12488.0	46.6
12563.0	49.53333333333333
12638.0	50.50666666666667
12713.0	51.50666666666667
12788.0	55.50666666666667
12863.0	57.45333333333333
12938.0	57.693333333333335
13013.0	56.346666666666664
13088.0	52.50666666666667
13163.0	54.36
13238.0	54.2
13313.0	47.4
13388.0	44.12
13463.0	34.46666666666667
13538.0	35.0
13613.0	35.666666666666664
13688.0	31.64
13763.0	25.453333333333333
13838.0	25.28
13913.0	24.85333333333333
13988.0	29.14666666666667
14063.0	34.48
14138.0	34.6
14213.0	38.08
14288.0	40.76
14363.0	44.45333333333333
14438.0	45.0
14513.0	33.666666666666664
14588.0	39.96
14663.0	43.42666666666667
14738.0	43.0
14813.0	40.52
14888.0	45.653333333333336
14963.0	42.24
15038.0	47.06666666666667
15113.0	46.68
15188.0	38.53333333333333
15263.0	28.653333333333332
15338.0	32.84
15413.0	33.10666666666667
15488.0	32.78666666666667
15563.0	30.186666666666667
15638.0	34.0
15713.0	34.81333333333333
15788.0	24.253333333333334
15863.0	24.106666666666666
15938.0	21.2
16013.0	22.0
16088.0	22.186666666666667
16163.0	13.52
16238.0	4.973333333333334
16313.0	4.0
16388.0	4.826666666666667
16463.0	13.36
16538.0	18.293333333333333
16613.0	23.0
16688.0	21.226666666666667
16763.0	12.333333333333334
16838.0	6.013333333333334
16913.0	2.0
16988.0	2.0
17063.0	16.786666666666665
17138.0	47.093333333333334
17213.0	69.28
17288.0	70.6
17363.0	61.10666666666667
17438.0	49.46666666666667
17513.0	44.18666666666667
17588.0	46.0
17663.0	44.76
17738.0	32.693333333333335
17813.0	19.533333333333335
17888.0	19.28
17963.0	23.04
18038.0	39.986666666666665
18113.0	44.306666666666665
18188.0	44.0
18263.0	56.653333333333336
18338.0	51.85333333333333
18413.0	68.44
18488.0	68.84
18563.0	48.28
18638.0	64.17333333333333
18713.0	60.24
18788.0	61.6
18863.0	58.626666666666665
18938.0	52.45333333333333
19013.0	39.16
19088.0	47.0
19163.0	45.54666666666667
19238.0	30.72
19313.0	15.826666666666666
19388.0	12.0
19463.0	11.826666666666666
19538.0	11.973333333333333
19613.0	26.826666666666668
19688.0	38.266666666666666
19763.0	38.45333333333333
19838.0	37.32
19913.0	29.453333333333333
19988.0	25.30666666666667
20063.0	27.68
20138.0	19.946666666666665
20213.0	18.14666666666667
20288.0	7.053333333333334
20363.0	7.0
20438.0	7.413333333333333
20513.0	18.493333333333332
20588.0	21.333333333333332
20663.0	26.906666666666666
20738.0	26.586666666666666
20813.0	28.373333333333335
20888.0	40.89333333333333
20963.0	41.88
21038.0	41.24
21113.0	29.213333333333335
21188.0	11.72
21263.0	8.0
21338.0	9.786666666666667
21413.0	15.52
21488.0	18.893333333333334
21563.0	19.0
21638.0	18.346666666666668
21713.0	19.96
21788.0	19.453333333333333
21863.0	19.0
21938.0	17.92
22013.0	13.28
22088.0	9.0
22163.0	9.0
22238.0	7.933333333333334
22313.0	5.733333333333333
22388.0	1.64
22463.0	2.0
22538.0	10.266666666666667
22613.0	18.946666666666665
22688.0	22.0
22763.0	21.52
22838.0	38.88
22913.0	36.266666666666666
22988.0	39.24
23063.0	35.733333333333334
23138.0	26.08
23213.0	24.813333333333333
23288.0	24.866666666666667
23363.0	24.44
23438.0	21.866666666666667
23513.0	30.52
23588.0	46.88
23663.0	48.72
23738.0	38.626666666666665
23813.0	26.773333333333333
23888.0	5.28
23963.0	6.0
24038.0	6.0
24113.0	12.96
24188.0	16.413333333333334
24263.0	18.96
24338.0	18.76
24413.0	18.32
24488.0	16.506666666666668
24563.0	18.64
24638.0	18.6
24713.0	24.093333333333334
24788.0	30.14666666666667
24863.0	30.813333333333333
24938.0	29.573333333333334
25013.0	29.08
25088.0	25.013333333333332
25163.0	23.0
25238.0	22.266666666666666
25313.0	35.68
25388.0	46.52
25463.0	54.28
25538.0	50.88
25613.0	40.70666666666666
25688.0	30.653333333333332
25763.0	30.453333333333333
25838.0	31.0
25913.0	35.61333333333334
25988.0	41.12
26063.0	53.84
26138.0	54.68
26213.0	43.18666666666667
26288.0	30.946666666666665
26363.0	12.0
26438.0	12.0
26513.0	13.72
26588.0	22.28
26663.0	28.093333333333334
26738.0	28.04
26813.0	30.4
26888.0	29.6
26963.0	26.453333333333333
27038.0	28.973333333333333
27113.0	29.28
27188.0	61.74666666666667
27263.0	92.44
27338.0	97.12
27413.0	87.25333333333333
27488.0	52.74666666666667
27563.0	6.786666666666667
27638.0	3.64
27713.0	2.96
27788.0	8.693333333333333
27863.0	19.16
27938.0	27.0
28013.0	26.653333333333332
28088.0	34.76
28163.0	55.48
28238.0	66.49333333333334
28313.0	66.66666666666667
28388.0	56.38666666666666
28463.0	41.50666666666667
28538.0	37.093333333333334
28613.0	38.78666666666667
28688.0	36.64
28763.0	23.386666666666667
28838.0	12.826666666666666
28913.0	13.0
28988.0	27.106666666666666
29063.0	51.06666666666667
29138.0	69.13333333333334
29213.0	69.78666666666666
29288.0	52.54666666666667
29363.0	36.04
29438.0	21.613333333333333
29513.0	34.77333333333333
29588.0	43.14666666666667
29663.0	41.13333333333333
29738.0	30.12
29813.0	18.266666666666666
29877.0	3.981132075471698
