#Position (bp)	Coverage
38.0	124.38666666666667
113.0	682.3866666666667
188.0	1087.6266666666668
263.0	1175.24
338.0	1238.1866666666667
413.0	2457.72
488.0	3250.9466666666667
563.0	2938.0533333333333
638.0	2045.3866666666668
713.0	1038.1733333333334
788.0	1010.9333333333333
863.0	1033.4533333333334
938.0	818.56
1013.0	1077.12
1088.0	1443.1333333333334
1163.0	1278.6133333333332
1238.0	1020.7066666666667
1313.0	371.88
1388.0	44.53333333333333
1463.0	44.48
1538.0	36.08
1613.0	938.08
1688.0	2136.76
1763.0	2504.56
1838.0	2239.6266666666666
1913.0	1120.3866666666668
1988.0	387.06666666666666
2063.0	383.48
2138.0	324.48
2213.0	163.77333333333334
2288.0	100.2
2363.0	125.93333333333334
2438.0	117.18666666666667
2513.0	83.49333333333334
2588.0	38.693333333333335
2663.0	35.48
2738.0	39.77333333333333
2813.0	52.38666666666666
2888.0	232.52
2963.0	364.0
3038.0	348.0133333333333
3113.0	256.48
3188.0	578.8266666666667
3263.0	1145.3333333333333
3338.0	1318.72
3413.0	1196.3333333333333
3488.0	567.7466666666667
3563.0	182.09333333333333
3638.0	234.8
3713.0	200.32
3788.0	289.8933333333333
3863.0	601.6
3938.0	762.2533333333333
4013.0	949.96
4088.0	1232.0933333333332
4163.0	1892.4133333333334
4238.0	2133.8
4313.0	1790.2133333333334
4388.0	1743.2266666666667
4463.0	1462.4666666666667
4538.0	1337.28
4613.0	887.0933333333334
4688.0	916.5866666666667
4763.0	1679.88
4838.0	1860.68
4913.0	1498.3333333333333
4988.0	525.5866666666667
5063.0	59.72
5138.0	64.18666666666667
5213.0	55.21333333333333
5288.0	785.1333333333333
5363.0	2261.48
5438.0	2962.266666666667
5513.0	2852.12
5588.0	1586.8933333333334
5663.0	666.1866666666666
5738.0	793.0266666666666
5813.0	840.2933333333333
5888.0	649.36
5963.0	441.70666666666665
6038.0	466.6533333333333
6113.0	457.49333333333334
6188.0	925.6533333333333
6263.0	2181.88
6338.0	2901.133333333333
6413.0	2650.1066666666666
6488.0	1678.2
6563.0	1258.92
6638.0	1490.0133333333333
6713.0	1456.8533333333332
6788.0	1139.0133333333333
6863.0	399.76
6938.0	195.78666666666666
7013.0	176.24
7088.0	116.85333333333334
7163.0	158.69333333333333
7238.0	136.17333333333335
7313.0	152.34666666666666
7388.0	303.04
7463.0	401.44
7538.0	438.82666666666665
7613.0	319.3066666666667
7688.0	310.93333333333334
7763.0	441.64
7838.0	475.46666666666664
7913.0	456.14666666666665
7988.0	788.36
8063.0	1239.4133333333334
8138.0	1182.7733333333333
8213.0	1231.6133333333332
8288.0	694.8533333333334
8363.0	46.25333333333333
8438.0	32.653333333333336
8513.0	24.32
8588.0	18.4
8663.0	62.85333333333333
8738.0	116.97333333333333
8813.0	127.54666666666667
8888.0	117.74666666666667
8963.0	229.53333333333333
9038.0	346.3066666666667
9113.0	339.4533333333333
9188.0	248.82666666666665
9263.0	260.25333333333333
9338.0	347.24
9413.0	381.96
9488.0	591.8933333333333
9563.0	1648.04
9638.0	2226.266666666667
9713.0	1938.1466666666668
9788.0	1187.92
9863.0	469.76
9938.0	487.17333333333335
10013.0	535.2533333333333
10088.0	552.1066666666667
10163.0	919.6933333333334
10238.0	1217.4133333333334
10313.0	1195.32
10388.0	936.4
10463.0	837.1866666666666
10538.0	1024.44
10613.0	971.7066666666667
10688.0	1017.36
10763.0	1566.68
10838.0	2013.0
10913.0	1967.36
10988.0	1637.1466666666668
11063.0	2441.08
11138.0	3477.6133333333332
11213.0	3477.1466666666665
11288.0	2829.4266666666667
11363.0	1277.5866666666666
11438.0	554.7333333333333
11513.0	498.96
11588.0	407.8666666666667
11663.0	200.33333333333334
11738.0	67.54666666666667
11813.0	54.21333333333333
11888.0	378.17333333333335
11963.0	1215.4133333333334
12038.0	1553.6266666666668
12113.0	1380.1466666666668
12188.0	817.88
12263.0	292.4533333333333
12338.0	271.64
12413.0	291.48
12488.0	1021.6666666666666
12563.0	1565.04
12638.0	1517.1866666666667
12713.0	1353.6266666666668
12788.0	1795.84
12863.0	2316.24
12938.0	2351.36
13013.0	2091.5333333333333
13088.0	2394.4666666666667
13163.0	2914.0266666666666
13238.0	2991.173333333333
13313.0	1994.64
13388.0	923.9333333333333
13463.0	932.4266666666666
13538.0	920.0933333333334
13613.0	921.2133333333334
13688.0	1255.3333333333333
13763.0	1580.52
13838.0	1629.3333333333333
13913.0	1213.8133333333333
13988.0	1147.0
14063.0	1801.9066666666668
14138.0	1769.8533333333332
14213.0	1337.7866666666666
14288.0	1380.4133333333334
14363.0	1674.6933333333334
14438.0	1715.2133333333334
14513.0	1217.6
14588.0	746.3466666666667
14663.0	954.0133333333333
14738.0	969.5866666666667
14813.0	817.24
14888.0	336.74666666666667
14963.0	36.92
15038.0	36.42666666666667
15113.0	20.85333333333333
15188.0	203.46666666666667
15263.0	667.5733333333334
15338.0	860.8
15413.0	720.4
15488.0	551.4266666666666
15563.0	1039.48
15638.0	1436.0666666666666
15713.0	1352.6266666666668
15788.0	1071.0533333333333
15863.0	1029.92
15938.0	1788.08
16013.0	2213.2
16088.0	1991.0933333333332
16163.0	902.4666666666667
16238.0	134.96
16313.0	147.92
16388.0	147.65333333333334
16463.0	99.32
16538.0	48.28
16613.0	50.81333333333333
16688.0	48.82666666666667
16763.0	267.6
16838.0	1074.0933333333332
16913.0	1374.12
16988.0	1408.5066666666667
17063.0	1351.6266666666668
17138.0	2001.8
17213.0	3099.5866666666666
17288.0	3321.4
17363.0	2470.2
17438.0	1348.0666666666666
17513.0	1370.6133333333332
17588.0	1432.7866666666666
17663.0	1132.0266666666666
17738.0	802.2933333333333
17813.0	818.96
17888.0	782.3066666666666
17963.0	659.64
18038.0	587.2133333333334
18113.0	662.4933333333333
18188.0	807.68
18263.0	883.2
18338.0	1598.9866666666667
18413.0	2158.68
18488.0	2116.96
18563.0	1872.7333333333333
18638.0	1924.3866666666668
18713.0	3388.32
18788.0	4110.96
18863.0	3354.213333333333
18938.0	2353.786666666667
19013.0	2077.1466666666665
19088.0	2132.306666666667
19163.0	2168.48
19238.0	1180.72
19313.0	55.413333333333334
19388.0	0.0
19463.0	0.0
19538.0	4.506666666666667
19613.0	87.42666666666666
19688.0	157.53333333333333
19763.0	164.64
19838.0	140.44
19913.0	57.733333333333334
19988.0	17.293333333333333
20063.0	15.626666666666667
20138.0	15.72
20213.0	10.693333333333333
20288.0	5.973333333333334
20363.0	9.906666666666666
20438.0	9.293333333333333
20513.0	522.7733333333333
20588.0	1047.6
20663.0	1080.6266666666668
20738.0	1253.4133333333334
20813.0	945.2266666666667
20888.0	488.93333333333334
20963.0	499.38666666666666
21038.0	480.3066666666667
21113.0	269.73333333333335
21188.0	12.226666666666667
21263.0	4.226666666666667
21338.0	5.16
21413.0	9.746666666666666
21488.0	15.626666666666667
21563.0	15.733333333333333
21638.0	18.2
21713.0	85.8
21788.0	173.48
21863.0	202.93333333333334
21938.0	157.93333333333334
22013.0	87.70666666666666
22088.0	49.70666666666666
22163.0	44.413333333333334
22238.0	41.86666666666667
22313.0	21.96
22388.0	10.013333333333334
22463.0	13.64
22538.0	69.25333333333333
22613.0	150.85333333333332
22688.0	159.01333333333332
22763.0	167.37333333333333
22838.0	540.3333333333334
22913.0	1158.5066666666667
22988.0	1405.84
23063.0	1350.76
23138.0	1167.2266666666667
23213.0	1315.4666666666667
23288.0	1545.6133333333332
23363.0	1505.6
23438.0	997.68
23513.0	365.70666666666665
23588.0	266.8666666666667
23663.0	288.74666666666667
23738.0	235.93333333333334
23813.0	65.28
23888.0	3.0
23963.0	5.293333333333333
24038.0	4.906666666666666
24113.0	405.88
24188.0	1024.7066666666667
24263.0	1212.04
24338.0	1267.8533333333332
24413.0	761.6666666666666
24488.0	260.0133333333333
24563.0	303.72
24638.0	329.0133333333333
24713.0	707.8533333333334
24788.0	1990.8933333333334
24863.0	2524.826666666667
24938.0	2248.0133333333333
25013.0	1589.5733333333333
25088.0	882.4133333333333
25163.0	886.2
25238.0	889.24
25313.0	957.2666666666667
25388.0	1349.6533333333334
25463.0	1391.9066666666668
25538.0	1215.56
25613.0	710.9866666666667
25688.0	78.61333333333333
25763.0	44.32
25838.0	36.25333333333333
25913.0	77.37333333333333
25988.0	223.64
26063.0	360.4266666666667
26138.0	465.46666666666664
26213.0	425.76
26288.0	401.85333333333335
26363.0	393.88
26438.0	449.61333333333334
26513.0	420.46666666666664
26588.0	964.1466666666666
26663.0	1521.7333333333333
26738.0	1487.76
26813.0	1233.2
26888.0	1391.64
26963.0	2036.8
27038.0	2384.3333333333335
27113.0	1977.28
27188.0	1752.7733333333333
27263.0	2349.1066666666666
27338.0	2471.6133333333332
27413.0	2050.786666666667
27488.0	817.0
27563.0	2.2
27638.0	0.4666666666666667
27713.0	0.0
27788.0	3.32
27863.0	15.92
27938.0	23.506666666666668
28013.0	26.893333333333334
28088.0	219.58666666666667
28163.0	1051.3066666666666
28238.0	1572.6933333333334
28313.0	1518.8666666666666
28388.0	1020.0533333333333
28463.0	633.6933333333334
28538.0	779.48
28613.0	715.1333333333333
28688.0	648.2933333333333
28763.0	505.74666666666667
28838.0	405.53333333333336
28913.0	315.5466666666667
28988.0	340.38666666666666
29063.0	998.8533333333334
29138.0	1413.28
29213.0	1238.96
29288.0	884.9066666666666
29363.0	274.14666666666665
29438.0	11.08
29513.0	26.30666666666667
29588.0	50.04
29663.0	62.32
29738.0	57.026666666666664
29813.0	26.69333333333333
29877.0	8.226415094339623
