#Position (bp)	Coverage
38.0	170.10666666666665
113.0	694.5866666666667
188.0	786.8533333333334
263.0	654.1733333333333
338.0	1112.8533333333332
413.0	1271.88
488.0	1126.44
563.0	1129.7866666666666
638.0	1180.8666666666666
713.0	2050.12
788.0	2268.52
863.0	2128.4933333333333
938.0	2184.2
1013.0	1282.16
1088.0	693.7866666666666
1163.0	788.1866666666666
1238.0	693.9866666666667
1313.0	660.5466666666666
1388.0	492.7866666666667
1463.0	535.1733333333333
1538.0	557.9866666666667
1613.0	690.5466666666666
1688.0	681.6133333333333
1763.0	583.5733333333334
1838.0	665.72
1913.0	2114.8933333333334
1988.0	3069.44
2063.0	3348.36
2138.0	3196.5866666666666
2213.0	2188.52
2288.0	1068.1333333333334
2363.0	1090.1466666666668
2438.0	1350.6
2513.0	2036.9866666666667
2588.0	4080.7733333333335
2663.0	4077.5733333333333
2738.0	3851.2533333333336
2813.0	3513.826666666667
2888.0	2393.44
2963.0	1391.5466666666666
3038.0	1471.2133333333334
3113.0	1514.3466666666666
3188.0	1112.1333333333334
3263.0	879.5066666666667
3338.0	900.4933333333333
3413.0	853.9466666666667
3488.0	1076.6666666666667
3563.0	1088.08
3638.0	1003.0533333333333
3713.0	1116.5066666666667
3788.0	1660.84
3863.0	1759.4666666666667
3938.0	1972.68
4013.0	1964.1466666666668
4088.0	3439.1466666666665
4163.0	3890.653333333333
4238.0	3886.8533333333335
4313.0	4359.333333333333
4388.0	4522.64
4463.0	3219.6
4538.0	2983.4666666666667
4613.0	2835.4266666666667
4688.0	2650.9466666666667
4763.0	2084.1066666666666
4838.0	2161.96
4913.0	2208.9866666666667
4988.0	2258.8133333333335
5063.0	1924.0
5138.0	1929.08
5213.0	1764.2133333333334
5288.0	1781.2933333333333
5363.0	2030.12
5438.0	1981.84
5513.0	2110.96
5588.0	3441.56
5663.0	4588.173333333333
5738.0	5495.066666666667
5813.0	4422.306666666666
5888.0	4358.053333333333
5963.0	1867.2133333333334
6038.0	1291.52
6113.0	1490.3466666666666
6188.0	2241.3333333333335
6263.0	2984.9333333333334
6338.0	2758.346666666667
6413.0	2640.346666666667
6488.0	2679.44
6563.0	1669.7333333333333
6638.0	1608.32
6713.0	1804.8266666666666
6788.0	2327.4533333333334
6863.0	1627.8933333333334
6938.0	1195.52
7013.0	1496.0933333333332
7088.0	1929.2133333333334
7163.0	1764.32
7238.0	1621.0133333333333
7313.0	1961.7066666666667
7388.0	2024.68
7463.0	1577.2133333333334
7538.0	1599.8
7613.0	1665.5866666666666
7688.0	1796.3866666666668
7763.0	1735.72
7838.0	1637.8933333333334
7913.0	1814.7066666666667
7988.0	3558.64
8063.0	2812.8533333333335
8138.0	2975.2933333333335
8213.0	2968.28
8288.0	2884.6266666666666
8363.0	1581.8133333333333
8438.0	1392.4266666666667
8513.0	1444.3066666666666
8588.0	1733.8533333333332
8663.0	3026.28
8738.0	3182.36
8813.0	3231.36
8888.0	3207.1466666666665
8963.0	2672.04
9038.0	1556.3333333333333
9113.0	1677.3333333333333
9188.0	1666.56
9263.0	1948.4
9338.0	1868.4
9413.0	1946.3733333333332
9488.0	2439.9466666666667
9563.0	2477.1066666666666
9638.0	1908.9333333333334
9713.0	1833.88
9788.0	1878.88
9863.0	1336.9866666666667
9938.0	1267.9333333333334
10013.0	1151.96
10088.0	1486.4266666666667
10163.0	1918.8266666666666
10238.0	1798.36
10313.0	1805.9333333333334
10388.0	2371.5333333333333
10463.0	2062.733333333333
10538.0	1814.9866666666667
10613.0	1892.5333333333333
10688.0	2343.4933333333333
10763.0	2076.5333333333333
10838.0	1862.6666666666667
10913.0	1846.0933333333332
10988.0	2080.213333333333
11063.0	4127.386666666666
11138.0	3926.4133333333334
11213.0	4031.0266666666666
11288.0	2151.6
11363.0	3805.0666666666666
11438.0	2072.12
11513.0	2208.08
11588.0	2845.0533333333333
11663.0	2809.56
11738.0	1976.1866666666667
11813.0	1780.6533333333334
11888.0	1988.8666666666666
11963.0	1731.12
12038.0	1623.72
12113.0	2173.4266666666667
12188.0	4036.3333333333335
12263.0	3512.36
12338.0	3814.52
12413.0	4487.093333333333
12488.0	3344.84
12563.0	2694.3733333333334
12638.0	2558.4
12713.0	3312.866666666667
12788.0	4939.2266666666665
12863.0	5298.986666666667
12938.0	5376.306666666666
13013.0	6730.866666666667
13088.0	8556.88
13163.0	8904.866666666667
13238.0	8678.733333333334
13313.0	8715.16
13388.0	5243.946666666667
13463.0	4449.08
13538.0	4321.533333333334
13613.0	4148.253333333333
13688.0	4609.613333333334
13763.0	4322.266666666666
13838.0	4470.266666666666
13913.0	4064.5066666666667
13988.0	2507.0533333333333
14063.0	2075.133333333333
14138.0	2173.52
14213.0	2394.88
14288.0	2590.28
14363.0	2444.5333333333333
14438.0	2370.4266666666667
14513.0	2364.6266666666666
14588.0	2452.64
14663.0	2241.2933333333335
14738.0	2315.4133333333334
14813.0	2338.4266666666667
14888.0	2422.84
14963.0	2224.6266666666666
15038.0	2198.6
15113.0	2162.48
15188.0	4076.653333333333
15263.0	6213.786666666667
15338.0	6423.92
15413.0	6232.453333333333
15488.0	5339.346666666666
15563.0	3369.306666666667
15638.0	2643.0666666666666
15713.0	2731.24
15788.0	2661.5066666666667
15863.0	2660.5066666666667
15938.0	2454.1866666666665
16013.0	2464.5733333333333
16088.0	2525.133333333333
16163.0	2909.173333333333
16238.0	2521.12
16313.0	2422.693333333333
16388.0	2471.653333333333
16463.0	2544.28
16538.0	1895.6
16613.0	1873.5066666666667
16688.0	1940.0133333333333
16763.0	2502.88
16838.0	3650.96
16913.0	3776.9733333333334
16988.0	3763.9066666666668
17063.0	4196.7733333333335
17138.0	3880.3733333333334
17213.0	3636.866666666667
17288.0	3277.866666666667
17363.0	3457.7733333333335
17438.0	3135.2933333333335
17513.0	2511.4933333333333
17588.0	2445.2266666666665
17663.0	2678.2266666666665
17738.0	3200.173333333333
17813.0	3169.48
17888.0	3072.826666666667
17963.0	2832.5866666666666
18038.0	2892.2533333333336
18113.0	2671.9066666666668
18188.0	2605.4666666666667
18263.0	2904.8933333333334
18338.0	2624.5066666666667
18413.0	2297.9866666666667
18488.0	2325.0666666666666
18563.0	2274.68
18638.0	2938.52
18713.0	2604.3333333333335
18788.0	2793.213333333333
18863.0	2732.32
18938.0	3319.733333333333
19013.0	2826.2533333333336
19088.0	2865.64
19163.0	2626.7066666666665
19238.0	2658.653333333333
19313.0	1491.8266666666666
19388.0	1406.2666666666667
19463.0	1438.1866666666667
19538.0	1430.1866666666667
19613.0	1754.4266666666667
19688.0	1740.28
19763.0	1849.84
19838.0	1973.72
19913.0	2211.826666666667
19988.0	1868.9866666666667
20063.0	1957.72
20138.0	1902.6666666666667
20213.0	1834.8266666666666
20288.0	1499.2666666666667
20363.0	1520.9466666666667
20438.0	1537.9733333333334
20513.0	2550.2933333333335
20588.0	2108.96
20663.0	2252.04
20738.0	2136.8533333333335
20813.0	2658.3733333333334
20888.0	2208.36
20963.0	2060.4266666666667
21038.0	1995.7466666666667
21113.0	2135.653333333333
21188.0	1509.68
21263.0	1508.88
21338.0	1513.4266666666667
21413.0	1610.2533333333333
21488.0	1453.12
21563.0	1447.3733333333332
21638.0	1580.88
21713.0	1983.4933333333333
21788.0	1611.08
21863.0	2109.96
21938.0	1956.48
22013.0	2405.96
22088.0	3607.306666666667
22163.0	3146.5066666666667
22238.0	3131.08
22313.0	2129.7066666666665
22388.0	1132.0133333333333
22463.0	1146.0666666666666
22538.0	1371.9733333333334
22613.0	1580.8933333333334
22688.0	1692.12
22763.0	1577.1733333333334
22838.0	1860.7333333333333
22913.0	1534.8266666666666
22988.0	1479.7333333333333
23063.0	1533.68
23138.0	1822.4
23213.0	2205.7466666666664
23288.0	2319.5866666666666
23363.0	2414.0
23438.0	2448.1066666666666
23513.0	2432.7733333333335
23588.0	2259.44
23663.0	2169.8933333333334
23738.0	2310.1466666666665
23813.0	2590.2933333333335
23888.0	2974.16
23963.0	2582.4266666666667
24038.0	3065.1466666666665
24113.0	3029.52
24188.0	1849.9733333333334
24263.0	1960.4266666666667
24338.0	1833.5066666666667
24413.0	2144.213333333333
24488.0	1786.52
24563.0	1739.5866666666666
24638.0	1814.6
24713.0	2259.0266666666666
24788.0	2023.7066666666667
24863.0	1850.56
24938.0	1861.4266666666667
25013.0	2816.3733333333334
25088.0	2521.72
25163.0	2840.1866666666665
25238.0	2742.28
25313.0	2580.72
25388.0	2187.2266666666665
25463.0	1946.6266666666668
25538.0	1949.4133333333334
25613.0	2647.1866666666665
25688.0	3463.8533333333335
25763.0	3420.32
25838.0	4195.266666666666
25913.0	3452.9866666666667
25988.0	2386.5866666666666
26063.0	2607.2933333333335
26138.0	2002.68
26213.0	2542.8933333333334
26288.0	1831.5466666666666
26363.0	608.5866666666667
26438.0	769.64
26513.0	1065.68
26588.0	1303.7733333333333
26663.0	1073.12
26738.0	1055.5866666666666
26813.0	1205.64
26888.0	2556.6133333333332
26963.0	3455.1466666666665
27038.0	3794.693333333333
27113.0	4107.746666666667
27188.0	3481.2266666666665
27263.0	1889.3866666666668
27338.0	1537.04
27413.0	1789.2133333333334
27488.0	1325.68
27563.0	331.41333333333336
27638.0	364.61333333333334
27713.0	394.4266666666667
27788.0	466.61333333333334
27863.0	411.94666666666666
27938.0	359.44
28013.0	371.08
28088.0	592.8266666666667
28163.0	1063.5866666666666
28238.0	789.36
28313.0	780.24
28388.0	1406.84
28463.0	1419.7333333333333
28538.0	1060.6933333333334
28613.0	1179.16
28688.0	1124.28
28763.0	598.08
28838.0	207.12
28913.0	144.70666666666668
28988.0	370.7866666666667
29063.0	892.1866666666666
29138.0	1003.8933333333333
29213.0	926.1066666666667
29288.0	868.8133333333334
29363.0	683.8666666666667
29438.0	486.38666666666666
29513.0	970.8533333333334
29588.0	1486.4266666666667
29663.0	1217.7066666666667
29738.0	878.4
29813.0	525.9333333333333
29877.0	4.811320754716981
