#Read position (bp)	Clipping profile
0.0	33.715220949263504
1.0	0.32733224222585927
2.0	0.3000545553737043
3.0	0.2591380250954719
4.0	0.2591380250954719
5.0	0.2591380250954719
6.0	0.2591380250954719
7.0	0.2591380250954719
8.0	0.2591380250954719
9.0	0.2591380250954719
10.0	0.2591380250954719
11.0	0.2591380250954719
12.0	0.2591380250954719
13.0	0.2591380250954719
14.0	0.24549918166939444
15.0	0.24549918166939444
16.0	0.24549918166939444
17.0	0.24549918166939444
18.0	0.24549918166939444
19.0	0.24549918166939444
20.0	0.24549918166939444
21.0	0.2182214948172395
22.0	0.2182214948172395
23.0	0.2182214948172395
24.0	0.19094380796508456
25.0	0.16366612111292964
26.0	0.16366612111292964
27.0	0.16366612111292964
28.0	0.16366612111292964
29.0	0.16366612111292964
30.0	0.16366612111292964
31.0	0.16366612111292964
32.0	0.5591925804691762
33.0	33.63338788870704
34.0	0.1773049645390071
35.0	2.7004909983633385
36.0	0.19094380796508456
37.0	0.19094380796508456
38.0	0.20458265139116205
39.0	0.19094380796508456
40.0	0.19094380796508456
41.0	0.19094380796508456
42.0	0.19094380796508456
43.0	0.1773049645390071
44.0	0.1773049645390071
45.0	0.16366612111292964
46.0	0.16366612111292964
47.0	0.16366612111292964
48.0	0.16366612111292964
49.0	0.16366612111292964
50.0	1.541189307146754
51.0	0.15002727768685215
52.0	0.15002727768685215
53.0	0.15002727768685215
54.0	0.15002727768685215
55.0	0.15002727768685215
56.0	0.15002727768685215
57.0	0.16366612111292964
58.0	0.16366612111292964
59.0	1.4184397163120568
60.0	0.16366612111292964
61.0	0.16366612111292964
62.0	0.16366612111292964
63.0	0.16366612111292964
64.0	0.16366612111292964
65.0	0.16366612111292964
66.0	0.16366612111292964
67.0	0.16366612111292964
68.0	0.16366612111292964
69.0	0.16366612111292964
70.0	0.13638843426077468
71.0	0.13638843426077468
72.0	0.13638843426077468
73.0	0.13638843426077468
74.0	0.13638843426077468
75.0	0.13638843426077468
76.0	0.13638843426077468
77.0	0.13638843426077468
78.0	0.15002727768685215
79.0	0.15002727768685215
80.0	0.15002727768685215
81.0	0.15002727768685215
82.0	0.15002727768685215
83.0	0.15002727768685215
84.0	0.16366612111292964
85.0	0.13638843426077468
86.0	0.13638843426077468
87.0	0.12274959083469722
88.0	0.10911074740861974
89.0	0.10911074740861974
90.0	0.10911074740861974
91.0	0.10911074740861974
92.0	0.10911074740861974
93.0	0.10911074740861974
94.0	0.13638843426077468
95.0	0.13638843426077468
96.0	0.13638843426077468
97.0	0.13638843426077468
98.0	0.13638843426077468
99.0	0.15002727768685215
100.0	0.15002727768685215
101.0	0.15002727768685215
102.0	0.16366612111292964
103.0	0.16366612111292964
104.0	0.16366612111292964
105.0	0.16366612111292964
106.0	0.16366612111292964
107.0	0.16366612111292964
108.0	0.16366612111292964
109.0	0.13638843426077468
110.0	0.13638843426077468
111.0	0.13638843426077468
112.0	0.15002727768685215
113.0	0.15002727768685215
114.0	0.15002727768685215
115.0	0.15002727768685215
116.0	0.15002727768685215
117.0	0.15002727768685215
118.0	0.1773049645390071
119.0	0.16366612111292964
120.0	0.16366612111292964
121.0	0.1773049645390071
122.0	0.1773049645390071
123.0	0.1773049645390071
124.0	0.1773049645390071
125.0	0.1773049645390071
126.0	0.1773049645390071
127.0	0.1773049645390071
128.0	0.20458265139116205
129.0	0.2182214948172395
130.0	0.23186033824331695
131.0	0.23186033824331695
132.0	0.24549918166939444
133.0	0.24549918166939444
134.0	0.23186033824331695
135.0	0.2182214948172395
136.0	0.2182214948172395
137.0	0.2182214948172395
138.0	0.2182214948172395
139.0	0.2182214948172395
140.0	0.2182214948172395
141.0	0.2182214948172395
142.0	0.2182214948172395
143.0	0.2182214948172395
144.0	0.2182214948172395
145.0	0.2182214948172395
146.0	0.2182214948172395
147.0	0.2182214948172395
148.0	0.23186033824331695
149.0	0.23186033824331695
150.0	0.23186033824331695
