#Position (bp)	mapping quality
38.0	59.999378246093
113.0	59.99565353844314
188.0	59.98718317399975
263.0	59.950793985132364
338.0	59.996653442626375
413.0	59.99344650692955
488.0	59.990859260155425
563.0	59.99232352986796
638.0	59.991052553916276
713.0	59.994226013724884
788.0	59.998831431592876
863.0	59.993208199376696
938.0	59.99460559325496
1013.0	59.997779629534996
1088.0	59.99547008964298
1163.0	59.99592559725039
1238.0	59.99345278281997
1313.0	59.99578584426779
1388.0	60.0
1463.0	60.0
1538.0	60.0
1613.0	59.996090315580744
1688.0	59.99208586633786
1763.0	59.99791611140725
1838.0	59.99809897009337
1913.0	59.95076001140984
1988.0	59.98086985029927
2063.0	59.99253693065244
2138.0	59.99460171505321
2213.0	59.995783445558274
2288.0	59.98827069516089
2363.0	60.0
2438.0	60.0
2513.0	59.99114344456745
2588.0	59.99790982382801
2663.0	60.0
2738.0	59.9885342875922
2813.0	59.999528066909626
2888.0	59.99357459330994
2963.0	59.997532425001715
3038.0	59.94654248876208
3113.0	59.99641907434295
3188.0	59.99720738222438
3263.0	59.99883789801993
3338.0	59.99945944632727
3413.0	59.99933570427498
3488.0	59.9991162282586
3563.0	59.99785381407898
3638.0	60.0
3713.0	60.0
3788.0	59.99669027093596
3863.0	59.996521273748996
3938.0	59.99961273189982
4013.0	59.99693201245931
4088.0	59.99665689375135
4163.0	59.9931722254407
4238.0	59.995523459510224
4313.0	59.99719040538928
4388.0	59.99241597913041
4463.0	59.9978696930294
4538.0	59.98371777736811
4613.0	59.981033148560506
4688.0	59.99727093175328
4763.0	59.99576759804853
4838.0	59.99511560583067
4913.0	59.99722693051754
4988.0	59.99761507645784
5063.0	60.0
5138.0	60.0
5213.0	59.956989247311824
5288.0	59.99734812798772
5363.0	59.99652256483299
5438.0	59.996980861437734
5513.0	59.99653639669803
5588.0	59.99853012114886
5663.0	59.999058734199124
5738.0	59.96997126555417
5813.0	59.995367170338874
5888.0	59.994263540509316
5963.0	59.99802223971262
6038.0	60.0
6113.0	60.0
6188.0	59.97916171777063
6263.0	59.99667498209114
6338.0	59.99484956446061
6413.0	59.9834507895182
6488.0	59.99767823392577
6563.0	59.99847484820536
6638.0	59.99917885014324
6713.0	59.998107270588655
6788.0	59.997421420746605
6863.0	59.99688974406284
6938.0	60.0
7013.0	60.0
7088.0	60.0
7163.0	60.0
7238.0	60.0
7313.0	59.9964720319051
7388.0	59.996001574931434
7463.0	59.99863281380258
7538.0	59.9967928448821
7613.0	59.99460535949627
7688.0	59.99826572507801
7763.0	59.998904798604634
7838.0	59.995339010043956
7913.0	59.997577648416595
7988.0	59.99825041386409
8063.0	59.998469152554165
8138.0	59.99606135860247
8213.0	59.99930922246549
8288.0	59.99863431391345
8363.0	59.99150095782856
8438.0	59.99847733402941
8513.0	60.0
8588.0	59.99765393900241
8663.0	59.99908792960019
8738.0	59.99630176565008
8813.0	59.994591665192004
8888.0	59.997510359715804
8963.0	59.996494626361695
9038.0	59.99488606294963
9113.0	59.997557717018545
9188.0	59.99708826127602
9263.0	59.99539936810598
9338.0	59.999768852527914
9413.0	59.99962240331834
9488.0	59.99822430594105
9563.0	59.99764688670637
9638.0	59.997679758385935
9713.0	59.99770497406143
9788.0	59.99126866964577
9863.0	59.99669924332523
9938.0	59.999892729759445
10013.0	59.99968713965192
10088.0	59.99877686222289
10163.0	59.996421145566096
10238.0	59.99881038108566
10313.0	59.99770134391982
10388.0	59.99718647219048
10463.0	59.99866535168685
10538.0	59.99886876459415
10613.0	59.99574289992872
10688.0	59.998605031386795
10763.0	59.996308055266226
10838.0	59.99849129913611
10913.0	59.99928180777766
10988.0	59.997249794459414
11063.0	59.98933846800574
11138.0	59.99773267985506
11213.0	59.99796827875545
11288.0	59.996520709791646
11363.0	59.99882312469447
11438.0	59.998683431393545
11513.0	59.99799862858672
11588.0	59.99835627204416
11663.0	59.99900341762759
11738.0	59.99811803965698
11813.0	59.99910111267674
11888.0	59.99906268209785
11963.0	59.99586132198773
12038.0	59.99473216500148
12113.0	59.99000498592868
12188.0	59.99738332933757
12263.0	59.99279231229022
12338.0	59.99949677478384
12413.0	59.99856248649831
12488.0	59.99869560147025
12563.0	59.99848518476864
12638.0	59.997282611378864
12713.0	59.99749237921421
12788.0	59.99887000441744
12863.0	59.998593443769735
12938.0	59.966863780459555
13013.0	59.995980709210464
13088.0	59.998995586346545
13163.0	59.99240408744293
13238.0	59.99437110845954
13313.0	59.99543668699847
13388.0	59.9912466727463
13463.0	59.9982970540193
13538.0	59.99754970091938
13613.0	59.99791730670252
13688.0	59.9977127237939
13763.0	59.99215869506723
13838.0	59.997541558888265
13913.0	59.99225019164467
13988.0	59.992807668110906
14063.0	59.99512589373385
14138.0	59.99775135883124
14213.0	59.995325621929965
14288.0	59.99927768081638
14363.0	59.983284280513864
14438.0	59.94778944807581
14513.0	59.99881133669135
14588.0	59.99637856591574
14663.0	59.99680942669386
14738.0	59.99757392809276
14813.0	59.997795354696734
14888.0	59.985296809439326
14963.0	59.99793906180473
15038.0	59.998054614885795
15113.0	59.9983268983269
15188.0	59.9991789285281
15263.0	59.998753760971354
15338.0	59.99077757521806
15413.0	59.99766676513187
15488.0	59.996747940019354
15563.0	59.996966364636066
15638.0	59.99448241919011
15713.0	59.997246481747716
15788.0	59.995370431291576
15863.0	59.99782029729897
15938.0	59.99559622051109
16013.0	59.99633227431656
16088.0	59.996772505448085
16163.0	59.99963796141745
16238.0	59.995858141340925
16313.0	59.997606802790365
16388.0	59.99764630362683
16463.0	59.999076442171074
16538.0	60.0
16613.0	59.99374553252323
16688.0	60.0
16763.0	59.99839330982144
16838.0	59.998023129795826
16913.0	59.99745935944827
16988.0	59.99505254731841
17063.0	59.99061203747627
17138.0	59.99618650689359
17213.0	59.99555154664565
17288.0	59.995912159644924
17363.0	59.99721526477007
17438.0	59.9972999152572
17513.0	59.9960668633235
17588.0	59.997909629481825
17663.0	59.9955218691965
17738.0	59.99607042055856
17813.0	59.99925387935512
17888.0	59.99921817221342
17963.0	59.997550683714586
18038.0	59.997664293287265
18113.0	59.998229584134165
18188.0	60.0
18263.0	59.999374993024475
18338.0	59.9980453349708
18413.0	59.994472418157685
18488.0	59.998367968423736
18563.0	59.996948430478305
18638.0	59.99797359231812
18713.0	59.99915583995296
18788.0	59.996254963301645
18863.0	59.904963191455764
18938.0	59.998100718324196
19013.0	59.998377399740384
19088.0	59.99869068377133
19163.0	59.998646306049665
19238.0	59.99689771110393
19313.0	59.99476720304324
19388.0	60.0
19463.0	60.0
19538.0	60.0
19613.0	60.0
19688.0	59.998251398880896
19763.0	59.99850142364753
19838.0	59.992154170548716
19913.0	59.998692709935405
19988.0	60.0
20063.0	59.97634069400631
20138.0	60.0
20213.0	60.0
20288.0	60.0
20363.0	60.0
20438.0	60.0
20513.0	59.99876895695057
20588.0	59.99960726495451
20663.0	59.99618023781455
20738.0	59.99796701607545
20813.0	59.99890788112915
20888.0	59.99350369186417
20963.0	59.997750451680965
21038.0	59.99769133750407
21113.0	59.99702710152867
21188.0	59.99230220419812
21263.0	60.0
21338.0	60.0
21413.0	60.0
21488.0	60.0
21563.0	60.0
21638.0	59.99424179120467
21713.0	59.99330689796981
21788.0	59.99729957639771
21863.0	59.99782201124895
21938.0	59.99947732763427
22013.0	59.99683609518383
22088.0	59.998809810050496
22163.0	59.996173253411904
22238.0	59.968712265373604
22313.0	59.998767286875456
22388.0	60.0
22463.0	59.957882069795424
22538.0	59.99366984428569
22613.0	59.9940704981044
22688.0	59.99821092789212
22763.0	59.99917339265193
22838.0	59.99772822658595
22913.0	59.99632145686934
22988.0	59.997836275020994
23063.0	59.99857897404016
23138.0	59.998414236899016
23213.0	59.99628687105965
23288.0	59.9889149048092
23363.0	59.96361335013802
23438.0	59.94740893799321
23513.0	59.99421675423982
23588.0	59.99864894076956
23663.0	59.99749662091416
23738.0	59.99786370433668
23813.0	59.99688565241002
23888.0	59.999362740217066
23963.0	59.99834188205497
24038.0	59.99342043425134
24113.0	59.99296434722499
24188.0	59.99663314966576
24263.0	59.99788503735272
24338.0	59.99822271829656
24413.0	59.99907376363123
24488.0	59.99927890705697
24563.0	59.9924530411449
24638.0	59.99772671483612
24713.0	59.99615745924162
24788.0	59.99468952584844
24863.0	59.99839825955213
24938.0	59.99518452513874
25013.0	59.97739316677384
25088.0	59.996387998995594
25163.0	59.99830719403885
25238.0	59.99768889782069
25313.0	59.99690653043705
25388.0	59.99928049892689
25463.0	59.996417004475234
25538.0	59.97109274181752
25613.0	59.99578922026225
25688.0	59.988725871849056
25763.0	59.9988180018321
25838.0	59.99692096350157
25913.0	59.99622634947134
25988.0	59.99833698803514
26063.0	59.99508163125896
26138.0	59.997253711619074
26213.0	59.998778044145745
26288.0	59.99448815752686
26363.0	59.99878205232303
26438.0	59.99873787444329
26513.0	59.99903046076024
26588.0	59.99636154404547
26663.0	59.9955805456722
26738.0	59.9602876315207
26813.0	59.98994423059166
26888.0	59.99562897539516
26963.0	59.997458917611006
27038.0	59.99768712986299
27113.0	59.99083731033939
27188.0	59.99692013457648
27263.0	59.99879643574913
27338.0	59.996508798826824
27413.0	59.998428545902414
27488.0	59.999585503818466
27563.0	60.0
27638.0	60.0
27713.0	60.0
27788.0	59.997744089514526
27863.0	59.99790238411951
27938.0	59.99154025670945
28013.0	59.99882147533828
28088.0	59.99546046658509
28163.0	59.99785553753177
28238.0	59.998498372680466
28313.0	59.99378581129345
28388.0	59.99716327846013
28463.0	59.99469632176665
28538.0	59.99633242784618
28613.0	59.99678416543707
28688.0	59.992314279977656
28763.0	59.99465688017149
28838.0	59.9735505268903
28913.0	60.0
28988.0	59.997973438268566
29063.0	59.99403944366826
29138.0	59.99800133924561
29213.0	59.99161861139835
29288.0	59.99629588007063
29363.0	59.99873767732628
29438.0	59.968268359020854
29513.0	60.0
29588.0	59.97823129251701
29663.0	60.0
29738.0	59.99031007751938
29813.0	60.0
29877.0	36.66442953020134
