#Position (bp)	Coverage
38.0	246.17333333333335
113.0	928.8533333333334
188.0	901.48
263.0	738.2533333333333
338.0	1291.6666666666667
413.0	1484.96
488.0	1297.4266666666667
563.0	1287.9733333333334
638.0	1358.7866666666666
713.0	1788.84
788.0	1623.1733333333334
863.0	1541.2666666666667
938.0	1894.3733333333332
1013.0	1974.4266666666667
1088.0	1843.52
1163.0	2092.0133333333333
1238.0	1834.8133333333333
1313.0	1150.4666666666667
1388.0	574.84
1463.0	641.24
1538.0	654.5733333333334
1613.0	1217.0666666666666
1688.0	1210.72
1763.0	1052.0
1838.0	1219.5733333333333
1913.0	2596.4533333333334
1988.0	3125.08
2063.0	3345.346666666667
2138.0	3279.28
2213.0	2465.213333333333
2288.0	1264.2133333333334
2363.0	1209.9333333333334
2438.0	1419.2666666666667
2513.0	2061.64
2588.0	3600.9733333333334
2663.0	3373.4666666666667
2738.0	3054.44
2813.0	2895.6133333333332
2888.0	2530.32
2963.0	1735.8266666666666
3038.0	1734.1466666666668
3113.0	1823.6533333333334
3188.0	1466.04
3263.0	1114.76
3338.0	1094.4133333333334
3413.0	1176.5466666666666
3488.0	1258.9733333333334
3563.0	1031.9733333333334
3638.0	940.1333333333333
3713.0	988.7333333333333
3788.0	1587.2933333333333
3863.0	1753.2666666666667
3938.0	1852.6266666666668
4013.0	1862.2133333333334
4088.0	3416.1866666666665
4163.0	3485.6133333333332
4238.0	3394.1866666666665
4313.0	3762.48
4388.0	3306.6666666666665
4463.0	2148.24
4538.0	2073.4266666666667
4613.0	2138.32
4688.0	2051.9733333333334
4763.0	1783.6933333333334
4838.0	1818.6
4913.0	1894.64
4988.0	1864.2266666666667
5063.0	1409.08
5138.0	1386.8
5213.0	1454.7333333333333
5288.0	2357.2
5363.0	2860.48
5438.0	2548.786666666667
5513.0	2508.68
5588.0	3684.8133333333335
5663.0	3842.2
5738.0	4180.106666666667
5813.0	3594.133333333333
5888.0	3768.9733333333334
5963.0	1789.8
6038.0	1343.8933333333334
6113.0	1427.8666666666666
6188.0	2653.346666666667
6263.0	3605.8533333333335
6338.0	2954.8133333333335
6413.0	2860.3733333333334
6488.0	3053.3333333333335
6563.0	2060.5466666666666
6638.0	1915.3733333333332
6713.0	2161.1066666666666
6788.0	2866.5733333333333
6863.0	1879.4933333333333
6938.0	1351.8
7013.0	1690.92
7088.0	2007.24
7163.0	1581.8666666666666
7238.0	1493.8
7313.0	1768.9733333333334
7388.0	2131.826666666667
7463.0	1814.5733333333333
7538.0	1926.68
7613.0	2055.173333333333
7688.0	2247.64
7763.0	1968.3866666666668
7838.0	1862.7066666666667
7913.0	2106.2533333333336
7988.0	3481.96
8063.0	2554.693333333333
8138.0	2667.266666666667
8213.0	2807.96
8288.0	3059.56
8363.0	1875.5466666666666
8438.0	1652.7066666666667
8513.0	1697.0533333333333
8588.0	1942.1066666666666
8663.0	2550.3333333333335
8738.0	2561.306666666667
8813.0	2595.9466666666667
8888.0	2670.7466666666664
8963.0	2820.5466666666666
9038.0	2098.0933333333332
9113.0	2253.3866666666668
9188.0	2370.653333333333
9263.0	2494.4133333333334
9338.0	2368.4666666666667
9413.0	2452.04
9488.0	3411.48
9563.0	3977.32
9638.0	2876.96
9713.0	2796.76
9788.0	2763.8533333333335
9863.0	1622.7733333333333
9938.0	1353.76
10013.0	1295.5733333333333
10088.0	1805.92
10163.0	2903.44
10238.0	2558.0666666666666
10313.0	2495.28
10388.0	3186.8
10463.0	2364.6133333333332
10538.0	1988.24
10613.0	1999.1733333333334
10688.0	2848.32
10763.0	2655.4266666666667
10838.0	2398.9866666666667
10913.0	2441.3333333333335
10988.0	2855.653333333333
11063.0	4538.7733333333335
11138.0	4235.053333333333
11213.0	4683.253333333333
11288.0	5122.28
11363.0	5179.026666666667
11438.0	3005.133333333333
11513.0	3119.9066666666668
11588.0	3938.0266666666666
11663.0	3838.5333333333333
11738.0	2616.04
11813.0	2516.5866666666666
11888.0	3043.786666666667
11963.0	2620.8933333333334
12038.0	2370.9733333333334
12113.0	2918.1066666666666
12188.0	4435.626666666667
12263.0	3388.44
12338.0	3581.2266666666665
12413.0	4383.213333333333
12488.0	4653.56
12563.0	3942.0
12638.0	3582.9733333333334
12713.0	4334.093333333333
12788.0	5021.6
12863.0	4563.386666666666
12938.0	4669.52
13013.0	5567.066666666667
13088.0	7522.013333333333
13163.0	9108.613333333333
13238.0	9249.226666666667
13313.0	9629.293333333333
13388.0	4155.44
13463.0	2542.6666666666665
13538.0	2373.96
13613.0	3249.653333333333
13688.0	6024.946666666667
13763.0	6158.7733333333335
13838.0	6041.08
13913.0	4913.946666666667
13988.0	3249.733333333333
14063.0	2665.0933333333332
14138.0	2719.266666666667
14213.0	3146.36
14288.0	3321.1866666666665
14363.0	2940.48
14438.0	2887.9333333333334
14513.0	3082.0133333333333
14588.0	3257.24
14663.0	2884.4666666666667
14738.0	2877.653333333333
14813.0	2894.4133333333334
14888.0	3086.76
14963.0	2694.4133333333334
15038.0	2629.5866666666666
15113.0	2683.5866666666666
15188.0	4646.013333333333
15263.0	6917.8533333333335
15338.0	6731.013333333333
15413.0	6463.16
15488.0	6382.506666666667
15563.0	5169.746666666667
15638.0	4544.2266666666665
15713.0	4634.533333333334
15788.0	4793.733333333334
15863.0	4110.933333333333
15938.0	3109.133333333333
16013.0	3027.0666666666666
16088.0	3168.2
16163.0	3610.8933333333334
16238.0	2713.173333333333
16313.0	2623.1866666666665
16388.0	2590.733333333333
16463.0	2893.76
16538.0	2282.2266666666665
16613.0	2298.733333333333
16688.0	2373.0
16763.0	3169.1866666666665
16838.0	4237.693333333334
16913.0	4228.72
16988.0	4070.28
17063.0	4621.986666666667
17138.0	5038.946666666667
17213.0	4378.28
17288.0	3991.7733333333335
17363.0	4248.466666666666
17438.0	3811.5466666666666
17513.0	3027.693333333333
17588.0	2819.7466666666664
17663.0	3116.653333333333
17738.0	3199.36
17813.0	2703.32
17888.0	2754.8133333333335
17963.0	2747.32
18038.0	3345.5066666666667
18113.0	3314.1066666666666
18188.0	3279.2
18263.0	3586.306666666667
18338.0	3466.346666666667
18413.0	2780.32
18488.0	2784.306666666667
18563.0	2758.786666666667
18638.0	3815.9333333333334
18713.0	3352.44
18788.0	3375.16
18863.0	3538.6
18938.0	4052.24
19013.0	3399.2533333333336
19088.0	3400.4666666666667
19163.0	3173.4666666666667
19238.0	3254.96
19313.0	1946.3866666666668
19388.0	1871.7066666666667
19463.0	1875.5466666666666
19538.0	1908.0133333333333
19613.0	2392.72
19688.0	2407.24
19763.0	2444.32
19838.0	2688.266666666667
19913.0	2731.92
19988.0	2256.28
20063.0	2307.9466666666667
20138.0	2318.68
20213.0	2288.88
20288.0	2061.4133333333334
20363.0	2079.653333333333
20438.0	2117.786666666667
20513.0	3216.8533333333335
20588.0	2797.76
20663.0	2813.5866666666666
20738.0	2815.04
20813.0	3705.76
20888.0	3238.9333333333334
20963.0	2902.213333333333
21038.0	2835.2533333333336
21113.0	2962.4533333333334
21188.0	2027.7466666666667
21263.0	1965.6933333333334
21338.0	1978.7066666666667
21413.0	2235.0133333333333
21488.0	2130.92
21563.0	2140.92
21638.0	2261.2533333333336
21713.0	2024.5333333333333
21788.0	1751.7066666666667
21863.0	1752.0533333333333
21938.0	1749.8533333333332
22013.0	1787.12
22088.0	2124.133333333333
22163.0	2026.8933333333334
22238.0	2005.0133333333333
22313.0	1918.0266666666666
22388.0	1756.4
22463.0	1757.68
22538.0	2127.8133333333335
22613.0	2496.0933333333332
22688.0	2536.346666666667
22763.0	2446.2533333333336
22838.0	2687.24
22913.0	2188.1466666666665
22988.0	2103.2933333333335
23063.0	2208.32
23138.0	2577.2933333333335
23213.0	2973.5066666666667
23288.0	2964.4266666666667
23363.0	3058.9066666666668
23438.0	3245.5733333333333
23513.0	3529.72
23588.0	2998.866666666667
23663.0	2987.9066666666668
23738.0	3174.8
23813.0	3288.7466666666664
23888.0	3369.9466666666667
23963.0	3080.9866666666667
24038.0	3540.7466666666664
24113.0	4035.9333333333334
24188.0	3184.0533333333333
24263.0	2992.9333333333334
24338.0	2726.4933333333333
24413.0	2999.173333333333
24488.0	2241.4133333333334
24563.0	2157.6133333333332
24638.0	2182.826666666667
24713.0	2754.3733333333334
24788.0	2630.04
24863.0	2373.7733333333335
24938.0	2511.266666666667
25013.0	3197.8533333333335
25088.0	2640.133333333333
25163.0	2668.6133333333332
25238.0	2693.6
25313.0	3176.8133333333335
25388.0	3646.84
25463.0	3468.76
25538.0	3526.5866666666666
25613.0	4108.546666666667
25688.0	4067.826666666667
25763.0	3644.7733333333335
25838.0	4348.986666666667
25913.0	4475.8133333333335
25988.0	3305.266666666667
26063.0	2912.36
26138.0	2162.16
26213.0	2635.5466666666666
26288.0	2293.266666666667
26363.0	1051.0666666666666
26438.0	1222.1333333333334
26513.0	1812.5866666666666
26588.0	2551.5733333333333
26663.0	2232.0933333333332
26738.0	2039.4
26813.0	2222.92
26888.0	2783.16
26963.0	2436.4666666666667
27038.0	2732.346666666667
27113.0	3276.3333333333335
27188.0	4020.9733333333334
27263.0	3027.5333333333333
27338.0	2569.92
27413.0	3139.2933333333335
27488.0	2442.5866666666666
27563.0	193.90666666666667
27638.0	195.33333333333334
27713.0	184.74666666666667
27788.0	424.62666666666667
27863.0	829.1866666666666
27938.0	908.32
28013.0	971.0933333333334
28088.0	1225.5066666666667
28163.0	1522.6533333333334
28238.0	675.3066666666666
28313.0	1284.84
28388.0	1873.68
28463.0	1574.32
28538.0	1037.5866666666666
28613.0	1199.9866666666667
28688.0	1195.0266666666666
28763.0	469.05333333333334
28838.0	67.46666666666667
28913.0	62.8
28988.0	375.70666666666665
29063.0	1563.0933333333332
29138.0	1698.2933333333333
29213.0	1561.8133333333333
29288.0	1818.4933333333333
29363.0	955.5866666666667
29438.0	338.4
29513.0	887.5333333333333
29588.0	1450.4533333333334
29663.0	1211.56
29738.0	972.4133333333333
29813.0	675.4
29877.0	7.339622641509434
