# Position (bp)	A	C	G	T	N
0.0	24.389989572471325	24.46298227320125	33.07612095933264	18.07090719499479	0.0
1.0	22.148070907194995	20.10427528675704	13.764337851929092	43.98331595411887	0.0
2.0	26.995207334861433	20.18128776828506	16.670139612419256	36.15336528443426	0.0
3.0	21.19570878033538	23.018435579627123	13.311113425684825	42.47474221435267	0.0
4.0	36.584096586178184	10.199833472106578	12.000416319733555	41.21565362198168	0.0
5.0	39.85024958402662	12.676788685524127	24.438435940099833	23.034525790349416	0.0
6.0	34.286605657237935	15.453410981697171	21.495424292845257	28.764559068219636	0.0
7.0	38.87502599292992	16.853815762112706	20.212102308172177	24.059055936785196	0.0
8.0	21.854855479309627	30.42212518195051	22.281139530047827	25.441879808692036	0.0
9.0	29.423996672904966	18.631732168850075	14.64961530463714	37.294655853607814	0.0
10.0	25.795383655645665	15.689332501559575	26.78311499272198	31.732168850072778	0.0
11.0	25.57438403160412	17.974841459611184	19.295145025470422	37.15562948331427	0.0
12.0	23.163254702275797	20.170425023381483	22.80993453185077	33.856385742491945	0.0
13.0	24.631207147309368	23.530022854768337	17.286515686681902	34.55225431124039	0.0
14.0	30.635778100976523	18.564305007271972	20.164138790774984	30.635778100976523	0.0
15.0	31.464174454828658	17.549325025960542	19.584631360332295	31.401869158878505	0.0
16.0	30.582373092494553	17.66843143361362	17.59576455932731	34.15343091456452	0.0
17.0	30.90173290443084	18.252568226626543	19.10345543218844	31.742243436754176	0.0
18.0	32.347753916381365	17.003838572466023	18.809005083514887	31.83940242763772	0.0
19.0	30.588113266258688	19.427445285758736	19.10590187739861	30.878539570583964	0.0
20.0	32.016588906169	17.573872472783826	18.38258164852255	32.02695697252462	0.0
21.0	29.04095386210472	17.345775012960083	20.13478486262312	33.47848626231208	0.0
22.0	30.092256660101587	17.787913340935006	19.59158287550534	32.52824712345807	0.0
23.0	28.46927142709089	17.535495906311535	21.173178567727224	32.82205409887035	0.0
24.0	30.49108992954828	18.089515126398673	19.208454206382097	32.21094073767095	0.0
25.0	29.33802962809489	18.740287993369936	19.558686418729927	32.36299595980524	0.0
26.0	32.78773438309334	18.367346938775512	18.89568009945095	29.949238578680205	0.0
27.0	30.04247384232881	18.408784833730447	19.165026416658034	32.38371490728271	0.0
28.0	29.158897866169465	18.59332918997307	21.110420551066916	31.13735239279055	0.0
29.0	28.376139188069594	18.962303231151616	19.790803645401823	32.87075393537697	0.0
30.0	28.959088555152775	18.622475401346453	19.25427239772139	33.16416364577939	0.0
31.0	29.469649886057592	18.033975554174436	20.406049305987157	32.09032525378082	0.0
32.0	30.017614754947676	18.94104237902808	18.85814941456844	32.18319345145581	0.0
33.0	30.379353233830848	17.350746268656717	19.226782752902157	33.043117744610285	0.0
34.0	28.700248756218905	19.268242122719734	20.128524046434496	31.902985074626866	0.0
35.0	30.00932932517881	18.53425935523997	19.187312117756818	32.2690992018244	0.0
36.0	31.380275847765223	17.701959970963394	19.49600746655605	31.421756714715336	0.0
37.0	29.820558033399024	20.319468934757808	18.525049268748056	31.334923763095112	0.0
38.0	29.546633468202092	19.07874260815437	19.804959020645295	31.569664902998234	0.0
39.0	30.148355638551717	18.445896877269426	19.28623301172321	32.11951447245565	0.0
40.0	30.532212885154063	18.279904554414358	19.524846975827366	31.66303558460421	0.0
41.0	30.537679053352708	18.25825202408138	19.17168362051069	32.032385302055225	0.0
42.0	30.373831775700932	19.190031152647975	20.550363447559707	29.88577362409138	0.0
43.0	29.60232582286367	19.250337451977988	20.496313986086594	30.65102273907175	0.0
44.0	30.0301236106783	17.689830684533085	20.71257920432118	31.567466500467432	0.0
45.0	30.553536192751064	18.506594661958665	19.441271160037388	31.49859798525288	0.0
46.0	30.584692076020353	16.35683871637761	20.521341780039464	32.537127427562574	0.0
47.0	30.041536863966773	18.69158878504673	18.81619937694704	32.45067497403946	0.0
48.0	30.272179513816745	18.08643257843341	19.24994805734469	32.39143985040515	0.0
49.0	29.135494596841234	18.952618453865338	19.2643391521197	32.64754779717373	0.0
50.0	28.431881949496002	18.92341265717552	19.75475423464616	32.88995115868232	0.0
51.0	30.01039501039501	18.170478170478173	19.62577962577963	32.19334719334719	0.0
52.0	30.056121388484726	17.834130118478488	19.88152151319892	32.22822697983787	0.0
53.0	31.27858627858628	19.41787941787942	18.33679833679834	30.966735966735964	0.0
54.0	30.503013926418625	17.3664518811058	19.018914986489296	33.11161920598628	0.0
55.0	28.94846217788861	18.100581878636742	20.272236076475476	32.67871986699917	0.0
56.0	28.883116883116884	18.794805194805196	20.924675324675324	31.397402597402596	0.0
57.0	29.136802742287315	17.315882414043834	20.390568193622105	33.15674665004674	0.0
58.0	29.27057356608479	19.45137157107232	19.087697423108892	32.190357439733994	0.0
59.0	29.18744804655029	18.609725685785534	19.815045719035744	32.38778054862843	0.0
60.0	28.78819372271877	19.091664934525046	19.154022032841407	32.966119309914774	0.0
61.0	28.97225397485192	18.24794762548062	19.432609373376287	33.34718902629118	0.0
62.0	29.25283175724826	19.38065052478437	20.39904395718591	30.96747376078146	0.0
63.0	28.29678894315702	17.551699054348955	20.596487581835188	33.55502442065884	0.0
64.0	28.180873180873178	19.334719334719335	20.883575883575883	31.600831600831604	0.0
65.0	30.057202288091524	18.325533021320854	20.44721788871555	31.170046801872076	0.0
66.0	29.128535773710485	18.469217970049918	20.684276206322796	31.717970049916804	0.0
67.0	29.034941763727122	18.43801996672213	20.850665557404326	31.67637271214642	0.0
68.0	29.076539101497506	18.926788685524127	19.17637271214642	32.82029950083194	0.0
69.0	30.247555648013314	17.68254628666528	19.024339504888705	33.0455585604327	0.0
70.0	28.29953198127925	17.79511180447218	21.40405616224649	32.50130005200208	0.0
71.0	29.43745450764272	18.446500987834042	19.496724550275555	32.619319954247686	0.0
72.0	29.427056254549232	18.550483518768846	20.609337631277945	31.41312259540397	0.0
73.0	30.24126455906822	17.678868552412645	19.893926788685523	32.18594009983361	0.0
74.0	29.718207341166686	18.831236352292816	19.829468649266925	31.621087657273577	0.0
75.0	30.17160686427457	18.013520540821634	18.78315132605304	33.03172126885075	0.0
76.0	29.64735254343077	18.39176115676688	20.181004889212524	31.779881410589827	0.0
77.0	28.94298793175198	18.684977111943404	21.18185601331669	31.190178942987934	0.0
78.0	28.24729392173189	18.734388009991672	19.608659450457953	33.40965861781848	0.0
79.0	30.082231706047676	18.413656708649942	18.9653377745394	32.53877381076298	0.0
80.0	29.402581182348044	18.692756036636137	19.7751873438801	32.12947543713572	0.0
81.0	28.67256637168142	19.239979177511714	20.072878709005725	32.014575741801146	0.0
82.0	29.914618908788004	17.700957934194086	19.65847563515202	32.72594752186589	0.0
83.0	29.48037071748412	18.69207539310632	19.254399666770798	32.573154222638756	0.0
84.0	29.910435325973754	17.892105811289316	18.444074151218494	33.753384711518436	0.0
85.0	29.67090189543845	17.756717350551966	19.516767340137473	33.05561341387211	0.0
86.0	30.208333333333332	18.270833333333332	19.572916666666668	31.947916666666664	0.0
87.0	29.846859047817482	18.845713095114075	19.845817272632566	31.461610584435878	0.0
88.0	30.749192455975827	17.953527143899134	19.42273627175159	31.87454412837345	0.0
89.0	29.223553934340803	20.052110474205314	19.791558103178737	30.932777488275143	0.0
90.0	29.508025849489268	18.386491557223263	19.345424223473003	32.760058369814466	0.0
91.0	30.532680079224434	18.07568018346711	19.879078494735744	31.512561242572712	0.0
92.0	28.37034720050047	18.986549890522365	20.227296423730582	32.415806485246584	0.0
93.0	28.80684188569045	18.11639549436796	20.12932832707551	32.947434292866085	0.0
94.0	29.596412556053814	17.801647721347376	19.334654291375532	33.26728543122328	0.0
95.0	29.89884242361039	18.45865053707373	19.991657107101886	31.650849932213994	0.0
96.0	28.83512357910105	19.929085410366042	18.667222859526543	32.56856815100636	0.0
97.0	29.825842110751903	18.218792366253	19.491083533215143	32.464281989779955	0.0
98.0	28.781556436469852	19.100771959107032	20.09180054245775	32.02587106196537	0.0
99.0	28.815858111632757	18.435054773082943	19.780907668231613	32.968179447052684	0.0
100.0	29.295892707460187	19.373428331936296	20.934618608549872	30.396060352053645	0.0
101.0	30.849274752995587	18.982552028589446	19.55013664073996	30.618036577675007	0.0
102.0	29.82493144906138	18.825142375026367	20.4492723054208	30.900653870491457	0.0
103.0	28.566895822316233	18.95293495505024	19.280803807509255	33.19936541512427	0.0
104.0	30.814138626472776	17.874960195308354	19.42468952340516	31.886211654813714	0.0
105.0	30.064941978068777	17.672735015437027	18.875758543596294	33.38656446289791	0.0
106.0	29.053260753548937	18.603906500160104	20.727932543494504	31.61490020279646	0.0
107.0	30.6513820441397	19.241482751232056	18.255838868652237	31.851296335976002	0.0
108.0	29.11378791137879	18.681436868143685	19.595611959561197	32.609163260916326	0.0
109.0	28.173274278924058	19.433941881819162	20.568218645349464	31.82456519390731	0.0
110.0	29.574098218166018	18.307257714037377	21.338548457192523	30.780095610604086	0.0
111.0	29.556112989420875	19.086050823426763	20.700185407350858	30.657650779801504	0.0
112.0	29.410475564321718	18.36511067280298	18.803418803418804	33.42099495945649	0.0
113.0	31.185992732077967	18.070697059795176	19.62338949454906	31.119920713577798	0.0
114.0	31.611547395199647	17.409578586439554	18.44928658334255	32.52958743501825	0.0
115.0	28.872614292055037	19.10785619174434	21.00532623169108	31.014203284509545	0.0
116.0	29.51551685644117	17.57088635856218	19.167224826970305	33.746371958026344	0.0
117.0	30.485480435026346	17.804686624060995	20.54041932952125	31.169413611391413	0.0
118.0	30.03151733453399	18.41512832057632	20.081044574515982	31.47230977037371	0.0
119.0	31.552738795835218	18.277501131733818	19.10366681756451	31.066093254866455	0.0
120.0	29.329545454545453	19.056818181818183	19.511363636363637	32.10227272727273	0.0
121.0	28.669331810394063	17.475728155339805	19.920045688178185	33.93489434608795	0.0
122.0	28.93132405383642	18.90026458069711	21.35051190613137	30.817899459335095	0.0
123.0	27.719338804762454	19.408160906253613	20.251993989134203	32.62050629984973	0.0
124.0	29.28729217532845	18.428089757005	20.32321823043832	31.961399837228228	0.0
125.0	29.023592618547067	18.103246904928756	19.51646811492642	33.35669236159776	0.0
126.0	28.75571713381025	19.38548141198546	20.007036472381845	31.851764981822445	0.0
127.0	29.419385231421508	18.572606289011894	19.2439053115063	32.7641031680603	0.0
128.0	29.27464205419477	18.41202224588806	20.37628682996095	31.937048869956218	0.0
129.0	30.932857991681523	17.492572786690435	19.64349376114082	31.931075460487225	0.0
130.0	29.8444976076555	18.696172248803826	18.576555023923444	32.88277511961722	0.0
131.0	28.912466843501328	18.205931999035446	19.773330118157702	33.10827103930552	0.0
132.0	31.14932784304227	16.78575753905777	19.268499455007873	32.79641516289209	0.0
133.0	29.31076473453483	19.227959084266928	21.237213833414515	30.224062347783732	0.0
134.0	30.377728722099583	17.1326956095168	21.08167770419426	31.407897964189356	0.0
135.0	31.96589645372544	16.742864203632767	19.115284814036823	32.17595452860497	0.0
136.0	28.519765556802597	19.316623020326723	19.91520139668288	32.2484100261878	0.0
137.0	31.741043368950344	17.309868007542427	19.76115650534255	31.187932118164674	0.0
138.0	29.526462395543174	18.37173968093188	19.80248164092175	32.29931628260319	0.0
139.0	28.578719060984948	19.77545292166369	20.31130390405716	31.33452411329421	0.0
140.0	29.61439588688946	17.89203084832905	20.051413881748072	32.44215938303342	0.0
141.0	28.51047323506594	18.39927592448927	20.106025342642873	32.98422549780191	0.0
142.0	31.14561586638831	17.784446764091857	19.23277661795407	31.83716075156576	0.0
143.0	30.10498687664042	18.805774278215225	19.763779527559056	31.325459317585302	0.0
144.0	29.473962463653187	18.292360560401796	21.27940787734602	30.954269098598996	0.0
145.0	29.96274614156466	19.82437466737626	19.584885577434804	30.627993613624266	0.0
146.0	28.805369127516776	17.91946308724832	20.36241610738255	32.91275167785235	0.0
147.0	30.573248407643312	17.251660116546958	19.189592085648464	32.985499390161266	0.0
148.0	29.92470910335387	17.138945927446954	19.73990417522245	33.19644079397673	0.0
149.0	30.336458907887483	18.68450082735797	20.518477661334806	30.460562603419746	0.0
150.0	29.426468546035274	17.622552423274545	20.774892376058883	32.176086654631305	0.0
151.0	29.35574229691877	17.66106442577031	21.750700280112046	31.23249299719888	0.0
152.0	29.317892952972745	18.45784493715577	19.55938426775879	32.664877842112695	0.0
153.0	30.012825994014534	17.642867322217473	20.863616930312098	31.48068975345589	0.0
154.0	30.80023028209557	18.350604490500864	20.523891767415083	30.325273459988484	0.0
155.0	30.50058207217695	18.40803259604191	20.343422584400468	30.747962747380676	0.0
156.0	28.8520744758833	18.29643747251136	19.293358745052043	33.55812930655329	0.0
157.0	30.479857819905217	18.03909952606635	20.468009478672986	31.01303317535545	0.0
158.0	29.377519032691445	18.480370204508134	19.22675026123302	32.9153605015674	0.0
159.0	29.876765855124738	17.59843703035768	20.018034265103697	32.50676284941388	0.0
160.0	28.974086982876194	17.76026670707683	20.624337020760724	32.641309289286255	0.0
161.0	29.174311926605505	18.11926605504587	21.773700305810397	30.932721712538225	0.0
162.0	30.037025609379818	17.510027769207035	20.533785868559086	31.919160752854058	0.0
163.0	29.665369649805445	16.980544747081712	20.747081712062258	32.60700389105058	0.0
164.0	32.18553459119497	17.468553459119494	19.842767295597486	30.50314465408805	0.0
165.0	29.445415541077384	18.544414428730335	20.57842046718576	31.431749563006516	0.0
166.0	28.562248995983936	18.779116465863453	20.160642570281123	32.497991967871485	0.0
167.0	28.1300549983824	19.896473633128437	19.41119378841799	32.562277580071175	0.0
168.0	29.174161896974653	17.383483237939494	20.130825838103025	33.311529026982825	0.0
169.0	29.309210526315788	17.779605263157894	20.29605263157895	32.61513157894737	0.0
170.0	32.40510525443395	17.07276645118515	21.084037792143214	29.438090502237692	0.0
171.0	29.075037770689942	18.12993117340943	22.242739634043982	30.552291421856637	0.0
172.0	28.418367346938776	18.06122448979592	21.343537414965986	32.17687074829932	0.0
173.0	30.363886028149672	19.39581187778922	19.515962924819775	30.724339169241333	0.0
174.0	30.910987482614743	18.636995827538247	20.531988873435328	29.920027816411682	0.0
175.0	28.702075272599366	19.34576151952163	19.416109743228986	32.53605346465002	0.0
176.0	28.546004627157856	18.11710268731091	20.626445986830397	32.710446698700835	0.0
177.0	29.44564434845212	19.726421886249103	19.420446364290854	31.407487401007923	0.0
178.0	28.352210449397152	18.21337230544392	20.021921812203143	33.412495432955794	0.0
179.0	30.68685376661743	19.110044313146233	18.574593796159526	31.62850812407681	0.0
180.0	28.806276854100503	18.251447786288065	21.03493368204745	31.907341677563984	0.0
181.0	30.714015867019267	18.60596902153381	20.098224404986777	30.581790706460144	0.0
182.0	28.590578322481807	18.40291076216009	19.80084258904634	33.20566832631176	0.0
183.0	29.527863777089784	17.685758513931887	21.091331269349844	31.695046439628484	0.0
184.0	29.714397496087635	19.42488262910798	19.796557120500783	31.0641627543036	0.0
185.0	30.196156132355856	18.82306320586487	21.02238953833961	29.958391123439664	0.0
186.0	30.016083634901484	18.476075593084037	20.62726176115802	30.88057901085645	0.0
187.0	29.372197309417043	18.5487158581329	20.587036282103547	31.492050550346512	0.0
188.0	27.24451799751758	19.73520893669839	20.004137360364087	33.01613570541994	0.0
189.0	29.19111483654652	18.398994132439228	19.656328583403184	32.75356244761106	0.0
190.0	28.991060025542787	19.923371647509576	20.008514261387823	31.07705406555981	0.0
191.0	31.020408163265305	17.03544575725027	18.839957035445757	33.10418904403867	0.0
192.0	30.558574222995	17.62660291241035	19.97391871332319	31.840904151271467	0.0
193.0	28.26278659611993	17.746913580246915	21.38447971781305	32.60582010582011	0.0
194.0	30.157303370786515	17.842696629213485	20.08988764044944	31.910112359550563	0.0
195.0	30.69894929191412	17.15395157606213	20.23755139333029	31.909547738693465	0.0
196.0	30.357973035797304	18.80520688052069	20.0604370060437	30.776383077638307	0.0
197.0	30.04949328305444	18.52462880037709	19.72660853169927	31.699269384869194	0.0
198.0	31.23058542413381	18.9247311827957	19.617682198327362	30.22700119474313	0.0
199.0	29.87642355221711	18.124545674824326	20.620305306518052	31.378725466440514	0.0
200.0	30.681818181818183	17.934782608695652	18.57707509881423	32.80632411067194	0.0
201.0	30.93198992443325	19.1183879093199	19.64735516372796	30.30226700251889	0.0
202.0	31.285202252944188	16.717869943676394	21.172555043522788	30.824372759856633	0.0
203.0	30.130208333333336	18.359375	19.895833333333332	31.614583333333336	0.0
204.0	30.323951141795007	18.720127456186937	19.09187466808285	31.864046733935208	0.0
205.0	29.170045958367126	19.24844552581779	20.492024871586914	31.08948364422817	0.0
206.0	30.55478884902015	18.161744410709357	18.71377311620204	32.56969362406845	0.0
207.0	28.218793828892007	16.746143057503506	21.542776998597475	33.49228611500701	0.0
208.0	30.63963449457453	16.362078812107367	20.645345516847517	32.35294117647059	0.0
209.0	27.87931534667827	19.843342036553523	20.423556715984915	31.853785900783286	0.0
210.0	29.031305375073835	17.542823390431188	20.732427643236857	32.69344359125812	0.0
211.0	30.73449729078868	18.36243226971704	21.31246237206502	29.590608067429258	0.0
212.0	28.597957288765087	19.59145775301764	21.41751779634788	30.393067161869393	0.0
213.0	29.915067631330604	19.34570619691727	20.94998427178358	29.789241899968545	0.0
214.0	28.42948717948718	17.82051282051282	19.935897435897438	33.81410256410257	0.0
215.0	30.915032679738562	18.137254901960784	20.392156862745097	30.555555555555557	0.0
216.0	31.517379679144387	16.61096256684492	19.451871657754012	32.419786096256686	0.0
217.0	30.669840190411424	17.307038422305336	20.197211832709964	31.825909554573272	0.0
218.0	29.097222222222225	18.368055555555557	19.20138888888889	33.33333333333333	0.0
219.0	30.32440056417489	17.3836389280677	20.944992947813823	31.346967559943582	0.0
220.0	30.043227665706052	18.227665706051873	21.397694524495677	30.3314121037464	0.0
221.0	30.25302530253025	17.1983865053172	20.535386872020535	32.01320132013201	0.0
222.0	30.180180180180184	17.004504504504506	18.13063063063063	34.68468468468468	0.0
223.0	28.55504587155963	19.03669724770642	21.483180428134556	30.925076452599388	0.0
224.0	28.760717069368667	19.251753702260327	20.070148090413095	31.91738113795791	0.0
225.0	26.30738522954092	18.20359281437126	22.035928143712574	33.45309381237525	0.0
226.0	30.525030525030527	18.274318274318276	19.86161986161986	31.339031339031337	0.0
227.0	30.52675238490253	18.747407714641227	18.747407714641227	31.978432185815013	0.0
228.0	28.741496598639454	17.431972789115648	20.450680272108844	33.375850340136054	0.0
229.0	29.17748917748918	19.047619047619047	19.783549783549784	31.991341991341994	0.0
230.0	28.24156305506217	18.78330373001776	19.80461811722913	33.17051509769094	0.0
231.0	28.183908045977013	16.367816091954023	19.954022988505745	35.49425287356322	0.0
232.0	29.81629769194536	17.804992934526613	21.431935939707962	30.94677343382007	0.0
233.0	28.481927710843376	17.542168674698797	19.903614457831324	34.0722891566265	0.0
234.0	31.37060860959921	18.406729341909944	19.34685799109352	30.87580405739733	0.0
235.0	29.77215189873418	17.468354430379744	20.405063291139243	32.35443037974684	0.0
236.0	28.252980819077244	20.632452047693107	19.18092275790565	31.933644375324	0.0
237.0	34.19798835362626	19.21651667548968	19.904711487559556	26.68078348332451	0.0
238.0	28.99182561307902	18.147138964577657	19.782016348773844	33.079019073569484	0.0
239.0	30.403135498320268	18.085106382978726	19.316909294512875	32.194848824188135	0.0
240.0	30.931961120640366	16.466552315608922	21.66952544311035	30.931961120640366	0.0
241.0	30.524454920447848	16.499705362404242	21.744254566882734	31.231585150265172	0.0
242.0	30.07883565797453	19.223771983020015	20.43662825955124	30.260764099454214	0.0
243.0	30.58161350844278	18.386491557223263	20.38774233896185	30.64415259537211	0.0
244.0	29.923273657289002	15.9846547314578	23.273657289002557	30.818414322250636	0.0
245.0	30.930537352555703	18.610747051114025	21.231979030144167	29.226736566186105	0.0
246.0	27.144772117962468	19.973190348525467	20.509383378016086	32.37265415549598	0.0
247.0	33.26460481099656	16.83848797250859	17.7319587628866	32.16494845360825	0.0
248.0	30.09776536312849	18.78491620111732	18.08659217877095	33.030726256983236	0.0
249.0	30.829756795422032	17.525035765379112	20.243204577968527	31.402002861230326	0.0
250.0	31.644640234948607	16.96035242290749	20.11747430249633	31.277533039647576	0.0
251.0	29.87208427389014	18.585402558314524	18.35966892400301	33.182844243792324	0.0
252.0	29.615384615384617	17.0	21.153846153846153	32.230769230769226	0.0
253.0	32.57277734067664	14.712824547600315	21.400472069236823	31.31392604248623	0.0
254.0	27.876823338735818	19.043760129659642	17.990275526742302	35.089141004862235	0.0
255.0	29.441201000834027	16.680567139282733	20.683903252710593	33.19432860717264	0.0
256.0	27.692307692307693	17.00854700854701	22.82051282051282	32.47863247863248	0.0
257.0	28.49557522123894	19.911504424778762	19.911504424778762	31.68141592920354	0.0
258.0	30.009233610341646	20.036934441366576	19.575253924284393	30.378578024007385	0.0
259.0	31.613508442776734	15.666041275797374	19.51219512195122	33.20825515947467	0.0
260.0	31.37065637065637	18.629343629343627	19.111969111969113	30.888030888030887	0.0
261.0	30.128840436075322	20.01982160555005	19.326065411298316	30.525272547076316	0.0
262.0	28.600823045267486	20.5761316872428	19.1358024691358	31.68724279835391	0.0
263.0	31.329113924050635	17.088607594936708	20.147679324894515	31.434599156118143	0.0
264.0	27.37186477644493	21.810250817884405	19.19302071973828	31.624863685932386	0.0
265.0	26.185101580135438	17.042889390519186	23.024830699774267	33.747178329571106	0.0
266.0	31.770222743259087	17.46776084407972	20.046893317702228	30.71512309495897	0.0
267.0	28.760529482551146	18.29121540312876	19.614921780986762	33.33333333333333	0.0
268.0	30.174563591022448	17.830423940149625	19.07730673316708	32.917705735660846	0.0
269.0	30.87855297157623	18.47545219638243	20.930232558139537	29.71576227390181	0.0
270.0	29.010695187165776	18.449197860962567	22.727272727272727	29.812834224598934	0.0
271.0	30.386740331491712	20.58011049723757	19.751381215469614	29.2817679558011	0.0
272.0	27.038626609442062	20.314735336194563	19.170243204577968	33.47639484978541	0.0
273.0	28.550295857988168	19.82248520710059	17.45562130177515	34.171597633136095	0.0
274.0	29.312977099236644	18.778625954198475	21.83206106870229	30.076335877862597	0.0
275.0	28.503937007874015	20.629921259842522	18.11023622047244	32.75590551181102	0.0
276.0	25.732899022801302	21.661237785016286	19.218241042345277	33.387622149837135	0.0
277.0	32.70868824531516	15.67291311754685	19.250425894378196	32.36797274275979	0.0
278.0	26.99822380106572	18.117229129662523	19.182948490230906	35.701598579040855	0.0
279.0	30.66914498141264	15.985130111524162	22.118959107806692	31.226765799256505	0.0
280.0	28.460038986354775	20.077972709551656	22.027290448343077	29.434697855750485	0.0
281.0	29.006085192697768	19.066937119675455	16.43002028397566	35.496957403651116	0.0
282.0	31.556503198294244	13.859275053304904	22.388059701492537	32.19616204690831	0.0
283.0	31.25	14.955357142857142	20.089285714285715	33.705357142857146	0.0
284.0	29.952830188679247	21.22641509433962	18.632075471698112	30.18867924528302	0.0
285.0	28.32080200501253	20.050125313283207	21.553884711779446	30.075187969924812	0.0
286.0	31.23359580052493	18.11023622047244	22.83464566929134	27.821522309711288	0.0
287.0	28.888888888888886	20.833333333333336	18.88888888888889	31.38888888888889	0.0
288.0	30.25936599423631	22.19020172910663	18.443804034582133	29.106628242074926	0.0
289.0	26.993865030674847	20.552147239263803	19.018404907975462	33.43558282208589	0.0
290.0	28.525641025641026	20.51282051282051	18.91025641025641	32.05128205128205	0.0
291.0	31.97278911564626	17.687074829931973	20.74829931972789	29.591836734693878	0.0
292.0	25.97864768683274	20.284697508896798	19.572953736654807	34.16370106761566	0.0
293.0	24.907063197026023	18.21561338289963	18.21561338289963	38.66171003717472	0.0
294.0	27.131782945736433	20.930232558139537	17.829457364341085	34.10852713178294	0.0
295.0	24.291497975708502	17.00404858299595	19.838056680161944	38.8663967611336	0.0
296.0	31.645569620253166	8.860759493670885	22.78481012658228	36.708860759493675	0.0
297.0	31.4410480349345	13.100436681222707	27.510917030567683	27.947598253275107	0.0
298.0	40.09433962264151	16.9811320754717	17.92452830188679	25.0	0.0
299.0	27.472527472527474	20.32967032967033	23.626373626373624	28.57142857142857	0.0
300.0	23.728813559322035	22.033898305084744	16.94915254237288	37.28813559322034	0.0
