#GC Content (%)	Sample
1.0	0.0
2.0	0.0
3.0	0.0
4.0	0.0
5.0	0.0
6.0	0.0
7.0	0.0
8.0	0.0
9.0	0.0
10.0	0.0
11.0	0.0
12.0	0.0
13.0	0.0
14.0	0.0
15.0	0.0
16.0	0.0
17.0	0.0
18.0	3.5741091532935415E-5
19.0	8.935272883233854E-5
20.0	7.148218306587083E-5
21.0	1.0722327459880624E-4
22.0	1.7870545766467707E-4
23.0	5.539869187604989E-4
24.0	0.0021623360377425924
25.0	0.002912898959934237
26.0	0.00194788948854498
27.0	0.007023124486221809
28.0	0.007970263411844598
29.0	0.006844419028557132
30.0	0.016959147932377853
31.0	0.03409700132242039
32.0	0.03849315558097144
33.0	0.03849315558097144
34.0	0.06279709782336752
35.0	0.06431609421351728
36.0	0.05707852317809786
37.0	0.07055291468601452
38.0	0.08508166839415277
39.0	0.07473462239536795
40.0	0.045444797884127384
41.0	0.07191107616426606
42.0	0.06562064405446942
43.0	0.04144179563243862
44.0	0.040262339611851744
45.0	0.03961899996425891
46.0	0.03213124128810894
47.0	0.018960649058222236
48.0	0.02080131527216841
49.0	0.013778190785946602
50.0	0.01268808749419207
51.0	0.008327674327173951
52.0	0.005986632831766682
53.0	0.004288930983952249
54.0	0.0022874298581078666
55.0	0.0014296436613174166
56.0	0.0015189963901497553
57.0	5.718574645269667E-4
58.0	2.680581864970156E-4
59.0	3.5741091532935415E-5
60.0	5.361163729940312E-5
61.0	0.0
62.0	0.0
63.0	1.7870545766467707E-5
64.0	0.0
65.0	0.0
66.0	0.0
67.0	1.7870545766467707E-5
68.0	0.0
69.0	0.0
70.0	0.0
71.0	0.0
72.0	1.7870545766467707E-5
73.0	0.0
74.0	0.0
75.0	0.0
76.0	0.0
77.0	0.0
78.0	0.0
79.0	0.0
80.0	0.0
81.0	0.0
82.0	0.0
83.0	0.0
84.0	1.7870545766467707E-5
85.0	0.0
86.0	0.0
87.0	0.0
88.0	0.0
89.0	0.0
90.0	0.0
91.0	0.0
92.0	0.0
93.0	0.0
94.0	0.0
95.0	0.0
96.0	0.0
97.0	0.0
98.0	0.0
99.0	0.0
100.0	0.0
