# Position (bp)	A	C	G	T	N
0.0	27.154328502329605	23.738563020754654	23.30581645740216	25.801292019513582	0.0
1.0	27.336187337544516	19.869947099625595	15.325176506687043	37.46868905614284	0.0
2.0	27.61696646000729	20.09634954060445	17.955836852816958	34.330847146571294	0.0
3.0	24.05824377488142	21.651745143909146	14.907744534149472	39.38226654705996	0.0
4.0	33.65891427569684	14.595629053935605	14.383217437036173	37.360778355636064	0.0014608776953193479
5.0	35.52608548524487	14.711373528279209	22.003757336725048	27.749448651676218	0.009334998074656646
6.0	32.112434875546406	17.576394733546703	20.12516708845277	30.180470090074873	0.005533212379252201
7.0	34.9367051813095	17.156601991134366	20.294455344815056	27.611365453092073	8.720296490080662E-4
8.0	23.919839539750775	25.92704399594786	21.779692257676867	28.37255340208819	8.708045363110978E-4
9.0	28.65738726982746	18.296070755400898	16.399594026388282	36.64694794838336	0.0
10.0	26.97584944143142	17.223786677791683	24.10217633152552	31.697028693274	0.0011588559773791313
11.0	27.98274814021478	18.622745824528902	19.76727356934032	33.62578516224274	0.0014473036732567228
12.0	26.51563137207264	20.117021984283305	20.88694912754124	32.47403448186101	0.006363034241801085
13.0	27.529887040424445	20.724282118635006	18.26223150789041	33.483310359973764	2.8897307637847384E-4
14.0	31.005944176181107	18.765333633865332	20.043461550687322	30.184971666189863	2.8897307637847384E-4
15.0	29.919405408998045	18.50207916128454	18.943630021990852	32.634596434650184	2.8897307637847384E-4
16.0	30.271663589103404	17.807676858747072	18.81359213762054	33.1041776837652	0.0028897307637847382
17.0	30.056667620277818	18.320315096242485	20.28822174637989	31.33074991403051	0.004045623069298634
18.0	31.85321323612279	18.25442923482819	18.24836080022424	31.63474959038066	0.009247138444111163
19.0	30.34390685819802	18.422322592204086	19.81315000881368	31.420620540784217	0.0
20.0	30.153762573940984	18.074687981320782	19.791188055008917	31.980361389729318	0.0
21.0	29.688226947895263	17.555403363068663	19.17278567155898	33.583295044400714	2.8897307637847384E-4
22.0	28.66728506905012	18.643675968709992	19.81864049726487	32.87039846497502	0.0
23.0	29.71134479400554	17.34907658653443	20.00994067382742	32.928193080250715	0.0014448653818923691
24.0	30.99958676850078	17.804787127983285	18.394003230718994	32.80046698049143	0.0011558923055138954
25.0	29.12993096433205	18.155600442706753	19.090717317867494	33.62346230201732	2.8897307637847384E-4
26.0	31.099571452927734	17.556559255374175	20.591932449653665	30.751936842044426	0.0
27.0	28.64647900755087	18.2905508693755	19.690625424429207	33.37205572556805	2.8897307637847384E-4
28.0	29.736774424726846	17.822125512565997	20.263948007964096	32.17512924320841	0.002022811534649317
29.0	29.21171034494716	18.373486142296123	19.214975740710237	33.19780496051183	0.002022811534649317
30.0	29.951076575418075	18.180268226359697	19.045747592117927	32.82146273237182	0.001444873732484518
31.0	30.32385399839908	18.2452875443215	19.256699157060662	32.171269552753785	0.002889747464969036
32.0	29.225918872760793	18.529167834613016	19.17965374845759	33.06497056775196	2.8897641663463844E-4
33.0	29.648745105405368	17.57921657587886	19.55670505281105	33.21417734687685	0.0011559190278720975
34.0	29.37972130228472	18.21794138216034	19.196446633028742	33.205890682526196	0.0
35.0	30.39758764448402	17.220124549707126	19.321105797864035	33.06118200794481	0.0
36.0	31.084953259948705	17.426680429898596	18.786233298346964	32.70184386827778	2.8914352795584203E-4
37.0	28.994887099759392	18.857579122709605	19.460542754025543	32.686991023505456	0.0
38.0	30.876585061088484	18.126388374676043	18.98023880044428	32.01592002961866	8.677341725286932E-4
39.0	30.133847195458568	18.750759509053346	19.069897979850587	32.045205978855265	2.8933678222777746E-4
40.0	29.569772593671544	18.583727401984774	19.33055144514362	32.513921506737056	0.002027052463013532
41.0	29.412497826212974	17.83635731261956	20.515622282766216	32.234073387050024	0.001449191351226016
42.0	28.9965747167108	18.45157473121242	19.5154137748014	33.034116517638324	0.0023202596370533865
43.0	29.63847450692496	18.464815174843235	20.088618577401974	31.804319502760986	0.0037722380688462467
44.0	29.687495464112057	18.78772044415415	19.640322229479644	31.884461862254156	0.0
45.0	29.38238189690973	18.649935093033317	19.745948033769047	32.221734976287905	0.0
46.0	30.07893414213956	17.465740490571193	19.393918265250093	33.0608260630834	5.810389557567887E-4
47.0	29.917175239755885	18.56117407730311	19.504504504504506	32.01569311246731	0.0014530659691950015
48.0	30.437322868977546	17.942882057989973	18.56696461013008	33.05166775670373	0.0011627061986774218
49.0	28.54708707940311	18.491433954802915	20.070307865874227	32.889717256539384	0.0014538433803603205
50.0	29.621579786553077	18.326874061659858	19.296055770864612	32.75519942273896	2.909581834898688E-4
51.0	30.216390959925445	18.02889095992544	19.319373252562908	32.43505358807083	2.9123951537744644E-4
52.0	29.4663004880438	18.059661459699942	19.824374201899698	32.649372306867015	2.91543489542335E-4
53.0	31.273219690005284	17.989149309355586	19.071883636703234	31.65582473128635	0.009922632649547207
54.0	30.097884285643346	18.74143768092235	18.867919016892415	32.2898379695218	0.0029210470200938823
55.0	28.937281262152105	18.365353971562985	17.957774275698135	34.73725143924753	0.002339051339253082
56.0	29.289181621074377	17.774994806312012	20.697504981551436	32.237148182501805	0.0011704085603682106
57.0	28.0609765380269	19.07492959065971	19.34895513124535	33.5139676907493	0.0011710493187420588
58.0	30.25767985585163	17.592546474664168	22.008994623734672	30.14077904574953	0.0
59.0	29.033280042241742	20.607811789553967	21.032282667683596	29.320758591355112	0.005866909165578844
60.0	31.091747972258137	18.51269542729517	19.739332314564475	30.656224285882217	0.0
61.0	29.19786694620547	20.823186801214344	19.302605658893956	30.67634059368623	0.0
62.0	31.073377947944376	16.625092619105956	21.412356495735832	30.88887773687613	2.952003377091863E-4
63.0	26.280487624151206	20.413407589414064	25.0928448002466	28.211481634068488	0.0017783521196475308
64.0	26.321235819741595	20.26167501746978	17.812634740332147	35.600886126763704	0.003568295692769741
65.0	27.857730753632175	19.370422501610328	18.432557196364243	34.33272896438199	0.006560584011260347
66.0	27.077846676881823	19.2827044627466	17.270996935452978	36.36366357019728	0.004788354721317755
67.0	33.31921209499087	14.066856552254592	17.691207576194596	34.92182242092107	9.013556388808768E-4
68.0	34.49770262150007	15.438869094948195	22.984710445333317	27.078717838218424	0.0
69.0	31.79307457316979	16.92310078000217	20.41837889807248	30.865445748755565	0.0
70.0	32.61493915823551	16.118794760000938	22.410412973320778	28.85585310844278	0.0
71.0	25.870247822270244	20.070143156188806	24.967502869876427	29.092106151664527	0.0
