#Position (bp)	Coverage
38.0	24.053333333333335
113.0	104.14666666666666
188.0	111.46666666666667
263.0	95.68
338.0	151.49333333333334
413.0	44.986666666666665
488.0	22.08
563.0	22.4
638.0	70.58666666666667
713.0	319.1333333333333
788.0	341.37333333333333
863.0	335.93333333333334
938.0	346.7866666666667
1013.0	120.4
1088.0	31.613333333333333
1163.0	25.133333333333333
1238.0	28.24
1313.0	20.653333333333332
1388.0	13.813333333333333
1463.0	16.053333333333335
1538.0	20.84
1613.0	42.56
1688.0	32.77333333333333
1763.0	35.373333333333335
1838.0	32.50666666666667
1913.0	89.96
1988.0	87.01333333333334
2063.0	81.64
2138.0	59.08
2213.0	36.2
2288.0	23.30666666666667
2363.0	33.76
2438.0	55.45333333333333
2513.0	49.053333333333335
2588.0	74.30666666666667
2663.0	65.02666666666667
2738.0	83.16
2813.0	90.30666666666667
2888.0	88.10666666666667
2963.0	55.6
3038.0	54.06666666666667
3113.0	65.16
3188.0	56.18666666666667
3263.0	58.22666666666667
3338.0	53.373333333333335
3413.0	43.653333333333336
3488.0	39.053333333333335
3563.0	9.573333333333334
3638.0	8.973333333333333
3713.0	9.733333333333333
3788.0	21.52
3863.0	44.25333333333333
3938.0	62.0
4013.0	75.0
4088.0	124.08
4163.0	220.85333333333332
4238.0	280.14666666666665
4313.0	310.7733333333333
4388.0	274.06666666666666
4463.0	202.17333333333335
4538.0	164.32
4613.0	173.26666666666668
4688.0	93.57333333333334
4763.0	70.77333333333333
4838.0	66.37333333333333
4913.0	68.70666666666666
4988.0	66.66666666666667
5063.0	65.93333333333334
5138.0	68.26666666666667
5213.0	67.69333333333333
5288.0	69.21333333333334
5363.0	73.61333333333333
5438.0	73.66666666666667
5513.0	71.66666666666667
5588.0	183.44
5663.0	331.18666666666667
5738.0	384.4
5813.0	234.48
5888.0	202.54666666666665
5963.0	75.77333333333333
6038.0	56.093333333333334
6113.0	55.026666666666664
6188.0	254.88
6263.0	501.36
6338.0	413.93333333333334
6413.0	411.18666666666667
6488.0	372.32
6563.0	128.52
6638.0	111.12
6713.0	108.53333333333333
6788.0	84.54666666666667
6863.0	66.12
6938.0	53.77333333333333
7013.0	59.50666666666667
7088.0	54.76
7163.0	51.89333333333333
7238.0	52.89333333333333
7313.0	65.49333333333334
7388.0	98.68
7463.0	91.4
7538.0	101.42666666666666
7613.0	116.89333333333333
7688.0	122.09333333333333
7763.0	104.81333333333333
7838.0	104.89333333333333
7913.0	108.29333333333334
7988.0	142.38666666666666
8063.0	111.14666666666666
8138.0	128.90666666666667
8213.0	143.25333333333333
8288.0	135.61333333333334
8363.0	88.57333333333334
8438.0	78.09333333333333
8513.0	69.30666666666667
8588.0	79.37333333333333
8663.0	67.48
8738.0	56.906666666666666
8813.0	59.64
8888.0	94.21333333333334
8963.0	399.12
9038.0	490.2133333333333
9113.0	516.5866666666667
9188.0	484.17333333333335
9263.0	195.17333333333335
9338.0	116.72
9413.0	128.10666666666665
9488.0	189.77333333333334
9563.0	337.5733333333333
9638.0	304.62666666666667
9713.0	279.96
9788.0	259.88
9863.0	83.86666666666666
9938.0	52.89333333333333
10013.0	52.56
10088.0	136.96
10163.0	354.8933333333333
10238.0	335.81333333333333
10313.0	368.06666666666666
10388.0	422.73333333333335
10463.0	208.30666666666667
10538.0	129.66666666666666
10613.0	138.28
10688.0	179.62666666666667
10763.0	145.6
10838.0	141.68
10913.0	150.70666666666668
10988.0	165.58666666666667
11063.0	189.90666666666667
11138.0	149.06666666666666
11213.0	155.22666666666666
11288.0	161.33333333333334
11363.0	253.33333333333334
11438.0	133.42666666666668
11513.0	115.68
11588.0	200.42666666666668
11663.0	219.37333333333333
11738.0	209.29333333333332
11813.0	173.62666666666667
11888.0	301.29333333333335
11963.0	425.49333333333334
12038.0	414.4266666666667
12113.0	421.06666666666666
12188.0	521.0133333333333
12263.0	274.17333333333335
12338.0	222.33333333333334
12413.0	289.58666666666664
12488.0	144.16
12563.0	100.50666666666666
12638.0	87.96
12713.0	175.78666666666666
12788.0	357.28
12863.0	394.41333333333336
12938.0	352.8666666666667
13013.0	372.5466666666667
13088.0	297.38666666666666
13163.0	300.8
13238.0	294.6933333333333
13313.0	290.6666666666667
13388.0	181.84
13463.0	152.61333333333334
13538.0	157.78666666666666
13613.0	200.18666666666667
13688.0	330.5733333333333
13763.0	336.6666666666667
13838.0	337.12
13913.0	301.4266666666667
13988.0	374.6
14063.0	347.9866666666667
14138.0	393.82666666666665
14213.0	416.6
14288.0	373.5733333333333
14363.0	311.9866666666667
14438.0	296.2
14513.0	296.8666666666667
14588.0	324.06666666666666
14663.0	297.0933333333333
14738.0	289.97333333333336
14813.0	309.17333333333335
14888.0	265.7866666666667
14963.0	199.69333333333333
15038.0	182.78666666666666
15113.0	176.46666666666667
15188.0	282.72
15263.0	405.4
15338.0	428.2266666666667
15413.0	447.9866666666667
15488.0	567.3066666666666
15563.0	554.8133333333334
15638.0	452.53333333333336
15713.0	446.28
15788.0	416.7866666666667
15863.0	435.7866666666667
15938.0	319.05333333333334
16013.0	317.17333333333335
16088.0	312.1066666666667
16163.0	270.4266666666667
16238.0	150.72
16313.0	148.10666666666665
16388.0	148.89333333333335
16463.0	154.58666666666667
16538.0	154.57333333333332
16613.0	158.02666666666667
16688.0	159.53333333333333
16763.0	169.65333333333334
16838.0	181.22666666666666
16913.0	185.85333333333332
16988.0	204.33333333333334
17063.0	317.88
17138.0	774.0666666666667
17213.0	1018.0
17288.0	762.36
17363.0	868.68
17438.0	656.2533333333333
17513.0	427.3466666666667
17588.0	412.1066666666667
17663.0	454.1066666666667
17738.0	311.41333333333336
17813.0	190.56
17888.0	180.65333333333334
17963.0	188.13333333333333
18038.0	264.62666666666667
18113.0	277.8
18188.0	250.38666666666666
18263.0	295.2
18338.0	344.6533333333333
18413.0	286.76
18488.0	265.97333333333336
18563.0	278.3333333333333
18638.0	574.6933333333334
18713.0	576.2266666666667
18788.0	661.24
18863.0	598.5066666666667
18938.0	507.1333333333333
19013.0	364.88
19088.0	338.1333333333333
19163.0	329.2133333333333
19238.0	320.28
19313.0	159.92
19388.0	147.57333333333332
19463.0	146.70666666666668
19538.0	146.78666666666666
19613.0	175.21333333333334
19688.0	181.42666666666668
19763.0	193.44
19838.0	187.44
19913.0	168.16
19988.0	153.6
20063.0	154.18666666666667
20138.0	151.64
20213.0	148.0
20288.0	147.18666666666667
20363.0	146.86666666666667
20438.0	145.44
20513.0	240.76
20588.0	234.82666666666665
20663.0	255.05333333333334
20738.0	257.05333333333334
20813.0	335.1066666666667
20888.0	329.9066666666667
20963.0	322.3066666666667
21038.0	306.17333333333335
21113.0	294.97333333333336
21188.0	155.13333333333333
21263.0	151.0
21338.0	151.0
21413.0	152.45333333333335
21488.0	155.02666666666667
21563.0	153.17333333333335
21638.0	154.50666666666666
21713.0	163.4
21788.0	153.36
21863.0	157.02666666666667
21938.0	150.50666666666666
22013.0	152.42666666666668
22088.0	192.76
22163.0	176.05333333333334
22238.0	170.57333333333332
22313.0	170.57333333333332
22388.0	147.0
22463.0	147.0
22538.0	182.64
22613.0	215.38666666666666
22688.0	234.28
22763.0	219.92
22838.0	220.08
22913.0	155.64
22988.0	149.17333333333335
23063.0	147.84
23138.0	231.84
23213.0	367.61333333333334
23288.0	395.3466666666667
23363.0	400.92
23438.0	446.2133333333333
23513.0	319.8933333333333
23588.0	232.28
23663.0	238.29333333333332
23738.0	252.16
23813.0	213.98666666666668
23888.0	188.53333333333333
23963.0	166.92
24038.0	167.02666666666667
24113.0	241.52
24188.0	273.81333333333333
24263.0	279.29333333333335
24338.0	257.74666666666667
24413.0	271.1066666666667
24488.0	222.13333333333333
24563.0	207.81333333333333
24638.0	224.06666666666666
24713.0	341.0
24788.0	406.25333333333333
24863.0	391.73333333333335
24938.0	377.5733333333333
25013.0	355.8666666666667
25088.0	221.46666666666667
25163.0	209.54666666666665
25238.0	199.92
25313.0	197.69333333333333
25388.0	186.58666666666667
25463.0	195.56
25538.0	199.84
25613.0	233.93333333333334
25688.0	217.06666666666666
25763.0	189.98666666666668
25838.0	198.41333333333333
25913.0	152.12
25988.0	29.226666666666667
26063.0	6.066666666666666
26138.0	8.133333333333333
26213.0	54.29333333333334
26288.0	182.49333333333334
26363.0	53.89333333333333
26438.0	80.85333333333334
26513.0	154.56
26588.0	87.38666666666667
26663.0	68.0
26738.0	69.4
26813.0	70.84
26888.0	81.32
26963.0	22.84
27038.0	23.586666666666666
27113.0	34.266666666666666
27188.0	147.78666666666666
27263.0	178.42666666666668
27338.0	90.09333333333333
27413.0	73.41333333333333
27488.0	51.986666666666665
27563.0	0.96
27638.0	1.6666666666666667
27713.0	1.6
27788.0	13.186666666666667
27863.0	42.32
27938.0	44.693333333333335
28013.0	52.986666666666665
28088.0	185.53333333333333
28163.0	484.0933333333333
28238.0	303.9866666666667
28313.0	549.3733333333333
28388.0	629.5733333333334
28463.0	390.85333333333335
28538.0	248.29333333333332
28613.0	277.0133333333333
28688.0	274.02666666666664
28763.0	86.52
28838.0	1.4533333333333334
28913.0	1.6133333333333333
28988.0	19.813333333333333
29063.0	80.81333333333333
29138.0	96.08
29213.0	87.0
29288.0	86.21333333333334
29363.0	48.2
29438.0	8.786666666666667
29513.0	15.6
29588.0	27.426666666666666
29663.0	26.013333333333332
29738.0	16.4
29813.0	9.426666666666666
29877.0	0.03773584905660377
