#Read position (bp)	Clipping profile
0.0	10.409108708983842
1.0	8.485108206556674
2.0	6.660115410475606
3.0	5.413652719387039
4.0	4.193050250105288
5.0	3.4704417664748086
6.0	2.7042403375128377
7.0	2.161175679569686
8.0	1.7075135027301007
9.0	1.3196101756278493
10.0	1.012981831347022
11.0	0.6767989478584041
12.0	0.2719017607116733
13.0	0.0
14.0	0.0
15.0	0.0
16.0	0.0
17.0	0.0
18.0	0.0
19.0	0.0
20.0	0.0
21.0	0.0
22.0	0.0
23.0	0.0
24.0	0.0
25.0	0.0
26.0	0.0
27.0	0.0
28.0	0.0
29.0	0.0
30.0	0.004433180881168587
31.0	0.005172044361363351
32.0	0.007388634801947644
33.0	0.010344088722726703
34.0	0.016254996564284818
35.0	0.003694317400973822
36.0	0.005172044361363351
37.0	0.00664977132175288
38.0	0.007388634801947644
39.0	0.008127498282142409
40.0	0.009605225242531937
41.0	0.011082952202921466
42.0	0.012560679163310995
43.0	0.012560679163310995
44.0	0.01182181568311623
45.0	0.01182181568311623
46.0	0.015516133084090054
47.0	0.018471587004869113
48.0	0.02364363136623246
49.0	0.02512135832662199
50.0	0.035465447049348696
51.0	0.042115218371101576
52.0	0.0435929453314911
53.0	0.048026126212659684
54.0	0.04654839925227016
55.0	0.0435929453314911
56.0	0.044331808811685865
57.0	0.05984794189577592
58.0	0.14851155951914766
59.0	0.4625285386019225
60.0	0.9546116164116356
61.0	1.2383351928064252
62.0	1.6033337520226387
63.0	2.552773324072911
64.0	3.1534693334712545
65.0	3.611564691192008
66.0	4.3541224887877465
67.0	5.073775518497447
68.0	6.213841868437968
69.0	7.07166236894409
70.0	7.587389078120036
71.0	6.8980294510983216
