# Position (bp)	A	C	G	T	N
0.0	25.981206722353196	24.68440394814269	24.131856419062707	25.202532910441413	0.0
1.0	25.74360758392764	20.594886067142113	15.15934316051265	38.5021631884176	0.0
2.0	27.47932510032592	19.391910368120378	18.72048422499612	34.40828030655758	0.0
3.0	23.735772012537982	22.922796900209335	15.584238177340811	37.75719290991187	0.0
4.0	33.81728580861007	14.047163234366527	14.742844917576845	37.39270603944655	0.0
5.0	34.850801534170664	15.632034839379994	22.84713190404433	26.670031722405007	0.0
6.0	32.57388006112942	17.806337574340372	20.34946880005892	29.270313564471284	0.0
7.0	34.134362263400696	17.614659308049436	19.93748366217614	28.31349476637372	0.0
8.0	23.56986397187402	26.005853443039374	21.980598965523587	28.443683619563014	0.0
9.0	29.30472779211409	18.968227381657947	15.881523583742254	35.84552124248571	0.0
10.0	26.806616900039753	16.789978944888613	24.41840776241589	31.98499639265574	0.0
11.0	28.025721531660526	18.543207240898266	19.975780240651652	33.45529098678956	0.0
12.0	26.22398727980743	19.808681825877642	21.181181770668474	32.78614912364646	0.0
13.0	27.076892500662485	20.966198510143393	18.530459617819393	33.42644937137473	0.0
14.0	30.400300308036556	18.517891513721796	20.269688393609623	30.81211978463203	0.0
15.0	30.050671386673827	18.815754127859698	18.908486077328142	32.22508840813833	0.0
16.0	29.469853896163624	17.236279080035175	19.03176314327448	34.26210388052672	0.0
17.0	30.102262276990988	18.19790325547177	20.2538164428913	31.446018024645944	0.0
18.0	31.101801824996045	17.55115101272201	18.648281848240657	32.69876531404129	0.0
19.0	29.673893857378207	18.320487173452577	19.67264356319134	32.33297540597788	0.0
20.0	30.378015464770403	17.839270809970106	19.55745607100705	32.225257654252445	0.0
21.0	29.93235294117647	17.9375	19.645220588235293	32.484926470588235	0.0
22.0	28.797409023568033	18.509232743060277	19.756195293745705	32.937162939625985	0.0
23.0	29.298372659802457	17.902947739110935	20.530144574858753	32.26853502622786	0.0
24.0	30.53961766208562	18.830197417509915	18.630243730312465	31.999941190092002	0.0
25.0	29.53458712662773	17.87445650376175	19.43134581246026	33.15961055715026	0.0
26.0	31.12088703660827	17.819380588540117	20.174055575768936	30.885676799082677	0.0
27.0	29.2877434244617	18.324041645382145	19.572815105822343	32.81539982433381	0.0
28.0	29.665358381842772	17.70814958546481	19.956856000470395	32.66963603222203	0.0
29.0	29.55075792374828	18.1773082223243	19.943775838309598	32.328158015617824	0.0
30.0	29.907836810889073	18.205169664052683	19.37154112433211	32.51545240072613	0.0
31.0	29.76190913667717	18.30348776104923	19.580851306210796	32.35375179606281	0.0
32.0	29.8442960616495	18.346752707455195	19.6649260066368	32.144025224258506	0.0
33.0	30.461210539855205	17.9625886589982	19.862188085700634	31.71401271544596	0.0
34.0	29.779790080263428	18.112192397024668	19.855275923911446	32.25274159880046	0.0
35.0	29.947738649143314	18.34329312664006	19.68437378258984	32.02459444162679	0.0
36.0	30.17384592766833	17.778962069979418	19.076742134666276	32.97044986768597	0.0
37.0	29.040308442095437	19.23389334636886	18.948679969273403	32.7771182422623	0.0
38.0	29.96107662281814	18.142189779948765	19.600989440334025	32.29574415689907	0.0
39.0	28.79464531851313	18.8075468369226	20.16091979372273	32.236888050841536	0.0
40.0	30.23903782039265	18.2926605133634	19.655650268885385	31.812651397358565	0.0
41.0	29.818157758345006	18.134233171230182	20.812059592205816	31.235549478219	0.0
42.0	30.017313439419503	18.910245806729083	19.675933584028996	31.396507169822417	0.0
43.0	29.67747152971276	18.508443673310346	19.4869834361376	32.32710136083929	0.0
44.0	29.320663162151234	18.366356651839872	20.609491600191156	31.70348858581774	0.0
45.0	29.33460774943019	19.297845746636277	19.634585692228512	31.732960811705023	0.0
46.0	30.04128388090538	17.906837390035253	19.30232814619567	32.7495505828637	0.0
47.0	29.80125876799553	18.09552519741776	20.113083246327367	31.99013278825934	0.0
48.0	30.395797182435814	18.489529719714128	19.37406252757272	31.740610570277344	0.0
49.0	29.504863863297132	18.539296927273664	19.326779556333314	32.62905965309589	0.0
50.0	29.63291115972133	18.605540339332	19.877575779856986	31.883972721089687	0.0
51.0	29.884119351186012	18.63979941471449	19.423243775826826	32.05283745827267	0.0
52.0	29.776986933919602	18.55096653701076	19.35096065470107	32.32108587436857	0.0
53.0	30.72559357054096	18.25785483716792	19.781763101199275	31.234788491091848	0.0
54.0	30.4340632674971	18.11219612629969	19.80712384369899	31.646616762504227	0.0
55.0	29.325146607349673	17.90539919480854	19.05252127874699	33.7169329190948	0.0
56.0	29.3008360847409	18.47511967703745	20.324139097440273	31.899905140781375	0.0
57.0	28.881919063412337	18.250443070089645	19.546928660200173	33.32070920629784	0.0
58.0	29.68099657317665	18.098554262938833	19.285441148353506	32.93500801553101	0.0
59.0	29.520192084952733	17.824483477531867	20.61603968186849	32.03928475564691	0.0
60.0	29.646639211648772	18.450507427562876	19.87755552287101	32.025297837917336	0.0
61.0	30.013163990969062	17.72432102487921	19.731278083793583	32.53123690035815	0.0
62.0	29.07167441313173	18.166441136671178	19.98514443725363	32.77674001294346	0.0
63.0	29.297341820093912	18.087316558375896	20.022945141256027	32.59239648027417	0.0
64.0	28.701286284777122	18.65443874886926	19.63625131459922	33.00802365175439	0.0
65.0	29.74762908130808	17.877039504892604	20.548574874697085	31.82675653910223	0.0
66.0	29.983856317548806	18.040840942438027	20.53116024903193	31.444142490981235	0.0
67.0	29.2822758881914	17.85980899425953	19.6249756370229	33.23293948052617	0.0
68.0	29.71212756411671	18.15236498164942	20.087082515096018	32.04842493913785	0.0
69.0	29.933989151420427	17.897582053875148	19.795531856210353	32.37289693849407	0.0
70.0	28.588187702265373	18.26860841423948	19.970211827007944	33.172992056487196	0.0
71.0	29.674237632209948	17.737095279424526	20.710439988820077	31.878227099545448	0.0
72.0	29.85631222210372	18.077739243644015	19.98352389953992	32.082424634712346	0.0
73.0	29.837001294574556	17.703674826409323	19.466061551135695	32.99326232788043	0.0
74.0	29.613569744647826	18.239861124902998	20.474146650042847	31.672422480406325	0.0
75.0	30.342707084378475	17.944125284118076	19.50686664656079	32.20630098494266	0.0
76.0	29.115204390139844	18.39621600547296	19.43048822651003	33.05809137787717	0.0
77.0	29.154145778085105	18.010585591384405	21.31242207011207	31.522846560418422	0.0
78.0	29.871228533491244	18.114441456982387	18.769149284419058	33.24518072510731	0.0
79.0	30.059844558632587	17.726789543570295	19.414354601998742	32.79901129579837	0.0
80.0	30.777153282523617	18.09691610511138	20.02177559367919	31.104155018685812	0.0
81.0	30.2639613327546	18.682547506418793	19.462734221542128	31.590756939284482	0.0
82.0	30.048335123523096	18.032973823992464	18.66236040198343	33.256330650501006	0.0
83.0	29.636714094433735	18.45452672777835	20.05135147065315	31.857407707134765	0.0
84.0	30.764986315882403	18.12299520320179	19.010991436390924	32.10102704452488	0.0
85.0	29.530648205030108	17.52408559352273	19.352714618364274	33.59255158308288	0.0
86.0	30.400235432607413	17.879635079458506	20.080194231901118	31.63993525603296	0.0
87.0	29.8099242566372	18.60917675535887	19.955929796681122	31.624969191322805	0.0
88.0	29.761217200013245	17.927287308203077	19.309733406416346	33.00176208536734	0.0
89.0	29.92815388973296	18.408864331146926	20.182024861034982	31.480956918085134	0.0
90.0	30.15153020119414	18.540836635065684	19.50247767881778	31.80515548492239	0.0
91.0	30.050951899199852	18.20619884116619	19.573990618964405	32.16885864066955	0.0
92.0	29.258332720182473	18.553086601427417	20.213376499153853	31.97520417923626	0.0
93.0	30.09609441681137	18.525767430909145	19.632398387144246	31.74573976513524	0.0
94.0	29.871013788942356	17.66551881447471	19.82583550395126	32.637631892631674	0.0
95.0	30.171297386390393	18.213224040499178	20.568931010124793	31.046547562985637	0.0
96.0	29.981861729721377	18.666597988969873	19.6099352099514	31.741605071357355	0.0
97.0	29.70867856774934	18.576800247244257	19.58895642319975	32.12556476180664	0.0
98.0	28.820787172118933	18.17185033648168	21.13855539161758	31.868807099781808	0.0
99.0	29.787547189250052	18.54417944057282	19.41989417833673	32.2483791918404	0.0
100.0	29.593280804298633	18.587981219273093	19.815583286037548	32.00315469039072	0.0
101.0	29.698240536330005	18.699562164516866	20.379285139435467	31.22291215971766	0.0
102.0	30.08699962270572	17.956248659125713	19.65925147773594	32.29750024043263	0.0
103.0	29.53128590596067	17.68889778430108	19.70852699386958	33.071289315868675	0.0
104.0	30.195575862261105	18.058357014171357	19.61516316561728	32.13090395795027	0.0
105.0	30.12524719841793	18.19976239157719	19.64403427818062	32.030956131824254	0.0
106.0	29.284066044851354	17.873331889566796	19.8717039183326	32.97089814724925	0.0
107.0	29.565386645305942	18.053054945219476	20.377530815213525	32.00402759426105	0.0
108.0	29.329401436192963	18.73128784638588	20.23801484216134	31.70129587525981	0.0
109.0	28.672007221031254	18.30907518146602	20.1263680469367	32.892549550566024	0.0
110.0	29.462872220128155	17.56841311722578	21.07840180927252	31.890312853373537	0.0
111.0	29.242493476282366	18.6357405316405	20.153472581503987	31.968293410573146	0.0
112.0	29.086235420160587	18.001961014427465	19.260720275299168	33.65108329011278	0.0
113.0	30.184812720579863	17.671815111380972	20.553679177260825	31.58969299077834	0.0
114.0	30.140572794179203	18.271038351180827	19.256646193422686	32.331742661217284	0.0
115.0	29.483339501768498	17.558291712294007	20.255487681571385	32.70288110436611	0.0
116.0	30.159118914409483	17.9041306627276	20.406866834536228	31.529883588326683	0.0
117.0	29.991095212141218	18.23140165966822	19.822748662362685	31.95475446582788	0.0
118.0	29.624654043504872	18.105601896938644	19.635701555505086	32.63404250405139	0.0
119.0	30.444163122264506	17.91704941063861	19.856113997236523	31.782673469860363	0.0
120.0	29.65025169960107	18.250445939723654	19.80204532527482	32.297257035400456	0.0
121.0	29.629069415679616	17.690565393774385	19.92607761462624	32.75428757591977	0.0
122.0	29.66498804223134	17.959207481868912	20.210767824852717	32.16503665104703	0.0
123.0	28.992442146149706	18.612287557229877	19.6956579388664	32.69961235775401	0.0
124.0	29.186239805996127	18.161265718811727	19.228287016212622	33.424207458979524	0.0
125.0	28.94217373388537	18.37411455369582	20.077310990326318	32.6064007220925	0.0
126.0	29.665037858951287	18.131346739168954	19.70004213112624	32.50357327075351	0.0
127.0	29.86543506431935	17.686636745788427	19.144884478017637	33.30304371187459	0.0
128.0	28.90760033617176	17.88053216624645	21.193885479599768	32.017982017982014	0.0
129.0	29.907605172201208	18.214468958440225	19.203248734194837	32.674677135163726	0.0
130.0	29.94619131003618	17.9204078132292	19.606865494230224	32.5265353825044	0.0
131.0	30.212810231538175	18.07646442091447	20.212970299406948	31.497755048140412	0.0
132.0	30.6364855209178	18.278085084176976	19.03033903611943	32.0550903587858	0.0
133.0	29.93044956082945	18.063380707102844	20.068543629107282	31.937626102960426	0.0
134.0	30.581133661146104	17.532192049260807	20.143515731376695	31.743158558216393	0.0
135.0	29.27325817179009	18.113391191499716	20.449752615783925	32.16359802092627	0.0
136.0	28.67720127066873	18.51185142950232	19.999185468762725	32.81176183106622	0.0
137.0	30.509826703104288	18.08244284802566	22.73069433307696	28.677036115793094	0.0
138.0	30.588215961284064	19.949140148060508	19.73304740072469	29.72959648993074	0.0
139.0	30.544613061968658	19.109099983912817	19.77156198309608	30.574724971022444	0.0
140.0	28.888079289245113	21.055616735528638	19.908423240293775	30.147880734932475	0.0
141.0	31.17126920377285	17.177590510563892	20.953761426738048	30.697378858925212	0.0
142.0	26.987773002221953	19.818741949065988	24.042538112965286	29.150946935746774	0.0
143.0	27.3498014370185	19.066649369996693	19.079621872476118	34.50392732050869	0.0
144.0	27.785410863070855	19.432014420228658	18.829490880213783	33.953083836486705	0.0
145.0	27.38013300960625	19.43840388472501	17.31616172279109	35.865301382877654	0.0
146.0	33.28434974283615	14.455114184147156	19.50452956641028	32.75600650660642	0.0
147.0	34.316828196859284	16.10378010709516	22.10265504966141	27.476736646384143	0.0
148.0	31.744492657608053	16.93993146808352	21.09572092329427	30.219854951014156	0.0
149.0	32.69516267263624	16.879832527034054	23.075770277295142	27.34923452303456	0.0
150.0	27.369545859305433	18.081329771445535	26.14841199168893	28.400712377560104	0.0
