# Position (bp)	A	C	G	T	N
0.0	26.331492173446307	24.06865032833644	23.630620354059758	25.969237144157493	0.0
1.0	26.508095634477257	19.921463374242354	15.412777368486767	38.15766362279363	0.0
2.0	28.753461498078853	19.17888724447923	18.346615966725683	33.72103529071623	0.0
3.0	22.899284027245486	22.58870364070215	15.099667124804522	39.412345207247846	0.0
4.0	33.99268621535437	13.058202692505194	14.678660224981943	38.270450867158495	0.0
5.0	34.808605648272675	14.759255064230956	23.192685073838774	27.2394542136576	0.0
6.0	31.15778283236603	17.10856540232315	20.985099352405964	30.74855241290485	0.0
7.0	34.99322611987401	16.876458048629107	20.062406812668957	28.06790901882793	0.0
8.0	22.489588929294904	26.706038627583673	23.070949208470605	27.733423234650818	0.0
9.0	27.715657808860783	18.46801591829368	15.525081653084083	38.29124461976146	0.0
10.0	26.45623667371736	16.396767943758796	25.221321202321523	31.92567418020233	0.0
11.0	28.190106818016293	18.127663412111488	19.618223950839468	34.06400581903276	0.0
12.0	26.212679178484215	19.513732556093004	21.352105899408027	32.92148236601476	0.0
13.0	26.52434730947053	20.736973604826815	18.61122531741976	34.1274537682829	0.0
14.0	30.918250593076017	18.19074542900316	20.394944892357454	30.496059085563367	0.0
15.0	29.852195198707765	18.425166419544283	19.959048627806773	31.76358975394118	0.0
16.0	29.985524424155262	17.40307012527045	18.816584196136912	33.79482125443737	0.0
17.0	30.506753753846272	17.836204190728193	19.601284823923383	32.05575723150215	0.0
18.0	31.199392882804496	17.63799869940557	18.795631617547333	32.366976800242604	0.0
19.0	29.91468700211804	18.40193561691651	19.99243110231457	31.690946278650884	0.0
20.0	29.79634919909801	17.91263683656906	19.676820345272525	32.6141936190604	0.0
21.0	29.301856540114272	18.265985843611606	19.81624057384804	32.61591704242608	0.0
22.0	29.822731741716442	19.213727043499087	22.268435937815582	28.695105276968892	0.0
23.0	29.7562382909023	20.219852160966326	21.21864682699462	28.80526272113676	0.0
24.0	32.56433238415201	19.412251250101665	18.17388893197447	29.84952743377185	0.0
25.0	29.641559811466927	21.14920230877349	19.23027662951745	29.978961250242136	0.0
26.0	32.49861801513331	16.635131560355642	21.790988644174575	29.07526178033647	0.0
27.0	26.576486768417112	21.28869336296677	24.702594377791637	27.43222549082448	0.0
28.0	26.59572772791064	19.467707708813695	18.339951397100236	35.59661316617543	0.0
29.0	28.004307614072626	19.98392022391283	17.35568778698393	34.656084375030616	0.0
30.0	26.610924133233365	18.93154559881932	16.233577022140125	38.22395324580719	0.0
31.0	34.359748695165315	14.180599895238228	17.981501264190246	33.478150145406204	0.0
32.0	34.449036898599225	15.526300709389213	22.4232047327866	27.60145765922496	0.0
33.0	31.2539137992628	17.33962329765691	20.913567991463143	30.492894911617142	0.0
34.0	33.64177207516247	16.193060076048805	21.878037614684654	28.287130234104062	0.0
35.0	26.336392274063968	19.80770707851132	25.927089970370837	27.928810677053878	0.0
