#Read position (bp)	Clipping profile
0.0	14.759296627270107
1.0	14.759296627270107
2.0	10.925338714326896
3.0	6.644566157394062
4.0	3.900259440761026
5.0	1.0723551455750937
6.0	0.0
7.0	0.0
8.0	0.0
9.0	0.0
10.0	0.0
11.0	0.0
12.0	0.0
13.0	0.0
14.0	0.0
15.0	0.0
16.0	0.0
17.0	0.0
18.0	0.0
19.0	0.0
20.0	0.0
21.0	0.0
22.0	0.0
23.0	0.0
24.0	0.0
25.0	0.0
26.0	0.0
27.0	0.0
28.0	0.0
29.0	0.0
30.0	1.9371576823292016
31.0	4.263476506197752
32.0	7.653502450273854
33.0	10.853271836264053
34.0	13.095993081579707
35.0	10.135485730758145
