#Read position (bp)	Clipping profile
0.0	11.223917628085847
1.0	0.11685895050241905
2.0	0.10494975809452922
3.0	0.09949137824091303
4.0	0.09849894554025554
5.0	0.09676218831410495
6.0	0.09601786378861184
7.0	0.09552164743828309
8.0	0.09428110656246123
9.0	0.09378489021213249
10.0	0.08882272670884506
11.0	0.0875821858330232
12.0	0.08683786130753009
13.0	0.0848529959062151
14.0	0.08361245503039325
15.0	0.08137948145391391
16.0	0.08113137327874953
17.0	0.07939461605259893
18.0	0.0779059670016127
19.0	0.07765785882644834
20.0	0.0761692097754621
21.0	0.0761692097754621
22.0	0.07492866889964024
23.0	0.07468056072447588
24.0	0.07368812802381838
25.0	0.07294380349832527
26.0	0.07195137079766778
27.0	0.07145515444733905
28.0	0.06847785634536659
29.0	0.06723731546954471
30.0	1.5886366455774719
31.0	0.5885125914898895
32.0	0.360501178513832
33.0	0.6956953231608981
34.0	0.7413472273911426
35.0	1.486664185584915
36.0	0.390522267708721
37.0	1.0150105445974444
38.0	0.3014514328247116
39.0	2.499937972956209
40.0	0.9026175412479841
41.0	1.0117851383203076
42.0	1.0241905470785262
43.0	2.086589753132366
44.0	3.2395484431212007
45.0	48.60290286564942
46.0	8.16970599181243
47.0	1.8079642724227765
48.0	0.381838481577968
49.0	0.37513956084852995
50.0	0.0848529959062151
51.0	0.06599677459372287
52.0	0.3495844188065997
53.0	0.1339784145887607
54.0	0.19724599925567549
55.0	0.10296489269321424
56.0	0.14018111896786997
57.0	0.31881900508621763
58.0	0.09328867386180374
59.0	0.08907083488400944
60.0	0.22652276392507134
61.0	0.021833519414464705
62.0	0.13025679196129514
63.0	0.16672869371045776
64.0	0.15184220320059547
65.0	0.020344870363478477
66.0	0.0550800148864905
67.0	0.24513087706239922
68.0	0.05532812306165488
69.0	0.05483190671132614
70.0	0.11586651780176158
71.0	0.1644957201339784
72.0	0.0875821858330232
73.0	0.08237191415457139
74.0	0.1523384195509242
75.0	0.16697680188562214
76.0	0.037712442624984494
77.0	0.03994541620146384
78.0	0.1935243766282099
79.0	0.16846545093660836
80.0	0.36347847661580446
81.0	0.07815407517677707
82.0	0.036471901749162636
83.0	0.101476243642228
84.0	0.16772112641111525
85.0	0.014638382334697927
86.0	0.24885249968986475
87.0	0.0709589380970103
88.0	0.014886490509862299
89.0	0.014886490509862299
90.0	0.04714055328123062
91.0	0.06277136831658603
92.0	0.046892445106066244
93.0	0.06252326014142166
94.0	0.04664433693090187
95.0	0.04614812058057313
96.0	0.014886490509862299
97.0	0.09080759211016003
98.0	0.09676218831410495
99.0	0.044907579704751274
100.0	0.09676218831410495
101.0	0.014390274159533558
102.0	0.014638382334697927
103.0	0.044163255179258155
104.0	0.015630815035355416
105.0	0.01637513956084853
106.0	0.016871355911177274
107.0	0.0166232477360129
108.0	0.0166232477360129
109.0	0.016871355911177274
110.0	0.017367572261506016
111.0	0.017367572261506016
112.0	0.017367572261506016
113.0	0.0183600049621635
114.0	0.018856221312492247
115.0	0.018608113137327877
116.0	0.0183600049621635
117.0	0.019600545837985362
118.0	0.01935243766282099
119.0	0.018856221312492247
120.0	0.019600545837985362
121.0	0.020344870363478477
122.0	0.019600545837985362
123.0	0.020096762188314105
124.0	0.020096762188314105
125.0	0.020344870363478477
126.0	0.020592978538642847
127.0	0.02084108671380722
128.0	0.02084108671380722
129.0	0.020344870363478477
130.0	0.02084108671380722
131.0	0.02232973576479345
132.0	0.022825952115122193
133.0	0.023322168465450935
134.0	0.02357027664061531
135.0	0.023322168465450935
136.0	0.023074060290286566
137.0	0.023322168465450935
138.0	0.024314601166108424
139.0	0.025307033866765912
140.0	0.025803250217094655
141.0	0.026051358392259027
142.0	0.027043791092916512
143.0	0.027291899268080885
144.0	0.028036223793574
145.0	0.028284331968738367
146.0	0.02952487284456023
147.0	0.030021089194888974
148.0	0.030269197370053347
149.0	0.03175784642103957
150.0	0.032005954596203944
151.0	0.03250217094653269
152.0	0.033494603647190174
153.0	0.03399081999751892
154.0	0.033494603647190174
155.0	0.03423892817268329
156.0	0.03399081999751892
157.0	0.03473514452301203
158.0	0.03523136087334077
159.0	0.03597568539883389
160.0	0.03622379357399826
161.0	0.037216226274655755
162.0	0.036471901749162636
163.0	0.03746433444982012
164.0	0.036471901749162636
165.0	0.03597568539883389
166.0	0.03547946904850515
167.0	0.035727577223669524
168.0	0.03696811809949138
169.0	0.037216226274655755
170.0	0.03696811809949138
171.0	0.03622379357399826
172.0	0.036720009924327
173.0	0.036471901749162636
174.0	0.03622379357399826
175.0	0.036471901749162636
176.0	0.03622379357399826
177.0	0.03547946904850515
178.0	0.03597568539883389
179.0	0.03597568539883389
180.0	0.03746433444982012
181.0	0.037712442624984494
182.0	0.03746433444982012
183.0	0.03746433444982012
184.0	0.039201091675970724
185.0	0.039201091675970724
186.0	0.03895298350080635
187.0	0.03994541620146384
188.0	0.03969730802629946
189.0	0.04019352437662821
190.0	0.03969730802629946
191.0	0.04019352437662821
192.0	0.041185957077285694
193.0	0.041185957077285694
194.0	0.04044163255179258
195.0	0.03994541620146384
196.0	0.03994541620146384
197.0	0.04044163255179258
198.0	0.04168217342761444
199.0	0.041434065252450074
200.0	0.032998387296861435
201.0	0.02108919488897159
202.0	0.02084108671380722
203.0	0.02108919488897159
204.0	0.021585411239300335
205.0	0.021337303064135962
206.0	0.02108919488897159
207.0	0.020592978538642847
208.0	0.020592978538642847
209.0	0.020592978538642847
210.0	0.020344870363478477
211.0	0.019600545837985362
212.0	0.019104329487656616
213.0	0.018856221312492247
214.0	0.018856221312492247
215.0	0.018608113137327877
216.0	0.018608113137327877
217.0	0.019104329487656616
218.0	0.02257784393995782
219.0	0.022081627589629078
220.0	0.015630815035355416
