# Position (bp)	A	C	G	T	N
0.0	26.981465292753132	23.83126340419696	23.370272614757596	25.816998688292315	0.0
1.0	26.668350915831468	20.060834408371107	15.114429622865277	38.156301120249516	8.393268263122246E-5
2.0	27.99418534059384	19.717506696822955	18.439102244723138	33.84895450849632	2.5120936374529713E-4
3.0	23.560317881945313	22.232357201208846	15.302871595941776	38.903952140624504	5.011802795583599E-4
4.0	34.418170784164005	13.505130060453684	14.452949159550382	37.62274965905188	0.0010003367800492833
5.0	35.95395471097178	14.878848351384757	22.994992687257838	26.163625520970413	0.008578729415213836
6.0	32.336297359347505	17.53559078793368	20.466680096629137	29.65593768053449	0.005494075555192984
7.0	35.40216111409301	16.61386624725908	20.249064862548316	27.734158833980338	7.489421192565501E-4
8.0	23.073000630534857	27.03072983993731	22.486719671522952	27.408884385860716	6.654721441678853E-4
9.0	29.165623713633508	18.121104518446753	16.05551697899818	36.657588470829886	1.6631809166621622E-4
10.0	26.169213374790086	16.993166287015946	25.39813444623647	31.439070215985236	4.156759722660991E-4
11.0	27.94529655963398	18.99751914661968	19.990026720079122	33.06557847101308	0.0015791026541391192
12.0	26.570741532254043	19.5669659030102	21.13205728586765	32.72308950169006	0.007145777178049503
13.0	26.8397398087611	21.716497885738494	18.996951143528864	32.44639578643051	4.153755410266422E-4
14.0	31.342493748598105	18.09691542123234	20.826431176426606	29.733744278201925	4.153755410266422E-4
15.0	29.708323295091095	18.819668862618695	19.628737341430387	31.84235667466957	9.138261902586129E-4
16.0	30.360545969611124	17.418939463168652	19.053691442433106	33.163583195567114	0.003239929220007809
17.0	29.728344396168577	18.19801782791822	20.68320968988062	31.386855856379754	0.003572229652829123
18.0	31.23715451139375	18.073986691367665	18.4642735497163	32.21793923886585	0.0066460086564262754
19.0	30.18642054281276	18.141526754338596	19.93079843486496	31.74125426798368	0.0
20.0	30.12976331901672	18.053716364965567	19.241275036760737	32.575162204148775	8.307510820532843E-5
21.0	29.777441785117926	17.759713557026906	19.45245196181868	33.010143470711874	2.492253246159853E-4
22.0	28.558896097962165	19.11882232726608	19.687471442931553	32.633647080325325	0.001163051514874598
23.0	29.947413456506027	17.68868433951135	20.39942512025122	31.96306480689191	0.0014122768394905835
24.0	30.856172065164117	18.19959625497412	18.939961619300007	32.00327315926329	9.969012984639412E-4
25.0	29.428775555980163	18.177996726840735	19.421298796241683	32.97176277072101	1.6615021641065686E-4
26.0	31.985661236323757	18.09043556279232	19.680576208950512	30.243326991933404	0.0
27.0	29.338971364010202	18.224768012760336	19.93329068811112	32.50280378490193	1.6615021641065686E-4
28.0	29.953810239837836	18.098992298937468	19.760909838585064	32.18288154320321	0.003406079436418466
29.0	29.382004270060563	18.36267269238118	19.84689257557758	32.406021283842726	0.0024091781379545246
30.0	29.691714788202933	18.445605841210977	19.684013680888377	32.17683802668886	0.0018276630088483812
31.0	29.741209935557944	18.389621480796567	19.68278258095549	32.18405987453862	0.00232612815138442
32.0	28.659703201183675	18.34925492913166	19.92230693247798	33.06873493720669	0.0
33.0	29.510435713793186	18.911309517380946	19.400383649455055	32.177040349654355	8.307697164499881E-4
34.0	29.97110542118127	17.92975908999523	19.447596798500605	32.651372534032966	1.6615628992943342E-4
35.0	29.903134007381375	17.905489128355757	19.34933130198605	32.84196240122546	8.316105135527566E-5
36.0	30.469042434083015	17.430963721329505	19.04068727676232	33.0591402053246	1.6636250056147343E-4
37.0	28.95061317536649	18.69319599980032	19.2928099572358	33.06304807228314	3.327953142419755E-4
38.0	29.959854130014698	18.705112606502233	19.61555169779414	31.718566133330228	9.154323587030154E-4
39.0	29.35596534414358	18.911658211446024	19.737915918576725	31.994377250515477	8.327531819499083E-5
40.0	29.97082096686203	18.494902427915775	19.699434270432413	31.83142226515383	0.0034200696359544414
41.0	29.89903194020645	18.616785219098432	20.191606136812094	31.290654457897382	0.0019222459856399867
42.0	29.10397486721013	18.55116563020688	19.39188222268529	32.94996455868237	0.0030127212153317384
43.0	29.075843835552174	18.482871972898078	20.154793937586497	32.28389332135952	0.0025969326037348917
44.0	29.53190411869709	18.815980440737395	20.553323892434115	31.098707703555768	8.384457563325712E-5
45.0	29.540555213846194	18.651345407188426	19.558772565055076	32.249242901652316	8.391225798655893E-5
46.0	30.153926507251285	17.697811642187837	19.074257720886763	33.073752217873476	2.519118006403598E-4
47.0	29.32853640462239	17.933702233058817	20.04846219898068	32.687618781958754	0.001680381379357859
48.0	30.094269991812112	18.077746262910214	18.6094545723552	33.21743633370938	0.001092839213088515
49.0	29.361415397971317	17.457186263936862	20.18230853481881	32.99824858633493	8.412169380712914E-4
50.0	29.663333212606872	18.733770363114306	19.757390354405153	31.84525338658774	2.526832859271413E-4
51.0	29.846654557485973	18.474969108084565	19.518373093310466	32.15991883697847	8.44041405295178E-5
52.0	29.936786928294783	17.829859377987436	19.82387985455579	32.40938923922662	8.459993536564939E-5
53.0	31.359198442735252	17.670648001193722	19.38789525088512	31.571660630231012	0.010597674954896295
54.0	29.954968156599698	18.203534417801382	19.301169672612296	32.53743946271005	0.002888290276570784
55.0	28.81017134921337	18.070551353706442	18.628100045611433	34.489560428339	0.0016168231297611186
56.0	29.03323131521553	18.49314893366777	20.450158140866822	32.023120697575514	3.4091267436617945E-4
57.0	28.05451949849434	18.407455856289427	19.947419215281705	33.58992278423874	6.82645695790892E-4
58.0	30.438541560768158	18.275683253612225	22.004051125165418	29.28138233753852	3.417229156824335E-4
59.0	29.697516659680577	20.35329643538439	21.04893968297419	28.89117956526574	0.009067656695095766
60.0	31.206060341155588	19.02264228886038	19.71522087351806	30.055647973644135	4.2852282183992275E-4
61.0	28.692673084921	21.176458457212973	19.64238453844594	30.488140207121035	3.4371229905719717E-4
62.0	30.386865625309884	16.66449657455991	22.093290966237102	30.85491568976593	4.3114412717027177E-4
63.0	26.09741186413672	19.87429945064461	26.056712457828485	27.970190715686073	0.0013855117041101205
64.0	25.59866068983861	19.25997202816654	18.847609138392777	36.29158506766524	0.0021730759368347673
65.0	27.32844644618972	19.263163496121983	19.241354824470726	34.16127774390164	0.0057574893159317575
66.0	26.41257760128976	19.663311274275976	16.96607293055204	36.95059862289165	0.007439570990574501
67.0	33.45584714213037	14.326207733394956	17.735653099939107	34.48106190740206	0.001230117133510763
68.0	33.80474448503127	15.501593721386062	23.245063637841135	27.44850934429622	8.88114453085798E-5
69.0	31.829672154738837	17.444593580666155	20.55750800312432	30.168226261470693	0.0
70.0	33.02120284290244	15.83384753955976	22.127049392066894	29.0179002254709	0.0
71.0	25.734670586539004	19.794255578608837	26.140709731498518	28.330364103353638	0.0
