#Position (bp)	mapping quality
38.0	58.47375937165298
113.0	57.32444259220671
188.0	57.41511614899884
263.0	56.80122532963028
338.0	58.56910703237781
413.0	59.131137086110655
488.0	58.38773073744145
563.0	58.79708636836629
638.0	59.215410688057844
713.0	59.28554514811894
788.0	59.13030839168199
863.0	59.120642188255495
938.0	59.147558445927004
1013.0	58.443712564632
1088.0	56.96027864112456
1163.0	57.397783312755585
1238.0	57.34399930059231
1313.0	56.48769425732008
1388.0	54.108185168249186
1463.0	54.80255925594932
1538.0	55.10822961948431
1613.0	55.83045015408466
1688.0	54.600959655307484
1763.0	53.77089923181202
1838.0	54.657743261025765
1913.0	58.67585487725397
1988.0	58.10076599559651
2063.0	58.26304137706995
2138.0	58.261139942106205
2213.0	57.57110180466556
2288.0	53.383140843300545
2363.0	53.36145137836788
2438.0	54.991143907181225
2513.0	57.13267326732673
2588.0	58.78539896281825
2663.0	58.749966735688616
2738.0	58.1261379568876
2813.0	57.27395425378561
2888.0	54.986341536765075
2963.0	49.81244181259698
3038.0	47.00240900529981
3113.0	47.78564489305297
3188.0	44.3928969681668
3263.0	39.77653072816086
3338.0	39.64446436411532
3413.0	38.6573126111913
3488.0	41.12601400202694
3563.0	39.84820661269166
3638.0	37.84264186601681
3713.0	39.372213502965316
3788.0	45.266235205021445
3863.0	45.87767425044875
3938.0	47.0721476997438
4013.0	47.425910963199854
4088.0	51.817561537802625
4163.0	44.33318755615877
4238.0	39.66620973527716
4313.0	40.92493970705763
4388.0	40.07125440260092
4463.0	32.713963812470574
4538.0	29.944577929650624
4613.0	29.946191279174155
4688.0	29.926595206739236
4763.0	25.52141819633559
4838.0	26.311305506161414
4913.0	26.76196871123194
4988.0	27.349539806672553
5063.0	20.940505110034643
5138.0	20.717949943824255
5213.0	21.01119494378515
5288.0	27.07825071372956
5363.0	29.629464744998643
5438.0	31.127482263337274
5513.0	36.04664824266409
5588.0	44.52884596393514
5663.0	46.1069400635615
5738.0	47.42793890227411
5813.0	45.11274954338191
5888.0	45.50944451782842
5963.0	33.05664237457595
6038.0	24.97716243220097
6113.0	28.028871211082155
6188.0	40.75557912942259
6263.0	45.83151752746501
6338.0	43.4252317012041
6413.0	42.93576369825409
6488.0	36.54619047384567
6563.0	27.252517235203012
6638.0	31.272906525355843
6713.0	35.00588366164791
6788.0	42.169325322308616
6863.0	35.15121311615214
6938.0	27.01614129915703
7013.0	35.012415560836246
7088.0	40.34139497033654
7163.0	35.40069904077113
7238.0	33.87686559748803
7313.0	36.867287665646145
7388.0	38.35902952390289
7463.0	32.669890080473806
7538.0	32.681280627246
7613.0	33.076259128441855
7688.0	35.57544968907251
7763.0	32.165769782463705
7838.0	30.276303465501094
7913.0	33.36730947427313
7988.0	45.960299893553454
8063.0	41.608634761191865
8138.0	42.6672027217438
8213.0	43.28024131957466
8288.0	45.61359936552991
8363.0	33.55906557450313
8438.0	29.725649776844318
8513.0	29.092391365042495
8588.0	36.43993587106111
8663.0	47.69337704373807
8738.0	48.41557835300937
8813.0	45.92411383320438
8888.0	45.466061333940736
8963.0	40.584134002210696
9038.0	28.28535933557449
9113.0	29.3472813332803
9188.0	30.819522377180505
9263.0	34.62571818975026
9338.0	33.592032177743725
9413.0	29.480754222994236
9488.0	35.68106019069525
9563.0	35.51028482077257
9638.0	27.49959828695585
9713.0	23.74163935322686
9788.0	24.198894468291893
9863.0	15.880653995146812
9938.0	13.445250189246416
10013.0	10.881492211493047
10088.0	17.3388700705429
10163.0	24.12149050304151
10238.0	21.96203594826138
10313.0	21.82525392267959
10388.0	30.90769127142211
10463.0	28.627275319752385
10538.0	25.71074515329551
10613.0	26.015934764719084
10688.0	31.88704220703313
10763.0	30.479943351657557
10838.0	27.17840012934054
10913.0	26.745673659324815
10988.0	31.97052371041233
11063.0	45.19969060169124
11138.0	45.75435904067077
11213.0	47.12315097485841
11288.0	47.95905835658201
11363.0	46.21592990283031
11438.0	31.427635384513003
11513.0	31.84863523573201
11588.0	40.03631330538107
11663.0	40.42243344673985
11738.0	32.58444842741044
11813.0	29.846183204732604
11888.0	32.4373398630536
11963.0	27.064380871503637
12038.0	24.382800429798515
12113.0	30.318529832566412
12188.0	41.102303758678765
12263.0	37.32164932397574
12338.0	38.31131672614428
12413.0	41.01298471110622
12488.0	34.96343913865727
12563.0	29.17355904957058
12638.0	28.04759472144985
12713.0	36.43008066035529
12788.0	40.309585485687165
12863.0	38.35705244069233
12938.0	38.08174439268047
13013.0	42.19694230507979
13088.0	47.368903021798495
13163.0	48.15863597934867
13238.0	47.83819892765701
13313.0	48.79803624094748
13388.0	38.8167818271722
13463.0	24.830985288223157
13538.0	21.57738018806591
13613.0	26.20797877272695
13688.0	34.82630010318455
13763.0	34.92005506141466
13838.0	35.42838370565046
13913.0	33.288825610735984
13988.0	20.503465756546582
14063.0	13.904023276520588
14138.0	15.404597567691818
14213.0	18.601402675716812
14288.0	19.80304804575463
14363.0	16.6491058954163
14438.0	16.069214420959078
14513.0	17.73672385104602
14588.0	19.689404971732507
14663.0	16.95761421896417
14738.0	17.13247450672781
14813.0	17.448408455892263
14888.0	19.121133308782913
14963.0	15.591293164205647
15038.0	14.550112993537057
15113.0	15.07900997497978
15188.0	33.77157038360509
15263.0	42.646098669527426
15338.0	42.645832751148475
15413.0	42.5535698690823
15488.0	40.54711407641048
15563.0	28.577475680735887
15638.0	20.182456922991133
15713.0	20.509036306998006
15788.0	20.500348501443792
15863.0	22.72631175074974
15938.0	20.256037403725067
16013.0	19.143026757168503
16088.0	20.19888240130433
16163.0	24.77919079991467
16238.0	18.350282782421562
16313.0	17.12309583526583
16388.0	17.684048670796635
16463.0	20.337350468418876
16538.0	11.865430845844951
16613.0	11.768513513513513
16688.0	13.234515165858923
16763.0	21.42440835417283
16838.0	30.465489430432168
16913.0	31.59958997053573
16988.0	31.894307278258836
17063.0	34.74460018533521
17138.0	34.52024103684709
17213.0	31.95182511754319
17288.0	28.776994540685724
17363.0	30.640656110534252
17438.0	27.0154647334625
17513.0	20.101639084367488
17588.0	18.175100599364473
17663.0	21.985396437357263
17738.0	26.035152682737657
17813.0	24.015528584422093
17888.0	23.63041124380883
17963.0	21.87068249733416
18038.0	24.037138500824337
18113.0	23.105417543144547
18188.0	22.194204736155136
18263.0	25.402501198428318
18338.0	23.809420378907177
18413.0	19.331152658480303
18488.0	19.408096243262346
18563.0	18.84628446725154
18638.0	27.452479203426662
18713.0	23.39178260398222
18788.0	24.420668747664497
18863.0	25.028224403338324
18938.0	30.00446243180583
19013.0	26.00412455473557
19088.0	25.48545852265108
19163.0	22.948560177208957
19238.0	23.64432806486204
19313.0	4.340628552961062
19388.0	2.5069284674758285
19463.0	2.919945065949472
19538.0	3.2799383995735356
19613.0	14.092788328782254
19688.0	14.148356699609286
19763.0	15.180988147546293
19838.0	18.473195050112924
19913.0	21.052665821948892
19988.0	14.570859570594036
20063.0	15.28199698749154
20138.0	15.259184399285882
20213.0	14.013109319126142
20288.0	7.422768718925931
20363.0	7.627491714893407
20438.0	8.089441440410846
20513.0	22.58308167998713
20588.0	17.358574656057264
20663.0	18.440497509582748
20738.0	18.2085045853365
20813.0	26.11660403668809
20888.0	21.591809349923714
20963.0	17.963329194597403
21038.0	17.877702119299116
21113.0	18.2358693125094
21188.0	4.343192489332473
21263.0	3.729909758018822
21338.0	4.394993615699234
21413.0	9.676936956978484
21488.0	10.487070826214637
21563.0	11.012546886532064
21638.0	13.281598513011152
21713.0	8.05548140430039
21788.0	0.36170039224991285
21863.0	0.35550875423621975
21938.0	0.3361884791897452
22013.0	1.2410296620797303
22088.0	11.09164800194586
22163.0	8.329493087557603
22238.0	8.06707387941165
22313.0	5.785299258986307
22388.0	0.6058308636019023
22463.0	0.75923634435213
22538.0	6.73016041222365
22613.0	12.412320059639912
22688.0	14.453542629337683
22763.0	12.569511195504107
22838.0	17.384299651715637
22913.0	10.131527278889912
22988.0	8.780686616018492
23063.0	10.717393169201358
23138.0	15.207392776523703
23213.0	19.78409734955826
23288.0	19.76071215904485
23363.0	20.614762111754068
23438.0	21.50254234830248
23513.0	24.249328760583246
23588.0	21.466247545944817
23663.0	20.649817625983648
23738.0	22.81632004109363
23813.0	27.450648603060284
23888.0	30.83028705591034
23963.0	27.92193399773607
24038.0	31.447101743007703
24113.0	31.451476942068602
24188.0	18.47583185413952
24263.0	18.614035536239296
24338.0	16.501088270858524
24413.0	20.145485103533396
24488.0	13.91641172406987
24563.0	13.289627829940963
24638.0	14.234622046398194
24713.0	20.152516923076924
24788.0	17.43243811794404
24863.0	14.990934203452047
24938.0	15.232552544994949
25013.0	24.56103389217153
25088.0	20.670234094135207
25163.0	21.290815077273187
25238.0	20.846369510884344
25313.0	21.15225846592274
25388.0	20.60640958738956
25463.0	19.485189910489765
25538.0	20.394593954232235
25613.0	33.65182412638295
25688.0	42.2375321469095
25763.0	41.434952158026135
25838.0	43.79432737439267
25913.0	49.191573562278734
25988.0	51.91206006612926
26063.0	51.729489777064686
26138.0	49.3857487878622
26213.0	51.648480342335816
26288.0	49.76375673534848
26363.0	36.99248318607411
26438.0	40.6676886139071
26513.0	45.906653992907366
26588.0	44.230627939608915
26663.0	41.03501334134659
26738.0	41.54143790481157
26813.0	44.79664631050639
26888.0	54.216738185579715
26963.0	55.73675267648179
27038.0	56.17044694635986
27113.0	56.61391606089312
27188.0	55.479924482645814
27263.0	50.318930971104884
27338.0	47.93291260159419
27413.0	50.09937782849037
27488.0	48.69523876602339
27563.0	22.16147189123879
27638.0	26.405902514324588
27713.0	26.589472040800395
27788.0	34.66000065782982
27863.0	37.66611006748765
27938.0	38.154968156839615
28013.0	39.968486739469576
28088.0	43.206968106439746
28163.0	44.92191841942529
28238.0	31.512260980584948
28313.0	45.3658147450313
28388.0	51.47345994973701
28463.0	57.04897144332484
28538.0	59.900725593667545
28613.0	59.91493673710339
28688.0	59.91546270629486
28763.0	59.59220303693865
28838.0	56.484163711761525
28913.0	55.85369318181818
28988.0	59.22286287290048
29063.0	59.94493696576797
29138.0	59.94625157057099
29213.0	59.93832448175433
29288.0	59.94513232254879
29363.0	59.917437462978995
29438.0	59.84071260151952
29513.0	59.9268578348963
29588.0	59.97561669443654
29663.0	59.970774106617576
29738.0	59.96489044518544
29813.0	59.99910697009838
29877.0	60.0
