# Position (bp)	A	C	G	T	N
0.0	27.007877872355785	23.980851820726848	23.448528312392696	25.562741994524675	0.0
1.0	27.24673276076898	20.19060073013516	15.002710389139946	37.55995611995591	0.0
2.0	27.91850481172486	20.03547166428695	18.0393261664351	34.006697357553094	0.0
3.0	23.9252723222497	22.06308373015062	15.00710183728107	39.00415891765956	3.8319265905049964E-4
4.0	34.36663707334346	13.984055270307621	14.568576476237666	37.079839559182616	8.916209286359346E-4
5.0	36.16476268241746	15.005608931555772	22.59636297036805	26.224616723010357	0.008648692648356875
6.0	32.73554960834348	17.736254551967047	19.970735313356965	29.552506868437195	0.004953657895305076
7.0	35.81578012384529	16.68041315602477	20.42127702771292	27.081768348391027	7.613440259872094E-4
8.0	23.435194060279642	26.599038446909184	22.242761726535516	27.721864682702694	0.0011410835729608836
9.0	29.1725362818226	18.37806064537052	16.09220447543376	36.35707191503162	1.2668234149505433E-4
10.0	27.13812020393978	16.841997313383327	24.95198400690772	31.06650579040592	0.0013926853632566555
11.0	28.5689520562939	18.67740715011496	19.810801474412266	32.94132087194302	0.001518447235856613
12.0	26.767211837809267	19.53916304806897	21.245235969661948	32.44282531340807	0.0055638310517411
13.0	27.57434439178515	21.47399684044234	18.59526066350711	32.356271721958926	1.263823064770932E-4
14.0	31.856682464454977	18.265908372827806	20.706603475513425	29.170173775671405	6.319115323854661E-4
15.0	30.199178515007898	18.919052132701424	19.500663507109003	31.380726698262247	3.791469194312796E-4
16.0	30.80644549763033	17.820663507109007	18.945466034755135	32.42464454976303	0.0027804107424960504
17.0	30.485813586097947	18.287519747235386	20.352733017377567	30.870268562401264	0.003665086887835703
18.0	31.81497630331754	18.15216429699842	18.50818325434439	31.518862559241708	0.005813586097946287
19.0	30.81478672985782	18.324044233807264	19.53731437598736	31.323728278041074	1.263823064770932E-4
20.0	30.40315955766193	18.377251184834122	19.49219589257504	31.727393364928908	0.0
21.0	30.601200631911535	17.447330173775672	19.256745655608213	32.69434439178515	3.791469194312796E-4
22.0	29.11153238546603	19.197977883096367	19.668120063191154	32.02110584518167	0.0012638230647709322
23.0	30.26047393364929	17.785781990521325	20.04777251184834	31.904707740916272	0.0012638230647709322
24.0	31.190268562401265	17.85996840442338	18.682085308056873	32.266161137440754	0.0015165876777251184
25.0	29.56056872037915	18.10312796208531	19.47766192733017	32.85826224328594	3.791469194312796E-4
26.0	32.13219589257504	17.671911532385465	19.953112164297	30.242401263823066	3.791469194312796E-4
27.0	29.318546603475514	18.208404423380728	20.0678672985782	32.40492890995261	2.527646129541864E-4
28.0	30.36612954186414	17.736745655608217	19.909763033175356	31.98458135860979	0.0027804107424960504
29.0	29.42041074249605	18.522464454976305	19.73169036334913	32.322148499210115	0.0032859399684044234
30.0	30.089251636027225	18.33829175755707	19.447554869155738	32.12250046129775	0.0024012759622165547
31.0	30.696006157400447	18.131977154932176	19.414136997104556	31.756742239741776	0.0011374508210499176
32.0	29.40220413528133	18.433218745260604	19.704135281330572	32.460315454223746	1.263839037460189E-4
33.0	29.760246704498062	18.320463076475868	19.398025858473517	32.519874120040946	0.0013902405116085082
34.0	29.98313991845484	18.075422955493934	19.79454461349464	32.146639737720825	2.527748357595505E-4
35.0	30.450842950700636	17.714551731379117	19.56806920203366	32.26653611588659	0.0
36.0	30.94194178614767	17.407341327836637	19.074824147499726	32.57563966781941	2.5307069656443877E-4
37.0	29.363671110683615	18.960773345010796	19.15593209184358	32.51949689036938	1.2656209262826436E-4
38.0	30.692461367451685	18.215471249990507	19.2253740451057	31.866186930133516	5.064073185985684E-4
39.0	29.76753436440265	18.755217524040198	19.75913565499166	31.717985779198816	1.2667736668157237E-4
40.0	30.00661072714192	18.48922679869511	19.57181267153314	31.92879701261114	0.003552790018690213
41.0	29.778569966525502	18.340921139785575	20.479576489793015	31.399025387473955	0.0019070164219540816
42.0	29.322495639886448	18.45454661184169	19.45603605209222	32.76463024964037	0.002291446539279213
43.0	29.68569793714978	18.257760060966675	20.148568035060936	31.90606238634061	0.0019115804819986465
44.0	29.582385678733292	18.768472089525776	20.067019323862528	31.582122907878407	0.0
45.0	29.612451791055637	18.45797763079449	19.711250604806022	32.21831997334385	0.0
46.0	30.2302079780051	17.45218958845166	19.459786106777972	32.85704977597553	7.665507897389511E-4
47.0	29.821697478862692	18.119795568259388	20.053920277757182	32.00203000002556	0.0025566750951722303
48.0	30.537077136969952	17.992359079764096	18.777427181672024	32.692241281177935	8.95320415991446E-4
49.0	29.673930434226104	17.741640267511443	19.975552782310967	32.60785254871844	0.0010239672330485425
50.0	29.91677111929644	18.546557677076045	19.669006918224486	31.86753612266712	1.2816273591555614E-4
51.0	30.246858877788096	18.339684288802154	19.3875598331927	32.025768568357215	1.2843185983460546E-4
52.0	30.02762800805409	18.099306338735342	19.697250588350403	32.17581506486016	0.0
53.0	31.395668450509024	17.75088751211417	19.500102591367614	31.342630649138815	0.010710796870382582
54.0	30.454095210508488	18.32661337250652	19.271502797038217	31.945202361770964	0.002586258175808658
55.0	29.09121295113527	18.46451418991924	18.326929106111525	34.11540046068979	0.0019432921441767308
56.0	29.342889324903716	18.392818212962098	20.54369491419851	31.719948716351592	6.488315840833826E-4
57.0	28.270749961020737	18.823865703445765	19.806532924484173	33.09794189491191	9.095161374148953E-4
58.0	30.807701665207325	17.996833256788527	21.85976557773548	29.335179082321012	5.204179476537607E-4
59.0	29.836074973643505	20.385788733624114	20.97807686844427	28.79158885690345	0.008470567384666708
60.0	31.445017532308047	19.082911356023434	19.444923469254448	30.027016999284072	1.306431300003658E-4
61.0	29.31799095755343	21.154110697258837	19.54148428707868	29.986152034157442	2.620239516094166E-4
62.0	31.226462622348322	16.62858593551663	21.622883691318513	30.521410052523784	6.576982927467717E-4
63.0	26.832776914686146	20.22120120318646	25.203979770601265	27.74019105543252	0.0018510560936105512
64.0	26.495704928309223	19.877788343541987	18.27570269710315	35.34947593219259	0.0013280988530538305
65.0	27.84836970221574	19.48328222884054	18.631688875670037	34.03172435316917	0.004934840104511911
66.0	26.691853683165906	19.701452159623724	17.020119703059272	36.57894067212102	0.007633782030077101
67.0	33.68049295679901	14.134567519205673	17.770527533736058	34.412662962315174	0.001749027944084922
68.0	34.48839089565281	15.717412431500977	23.062358952580844	26.731837720265368	0.0
69.0	32.08232411854184	17.10024666090105	20.577136453255395	30.240292767301717	0.0
70.0	33.36955462795734	16.12572036660946	22.268901895248018	28.235823110185176	0.0
71.0	26.237030597395727	20.07219397879538	25.624515714474704	28.06625970933419	0.0
