#Read position (bp)	Clipping profile
0.0	4.244437259339819
1.0	0.26748184944593045
2.0	0.235148878633785
3.0	0.22339143470209577
4.0	0.21751271273625114
5.0	0.21457335175332884
6.0	0.21457335175332884
7.0	0.21457335175332884
8.0	0.2116339907704065
9.0	0.2116339907704065
10.0	0.2057552688045619
11.0	0.20281590782163958
12.0	0.20281590782163958
13.0	0.19693718585579498
14.0	0.19693718585579498
15.0	0.19399782487287265
16.0	0.19105846388995032
17.0	0.18517974192410572
18.0	0.18517974192410572
19.0	0.17636165897533876
20.0	0.1616648540607272
21.0	0.14696804914611564
22.0	0.14402868816319334
23.0	0.141089327180271
24.0	0.13814996619734868
25.0	0.13227124423150408
26.0	0.12933188324858175
27.0	0.12933188324858175
28.0	0.12933188324858175
29.0	0.12051380029981483
30.0	0.12051380029981483
31.0	0.1175744393168925
32.0	0.5849328356015402
33.0	0.11169571735104789
34.0	1.0405337879544987
35.0	0.08524146850474706
36.0	0.08524146850474706
37.0	0.08818082948766938
38.0	0.8906263778254607
39.0	1.0405337879544987
40.0	3.6536257017724347
41.0	1.2668645836395167
42.0	0.4820552011992593
43.0	0.5379030598747833
44.0	1.2227741688956821
45.0	51.835630933834985
46.0	13.347638223450224
47.0	0.0705446635901355
48.0	0.06760530260721319
49.0	0.06760530260721319
50.0	0.06760530260721319
51.0	0.06466594162429087
52.0	0.06466594162429087
53.0	0.06466594162429087
54.0	0.06466594162429087
55.0	0.06466594162429087
56.0	0.5437817818406279
57.0	0.06466594162429087
58.0	0.06466594162429087
59.0	0.06466594162429087
60.0	0.2527850445313189
61.0	0.06760530260721319
62.0	0.06760530260721319
63.0	0.06760530260721319
64.0	0.06760530260721319
65.0	0.06466594162429087
66.0	0.5496605038064725
67.0	0.06466594162429087
68.0	0.06172658064136857
69.0	0.06172658064136857
70.0	0.05878721965844625
71.0	0.06466594162429087
72.0	0.06466594162429087
73.0	0.06466594162429087
74.0	0.06466594162429087
75.0	0.06760530260721319
76.0	0.06466594162429087
77.0	0.06172658064136857
78.0	0.06172658064136857
79.0	0.06172658064136857
80.0	0.05878721965844625
81.0	0.05584785867552394
82.0	0.05584785867552394
83.0	0.05584785867552394
84.0	0.05584785867552394
85.0	0.05584785867552394
86.0	0.05584785867552394
87.0	0.05584785867552394
88.0	0.38211692777990064
89.0	0.05584785867552394
90.0	0.05584785867552394
91.0	0.05584785867552394
92.0	0.05584785867552394
93.0	0.05584785867552394
94.0	0.05584785867552394
95.0	0.05878721965844625
96.0	0.06466594162429087
97.0	0.06172658064136857
98.0	0.06760530260721319
99.0	0.0705446635901355
100.0	0.06466594162429087
101.0	0.06760530260721319
102.0	0.06760530260721319
103.0	0.06760530260721319
104.0	0.06760530260721319
105.0	0.06760530260721319
106.0	0.06760530260721319
107.0	0.06760530260721319
108.0	0.06760530260721319
109.0	0.06760530260721319
110.0	0.06760530260721319
111.0	0.06760530260721319
112.0	0.06760530260721319
113.0	0.06760530260721319
114.0	0.06760530260721319
115.0	0.06760530260721319
116.0	0.06760530260721319
117.0	0.0705446635901355
118.0	0.06760530260721319
119.0	0.06760530260721319
120.0	0.06760530260721319
121.0	0.06760530260721319
122.0	0.0705446635901355
123.0	0.06760530260721319
124.0	0.06760530260721319
125.0	0.06760530260721319
126.0	0.06172658064136857
127.0	0.05878721965844625
128.0	0.05878721965844625
129.0	0.05878721965844625
130.0	0.05878721965844625
131.0	0.06172658064136857
132.0	0.05290849769260163
133.0	0.04996913670967932
134.0	0.04996913670967932
135.0	0.05290849769260163
136.0	0.05584785867552394
137.0	0.05584785867552394
138.0	0.05290849769260163
139.0	0.05290849769260163
140.0	0.04996913670967932
141.0	0.04996913670967932
142.0	0.04996913670967932
143.0	0.05290849769260163
144.0	0.05290849769260163
145.0	0.047029775726757005
146.0	0.04409041474383469
147.0	0.05584785867552394
148.0	0.05290849769260163
149.0	0.05584785867552394
150.0	0.05584785867552394
151.0	0.05878721965844625
152.0	0.05878721965844625
153.0	0.06172658064136857
154.0	0.06760530260721319
155.0	0.06760530260721319
156.0	0.06760530260721319
157.0	0.07348402457305782
158.0	0.07348402457305782
159.0	0.07348402457305782
160.0	0.07348402457305782
161.0	0.07348402457305782
162.0	0.07348402457305782
163.0	0.07936274653890243
164.0	0.08230210752182476
165.0	0.07936274653890243
166.0	0.07936274653890243
167.0	0.08230210752182476
168.0	0.09405955145351401
169.0	0.0911201904705917
170.0	0.08818082948766938
171.0	0.08818082948766938
172.0	0.08818082948766938
173.0	0.08818082948766938
174.0	0.08818082948766938
175.0	0.08818082948766938
176.0	0.09405955145351401
177.0	0.09405955145351401
178.0	0.09405955145351401
179.0	0.0911201904705917
180.0	0.0911201904705917
181.0	0.09699891243643632
182.0	0.09405955145351401
183.0	0.09699891243643632
184.0	0.09993827341935864
185.0	0.10875635636812557
186.0	0.10581699538520326
187.0	0.10875635636812557
188.0	0.10875635636812557
189.0	0.10875635636812557
190.0	0.10875635636812557
191.0	0.10875635636812557
192.0	0.10875635636812557
193.0	0.11169571735104789
194.0	0.11169571735104789
195.0	0.11169571735104789
196.0	0.10581699538520326
197.0	0.11463507833397019
198.0	0.12051380029981483
199.0	0.11463507833397019
200.0	0.09699891243643632
201.0	0.07936274653890243
202.0	0.07642338555598013
203.0	0.07936274653890243
204.0	0.08524146850474706
205.0	0.08230210752182476
206.0	0.07936274653890243
207.0	0.07936274653890243
208.0	0.07936274653890243
209.0	0.07642338555598013
210.0	0.07642338555598013
211.0	0.07348402457305782
212.0	0.07348402457305782
213.0	0.07642338555598013
214.0	0.0705446635901355
215.0	0.06760530260721319
216.0	0.06466594162429087
217.0	0.06466594162429087
218.0	0.06466594162429087
219.0	0.07642338555598013
220.0	0.05584785867552394
