#Read position (bp)	Clipping profile
0.0	30.30438602199518
1.0	1.0265504002082384
2.0	0.9094162816424806
3.0	0.8248194182338778
4.0	0.7678792217088566
5.0	0.7109390251838354
6.0	0.6995509858788312
7.0	0.688162946573827
8.0	0.6800286327845383
9.0	0.6686405934795341
10.0	0.6564391227956009
11.0	0.644237652111668
12.0	0.6336630441855925
13.0	0.6214615735016594
14.0	0.6133272597123707
15.0	0.5994989262705798
16.0	0.5702153966291403
17.0	0.5295438276826967
18.0	0.49375284700982625
19.0	0.46446931736838676
20.0	0.43599921910587625
21.0	0.40102166981193466
22.0	0.38800676774907267
23.0	0.373365002928353
24.0	0.35465608121298886
25.0	0.34570833604477125
26.0	0.33269343398190926
27.0	0.322118826055834
28.0	0.31235764950868744
29.0	0.29608902193011
30.0	0.971237066441075
31.0	0.862237261664606
32.0	1.6943775623088437
33.0	1.2111993232250926
34.0	0.7890284375610074
35.0	1.0452593219236024
36.0	0.49700657252554176
37.0	1.17703520531008
38.0	0.7792672610138609
39.0	0.997266870566799
40.0	0.829700006507451
41.0	1.158326283594716
42.0	0.93869981128392
43.0	0.8508492223596018
44.0	1.1160278518904145
45.0	1.4959003058501985
46.0	0.5498796121559185
47.0	0.45145441530552477
48.0	0.8207522613392334
49.0	0.5482527493980608
50.0	0.35872323810763324
51.0	0.36523068913906426
52.0	0.984251968503937
53.0	0.5059543176937593
54.0	0.5588273573241361
55.0	0.76543892757207
56.0	1.2250276566668836
57.0	0.24972343333116417
58.0	0.6190212793648728
59.0	0.6800286327845383
60.0	0.5051408863148305
61.0	0.135029608902193
62.0	0.6336630441855925
63.0	4.27539532765016
64.0	0.5994989262705798
65.0	0.8118045161710158
66.0	0.24972343333116417
67.0	0.37905902258085505
68.0	0.30096961020368324
69.0	0.16349970716470358
70.0	0.4782976508101776
71.0	0.3416411791501269
72.0	0.270059217804386
73.0	0.7101255938049066
74.0	0.44657382703195164
75.0	0.13746990303897963
76.0	0.19603696232185852
77.0	0.07808941237717186
78.0	0.022776078610008462
79.0	0.026029804125723956
80.0	0.1447907854493395
81.0	0.03172382377822607
82.0	0.03579098067287043
83.0	0.03823127480965706
84.0	0.0431118630832303
85.0	0.04799245135680354
86.0	0.05205960825144791
87.0	0.05856705928287889
88.0	0.06182078479859439
89.0	0.06344764755645214
90.0	0.06588794169323876
91.0	0.06670137307216764
92.0	0.06832823583002538
93.0	0.07239539272466974
94.0	0.07564911824038524
95.0	0.07971627513502962
96.0	0.08378343202967398
97.0	0.08541029478753172
98.0	0.09273117719789159
99.0	0.09842519685039369
100.0	0.1016789223661092
101.0	0.10737294201861132
102.0	0.11713411856575778
103.0	0.1195744127025444
104.0	0.12120127546040216
105.0	0.12526843235504653
106.0	0.14235049131255287
107.0	0.14885794234398386
108.0	0.15943255027005923
109.0	0.16349970716470358
110.0	0.17082058957506344
111.0	0.17732804060649443
112.0	0.18383549163792542
113.0	0.19685039370078738
114.0	0.20091755059543176
115.0	0.20173098197436065
116.0	0.20579813886900503
117.0	0.20579813886900503
118.0	0.21230558990043602
119.0	0.22043990368972474
120.0	0.22043990368972474
121.0	0.2302010802368712
122.0	0.23426823713151557
123.0	0.2464697078154487
124.0	0.2554174529836663
125.0	0.2627383353940262
126.0	0.27249951194117267
127.0	0.2838875512461769
128.0	0.3042233357193987
129.0	0.32293225743476284
130.0	0.3375740222554825
131.0	0.3782455912019262
132.0	0.4075291208433657
133.0	0.4278649053165875
134.0	0.4384395132426629
135.0	0.44820068978980937
136.0	0.45145441530552477
137.0	0.4579618663369558
138.0	0.456335003579098
139.0	0.46121559185267125
140.0	0.4669096115051734
141.0	0.4726036311576755
142.0	0.47504392529446215
143.0	0.47748421943124875
144.0	0.49375284700982625
145.0	0.5230363766512657
146.0	0.5547602004294917
147.0	0.6084466714387974
148.0	0.6531853972798854
149.0	0.6686405934795341
150.0	0.5336109845773411
