#Read position (bp)	Clipping profile
0.0	9.886865901626049
1.0	8.333806414987228
2.0	6.789667896678966
3.0	5.578849195085358
4.0	4.356676533798305
5.0	3.628401119176027
6.0	2.8952597218279874
7.0	2.323506751551032
8.0	1.8377194760958597
9.0	1.4224889501642268
10.0	1.072949191030372
11.0	0.6642066420664207
12.0	0.323587851263128
13.0	0.0
14.0	0.0
15.0	0.0
16.0	0.0
17.0	0.0
18.0	0.0
19.0	0.0
20.0	0.0
21.0	0.0
22.0	0.0
23.0	0.0
24.0	0.0
25.0	0.0
26.0	0.0
27.0	0.0
28.0	0.0
29.0	8.109971209602205E-4
30.0	0.004865982725761324
31.0	0.005676979846721544
32.0	0.006487976967681764
33.0	0.013786951056323752
34.0	0.019463930903045296
35.0	0.004865982725761324
36.0	0.005676979846721544
37.0	0.008920968330562426
38.0	0.01216495681440331
39.0	0.014597948177283972
40.0	0.012975953935363528
41.0	0.013786951056323752
42.0	0.012975953935363528
43.0	0.011353959693443088
44.0	0.01216495681440331
45.0	0.012975953935363528
46.0	0.019463930903045296
47.0	0.02838489923360772
48.0	0.02838489923360772
49.0	0.03406187908032926
50.0	0.033250881959369046
51.0	0.035683873322249704
52.0	0.032439884838408824
53.0	0.03892786180609059
54.0	0.04541583877377235
55.0	0.03730586756417015
56.0	0.04217185028993147
57.0	0.055147804225295007
58.0	0.16868740115972589
59.0	0.4517253963748429
60.0	0.9934714731762702
61.0	1.2951624021734724
62.0	1.6584891123636512
63.0	2.4459673168160254
64.0	3.065569117229634
65.0	3.5391914358704026
66.0	4.359920522282145
67.0	5.089817931146345
68.0	6.133571225822148
69.0	7.016747090547828
70.0	7.473338469648433
71.0	6.590162604922753
