#Position (bp)	Coverage
38.0	3195.2933333333335
113.0	5303.1466666666665
188.0	5614.506666666667
263.0	5225.306666666666
338.0	17952.373333333333
413.0	20097.493333333332
488.0	20793.893333333333
563.0	22344.906666666666
638.0	19989.786666666667
713.0	26523.666666666668
788.0	16348.56
863.0	13779.68
938.0	17046.586666666666
1013.0	17187.466666666667
1088.0	7787.8533333333335
1163.0	9333.56
1238.0	7991.32
1313.0	6102.96
1388.0	215.14666666666668
1463.0	215.14666666666668
1538.0	230.36
1613.0	9995.68
1688.0	8414.053333333333
1763.0	8884.173333333334
1838.0	10015.066666666668
1913.0	15073.706666666667
1988.0	5901.973333333333
2063.0	6833.96
2138.0	5731.906666666667
2213.0	5058.52
2288.0	463.3066666666667
2363.0	238.97333333333333
2438.0	257.08
2513.0	1001.92
2588.0	1166.2133333333334
2663.0	1299.3066666666666
2738.0	1213.8
2813.0	1728.7866666666666
2888.0	3931.9733333333334
2963.0	3086.306666666667
3038.0	2430.16
3113.0	2782.733333333333
3188.0	6251.573333333334
3263.0	3981.5866666666666
3338.0	5057.333333333333
3413.0	3878.2933333333335
3488.0	4887.493333333333
3563.0	350.56
3638.0	363.44
3713.0	391.02666666666664
3788.0	2974.8
3863.0	1752.9733333333334
3938.0	2616.52
4013.0	2346.786666666667
4088.0	8593.573333333334
4163.0	10943.786666666667
4238.0	8901.76
4313.0	16891.133333333335
4388.0	13669.546666666667
4463.0	13372.533333333333
4538.0	9939.906666666666
4613.0	10534.506666666666
4688.0	12322.746666666666
4763.0	5398.32
4838.0	7755.2
4913.0	5452.8533333333335
4988.0	6302.44
5063.0	50.973333333333336
5138.0	59.17333333333333
5213.0	45.946666666666665
5288.0	3966.2533333333336
5363.0	4321.973333333333
5438.0	4608.96
5513.0	4337.973333333333
5588.0	18263.626666666667
5663.0	16409.16
5738.0	22594.013333333332
5813.0	17107.28
5888.0	17389.866666666665
5963.0	4035.5066666666667
6038.0	142.96
6113.0	179.21333333333334
6188.0	32719.746666666666
6263.0	37521.2
6338.0	37396.4
6413.0	34851.333333333336
6488.0	41611.26666666667
6563.0	6614.106666666667
6638.0	3335.4133333333334
6713.0	3613.3733333333334
6788.0	2487.8533333333335
6863.0	2319.5866666666666
6938.0	39.82666666666667
7013.0	72.2
7088.0	203.46666666666667
7163.0	135.6
7238.0	119.66666666666667
7313.0	1541.8
7388.0	4054.0666666666666
7463.0	4292.36
7538.0	4252.333333333333
7613.0	4578.12
7688.0	3273.266666666667
7763.0	1837.6133333333332
7838.0	1764.4666666666667
7913.0	1490.1466666666668
7988.0	11827.533333333333
8063.0	5917.8533333333335
8138.0	8323.906666666666
8213.0	6452.266666666666
8288.0	9737.293333333333
8363.0	901.9866666666667
8438.0	420.37333333333333
8513.0	524.92
8588.0	766.8933333333333
8663.0	3570.7733333333335
8738.0	2984.88
8813.0	3457.2933333333335
8888.0	3758.0266666666666
8963.0	7812.826666666667
9038.0	3564.5333333333333
9113.0	4377.493333333333
9188.0	4541.826666666667
9263.0	5641.573333333334
9338.0	3150.133333333333
9413.0	3749.4
9488.0	14154.213333333333
9563.0	19578.08
9638.0	18073.666666666668
9713.0	16451.56
9788.0	18202.013333333332
9863.0	6712.68
9938.0	1407.4933333333333
10013.0	1336.5333333333333
10088.0	8356.253333333334
10163.0	11916.173333333334
10238.0	10351.133333333333
10313.0	12188.306666666667
10388.0	15372.053333333333
10463.0	7872.346666666666
10538.0	4887.44
10613.0	4503.586666666667
10688.0	10701.973333333333
10763.0	9665.506666666666
10838.0	6786.213333333333
10913.0	8791.093333333334
10988.0	9912.586666666666
11063.0	21027.986666666668
11138.0	13924.066666666668
11213.0	16946.533333333333
11288.0	15246.16
11363.0	18569.546666666665
11438.0	3223.72
11513.0	3715.8133333333335
11588.0	5349.373333333333
11663.0	4747.12
11738.0	1983.6933333333334
11813.0	1666.0533333333333
11888.0	13429.2
11963.0	13984.48
12038.0	13572.0
12113.0	18927.28
12188.0	22583.2
12263.0	10299.973333333333
12338.0	9536.266666666666
12413.0	14528.933333333332
12488.0	24038.28
12563.0	17237.68
12638.0	17221.306666666667
12713.0	25063.146666666667
12788.0	30836.28
12863.0	18094.306666666667
12938.0	18666.053333333333
13013.0	35332.73333333333
13088.0	34200.72
13163.0	42062.8
13238.0	30352.133333333335
13313.0	34310.96
13388.0	19666.453333333335
13463.0	2987.12
13538.0	3184.5466666666666
13613.0	10318.36
13688.0	17010.18666666667
13763.0	20218.81333333333
13838.0	18087.853333333333
13913.0	19741.746666666666
13988.0	13684.773333333333
14063.0	6625.48
14138.0	7291.4
14213.0	14320.426666666666
14288.0	14472.68
14363.0	14564.16
14438.0	9600.92
14513.0	12708.533333333333
14588.0	19176.906666666666
14663.0	8314.413333333334
14738.0	10982.626666666667
14813.0	9472.466666666667
14888.0	11128.506666666666
14963.0	995.8133333333334
15038.0	1081.84
15113.0	1184.4666666666667
15188.0	11364.466666666667
15263.0	13060.226666666667
15338.0	14948.426666666666
15413.0	14859.52
15488.0	22244.8
15563.0	15488.12
15638.0	14252.453333333333
15713.0	13454.6
15788.0	10496.533333333333
15863.0	27492.52
15938.0	18503.24
16013.0	19923.773333333334
16088.0	17754.28
16163.0	20268.826666666668
16238.0	514.32
16313.0	454.52
16388.0	437.6666666666667
16463.0	705.1733333333333
16538.0	155.84
16613.0	135.56
16688.0	177.73333333333332
16763.0	7848.413333333333
16838.0	14496.72
16913.0	15130.493333333334
16988.0	17271.466666666667
17063.0	22476.453333333335
17138.0	39944.14666666667
17213.0	28674.773333333334
17288.0	30366.44
17363.0	17707.053333333333
17438.0	28429.253333333334
17513.0	4694.106666666667
17588.0	4370.84
17663.0	4530.466666666666
17738.0	7804.36
17813.0	3486.4533333333334
17888.0	4845.213333333333
17963.0	4748.386666666666
18038.0	5040.586666666667
18113.0	3591.32
18188.0	3127.5866666666666
18263.0	12093.52
18338.0	18062.32
18413.0	19410.6
18488.0	20854.626666666667
18563.0	15975.4
18638.0	42475.13333333333
18713.0	23437.293333333335
18788.0	25726.293333333335
18863.0	20112.96
18938.0	29727.546666666665
19013.0	7767.973333333333
19088.0	10927.466666666667
19163.0	7647.64
19238.0	10140.6
19313.0	1004.5466666666666
19388.0	0.49333333333333335
19463.0	0.48
19538.0	116.94666666666667
19613.0	961.88
19688.0	853.24
19763.0	839.0266666666666
19838.0	862.68
19913.0	957.9466666666667
19988.0	78.34666666666666
20063.0	137.73333333333332
20138.0	94.2
20213.0	98.64
20288.0	25.013333333333332
20363.0	24.4
20438.0	31.68
20513.0	8245.146666666667
20588.0	6262.7733333333335
20663.0	7318.613333333334
20738.0	6140.533333333334
20813.0	16730.266666666666
20888.0	12471.186666666666
20963.0	10135.68
21038.0	12001.96
21113.0	11734.773333333333
21188.0	521.2533333333333
21263.0	4.466666666666667
21338.0	8.786666666666667
21413.0	49.56
21488.0	39.44
21563.0	38.413333333333334
21638.0	50.17333333333333
21713.0	90.88
21788.0	42.666666666666664
21863.0	33.45333333333333
21938.0	87.8
22013.0	4222.2266666666665
22088.0	4649.986666666667
22163.0	4228.786666666667
22238.0	4271.746666666667
22313.0	3818.6133333333332
22388.0	31.346666666666668
22463.0	34.733333333333334
22538.0	4290.92
22613.0	4696.133333333333
22688.0	7066.586666666667
22763.0	5847.746666666667
22838.0	14700.093333333334
22913.0	10090.8
22988.0	8783.893333333333
23063.0	10425.96
23138.0	19679.733333333334
23213.0	20490.533333333333
23288.0	18001.306666666667
23363.0	19260.8
23438.0	16775.253333333334
23513.0	15110.16
23588.0	2460.9866666666667
23663.0	2629.52
23738.0	2559.4666666666667
23813.0	3501.7066666666665
23888.0	3154.0533333333333
23963.0	2439.266666666667
24038.0	2718.0666666666666
24113.0	6414.8
24188.0	4653.1466666666665
24263.0	4917.466666666666
24338.0	3809.24
24413.0	7416.68
24488.0	2822.24
24563.0	3157.64
24638.0	2767.32
24713.0	15150.706666666667
24788.0	14150.573333333334
24863.0	13135.52
24938.0	15104.72
25013.0	20806.84
25088.0	7985.093333333333
25163.0	7058.133333333333
25238.0	7092.053333333333
25313.0	15271.586666666666
25388.0	10584.866666666667
25463.0	9746.6
25538.0	7267.426666666666
25613.0	12602.026666666667
25688.0	2088.68
25763.0	1413.7333333333333
25838.0	1612.7733333333333
25913.0	2487.213333333333
25988.0	3426.64
26063.0	3853.7066666666665
26138.0	2597.24
26213.0	5920.96
26288.0	7485.92
26363.0	5733.8533333333335
26438.0	4786.92
26513.0	9538.36
26588.0	18438.106666666667
26663.0	13287.12
26738.0	13072.733333333334
26813.0	14419.933333333332
26888.0	20769.36
26963.0	6076.493333333333
27038.0	5611.76
27113.0	6453.266666666666
27188.0	20002.586666666666
27263.0	12743.066666666668
27338.0	12866.573333333334
27413.0	13450.613333333333
27488.0	13283.92
27563.0	27.85333333333333
27638.0	8.253333333333334
27713.0	7.466666666666667
27788.0	147.09333333333333
27863.0	254.37333333333333
27938.0	240.89333333333335
28013.0	310.6533333333333
28088.0	10795.506666666666
28163.0	18638.0
28238.0	18639.293333333335
28313.0	19444.52
28388.0	27667.64
28463.0	19776.97333333333
28538.0	10899.266666666666
28613.0	13531.906666666666
28688.0	11251.04
28763.0	6984.933333333333
28838.0	145.10666666666665
28913.0	152.82666666666665
28988.0	5978.04
29063.0	14849.306666666667
29138.0	14399.066666666668
29213.0	13954.306666666667
29288.0	13236.786666666667
29363.0	9777.266666666666
29438.0	42.50666666666667
29513.0	136.53333333333333
29588.0	168.78666666666666
29663.0	178.44
29738.0	124.18666666666667
29813.0	121.08
29877.0	1.3962264150943395
