# Position (bp)	A	C	G	T	N
0.0	68.36798991808443	7.64020163831128	11.436672967863894	12.55513547574039	0.0
1.0	10.081915563957152	69.36042848141147	11.105860113421551	9.45179584120983	0.0
2.0	16.227657572906868	65.92975854499844	7.290686735653811	10.55189714644089	0.0
3.0	69.24519456165027	10.782934833567746	9.392092514455385	10.579778090326613	0.0
4.0	68.43256758868573	9.782778559149866	7.673073917799657	14.111579934364746	0.0
5.0	12.320424734540913	64.36602123672705	9.181761399125547	14.131792629606496	0.0
6.0	12.825713839912623	66.37540958027773	8.332033078483382	12.46684350132626	0.0
7.0	71.78287318671033	7.611917017625955	7.237560442988614	13.36764935267509	0.0
8.0	68.60972568578553	8.057980049875312	10.24002493765586	13.092269326683292	0.0
9.0	12.560386473429952	64.70313230481534	9.599501324606514	13.1369798971482	0.0
10.0	10.641944531006544	7.058273605484574	8.351511374259895	73.94827048924898	0.0
11.0	10.02646738284291	8.12704343764596	8.858788728008719	72.98770045150242	0.0
12.0	10.577072639601806	8.523876186032043	9.286047596826878	71.61300357753927	0.0
13.0	12.711732711732711	64.05594405594405	9.37062937062937	13.86169386169386	0.0
14.0	12.50775915580385	10.552451893234016	63.99751707014277	12.942271880819368	0.0
15.0	68.09531177471763	9.268141729846821	9.685904378771468	12.950642116664088	0.0
16.0	11.100803957946816	12.445887445887447	8.116883116883116	68.33642547928262	0.0
17.0	14.32983323038913	64.00555898702903	7.828906732550957	13.835701050030883	0.0
18.0	13.084400555469836	9.196111711155686	7.853726276809134	69.86576145656535	0.0
19.0	13.12259059367772	64.93446414803392	7.864302235929068	14.07864302235929	0.0
20.0	13.038793103448276	8.12807881773399	9.421182266009852	69.41194581280789	0.0
21.0	12.807125307125308	10.78009828009828	8.645577395577396	67.76719901719902	0.0
22.0	12.258361460570727	9.235961951518872	63.31696839521326	15.188708192697145	0.0
23.0	13.54710033752685	8.637618901503528	9.588830929733048	68.22644983123658	0.0
24.0	67.29029289986198	7.928231866278177	9.569084496242908	15.212390737616929	0.0
25.0	11.438209138301135	8.249003373198406	62.14351425942962	18.169273229070836	0.0
26.0	67.90861698865379	6.915056731064091	8.984973934375958	16.19135234590616	0.0
27.0	13.339466421343147	12.143514259429624	5.427782888684453	69.08923643054278	0.0
28.0	10.763569457221712	66.32934682612695	6.669733210671573	16.237350505979762	0.0
29.0	12.475095785440612	7.923371647509579	8.045977011494253	71.55555555555554	0.0
30.0	13.633559531153608	9.824182603331277	61.937075879086976	14.605181986428132	0.0
31.0	13.996288277141975	5.923291060934117	9.140117537890506	70.9403031240334	0.0
32.0	13.922480620155039	9.224806201550388	7.178294573643411	69.67441860465117	0.0
33.0	14.316803979480802	64.01367946525727	7.352712575781128	14.316803979480802	0.0
34.0	15.20385932150638	8.434484905073141	7.765328353563648	68.59632741985683	0.0
35.0	14.19425359150531	56.49594003747658	8.885071830106185	20.424734540911928	0.0
36.0	11.587848418415284	8.3463827121829	10.491700595051675	69.57406827435014	0.0
37.0	66.83921568627451	11.545098039215686	9.23921568627451	12.376470588235295	0.0
38.0	69.7455230914232	10.55607917059378	7.147345271756205	12.551052466226832	0.0
39.0	70.05818524925303	10.44189337946218	5.504010064475547	13.995911306809248	0.0
40.0	11.542100283822137	65.73636076947335	8.435824660990225	14.285714285714285	0.0
41.0	11.759127548601231	6.164058795637743	68.78457404773194	13.292239608029083	0.0
42.0	71.93650793650794	8.936507936507937	7.476190476190476	11.65079365079365	0.0
43.0	68.67296302225068	8.372018568913079	9.540579478149512	13.414438930686728	0.0
44.0	12.263242375601926	65.53772070626003	7.640449438202247	14.558587479935795	0.0
45.0	19.27403948206326	7.174697516450859	12.481426448736999	61.06983655274889	0.0
46.0	22.702354079329247	16.478555304740404	16.188326346339892	44.63076426959046	0.0
47.0	30.929003021148038	19.335347432024168	18.617824773413897	31.1178247734139	0.0
48.0	24.37905999235766	24.37905999235766	13.488727550630491	37.753152464654185	0.0
49.0	25.37893509521959	20.98717450446949	19.821220365332298	33.81267003497862	0.0
50.0	26.406249999999996	26.4453125	16.171875	30.9765625	0.0
51.0	29.02084152575698	17.302398741643728	14.589068029885963	39.08769170271333	0.0
52.0	29.521171349426194	14.04827859121488	22.675108824693314	33.75544123466561	0.0
53.0	29.864433811802233	19.338118022328548	21.451355661881976	29.346092503987244	0.0
54.0	29.306122448979593	21.306122448979593	17.836734693877553	31.551020408163268	0.0
55.0	28.618152085036797	16.107931316434996	22.812755519215045	32.461161079313165	0.0
56.0	27.18204488778055	16.375727348295925	26.683291770573565	29.75893599334996	0.0
57.0	28.324915824915823	16.792929292929294	22.39057239057239	32.49158249158249	0.0
58.0	25.581395348837212	20.380549682875266	21.141649048625794	32.89640591966173	0.0
59.0	30.602716468590828	19.35483870967742	19.482173174872667	30.560271646859082	0.0
60.0	29.789969995713673	18.302614659237033	18.25975139305615	33.64766395199314	0.0
61.0	29.202401372212694	16.037735849056602	23.58490566037736	31.174957118353348	0.0
62.0	26.660914581535806	22.562553925798102	24.547023295944783	26.229508196721312	0.0
63.0	32.201914708442125	17.62402088772846	18.97302001740644	31.20104438642298	0.0
64.0	31.61120840630473	19.746059544658497	22.066549912434326	26.57618213660245	0.0
65.0	29.21249450065992	23.053233611966565	20.985481742190938	26.74879014518258	0.0
66.0	32.273730684326715	15.32008830022075	23.399558498896248	29.00662251655629	0.0
67.0	27.802294792586054	18.976169461606354	21.09443954104148	32.12709620476611	0.0
68.0	28.42661965623623	20.93433230498017	17.849272807404144	32.789775231379465	0.0
69.0	28.09765085214187	19.299861814831875	19.990787655458313	32.61169967756794	0.0
70.0	28.949814126394052	22.397769516728623	16.54275092936803	32.10966542750929	0.0
71.0	28.031716417910445	24.113805970149254	17.07089552238806	30.783582089552237	0.0
72.0	30.046511627906973	19.581395348837212	19.441860465116278	30.930232558139537	0.0
73.0	28.22921559417567	19.11695631751996	21.46547674964772	31.188351338656645	0.0
74.0	30.66271018793274	17.210682492581604	21.216617210682493	30.909990108803164	0.0
75.0	29.145473041709053	20.600203458799594	22.482197355035606	27.77212614445575	0.0
76.0	26.255825996892803	20.507509062661832	19.31641636457794	33.920248575867426	0.0
77.0	30.28391167192429	18.349106203995795	20.977917981072554	30.38906414300736	0.0
78.0	31.404523934771174	21.094160967911627	18.095739084692266	29.405576012624934	0.0
79.0	29.76127320954907	22.175066312997345	16.923076923076923	31.140583554376654	0.0
80.0	30.555555555555557	17.735042735042736	20.886752136752136	30.822649572649574	0.0
81.0	28.11158798283262	17.918454935622318	18.776824034334762	35.1931330472103	0.0
82.0	33.98586188145731	16.585100598151172	21.642196846112014	27.7868406742795	0.0
83.0	30.446623093681918	18.02832244008715	20.206971677559913	31.318082788671024	0.0
84.0	28.21350762527233	20.206971677559913	21.187363834422655	30.392156862745097	0.0
85.0	35.367847411444146	17.220708446866485	18.147138964577657	29.264305177111716	0.0
86.0	29.796591533809785	17.097306212204508	22.264980758658602	30.8411214953271	0.0
87.0	31.332599118942735	21.255506607929515	22.301762114537446	25.11013215859031	0.0
88.0	34.63872035300607	18.47766133480419	17.484831770546055	29.398786541643684	0.0
89.0	29.3007769145394	15.926748057713652	16.9811320754717	37.79134295227525	0.0
90.0	30.980392156862745	17.703081232493	19.66386554621849	31.652661064425768	0.0
91.0	31.176139561057965	22.34102419808666	15.644344400675294	30.838491840180076	0.0
92.0	28.82120699379583	19.96615905245347	17.59729272419628	33.61534122955443	0.0
93.0	34.1643059490085	16.543909348441925	17.280453257790366	32.01133144475921	0.0
94.0	30.158730158730158	17.17687074829932	19.954648526077097	32.709750566893426	0.0
95.0	31.064073226544625	16.304347826086957	20.59496567505721	32.036613272311214	0.0
96.0	30.53173241852487	17.152658662092623	19.897084048027445	32.41852487135506	0.0
97.0	31.214203894616265	18.04123711340206	18.384879725085913	32.35967926689576	0.0
98.0	31.26079447322971	20.95567069660334	16.92573402417962	30.857800805987335	0.0
99.0	31.53623188405797	18.608695652173914	19.768115942028984	30.08695652173913	0.0
100.0	33.54651162790698	13.372093023255813	20.69767441860465	32.383720930232556	0.0
101.0	32.53504672897196	18.574766355140188	19.334112149532707	29.556074766355138	0.0
102.0	31.727379553466513	15.687426556991774	19.9764982373678	32.608695652173914	0.0
103.0	27.28883638511518	16.538688718251624	21.204961606615473	34.96751329001772	0.0
104.0	25.729600952948182	18.70160810005956	20.96486003573556	34.603930911256704	0.0
105.0	27.86396181384248	20.405727923627683	19.570405727923628	32.159904534606206	0.0
106.0	32.03825463239689	18.290496114763897	18.111177525403466	31.560071727435744	0.0
107.0	31.37724550898204	17.964071856287426	18.622754491017965	32.035928143712574	0.0
108.0	33.83233532934132	17.784431137724553	15.68862275449102	32.69461077844311	0.0
109.0	30.233953209358127	19.49610077984403	19.67606478704259	30.593881223755247	0.0
110.0	26.23642943305187	20.325693606755127	21.29071170084439	32.14716525934861	0.0
111.0	29.631864815932406	18.044659022329512	20.76041038020519	31.563065781532888	0.0
112.0	26.69082125603865	18.297101449275363	22.705314009661837	32.306763285024154	0.0
113.0	31.499395405078594	18.802902055622734	19.044740024183795	30.652962515114872	0.0
114.0	28.29386763812993	18.397085610200364	21.311475409836063	31.997571341833638	0.0
115.0	27.145465611685943	19.172245891661593	19.35483870967742	34.327449786975045	0.0
116.0	28.70201096892139	18.34247410115783	18.58622790981109	34.36928702010969	0.0
117.0	30.623471882640587	19.070904645476773	19.193154034229828	31.112469437652813	0.0
118.0	27.283874923359903	15.144083384426732	21.949724095646843	35.622317596566525	0.0
119.0	25.44451256897609	20.723482526057634	27.467811158798284	26.364193746167995	0.0
120.0	27.038626609442062	21.64316370324954	21.704475781729002	29.613733905579398	0.0
121.0	28.76459741856177	20.405654578979718	18.315918869084204	32.51382913337431	0.0
122.0	30.50430504305043	17.22017220172202	20.84870848708487	31.42681426814268	0.0
123.0	35.11685116851169	17.650676506765066	17.404674046740467	29.82779827798278	0.0
124.0	31.795817958179583	17.83517835178352	20.418204182041823	29.95079950799508	0.0
125.0	28.782287822878228	19.803198031980322	18.38868388683887	33.025830258302584	0.0
126.0	31.134401972872993	18.8039457459926	17.50924784217016	32.552404438964246	0.0
127.0	30.018529956763434	18.65348980852378	19.827053736874614	31.500926497838172	0.0
128.0	31.455108359133128	17.151702786377708	18.823529411764707	32.56965944272446	0.0
129.0	29.349845201238388	17.647058823529413	18.08049535603715	34.92260061919505	0.0
130.0	31.59528243327126	18.808193668528865	15.9528243327126	33.643699565487275	0.0
131.0	30.242688238954575	21.281891723708775	17.672682016179216	30.802738021157438	0.0
132.0	30.754834684965687	18.15346225826575	21.14784778540237	29.94385527136619	0.0
133.0	27.52808988764045	22.72159800249688	19.288389513108616	30.46192259675406	0.0
134.0	25.844806007509387	20.713391739674595	20.838548185231538	32.60325406758448	0.0
135.0	29.385964912280706	17.293233082706767	21.67919799498747	31.641604010025066	0.0
136.0	24.06015037593985	18.671679197994987	21.804511278195488	35.46365914786968	0.0
137.0	29.529780564263326	15.047021943573668	20.313479623824453	35.10971786833856	0.0
138.0	27.889447236180903	18.02763819095477	21.608040201005025	32.4748743718593	0.0
139.0	29.030226700251887	18.198992443324936	19.64735516372796	33.123425692695214	0.0
140.0	29.430379746835445	17.594936708860757	21.455696202531644	31.518987341772153	0.0
141.0	31.455696202531648	17.341772151898734	21.012658227848103	30.189873417721518	0.0
142.0	31.19440914866582	15.438373570520966	17.97966963151207	35.38754764930114	0.0
143.0	32.630906768837804	19.66794380587484	18.773946360153257	28.9272030651341	0.0
144.0	32.22079589216945	17.137355584082155	18.421052631578945	32.22079589216945	0.0
145.0	28.938906752411576	16.527331189710612	20.643086816720256	33.89067524115756	0.0
146.0	26.54639175257732	18.427835051546392	18.75	36.27577319587629	0.0
147.0	28.74677002583979	18.281653746770026	18.733850129198967	34.23772609819121	0.0
148.0	26.718547341115436	20.492866407263293	19.974059662775616	32.81452658884565	0.0
149.0	30.539311241065626	20.532813515269655	16.30929174788824	32.61858349577648	0.0
150.0	27.521145087833442	19.908913467794402	18.932986337020168	33.63695510735199	0.0
151.0	28.440965427266796	18.460534898891062	21.200260926288323	31.898238747553815	0.0
152.0	27.665140614780903	19.22825376062786	16.808371484630477	36.29823413996076	0.0
153.0	32.04202232435981	18.384766907419568	18.25344714379514	31.319763624425477	0.0
154.0	31.683168316831683	14.785478547854785	20.594059405940595	32.93729372937293	0.0
155.0	30.972865651886167	20.383851753805427	16.214427531436133	32.428855062872266	0.0
156.0	32.421614409606406	15.61040693795864	19.679786524349566	32.28819212808539	0.0
157.0	31.659973226238286	17.8045515394913	19.34404283801874	31.191432396251674	0.0
158.0	28.542646071188717	22.095366017461384	15.916722632639354	33.445265278710544	0.0
159.0	37.5	13.31081081081081	19.594594594594593	29.594594594594593	0.0
160.0	25.98105548037889	20.16238159675237	22.19215155615697	31.66441136671177	0.0
161.0	30.23728813559322	19.864406779661017	20.33898305084746	29.559322033898304	0.0
162.0	31.093007467752887	18.126272912423623	20.095044127630686	30.685675492192804	0.0
163.0	29.63215258855586	18.11989100817439	15.735694822888282	36.51226158038147	0.0
164.0	30.449591280653955	15.940054495912806	21.457765667574932	32.15258855585831	0.0
165.0	30.879345603271986	18.064076346284935	20.245398773006134	30.811179277436946	0.0
166.0	28.240109140518417	19.918144611186904	19.64529331514325	32.196452933151434	0.0
167.0	27.291381668946645	19.835841313269494	22.43502051983584	30.437756497948016	0.0
168.0	26.936257710760795	18.848526387936943	18.98560657984921	35.22960932145305	0.0
169.0	27.129120879120876	17.23901098901099	19.917582417582416	35.714285714285715	0.0
170.0	30.455801104972373	16.091160220994475	19.406077348066297	34.04696132596685	0.0
171.0	32.91753291753292	17.671517671517673	17.325017325017324	32.085932085932086	0.0
172.0	30.11126564673157	22.18358831710709	15.92489568845619	31.780250347705145	0.0
173.0	30.84958217270195	16.364902506963787	20.264623955431755	32.5208913649025	0.0
174.0	30.160951714485655	18.964310706787963	18.754373687893633	32.12036389083275	0.0
175.0	28.48101265822785	17.932489451476794	21.237693389592124	32.34880450070324	0.0
176.0	29.320113314447593	18.76770538243626	19.334277620396602	32.577903682719544	0.0
177.0	28.95670688431512	22.214336408800566	18.594748048261177	30.234208658623135	0.0
178.0	28.459343794579173	19.971469329529242	19.757489300998575	31.81169757489301	0.0
179.0	26.03719599427754	18.4549356223176	23.24749642346209	32.26037195994277	0.0
180.0	30.272596843615496	15.638450502152079	21.018651362984215	33.07030129124821	0.0
181.0	27.873563218390807	19.25287356321839	20.186781609195403	32.68678160919541	0.0
182.0	34.31867339581831	17.59192501802451	19.25018024513338	28.83922134102379	0.0
183.0	30.519480519480517	21.71717171717172	20.634920634920633	27.12842712842713	0.0
184.0	31.2545322697607	19.579405366207396	17.91153009427121	31.2545322697607	0.0
185.0	27.093954843408596	21.04879825200291	25.054624908958484	26.802621995630005	0.0
186.0	30.707512764405543	16.630196936542667	21.73595915390226	30.926331145149526	0.0
187.0	30.345334313005146	21.381337252020575	16.67891256429096	31.594415870683324	0.0
188.0	27.941176470588236	19.852941176470587	20.955882352941178	31.25	0.0
189.0	30.62130177514793	18.269230769230766	19.82248520710059	31.28698224852071	0.0
190.0	30.096367679762785	17.420311341734617	18.977020014825797	33.5063009636768	0.0
191.0	29.135618479880776	19.225037257824145	19.150521609538004	32.48882265275708	0.0
192.0	29.790419161676645	19.68562874251497	20.35928143712575	30.164670658682635	0.0
193.0	29.87987987987988	18.76876876876877	21.62162162162162	29.72972972972973	0.0
194.0	27.710843373493976	21.310240963855424	22.213855421686745	28.76506024096386	0.0
195.0	28.701594533029613	20.88078967350038	19.741837509491265	30.675778283978737	0.0
196.0	29.371165644171782	18.55828220858896	20.552147239263803	31.518404907975462	0.0
197.0	30.364058869093725	19.752130131680868	22.153369481022462	27.73044151820294	0.0
198.0	27.258320126782888	23.93026941362916	21.79080824088748	27.020602218700475	0.0
199.0	27.897350993377483	23.67549668874172	19.205298013245034	29.221854304635762	0.0
200.0	28.39024390243902	16.0	20.29268292682927	35.3170731707317	0.0
201.0	30.81232492997199	18.627450980392158	16.946778711484594	33.61344537815126	0.0
202.0	37.81512605042017	15.266106442577032	18.207282913165265	28.711484593837532	0.0
203.0	37.04225352112676	16.901408450704224	16.619718309859156	29.43661971830986	0.0
204.0	35.59322033898305	16.94915254237288	22.598870056497177	24.858757062146893	0.0
205.0	33.994334277620396	16.855524079320112	23.654390934844194	25.495750708215297	0.0
206.0	30.91168091168091	20.7977207977208	17.663817663817664	30.626780626780626	0.0
207.0	28.999999999999996	22.428571428571427	16.28571428571429	32.285714285714285	0.0
208.0	28.08022922636103	17.908309455587393	21.346704871060172	32.664756446991404	0.0
209.0	23.20916905444126	19.62750716332378	20.34383954154728	36.81948424068768	0.0
210.0	27.729885057471265	15.660919540229884	18.39080459770115	38.2183908045977	0.0
211.0	31.89033189033189	20.634920634920633	17.46031746031746	30.014430014430015	0.0
212.0	25.94202898550725	16.3768115942029	21.15942028985507	36.52173913043478	0.0
213.0	28.197674418604652	20.49418604651163	17.151162790697676	34.156976744186046	0.0
214.0	28.613138686131386	26.423357664233578	18.394160583941606	26.56934306569343	0.0
215.0	28.299120234604107	24.486803519061585	17.595307917888565	29.61876832844575	0.0
216.0	30.191458026509572	16.05301914580265	17.23122238586156	36.52430044182621	0.0
217.0	27.123695976154995	16.542473919523097	24.14307004470939	32.190760059612515	0.0
218.0	25.6838905775076	18.99696048632219	20.212765957446805	35.1063829787234	0.0
219.0	17.932148626817447	22.617124394184167	25.848142164781905	33.60258481421648	0.0
220.0	0.0	29.767441860465116	25.581395348837212	44.651162790697676	0.0
