#Read position (bp)	Clipping profile
0.0	9.593527889685893
1.0	8.082932101798173
2.0	6.761652091317022
3.0	5.682748681667813
4.0	4.148570305591039
5.0	3.5426288035111853
6.0	2.856768530346206
7.0	2.2462415250073695
8.0	1.794241918050506
9.0	1.3861321280010481
10.0	1.0356686646359439
11.0	0.6570371098228031
12.0	0.3118142216108218
13.0	0.0
14.0	0.0
15.0	0.0
16.0	0.0
17.0	0.0
18.0	0.0
19.0	0.0
20.0	0.0
21.0	0.0
22.0	0.0
23.0	0.0
24.0	0.0
25.0	0.0
26.0	0.0
27.0	0.0
28.0	0.0
29.0	6.55071894140382E-4
30.0	0.004585503258982673
31.0	0.005240575153123056
32.0	0.0058956470472634375
33.0	0.007205790835544202
34.0	0.012446365988667257
35.0	0.002620287576561528
36.0	0.004585503258982673
37.0	0.005240575153123056
38.0	0.006550718941403818
39.0	0.006550718941403818
40.0	0.005240575153123056
41.0	0.0058956470472634375
42.0	0.006550718941403818
43.0	0.009826078412105728
44.0	0.009171006517965347
45.0	0.009826078412105728
46.0	0.011136222200386493
47.0	0.017686941141790313
48.0	0.02030722871835184
49.0	0.024892731977334513
50.0	0.026857947659755656
51.0	0.03209852281287871
52.0	0.028823163342176807
53.0	0.025547803871474893
54.0	0.03144345091873833
55.0	0.026857947659755656
56.0	0.029478235236317183
57.0	0.043234745013265206
58.0	0.1375650977694802
59.0	0.3878025613311061
60.0	0.8673151878418656
61.0	1.1522714617929317
62.0	1.5132160754642823
63.0	2.377255903835446
64.0	3.0552553142707413
65.0	3.591759195571714
66.0	4.444662801742491
67.0	5.255641806688284
68.0	6.545478366250696
69.0	7.44554714879958
70.0	7.753430939045561
71.0	6.9463823654646095
