#Position (bp)	Coverage
38.0	0.0
113.0	0.0
188.0	0.0
263.0	0.0
338.0	0.0
413.0	0.0
488.0	0.84
563.0	0.10666666666666667
638.0	0.0
713.0	0.0
788.0	0.0
863.0	0.0
938.0	0.0
1013.0	0.0
1088.0	0.28
1163.0	0.68
1238.0	0.0
1313.0	0.0
1388.0	0.0
1463.0	0.76
1538.0	0.2
1613.0	0.0
1688.0	0.0
1763.0	0.0
1838.0	0.0
1913.0	0.21333333333333335
1988.0	1.4
2063.0	1.16
2138.0	0.92
2213.0	0.14666666666666667
2288.0	0.0
2363.0	0.0
2438.0	0.0
2513.0	0.4666666666666667
2588.0	2.4133333333333336
2663.0	1.0266666666666666
2738.0	1.3866666666666667
2813.0	1.3866666666666667
2888.0	0.0
2963.0	0.0
3038.0	0.0
3113.0	0.0
3188.0	0.0
3263.0	0.0
3338.0	0.0
3413.0	0.0
3488.0	0.0
3563.0	0.0
3638.0	0.0
3713.0	0.0
3788.0	0.0
3863.0	0.0
3938.0	0.0
4013.0	0.0
4088.0	0.8533333333333334
4163.0	1.0666666666666667
4238.0	0.92
4313.0	0.9866666666666667
4388.0	0.0
4463.0	0.0
4538.0	0.0
4613.0	0.0
4688.0	0.0
4763.0	0.0
4838.0	0.0
4913.0	0.0
4988.0	0.0
5063.0	0.0
5138.0	0.0
5213.0	0.4666666666666667
5288.0	0.49333333333333335
5363.0	0.0
5438.0	0.0
5513.0	0.05333333333333334
5588.0	0.9066666666666666
5663.0	0.0
5738.0	0.0
5813.0	0.49333333333333335
5888.0	1.36
5963.0	0.06666666666666667
6038.0	0.0
6113.0	0.05333333333333334
6188.0	1.56
6263.0	0.5466666666666666
6338.0	1.08
6413.0	1.2
6488.0	1.1333333333333333
6563.0	0.17333333333333334
6638.0	0.0
6713.0	0.0
6788.0	0.0
6863.0	0.0
6938.0	0.30666666666666664
7013.0	1.84
7088.0	0.7333333333333333
7163.0	0.0
7238.0	0.0
7313.0	0.0
7388.0	0.0
7463.0	0.0
7538.0	0.0
7613.0	0.0
7688.0	0.0
7763.0	0.28
7838.0	0.6666666666666666
7913.0	0.8
7988.0	0.5866666666666667
8063.0	1.8933333333333333
8138.0	0.5733333333333334
8213.0	0.0
8288.0	0.9333333333333333
8363.0	0.02666666666666667
8438.0	0.0
8513.0	0.0
8588.0	0.0
8663.0	0.6533333333333333
8738.0	0.30666666666666664
8813.0	0.0
8888.0	0.0
8963.0	0.0
9038.0	0.09333333333333334
9113.0	0.8666666666666667
9188.0	0.0
9263.0	0.0
9338.0	0.0
9413.0	0.0
9488.0	0.36
9563.0	2.2666666666666666
9638.0	1.0
9713.0	0.0
9788.0	0.02666666666666667
9863.0	0.9333333333333333
9938.0	0.0
10013.0	0.0
10088.0	0.0
10163.0	0.0
10238.0	0.0
10313.0	1.2
10388.0	0.72
10463.0	0.0
10538.0	0.0
10613.0	0.0
10688.0	0.29333333333333333
10763.0	0.6533333333333333
10838.0	0.52
10913.0	0.44
10988.0	0.0
11063.0	0.0
11138.0	0.4533333333333333
11213.0	1.8666666666666667
11288.0	0.8933333333333333
11363.0	2.533333333333333
11438.0	1.8133333333333332
11513.0	2.6266666666666665
11588.0	0.24
11663.0	0.0
11738.0	0.8266666666666667
11813.0	0.13333333333333333
11888.0	1.5066666666666666
11963.0	0.4
12038.0	0.0
12113.0	0.0
12188.0	0.6133333333333333
12263.0	1.0666666666666667
12338.0	0.10666666666666667
12413.0	0.0
12488.0	0.0
12563.0	0.0
12638.0	0.0
12713.0	0.44
12788.0	1.48
12863.0	0.0
12938.0	0.0
13013.0	0.6133333333333333
13088.0	1.0533333333333332
13163.0	0.6
13238.0	0.68
13313.0	2.7866666666666666
13388.0	1.7333333333333334
13463.0	0.0
13538.0	0.0
13613.0	0.0
13688.0	0.0
13763.0	0.0
13838.0	0.0
13913.0	0.0
13988.0	0.0
14063.0	0.0
14138.0	0.0
14213.0	0.0
14288.0	0.0
14363.0	1.4266666666666667
14438.0	1.3466666666666667
14513.0	0.49333333333333335
14588.0	0.4666666666666667
14663.0	0.0
14738.0	0.7466666666666667
14813.0	0.2
14888.0	0.3466666666666667
14963.0	0.6133333333333333
15038.0	0.0
15113.0	0.0
15188.0	0.0
15263.0	0.18666666666666668
15338.0	0.76
15413.0	0.0
15488.0	0.0
15563.0	0.0
15638.0	1.68
15713.0	0.8266666666666667
15788.0	0.8266666666666667
15863.0	0.4666666666666667
15938.0	0.0
16013.0	0.7866666666666666
16088.0	0.14666666666666667
16163.0	0.0
16238.0	0.0
16313.0	0.9466666666666667
16388.0	0.9733333333333334
16463.0	0.0
16538.0	0.0
16613.0	0.0
16688.0	0.0
16763.0	0.0
16838.0	0.68
16913.0	0.28
16988.0	0.25333333333333335
17063.0	1.6666666666666667
17138.0	0.36
17213.0	0.6
17288.0	0.0
17363.0	1.9066666666666667
17438.0	0.9733333333333334
17513.0	0.0
17588.0	0.0
17663.0	0.0
17738.0	0.0
17813.0	0.0
17888.0	0.0
17963.0	0.0
18038.0	0.0
18113.0	0.84
18188.0	0.8
18263.0	0.26666666666666666
18338.0	0.0
18413.0	0.0
18488.0	0.0
18563.0	0.0
18638.0	0.0
18713.0	0.0
18788.0	0.92
18863.0	0.04
18938.0	0.8266666666666667
19013.0	0.13333333333333333
19088.0	0.14666666666666667
19163.0	0.8133333333333334
19238.0	0.0
19313.0	0.0
19388.0	0.0
19463.0	0.0
19538.0	0.0
19613.0	0.0
19688.0	0.0
19763.0	0.0
19838.0	0.26666666666666666
19913.0	0.6933333333333334
19988.0	0.0
20063.0	0.0
20138.0	0.0
20213.0	0.0
20288.0	0.0
20363.0	0.0
20438.0	0.0
20513.0	0.0
20588.0	0.96
20663.0	0.0
20738.0	0.0
20813.0	0.0
20888.0	0.0
20963.0	0.0
21038.0	0.0
21113.0	0.0
21188.0	0.0
21263.0	0.0
21338.0	0.0
21413.0	0.0
21488.0	0.0
21563.0	0.0
21638.0	0.64
21713.0	0.32
21788.0	0.0
21863.0	0.0
21938.0	0.0
22013.0	0.0
22088.0	0.0
22163.0	0.0
22238.0	0.0
22313.0	0.0
22388.0	0.0
22463.0	0.0
22538.0	0.0
22613.0	0.0
22688.0	0.0
22763.0	0.0
22838.0	0.0
22913.0	0.8533333333333334
22988.0	0.10666666666666667
23063.0	0.0
23138.0	0.0
23213.0	0.0
23288.0	0.0
23363.0	0.37333333333333335
23438.0	0.52
23513.0	0.0
23588.0	0.0
23663.0	0.0
23738.0	0.0
23813.0	0.76
23888.0	0.2
23963.0	0.0
24038.0	0.8666666666666667
24113.0	0.9466666666666667
24188.0	0.09333333333333334
24263.0	0.0
24338.0	0.06666666666666667
24413.0	0.8666666666666667
24488.0	0.17333333333333334
24563.0	0.7866666666666666
24638.0	0.0
24713.0	0.0
24788.0	0.0
24863.0	0.36
24938.0	0.6
25013.0	0.0
25088.0	0.0
25163.0	0.0
25238.0	0.0
25313.0	0.0
25388.0	0.3333333333333333
25463.0	1.1866666666666668
25538.0	0.3466666666666667
25613.0	0.0
25688.0	0.013333333333333334
25763.0	0.9333333333333333
25838.0	0.49333333333333335
25913.0	0.5866666666666667
25988.0	1.2266666666666666
26063.0	0.6
26138.0	1.7733333333333334
26213.0	2.4133333333333336
26288.0	0.24
26363.0	0.0
26438.0	1.4666666666666666
26513.0	0.4533333333333333
26588.0	0.0
26663.0	0.0
26738.0	0.0
26813.0	0.0
26888.0	0.0
26963.0	0.0
27038.0	0.0
27113.0	0.4266666666666667
27188.0	1.4933333333333334
27263.0	0.0
27338.0	0.84
27413.0	0.96
27488.0	0.12
27563.0	0.0
27638.0	0.0
27713.0	0.0
27788.0	0.0
27863.0	0.0
27938.0	0.0
28013.0	0.0
28088.0	0.29333333333333333
28163.0	0.6666666666666666
28238.0	0.0
28313.0	0.0
28388.0	0.8133333333333334
28463.0	0.14666666666666667
28538.0	0.0
28613.0	0.0
28688.0	0.3333333333333333
28763.0	0.6266666666666667
28838.0	0.0
28913.0	0.0
28988.0	0.0
29063.0	0.0
29138.0	0.0
29213.0	0.0
29288.0	0.0
29363.0	0.0
29438.0	0.0
29513.0	0.0
29588.0	0.0
29663.0	0.0
29738.0	0.0
29813.0	0.0
29877.0	0.0
