# Position (bp)	A	C	G	T	N
0.0	69.18819188191881	8.1549815498155	10.885608856088561	11.771217712177123	0.0
1.0	9.280442804428045	69.4649446494465	10.77490774907749	10.47970479704797	0.0
2.0	13.443223443223443	65.34798534798534	7.435897435897436	13.772893772893774	0.0
3.0	68.93718042366692	9.057706355003653	9.477720964207451	12.527392257121987	0.0
4.0	68.06569343065694	9.416058394160585	8.266423357664234	14.25182481751825	0.0
5.0	13.058544592376437	65.67572496808317	8.663140616450848	12.602589823089549	0.0
6.0	13.691886964448496	64.83135824977211	8.167730173199637	13.309024612579762	0.0
7.0	70.34809549845087	8.456351375979589	8.766174594496082	12.429378531073446	0.0
8.0	68.46420112953179	11.258881399161961	8.708325742393878	11.56859172891237	0.0
9.0	13.146394756008739	64.22068463219229	8.266569555717407	14.366351056081573	0.0
10.0	13.216821409066085	7.464045148370653	8.574549426542873	70.74458401602038	0.0
11.0	11.895234630774826	9.185158239359767	8.60312841033103	70.31647871953439	0.0
12.0	12.136627906976743	8.06686046511628	9.920058139534884	69.87645348837209	0.0
13.0	12.522686025408348	63.64791288566243	9.364791288566243	14.464609800362977	0.0
14.0	12.737814821525639	8.334843268708099	65.68218880231926	13.245153107447003	0.0
15.0	66.05206073752711	9.30947216196674	9.85177151120752	14.786695589298626	0.0
16.0	11.574575659082702	9.353557240881184	9.967497291440953	69.10436980859515	0.0
17.0	13.714182735628041	62.587853667327444	9.515227969003424	14.182735628041087	0.0
18.0	12.03386777157269	9.619888308412898	9.998198522788687	68.34804539722572	0.0
19.0	12.983276389138645	64.8624348138824	9.153030030570042	13.001258766408919	0.0
20.0	13.11769991015274	9.937106918238994	8.7151841868823	68.23000898472597	0.0
21.0	13.642882753675153	9.51954105414127	9.555396199354607	67.28217999282897	0.0
22.0	12.074525259763526	8.652812611967036	64.52884270870656	14.74381941956288	0.0
23.0	13.766559255281061	8.682420336555676	9.112065878983172	68.4389545291801	0.0
24.0	67.56080114449213	8.029327610872675	9.513590844062946	14.896280400572245	0.0
25.0	14.122273864855202	8.258848766535575	63.19270647121916	14.426170897390062	0.0
26.0	68.06647605432453	8.774124374553253	8.041458184417442	15.11794138670479	0.0
27.0	12.4151482672383	11.343336906037871	6.591639871382636	69.64987495534119	0.0
28.0	12.990720913633119	63.16916488222698	6.602426837972876	17.237687366167023	0.0
29.0	15.039201710620102	7.982893799002139	7.608695652173914	69.36920883820385	0.0
30.0	14.446227929373997	8.560727661851256	61.53023006955591	15.462814339218834	0.0
31.0	14.196316824602182	8.278204898980869	8.367602360092974	69.15787591632397	0.0
32.0	13.097376931369025	8.336327703916636	8.426158821415738	70.14013654329861	0.0
33.0	13.95139513951395	63.45634563456346	7.902790279027903	14.68946894689469	0.0
34.0	14.365336209996403	9.582883854728514	9.313196691837469	66.73858324343762	0.0
35.0	12.511267351721653	63.85433567694248	8.166576527852893	15.467820443482964	0.0
36.0	13.323704639826683	9.117169164109045	8.142263946560751	69.41686224950352	0.0
37.0	67.95080484716947	9.404955688189547	8.46446011937059	14.179779345270394	0.0
38.0	68.87117231382497	9.494473636528356	7.664431962312013	13.969922087334663	0.0
39.0	68.50578871201158	9.298118668596238	6.783646888567294	15.412445730824892	0.0
40.0	12.509090909090908	63.709090909090904	9.454545454545455	14.327272727272728	0.0
41.0	12.669104204753198	7.294332723948811	66.08775137111517	13.948811700182814	0.0
42.0	69.78746793697324	8.574569439355075	8.904360571637962	12.733602052033714	0.0
43.0	69.82346450901066	8.826774549466716	8.367046708348658	12.982714233173962	0.0
44.0	15.225424981522542	63.155949741315595	7.372505543237251	14.246119733924612	0.0
45.0	27.541093592754105	13.284132841328415	13.955048641395503	45.21972492452197	0.0
46.0	28.03330689928628	17.089611419508326	19.42902458366376	35.448057097541636	0.0
47.0	29.48453608247423	19.09278350515464	19.670103092783506	31.752577319587626	0.0
48.0	27.110187110187113	19.584199584199585	17.33887733887734	35.96673596673597	0.0
49.0	28.33957553058677	19.558884727424054	20.973782771535582	31.127756970453603	0.0
50.0	27.969987494789493	21.967486452688618	17.84076698624427	32.22175906627761	0.0
51.0	28.7087338069369	18.261596322607605	17.425825323861265	35.60384454659423	0.0
52.0	27.265100671140942	17.156040268456376	19.71476510067114	35.86409395973154	0.0
53.0	31.408094435075885	19.139966273187184	19.94097807757167	29.51096121416526	0.0
54.0	29.39189189189189	22.00168918918919	17.778716216216218	30.8277027027027	0.0
55.0	31.443080829454082	18.916631400761744	17.774016081252643	31.866271688531526	0.0
56.0	27.318932655654383	19.186785260482846	20.71156289707751	32.78271918678526	0.0
57.0	32.098765432098766	16.347381864623244	19.455087271179224	32.098765432098766	0.0
58.0	27.358087921468204	19.88903115663679	20.145113102859582	32.60776781903543	0.0
59.0	25.396825396825395	20.506220506220508	23.981123981123982	30.115830115830118	0.0
60.0	26.86695278969957	18.798283261802577	20.386266094420602	33.94849785407725	0.0
61.0	29.948364888123923	17.29776247848537	22.289156626506024	30.46471600688468	0.0
62.0	29.17748917748918	20.259740259740262	21.298701298701296	29.264069264069263	0.0
63.0	32.36568457538995	17.677642980935875	20.797227036395146	29.159445407279026	0.0
64.0	30.96270598438855	17.476149176062446	20.59843885516045	30.96270598438855	0.0
65.0	28.142670726402784	18.09482383645063	22.31404958677686	31.448455850369726	0.0
66.0	30.361026533275336	15.615484993475423	21.661591996520226	32.361896476729015	0.0
67.0	27.070619006102874	17.829119442022666	21.14210985178727	33.958151700087186	0.0
68.0	25.959860383944154	19.677137870855148	19.80802792321117	34.55497382198953	0.0
69.0	26.048951048951047	20.585664335664337	22.465034965034967	30.90034965034965	0.0
70.0	28.20288587669436	21.55662439877569	19.588981198076084	30.65150852645387	0.0
71.0	27.870289219982467	20.639789658194566	20.3330411919369	31.156879929886067	0.0
72.0	27.76315789473684	20.087719298245617	18.201754385964914	33.94736842105263	0.0
73.0	28.010586678429643	18.74724305249228	21.12924569916189	32.11292456991619	0.0
74.0	31.037527593818986	15.849889624724062	21.94260485651214	31.169977924944813	0.0
75.0	30.06216696269982	19.13854351687389	22.602131438721138	28.197158081705155	0.0
76.0	29.65271593944791	21.682991985752448	17.67586821015138	30.98842386464826	0.0
77.0	30.071174377224196	19.217081850533805	19.217081850533805	31.494661921708182	0.0
78.0	28.85816235504014	21.944692239072257	19.89295272078501	29.30419268510259	0.0
79.0	29.87941045109424	20.23224653863332	19.026351049575705	30.861991960696738	0.0
80.0	29.435483870967744	18.593189964157705	20.519713261648747	31.451612903225808	0.0
81.0	27.415730337078653	18.426966292134832	18.471910112359552	35.68539325842697	0.0
82.0	31.69522091974752	18.12443642921551	20.649233543733093	29.531109107303877	0.0
83.0	29.46750902527076	18.81768953068592	20.938628158844764	30.776173285198556	0.0
84.0	28.623024830699773	18.78103837471783	20.812641083521445	31.783295711060948	0.0
85.0	30.629814227458084	19.120978704123246	21.930222020842773	28.318985047575897	0.0
86.0	30.622444343480236	18.355293048614264	22.489777373920944	28.532485233984552	0.0
87.0	32.43858052775251	19.153776160145586	18.926296633303004	29.481346678798907	0.0
88.0	33.62147406733394	18.24385805277525	17.10646041856233	31.028207461328485	0.0
89.0	29.59927140255009	18.123861566484518	17.577413479052822	34.69945355191257	0.0
90.0	29.548563611491108	17.647058823529413	19.653442772457822	33.15093479252166	0.0
91.0	30.159453302961275	21.366742596810933	16.537585421412302	31.936218678815493	0.0
92.0	28.277752398355418	19.232526267702145	17.633622658748287	34.856098675194154	0.0
93.0	31.35011441647597	17.02517162471396	18.581235697940503	33.04347826086956	0.0
94.0	30.674002751031637	15.680880330123797	20.128381476386977	33.51673544245759	0.0
95.0	31.146788990825687	17.431192660550458	19.08256880733945	32.3394495412844	0.0
96.0	28.558310376492198	16.528925619834713	20.707070707070706	34.205693296602384	0.0
97.0	29.84799631506218	18.83924458774758	18.83924458774758	32.47351450944265	0.0
98.0	30.43879907621247	20.138568129330253	18.56812933025404	30.85450346420323	0.0
99.0	31.83918669131238	18.622920517560075	19.085027726432532	30.45286506469501	0.0
100.0	32.94663573085847	15.54524361948956	19.02552204176334	32.48259860788863	0.0
101.0	31.331471135940408	18.528864059590315	19.32029795158287	30.819366852886404	0.0
102.0	32.525629077353216	16.356011183597392	19.617893755824788	31.5004659832246	0.0
103.0	26.90687880205896	17.92232101076275	20.963968179691157	34.20683200748713	0.0
104.0	27.033380347907855	17.959567465914432	21.438645980253877	33.568406205923836	0.0
105.0	30.38153556288271	19.406500235515782	19.406500235515782	30.80546396608573	0.0
106.0	31.822474032105756	17.516525023607176	18.17752596789424	32.48347497639282	0.0
107.0	31.119544592030362	18.500948766603415	19.734345351043643	30.64516129032258	0.0
108.0	33.31749049429658	17.252851711026615	17.157794676806084	32.27186311787072	0.0
109.0	27.936962750716333	18.815663801337156	21.39446036294174	31.852913085004776	0.0
110.0	27.368421052631582	19.37799043062201	20.813397129186605	32.44019138755981	0.0
111.0	28.21497120921305	19.961612284069098	20.34548944337812	31.477927063339735	0.0
112.0	26.07022607022607	19.817219817219815	22.07792207792208	32.03463203463203	0.0
113.0	29.26711668273867	19.57569913211186	18.46673095467695	32.690453230472514	0.0
114.0	29.883945841392652	17.843326885880078	20.01934235976789	32.25338491295938	0.0
115.0	27.815533980582526	18.78640776699029	20.24271844660194	33.15533980582524	0.0
116.0	28.80859375	19.482421875	18.75	32.958984375	0.0
117.0	33.34965719882469	19.147894221351617	16.94417238001959	30.558276199804112	0.0
118.0	27.968596663395484	16.683022571148186	22.374877330716387	32.97350343473994	0.0
119.0	22.75184275184275	21.62162162162162	27.764127764127768	27.862407862407863	0.0
120.0	25.836614173228345	22.440944881889763	22.933070866141733	28.789370078740156	0.0
121.0	32.149901380670606	18.04733727810651	17.850098619329387	31.952662721893493	0.0
122.0	30.434782608695656	18.626482213438734	22.134387351778656	28.804347826086957	0.0
123.0	33.15136476426799	18.660049627791565	17.965260545905707	30.22332506203474	0.0
124.0	31.3588850174216	18.914883026381286	19.611747137879544	30.11448481831757	0.0
125.0	27.886056971514243	19.1904047976012	20.389805097451273	32.53373313343329	0.0
126.0	30.59177532597793	19.658976930792377	18.154463390170513	31.59478435305918	0.0
127.0	29.547738693467334	18.84422110552764	20.85427135678392	30.753768844221106	0.0
128.0	31.605435329642678	16.45697030699547	19.979869149471565	31.957725213890285	0.0
129.0	28.881048387096776	21.320564516129032	17.137096774193548	32.66129032258064	0.0
130.0	30.663963507349212	20.12164216928535	17.029903699949315	32.18449062341612	0.0
131.0	30.10697911360163	20.32603158430973	19.612837493632195	29.95415180845644	0.0
132.0	28.43989769820972	20.30690537084399	21.483375959079286	29.769820971867006	0.0
133.0	30.71391884951207	20.49306625577812	18.69542886492039	30.09758602978942	0.0
134.0	26.044352759154204	21.86694172253739	21.50593089221248	30.582774626095926	0.0
135.0	26.47362978283351	17.890382626680452	19.751809720785936	35.8841778697001	0.0
136.0	26.10275038920602	17.228853139595227	21.899325376232486	34.76907109496627	0.0
137.0	30.48016701461378	16.17954070981211	20.198329853862212	33.1419624217119	0.0
138.0	30.005227391531626	17.145844223732357	20.752744380554102	32.096184004181914	0.0
139.0	27.716535433070867	18.9501312335958	19.42257217847769	33.91076115485564	0.0
140.0	29.42105263157895	17.31578947368421	20.0	33.26315789473684	0.0
141.0	32.96296296296296	16.296296296296298	19.682539682539684	31.058201058201057	0.0
142.0	32.110579479000535	16.799574694311538	19.51089845826688	31.57894736842105	0.0
143.0	30.863539445628994	21.375266524520256	17.643923240938168	30.11727078891258	0.0
144.0	34.18940609951846	16.53290529695024	18.03103263777421	31.246655965757093	0.0
145.0	28.034371643394202	18.045112781954884	19.226638023630503	34.69387755102041	0.0
146.0	29.57974137931034	20.420258620689655	17.995689655172413	32.00431034482759	0.0
147.0	30.41599135602377	18.74662344678552	16.85575364667747	33.981631550513235	0.0
148.0	26.456178551986937	22.75449101796407	18.94393032117583	31.84540010887316	0.0
149.0	30.508474576271187	19.901585565882996	17.71459814106069	31.875341716785126	0.0
150.0	28.916987355689937	18.63661352391424	19.18636613523914	33.26003298515668	0.0
151.0	26.585769442912298	18.753447324875896	20.79426365140651	33.866519580805296	0.0
152.0	28.16123688569851	19.21590281612369	17.393705135284375	35.22915516289343	0.0
153.0	29.03942254303165	19.21154913936702	19.822320932815103	31.92670738478623	0.0
154.0	30.28953229398664	17.316258351893097	19.265033407572382	33.12917594654788	0.0
155.0	29.949804796430563	20.580033463469046	18.181818181818183	31.28834355828221	0.0
156.0	32.41418120427687	14.96904895891953	18.23297692740574	34.38379290939786	0.0
157.0	30.102040816326532	17.800453514739228	20.181405895691608	31.916099773242628	0.0
158.0	28.0022766078543	22.083096186681843	18.326693227091635	31.587933978372224	0.0
159.0	34.98858447488584	14.269406392694064	19.920091324200914	30.82191780821918	0.0
160.0	26.995979322228603	19.35669155657668	23.664560597357838	29.982768523836878	0.0
161.0	29.2485549132948	18.15028901734104	21.965317919075144	30.63583815028902	0.0
162.0	31.53310104529617	19.10569105691057	20.092915214866434	29.268292682926827	0.0
163.0	30.081775700934582	18.10747663551402	16.47196261682243	35.33878504672897	0.0
164.0	29.947152084556667	15.678214914856136	23.018203170874926	31.356429829712273	0.0
165.0	28.950471698113205	18.10141509433962	21.52122641509434	31.42688679245283	0.0
166.0	26.852400711321874	19.561351511558982	19.67990515708358	33.906342620035566	0.0
167.0	26.726190476190474	20.892857142857142	22.976190476190474	29.404761904761905	0.0
168.0	29.862357869539196	19.269898264512268	16.576900059844405	34.29084380610413	0.0
169.0	28.416616496086693	18.36243226971704	18.84406983744732	34.37688139674895	0.0
170.0	30.3743961352657	17.21014492753623	18.719806763285025	33.69565217391305	0.0
171.0	29.5551492992078	18.46435100548446	17.794028031687994	34.18647166361974	0.0
172.0	31.430325352977285	20.56476365868631	15.837937384898712	32.16697360343769	0.0
173.0	30.41332510795805	18.445404071560763	20.481184454040715	30.66008636644047	0.0
174.0	29.411764705882355	20.990712074303406	17.956656346749224	31.640866873065015	0.0
175.0	27.967681789931635	18.39651957737725	19.515226848974518	34.1205717837166	0.0
176.0	30.0125313283208	20.36340852130326	19.047619047619047	30.576441102756892	0.0
177.0	28.156565656565657	23.863636363636363	17.67676767676768	30.303030303030305	0.0
178.0	27.61904761904762	18.984126984126984	20.6984126984127	32.698412698412696	0.0
179.0	24.744897959183675	18.622448979591837	24.872448979591837	31.760204081632654	0.0
180.0	29.460847240051347	15.982028241335044	21.052631578947366	33.504492939666235	0.0
181.0	28.433268858800776	19.858156028368796	19.600257898130238	32.10831721470019	0.0
182.0	32.61858349577648	18.778427550357375	19.49317738791423	29.109811565951915	0.0
183.0	28.767123287671232	21.787345075016308	20.091324200913242	29.354207436399214	0.0
184.0	28.891820580474935	20.844327176781004	19.32717678100264	30.936675461741427	0.0
185.0	28.47682119205298	21.059602649006624	22.91390728476821	27.549668874172184	0.0
186.0	32.08805870580387	16.877918612408273	21.280853902601734	29.753168779186122	0.0
187.0	31.20376597175521	20.578345662407532	18.224613315400134	29.993275050437123	0.0
188.0	28.986486486486484	19.93243243243243	20.405405405405403	30.675675675675674	0.0
189.0	29.835390946502056	17.55829903978052	21.056241426611795	31.550068587105624	0.0
190.0	29.224376731301938	19.390581717451525	18.97506925207756	32.40997229916898	0.0
191.0	27.94425087108014	20.2787456445993	19.51219512195122	32.264808362369344	0.0
192.0	29.51510892480675	20.379479971890373	18.5523541813071	31.553056921995783	0.0
193.0	29.382540809084457	19.162526614620297	21.362668559261888	30.092264017033354	0.0
194.0	27.98001427551749	21.270521056388294	22.341184867951462	28.408279800142754	0.0
195.0	27.011494252873565	20.833333333333336	19.396551724137932	32.758620689655174	0.0
196.0	27.947598253275107	19.359534206695777	21.17903930131004	31.513828238719064	0.0
197.0	29.271916790490344	21.025260029717682	21.099554234769688	28.603268945022286	0.0
198.0	27.61250953470633	25.171624713958813	19.75591151792525	27.45995423340961	0.0
199.0	29.37853107344633	22.760290556900724	19.693301049233252	28.16787732041969	0.0
200.0	27.385496183206108	16.603053435114504	21.183206106870227	34.82824427480916	0.0
201.0	34.22733077905492	17.624521072796934	16.985951468710088	31.162196679438058	0.0
202.0	38.11369509043928	17.700258397932817	18.47545219638243	25.710594315245476	0.0
203.0	34.63035019455253	17.250324254215304	22.17898832684825	25.94033722438392	0.0
204.0	33.33333333333333	17.317708333333336	24.348958333333336	25.0	0.0
205.0	33.28964613368283	16.51376146788991	26.34338138925295	23.853211009174313	0.0
206.0	31.571994715984147	19.682959048877148	21.79656538969617	26.948480845442536	0.0
207.0	29.349269588313415	22.44355909694555	16.06905710491368	32.13811420982736	0.0
208.0	26.917900403768506	17.362045760430686	21.265141318977122	34.45491251682369	0.0
209.0	22.868741542625166	21.78619756427605	21.515561569688767	33.82949932341001	0.0
210.0	26.639344262295083	18.30601092896175	17.759562841530055	37.295081967213115	0.0
211.0	27.977839335180054	18.83656509695291	21.60664819944598	31.57894736842105	0.0
212.0	28.212290502793298	17.59776536312849	23.324022346368714	30.8659217877095	0.0
213.0	26.64796633941094	22.159887798036465	18.79382889200561	32.398316970546986	0.0
214.0	29.886685552407933	25.495750708215297	17.70538243626062	26.912181303116146	0.0
215.0	29.142857142857142	24.0	17.42857142857143	29.428571428571427	0.0
216.0	31.024531024531026	17.027417027417027	18.181818181818183	33.76623376623377	0.0
217.0	25.773195876288657	18.556701030927837	25.773195876288657	29.896907216494846	0.0
218.0	23.01829268292683	21.036585365853657	20.426829268292682	35.51829268292683	0.0
219.0	17.953020134228186	22.986577181208055	23.825503355704697	35.23489932885906	0.0
220.0	0.0	28.497409326424872	25.38860103626943	46.1139896373057	0.0
