#Read position (bp)	Clipping profile
0.0	54.58057825642061
1.0	0.028908232422188672
2.0	0.02661392826169751
3.0	0.025237345765402812
4.0	0.025237345765402812
5.0	0.025237345765402812
6.0	0.024778484933304576
7.0	0.024778484933304576
8.0	0.024319624101206347
9.0	0.020648737444420483
10.0	0.019272154948125782
11.0	0.01881329411602755
12.0	0.016518989955536387
13.0	0.015142407459241686
14.0	0.014683546627143454
15.0	0.013765824962946987
16.0	0.013765824962946987
17.0	0.013306964130848755
18.0	0.012848103298750522
19.0	0.012848103298750522
20.0	0.012848103298750522
21.0	0.012389242466652288
22.0	0.012848103298750522
23.0	0.013306964130848755
24.0	0.013306964130848755
25.0	0.013306964130848755
26.0	0.013306964130848755
27.0	0.012848103298750522
28.0	0.012848103298750522
29.0	0.012848103298750522
30.0	0.3666298048464881
31.0	1.733576223667124
32.0	1.916661695674319
33.0	5.810095856027826
34.0	0.2078639569404995
35.0	0.3262500516218436
36.0	4.20408294368401
37.0	0.3257911907897454
38.0	0.3652532223501934
39.0	2.1919781949332586
40.0	1.2586552624454528
41.0	0.863117225176776
42.0	0.3381804332563977
43.0	0.5786235092758717
44.0	0.4478481721278753
45.0	1.1572470185517434
46.0	4.120111411410034
47.0	0.6272627574782844
48.0	0.2441139626762599
49.0	0.3060601750095213
50.0	0.2867880200613956
51.0	0.595142499231408
52.0	2.7059023268832796
53.0	0.5607279368240407
54.0	0.0642405164937526
55.0	0.2078639569404995
56.0	0.5474209726931919
57.0	0.30560131417742314
58.0	0.7332596096929762
59.0	0.22208864273554474
60.0	0.10140824389370948
61.0	0.2005221836269278
62.0	2.860997288132482
63.0	0.25099687515773345
64.0	0.010094938306161124
65.0	0.09819621806902185
66.0	0.11746837301714763
67.0	0.2743987775947433
68.0	0.027531649925893974
69.0	0.08397153227397662
70.0	0.010094938306161124
71.0	0.010094938306161124
72.0	0.010094938306161124
73.0	0.09819621806902185
74.0	0.09773735723692362
75.0	0.009636077474062891
76.0	0.5712817359623
77.0	0.10278482639000418
78.0	0.6497469382510979
79.0	0.08030064561719076
80.0	0.30055384502434257
81.0	0.09773735723692362
82.0	0.011930381634554055
83.0	0.009636077474062891
84.0	0.009636077474062891
85.0	0.009177216641964659
86.0	0.10507913055049535
87.0	0.06148735150116321
88.0	0.009177216641964659
89.0	0.09727849640482539
90.0	0.3450633457378712
91.0	0.009636077474062891
92.0	0.009636077474062891
93.0	0.05643988234808265
94.0	0.010094938306161124
95.0	0.010094938306161124
96.0	0.010094938306161124
97.0	0.010094938306161124
98.0	0.010094938306161124
99.0	0.11884495551344233
100.0	0.010553799138259358
101.0	0.010553799138259358
102.0	0.010094938306161124
103.0	0.010094938306161124
104.0	0.010094938306161124
105.0	0.010094938306161124
106.0	0.009636077474062891
107.0	0.009177216641964659
108.0	0.009177216641964659
109.0	0.009177216641964659
110.0	0.009177216641964659
111.0	0.009636077474062891
112.0	0.009636077474062891
113.0	0.009636077474062891
114.0	0.009636077474062891
115.0	0.009636077474062891
116.0	0.009636077474062891
117.0	0.009636077474062891
118.0	0.009636077474062891
119.0	0.009636077474062891
120.0	0.009636077474062891
121.0	0.009177216641964659
122.0	0.009177216641964659
123.0	0.009177216641964659
124.0	0.008259494977768194
125.0	0.008259494977768194
126.0	0.008259494977768194
127.0	0.0876424189307625
128.0	0.0876424189307625
129.0	2.5999054746685877
130.0	0.008718355809866426
131.0	0.008718355809866426
132.0	0.008259494977768194
133.0	0.008259494977768194
134.0	0.008259494977768194
135.0	0.008259494977768194
136.0	0.008259494977768194
137.0	0.008259494977768194
138.0	0.008259494977768194
139.0	0.008259494977768194
140.0	0.008259494977768194
141.0	0.008259494977768194
142.0	0.008259494977768194
143.0	0.008259494977768194
144.0	0.008259494977768194
145.0	0.008259494977768194
146.0	0.008259494977768194
147.0	0.008259494977768194
148.0	0.0078006341456699595
149.0	0.0078006341456699595
150.0	0.0078006341456699595
151.0	0.0078006341456699595
152.0	0.0078006341456699595
153.0	0.008259494977768194
154.0	0.008259494977768194
155.0	0.008259494977768194
156.0	0.008259494977768194
157.0	0.0078006341456699595
158.0	0.0078006341456699595
159.0	0.0078006341456699595
160.0	0.0078006341456699595
161.0	0.0078006341456699595
162.0	0.0078006341456699595
163.0	0.0078006341456699595
164.0	0.0078006341456699595
165.0	0.0078006341456699595
166.0	0.007341773313571727
167.0	0.007341773313571727
168.0	0.006882912481473494
169.0	0.006424051649375261
170.0	0.006424051649375261
171.0	0.006424051649375261
172.0	0.006424051649375261
173.0	0.006424051649375261
174.0	0.006424051649375261
175.0	0.006424051649375261
176.0	0.006424051649375261
177.0	0.006424051649375261
178.0	0.006424051649375261
179.0	0.006424051649375261
180.0	0.006424051649375261
181.0	0.006424051649375261
182.0	0.006424051649375261
183.0	0.006424051649375261
184.0	0.006424051649375261
185.0	0.006424051649375261
186.0	0.006424051649375261
187.0	0.006424051649375261
188.0	0.006882912481473494
189.0	0.006882912481473494
190.0	0.006424051649375261
191.0	0.006424051649375261
192.0	0.005965190817277028
193.0	0.005965190817277028
194.0	0.005965190817277028
195.0	0.005965190817277028
196.0	0.005965190817277028
197.0	0.005965190817277028
198.0	0.005965190817277028
199.0	0.005965190817277028
200.0	0.005965190817277028
201.0	0.005965190817277028
202.0	0.005047469153080562
203.0	0.005047469153080562
204.0	0.004588608320982329
205.0	0.004588608320982329
206.0	0.004588608320982329
207.0	0.005047469153080562
208.0	0.005047469153080562
209.0	0.004588608320982329
210.0	0.004588608320982329
211.0	0.004588608320982329
212.0	0.004588608320982329
213.0	0.004588608320982329
214.0	0.004588608320982329
215.0	0.004588608320982329
216.0	0.004588608320982329
217.0	0.004129747488884097
218.0	0.004129747488884097
219.0	0.004129747488884097
220.0	0.004129747488884097
221.0	0.004129747488884097
222.0	0.004588608320982329
223.0	0.004129747488884097
224.0	0.004588608320982329
225.0	0.004588608320982329
226.0	0.004588608320982329
227.0	0.004588608320982329
228.0	0.004588608320982329
229.0	0.004588608320982329
230.0	0.004588608320982329
231.0	0.004588608320982329
232.0	0.004588608320982329
233.0	0.004588608320982329
234.0	0.004588608320982329
235.0	0.004588608320982329
236.0	0.004588608320982329
237.0	0.004588608320982329
238.0	0.004588608320982329
239.0	0.004588608320982329
240.0	0.004588608320982329
241.0	0.005506329985178795
242.0	0.005506329985178795
243.0	0.005965190817277028
244.0	0.005965190817277028
245.0	0.005965190817277028
246.0	0.005965190817277028
247.0	0.005965190817277028
248.0	0.005506329985178795
249.0	0.005047469153080562
250.0	0.005047469153080562
251.0	0.005047469153080562
252.0	0.005047469153080562
253.0	0.005506329985178795
254.0	0.005506329985178795
255.0	0.005506329985178795
256.0	0.005047469153080562
257.0	0.005965190817277028
258.0	0.005965190817277028
259.0	0.006424051649375261
260.0	0.006424051649375261
261.0	0.006424051649375261
262.0	0.006424051649375261
263.0	0.006424051649375261
264.0	0.006882912481473494
265.0	0.007341773313571727
266.0	0.006882912481473494
267.0	0.006424051649375261
268.0	0.006424051649375261
269.0	0.006882912481473494
270.0	0.008718355809866426
271.0	0.009636077474062891
272.0	0.009636077474062891
273.0	0.010553799138259358
274.0	0.011471520802455823
275.0	0.011471520802455823
276.0	0.011930381634554055
277.0	0.011930381634554055
278.0	0.011930381634554055
279.0	0.012389242466652288
280.0	0.012848103298750522
281.0	0.012389242466652288
282.0	0.012389242466652288
283.0	0.011930381634554055
284.0	0.011471520802455823
285.0	0.011471520802455823
286.0	0.012389242466652288
287.0	0.012848103298750522
288.0	0.012848103298750522
289.0	0.012848103298750522
290.0	0.014683546627143454
291.0	0.01606012912343815
292.0	0.017436711619732852
293.0	0.017436711619732852
294.0	0.017895572451831085
295.0	0.017895572451831085
296.0	0.018354433283929317
297.0	0.019731015780224015
298.0	0.02156645910861695
299.0	0.021107598276518716
300.0	0.007341773313571727
