#Read position (bp)	Clipping profile
0.0	23.174778761061948
1.0	4.148230088495575
2.0	2.9867256637168142
3.0	2.599557522123894
4.0	1.9358407079646016
5.0	1.6039823008849559
6.0	1.2168141592920354
7.0	0.8296460176991152
8.0	0.6637168141592921
9.0	0.6637168141592921
10.0	0.6637168141592921
11.0	0.6084070796460177
12.0	0.497787610619469
13.0	0.497787610619469
14.0	0.4424778761061947
15.0	0.4424778761061947
16.0	0.38716814159292035
17.0	0.33185840707964603
18.0	0.33185840707964603
19.0	0.22123893805309736
20.0	0.16592920353982302
21.0	0.16592920353982302
22.0	0.16592920353982302
23.0	0.16592920353982302
24.0	0.11061946902654868
25.0	0.11061946902654868
26.0	0.11061946902654868
27.0	0.11061946902654868
28.0	0.11061946902654868
29.0	0.11061946902654868
30.0	2.765486725663717
31.0	4.037610619469026
32.0	0.16592920353982302
33.0	0.16592920353982302
34.0	0.16592920353982302
35.0	0.16592920353982302
36.0	0.16592920353982302
37.0	0.16592920353982302
38.0	0.16592920353982302
39.0	0.16592920353982302
40.0	0.16592920353982302
41.0	0.16592920353982302
42.0	0.16592920353982302
43.0	0.16592920353982302
44.0	0.16592920353982302
45.0	0.16592920353982302
46.0	0.16592920353982302
47.0	0.16592920353982302
48.0	0.16592920353982302
49.0	0.16592920353982302
50.0	0.16592920353982302
51.0	0.16592920353982302
52.0	0.16592920353982302
53.0	0.16592920353982302
54.0	0.16592920353982302
55.0	0.16592920353982302
56.0	0.16592920353982302
57.0	0.22123893805309736
58.0	0.22123893805309736
59.0	0.22123893805309736
60.0	0.22123893805309736
61.0	0.22123893805309736
62.0	0.22123893805309736
63.0	0.22123893805309736
64.0	0.22123893805309736
65.0	0.22123893805309736
66.0	0.22123893805309736
67.0	0.22123893805309736
68.0	0.22123893805309736
69.0	0.22123893805309736
70.0	0.22123893805309736
71.0	0.22123893805309736
72.0	0.22123893805309736
73.0	0.16592920353982302
74.0	0.16592920353982302
75.0	0.11061946902654868
76.0	0.11061946902654868
77.0	0.11061946902654868
78.0	0.11061946902654868
79.0	0.11061946902654868
80.0	0.11061946902654868
81.0	0.11061946902654868
82.0	0.11061946902654868
83.0	0.11061946902654868
84.0	0.11061946902654868
85.0	0.11061946902654868
86.0	0.11061946902654868
87.0	0.11061946902654868
88.0	0.11061946902654868
89.0	0.11061946902654868
90.0	0.11061946902654868
91.0	0.11061946902654868
92.0	0.11061946902654868
93.0	0.11061946902654868
94.0	0.11061946902654868
95.0	0.11061946902654868
96.0	0.11061946902654868
97.0	0.11061946902654868
98.0	0.11061946902654868
99.0	0.11061946902654868
100.0	0.11061946902654868
101.0	0.05530973451327434
102.0	0.0
103.0	0.0
104.0	0.0
105.0	0.0
106.0	0.05530973451327434
107.0	0.05530973451327434
108.0	0.11061946902654868
109.0	0.11061946902654868
110.0	0.11061946902654868
111.0	0.11061946902654868
112.0	0.11061946902654868
113.0	0.11061946902654868
114.0	0.11061946902654868
115.0	0.11061946902654868
116.0	0.11061946902654868
117.0	0.11061946902654868
118.0	0.11061946902654868
119.0	0.16592920353982302
120.0	0.16592920353982302
121.0	0.16592920353982302
122.0	0.16592920353982302
123.0	0.16592920353982302
124.0	0.16592920353982302
125.0	0.16592920353982302
126.0	0.16592920353982302
127.0	0.22123893805309736
128.0	0.27654867256637167
129.0	0.33185840707964603
130.0	0.38716814159292035
131.0	0.4424778761061947
132.0	0.497787610619469
133.0	0.497787610619469
134.0	0.5530973451327433
135.0	0.6084070796460177
136.0	0.7743362831858407
137.0	0.8296460176991152
138.0	0.8296460176991152
139.0	0.8849557522123894
140.0	1.1061946902654867
141.0	1.2168141592920354
142.0	1.3827433628318584
143.0	1.4933628318584071
144.0	1.7699115044247788
145.0	2.0464601769911503
146.0	2.5442477876106198
147.0	3.2079646017699117
148.0	4.148230088495575
149.0	4.59070796460177
150.0	3.3738938053097343
