#GC Content (%)	Sample
1.0	0.0
2.0	0.0
3.0	0.0
4.0	0.0
5.0	0.0
6.0	0.0
7.0	0.0
8.0	0.0
9.0	0.0
10.0	0.0
11.0	0.0
12.0	0.0
13.0	0.0
14.0	0.0
15.0	0.0
16.0	0.0
17.0	1.9149384347293235E-5
18.0	1.9149384347293235E-5
19.0	7.659753738917294E-5
20.0	3.829876869458647E-5
21.0	9.574692173646618E-5
22.0	1.9149384347293233E-4
23.0	7.27676605197143E-4
24.0	0.002834108883399399
25.0	0.0032936941077344366
26.0	0.0016851458225618046
27.0	0.007736351276306466
28.0	0.008195936500641505
29.0	0.005668217766798797
30.0	0.017732329905593532
31.0	0.037896631623293306
32.0	0.04174565787709925
33.0	0.036000842572911286
34.0	0.06834415273548956
35.0	0.06822925642940579
36.0	0.05340763294460083
37.0	0.07510388541008407
38.0	0.0877807778479922
39.0	0.07343788897186954
40.0	0.038700905765879624
41.0	0.07004844794239865
42.0	0.06757817736159782
43.0	0.041132877577985866
44.0	0.03942858237107676
45.0	0.04189885295187759
46.0	0.02983474081308286
47.0	0.015913138392600678
48.0	0.020413243714214588
49.0	0.013404569043105264
50.0	0.011221539227513837
51.0	0.006146952375481129
52.0	0.004863943624212481
53.0	0.0035043373355546615
54.0	0.0017042952069090977
55.0	0.001225560598226767
56.0	0.0017617433599509773
57.0	5.361827617242106E-4
58.0	2.106432278202256E-4
59.0	1.7234445912563912E-4
60.0	0.0
61.0	0.0
62.0	0.0
63.0	0.0
64.0	0.0
65.0	0.0
66.0	0.0
67.0	0.0
68.0	0.0
69.0	0.0
70.0	0.0
71.0	0.0
72.0	0.0
73.0	0.0
74.0	0.0
75.0	0.0
76.0	0.0
77.0	0.0
78.0	0.0
79.0	0.0
80.0	0.0
81.0	0.0
82.0	0.0
83.0	0.0
84.0	0.0
85.0	0.0
86.0	0.0
87.0	0.0
88.0	0.0
89.0	0.0
90.0	0.0
91.0	0.0
92.0	0.0
93.0	0.0
94.0	0.0
95.0	0.0
96.0	0.0
97.0	0.0
98.0	0.0
99.0	0.0
100.0	3.829876869458647E-5
