#Position (bp)	mapping quality
38.0	53.535514454460674
113.0	48.03661835078716
188.0	48.44375963020031
263.0	46.236702127659576
338.0	52.84000830047728
413.0	54.6574197343571
488.0	54.23087212413055
563.0	54.31281183374728
638.0	54.393179429958074
713.0	56.095665622995966
788.0	56.01039105197839
863.0	55.91515954928511
938.0	54.40716254273279
1013.0	52.969164356639574
1088.0	51.50547114038272
1163.0	51.78966993093909
1238.0	50.94441004776225
1313.0	49.05928558069946
1388.0	44.57865803147828
1463.0	45.95810333596187
1538.0	45.75592167860183
1613.0	47.93985338220593
1688.0	46.881853608434284
1763.0	45.762061673142185
1838.0	47.2482492328924
1913.0	56.54485181729758
1988.0	57.776556021350196
2063.0	57.85611164581328
2138.0	57.79293762265457
2213.0	56.768689488307395
2288.0	50.25223595618531
2363.0	49.16160750865954
2438.0	51.07823101446906
2513.0	55.766540134095436
2588.0	58.218484583941844
2663.0	58.23148123773634
2738.0	58.21862843287123
2813.0	58.123306496422636
2888.0	56.603233712217026
2963.0	52.75966066420924
3038.0	50.74397022079445
3113.0	45.08967015449054
3188.0	42.82435120756857
3263.0	39.97060861167678
3338.0	40.41185890855336
3413.0	40.18773882704768
3488.0	41.20122960510759
3563.0	39.30161416297839
3638.0	38.66539945211606
3713.0	39.85196135367721
3788.0	45.39584864070537
3863.0	46.69646156527802
3938.0	48.215232013044364
4013.0	47.9598700120919
4088.0	52.986884416398695
4163.0	50.306398557797515
4238.0	46.765062555330985
4313.0	47.48199801488206
4388.0	46.75841725223161
4463.0	40.49332722462793
4538.0	38.827133432417696
4613.0	38.81826301349349
4688.0	38.27288238811866
4763.0	35.2993569392554
4838.0	36.180520050766
4913.0	36.14543614579757
4988.0	36.35036757899515
5063.0	31.8424027816293
5138.0	31.198464011170827
5213.0	30.612235810971267
5288.0	36.982952530965015
5363.0	40.094299314872245
5438.0	39.200974107827726
5513.0	40.08090192598779
5588.0	46.31606144773789
5663.0	47.91083809755504
5738.0	49.19245314935418
5813.0	47.185803309218535
5888.0	47.19010365384271
5963.0	34.61649496207404
6038.0	28.26676328160899
6113.0	31.091844374139637
6188.0	42.29824319261786
6263.0	44.068444725657145
6338.0	42.25557901085645
6413.0	41.86073934774315
6488.0	41.48824231819633
6563.0	30.728905519176802
6638.0	28.439478489936942
6713.0	31.620624641364046
6788.0	38.95721231766613
6863.0	32.534563186900364
6938.0	25.771177726805348
7013.0	30.682274023890177
7088.0	32.356437511793196
7163.0	28.905318640890037
7238.0	26.565738863520092
7313.0	28.35269445298432
7388.0	30.979872934685208
7463.0	26.87775785990072
7538.0	26.70344142416506
7613.0	27.79986705470308
7688.0	29.328701240663104
7763.0	27.45361953907476
7838.0	26.244137228380207
7913.0	28.805194805194805
7988.0	41.855300183188234
8063.0	38.06505617934776
8138.0	39.4022523616927
8213.0	39.381824037790544
8288.0	39.67681158397606
8363.0	25.6756708439852
8438.0	22.66740984626552
8513.0	21.774964166268514
8588.0	28.68290136847771
8663.0	42.45074173036905
8738.0	43.779573677244954
8813.0	43.2883010406876
8888.0	43.10503295335374
8963.0	38.70018380442922
9038.0	26.143516145566377
9113.0	26.706841704377435
9188.0	27.61957676280742
9263.0	32.09777802810555
9338.0	32.553833936618155
9413.0	34.018958713010186
9488.0	38.27838332608624
9563.0	37.2959557622949
9638.0	29.62272191495149
9713.0	29.009028176049434
9788.0	29.33371165489751
9863.0	22.159762812367642
9938.0	21.41487431977196
10013.0	17.689916420021966
10088.0	22.687426639512836
10163.0	26.65061666958077
10238.0	25.411495556991866
10313.0	24.93690874039019
10388.0	30.715587662145936
10463.0	27.429742260593933
10538.0	25.82023555341277
10613.0	25.31388411507454
10688.0	30.746025947703945
10763.0	29.75757526536778
10838.0	26.34133113992471
10913.0	26.420213989097647
10988.0	30.329147610472805
11063.0	44.03821688790655
11138.0	44.288266775235364
11213.0	44.459856161939875
11288.0	33.300111853615164
11363.0	42.39213386984666
11438.0	30.080625399210216
11513.0	30.08207723227103
11588.0	36.4200848396555
11663.0	37.00691189938518
11738.0	30.04162245980576
11813.0	27.45932711385031
11888.0	30.377829995151245
11963.0	25.928833276308715
12038.0	23.7640160316891
12113.0	29.908604385104187
12188.0	41.2875388332758
12263.0	38.307841477491344
12338.0	39.4033488921299
12413.0	41.857087678640404
12488.0	40.31740727451018
12563.0	35.92441473163304
12638.0	34.540737386316465
12713.0	39.34075969257219
12788.0	40.37913026011851
12863.0	37.78698193829135
12938.0	37.78589996181086
13013.0	43.12690908190797
13088.0	48.51675715677478
13163.0	49.667756405382804
13238.0	49.65117918807782
13313.0	50.65370575790179
13388.0	40.25952348196313
13463.0	23.68080366630247
13538.0	21.674744537872773
13613.0	26.98380589806239
13688.0	36.97617692881924
13763.0	37.047357809646
13838.0	37.609360339974614
13913.0	35.69556238748493
13988.0	20.586453073306632
14063.0	14.101031129916962
14138.0	15.095670919809683
14213.0	17.315108447291255
14288.0	18.41449187495981
14363.0	16.334085691687406
14438.0	15.681517812564246
14513.0	16.19784813066027
14588.0	17.836508759457203
14663.0	15.840608691411013
14738.0	16.792364590789788
14813.0	16.554556796007805
14888.0	17.40335910423887
14963.0	13.948193837379241
15038.0	13.811463980356013
15113.0	14.32204814981737
15188.0	30.091104284345786
15263.0	39.35222672064777
15338.0	39.47328568470594
15413.0	39.18520471026708
15488.0	37.38917633897357
15563.0	26.437868769828327
15638.0	20.069423421146222
15713.0	20.14263962518226
15788.0	20.242133726647
15863.0	20.951324317721284
15938.0	19.456255744828162
16013.0	18.935551538819603
16088.0	20.644608084541805
16163.0	23.09465145781663
16238.0	17.554464818523506
16313.0	16.197231688876137
16388.0	17.216170510264817
16463.0	19.625304989494392
16538.0	12.61232476778134
16613.0	12.564341604952496
16688.0	13.549240779427704
16763.0	20.986198618138793
16838.0	29.127606149091612
16913.0	29.604469213748605
16988.0	29.301445915441402
17063.0	31.242233780477697
17138.0	30.296162300070883
17213.0	28.473878808302207
17288.0	26.248323102565145
17363.0	27.696718421340595
17438.0	22.982753864288043
17513.0	17.08293354267826
17588.0	16.442420248084282
17663.0	18.733935777280056
17738.0	23.476202390346234
17813.0	22.194307050446522
17888.0	23.240449164595912
17963.0	21.531097153083653
18038.0	22.268701821755407
18113.0	20.206155920017974
18188.0	19.417048030452076
18263.0	22.02529908666009
18338.0	21.126958394540782
18413.0	17.68897807080407
18488.0	18.368548058541478
18563.0	17.78367470166685
18638.0	23.24392393234526
18713.0	18.470117486804018
18788.0	20.2014658489822
18863.0	19.87106468976826
18938.0	24.473274428550397
19013.0	19.468881000635008
19088.0	19.716062010780067
19163.0	18.071790638323577
19238.0	18.098788162322865
19313.0	3.967644003348563
19388.0	3.1211695172056073
19463.0	3.50174056586186
19538.0	3.5724852822191604
19613.0	10.038419599703216
19688.0	10.485763910612196
19763.0	11.380897953456557
19838.0	12.973804334769104
19913.0	14.282080704837924
19988.0	9.388684858909395
20063.0	10.06598500507577
20138.0	10.434806361539396
20213.0	10.76577527209141
20288.0	6.72792930330877
20363.0	6.779968127853584
20438.0	7.352895663275175
20513.0	17.330309411955287
20588.0	12.639676512648553
20663.0	13.638996796837729
20738.0	13.494864096531057
20813.0	19.22355121420026
20888.0	15.744737341172009
20963.0	13.644023558516132
21038.0	13.043275795162195
21113.0	14.076604269423287
21188.0	5.0750266690447265
21263.0	4.228981862416795
21338.0	4.057705754123308
21413.0	6.924022477171623
21488.0	7.29846249237059
21563.0	9.150956281983273
21638.0	11.673501737183091
21713.0	15.224918417612903
21788.0	7.895450265409807
21863.0	14.2749390107329
21938.0	12.554326830968884
22013.0	14.473147457611889
22088.0	20.511552406021522
22163.0	18.387392673272235
22238.0	19.16398034996549
22313.0	12.510762732515637
22388.0	0.8984120694047383
22463.0	0.8302228987361245
22538.0	5.480161290924215
22613.0	9.899016905927358
22688.0	10.932164127493571
22763.0	9.612530346501876
22838.0	14.689465262531165
22913.0	10.312414257986498
22988.0	9.444054065225478
23063.0	10.382616493542667
23138.0	13.707592405376198
23213.0	16.785872748247403
23288.0	16.30597628623974
23363.0	16.969009803892696
23438.0	18.038889096292298
23513.0	18.58998491841201
23588.0	17.882323089609994
23663.0	16.17303953337654
23738.0	17.167991085828227
23813.0	22.668415039069988
23888.0	27.208876194069063
23963.0	24.747742245418706
24038.0	28.22643217239376
24113.0	26.858664052234182
24188.0	13.778879298065693
24263.0	14.442040185471406
24338.0	12.933574216859697
24413.0	16.231939711035377
24488.0	12.730418554015436
24563.0	12.767329601559187
24638.0	12.961841659815253
24713.0	17.538754227733936
24788.0	14.80378004888658
24863.0	12.694314435170325
24938.0	13.574005792746217
25013.0	19.866863778915256
25088.0	16.69121624944671
25163.0	16.923622533523293
25238.0	16.53595335780609
25313.0	19.310553593542174
25388.0	22.915221510068893
25463.0	21.531130416646146
25538.0	21.68404591121293
25613.0	30.530716191737596
25688.0	34.883066062056294
25763.0	33.96069437051826
25838.0	36.85251108263595
25913.0	43.093469438792326
25988.0	48.181140166876425
26063.0	48.28637581756389
26138.0	45.093005782235146
26213.0	46.93287898745776
26288.0	42.97916938627082
26363.0	24.43818790752357
26438.0	33.5421208213018
26513.0	39.470033837050686
26588.0	35.18006875060237
26663.0	31.429628122861846
26738.0	31.938419067568304
26813.0	34.7813407906334
26888.0	48.8336766034327
26963.0	56.45765150941366
27038.0	59.131193515901025
27113.0	59.6231350807351
27188.0	59.515057267235164
27263.0	58.800926453278656
27338.0	58.546945545010594
27413.0	58.75895739822033
27488.0	58.4465429462966
27563.0	54.99006596201224
27638.0	55.39966420906636
27713.0	55.55529433891292
27788.0	56.70683290380999
27863.0	56.58721560130011
27938.0	56.31356180147848
28013.0	56.766522386272264
28088.0	55.20596590909091
28163.0	56.00380589914367
28238.0	56.370842667585734
28313.0	56.90301014305144
28388.0	58.545415414415174
28463.0	57.569018538144796
28538.0	55.59883131596208
28613.0	55.90759368726918
28688.0	55.99313721204703
28763.0	53.082615460513836
28838.0	44.79476055397964
28913.0	41.58718933117802
28988.0	51.46270055041574
29063.0	56.08641034175462
29138.0	56.37821563776195
29213.0	56.02194757453121
29288.0	56.12607157653208
29363.0	55.734523669681664
29438.0	54.80744266551277
29513.0	56.70982180798323
29588.0	58.79029408300287
29663.0	59.38386865537582
29738.0	60.0
29813.0	60.0
29877.0	60.0
