#Position (bp)	Coverage
38.0	1866.76
113.0	2321.7066666666665
188.0	2320.6266666666666
263.0	2331.5066666666667
338.0	2585.9733333333334
413.0	1611.8133333333333
488.0	947.2933333333333
563.0	1085.5466666666666
638.0	2018.16
713.0	3253.68
788.0	3104.2
863.0	2950.1066666666666
938.0	3160.4666666666667
1013.0	2282.56
1088.0	1017.92
1163.0	783.9333333333333
1238.0	1206.4
1313.0	1348.7466666666667
1388.0	787.72
1463.0	648.4533333333334
1538.0	878.76
1613.0	3112.96
1688.0	3596.08
1763.0	2692.7466666666664
1838.0	3976.266666666667
1913.0	9821.213333333333
1988.0	4696.973333333333
2063.0	3365.32
2138.0	3863.28
2213.0	3092.866666666667
2288.0	404.56
2363.0	59.78666666666667
2438.0	60.82666666666667
2513.0	491.3333333333333
2588.0	1014.2533333333333
2663.0	955.0933333333334
2738.0	1003.4133333333333
2813.0	1186.4666666666667
2888.0	2812.2266666666665
2963.0	99.56
3038.0	88.90666666666667
3113.0	202.2
3188.0	2501.786666666667
3263.0	3532.2933333333335
3338.0	2929.0
3413.0	3128.36
3488.0	2057.04
3563.0	148.88
3638.0	65.49333333333334
3713.0	79.14666666666666
3788.0	1475.0933333333332
3863.0	2989.173333333333
3938.0	3128.5066666666667
4013.0	3657.56
4088.0	5906.026666666667
4163.0	5127.28
4238.0	3343.9066666666668
4313.0	5925.48
4388.0	5684.8
4463.0	3026.9733333333334
4538.0	3250.6133333333332
4613.0	3299.2
4688.0	3174.4533333333334
4763.0	2476.786666666667
4838.0	2059.306666666667
4913.0	2408.866666666667
4988.0	1501.64
5063.0	125.50666666666666
5138.0	91.97333333333333
5213.0	170.90666666666667
5288.0	1771.2666666666667
5363.0	2650.9866666666667
5438.0	2157.4133333333334
5513.0	2379.6666666666665
5588.0	3190.3733333333334
5663.0	2780.12
5738.0	2308.2533333333336
5813.0	2327.0933333333332
5888.0	2368.36
5963.0	1478.7466666666667
6038.0	819.7333333333333
6113.0	923.2666666666667
6188.0	3382.9866666666667
6263.0	5246.533333333334
6338.0	4513.32
6413.0	4797.653333333334
6488.0	4862.973333333333
6563.0	2744.7066666666665
6638.0	1914.4533333333334
6713.0	2108.6266666666666
6788.0	2240.68
6863.0	1029.7733333333333
6938.0	104.76
7013.0	161.09333333333333
7088.0	217.49333333333334
7163.0	147.33333333333334
7238.0	106.61333333333333
7313.0	854.16
7388.0	1857.5733333333333
7463.0	1827.5733333333333
7538.0	2067.0266666666666
7613.0	2680.28
7688.0	3279.173333333333
7763.0	2903.0266666666666
7838.0	2435.5333333333333
7913.0	2804.12
7988.0	3769.6133333333332
8063.0	3193.8933333333334
8138.0	2766.68
8213.0	3325.9066666666668
8288.0	3814.76
8363.0	2075.1466666666665
8438.0	1220.32
8513.0	1478.5866666666666
8588.0	1775.3866666666668
8663.0	1891.52
8738.0	1609.5733333333333
8813.0	1472.8133333333333
8888.0	2903.56
8963.0	4872.906666666667
9038.0	4808.493333333333
9113.0	4773.52
9188.0	4802.386666666666
9263.0	3774.5466666666666
9338.0	2577.96
9413.0	2437.346666666667
9488.0	4396.4
9563.0	5501.213333333333
9638.0	4551.293333333333
9713.0	4976.266666666666
9788.0	5135.906666666667
9863.0	3764.0533333333333
9938.0	2074.653333333333
10013.0	1989.08
10088.0	3672.4266666666667
10163.0	4879.733333333334
10238.0	3953.0533333333333
10313.0	3502.9466666666667
10388.0	3413.346666666667
10463.0	2375.0666666666666
10538.0	1690.08
10613.0	1977.0933333333332
10688.0	4836.026666666667
10763.0	4455.7733333333335
10838.0	3714.733333333333
10913.0	3910.7066666666665
10988.0	4620.506666666667
11063.0	5002.133333333333
11138.0	3575.4266666666667
11213.0	2757.48
11288.0	3517.96
11363.0	6201.1866666666665
11438.0	5819.0
11513.0	4803.453333333333
11588.0	5856.0
11663.0	4789.213333333333
11738.0	1157.24
11813.0	1386.7733333333333
11888.0	3969.5333333333333
11963.0	5579.093333333333
12038.0	5280.933333333333
12113.0	6050.48
12188.0	6736.56
12263.0	4118.56
12338.0	3184.68
12413.0	3802.8
12488.0	4120.253333333333
12563.0	3592.5733333333333
12638.0	3261.5733333333333
12713.0	4733.16
12788.0	6373.8
12863.0	5987.8133333333335
12938.0	6062.946666666667
13013.0	7580.746666666667
13088.0	7884.12
13163.0	6583.96
13238.0	6394.253333333333
13313.0	5618.64
13388.0	4092.9866666666667
13463.0	3227.0533333333333
13538.0	3377.44
13613.0	5699.573333333334
13688.0	6607.24
13763.0	5438.213333333333
13838.0	5525.986666666667
13913.0	5565.7733333333335
13988.0	5010.306666666666
14063.0	4178.88
14138.0	3853.28
14213.0	5148.866666666667
14288.0	5349.1466666666665
14363.0	4470.466666666666
14438.0	4842.933333333333
14513.0	5270.733333333334
14588.0	7835.986666666667
14663.0	5232.72
14738.0	4474.04
14813.0	5281.386666666666
14888.0	4853.8133333333335
14963.0	2377.08
15038.0	2103.1866666666665
15113.0	2559.56
15188.0	4717.8
15263.0	5930.12
15338.0	5874.613333333334
15413.0	6026.12
15488.0	6562.32
15563.0	5311.2266666666665
15638.0	4230.453333333333
15713.0	4233.0
15788.0	4879.68
15863.0	6891.893333333333
15938.0	4656.04
16013.0	4639.733333333334
16088.0	5017.533333333334
16163.0	4511.52
16238.0	1671.1333333333334
16313.0	1039.68
16388.0	1240.6133333333332
16463.0	1080.9866666666667
16538.0	376.6
16613.0	250.48
16688.0	310.96
16763.0	1309.4533333333334
16838.0	2243.5466666666666
16913.0	2229.346666666667
16988.0	2471.653333333333
17063.0	4146.2
17138.0	6831.84
17213.0	7405.1866666666665
17288.0	7491.693333333334
17363.0	7319.16
17438.0	6183.826666666667
17513.0	4229.44
17588.0	3482.12
17663.0	4040.2
17738.0	5299.866666666667
17813.0	4388.1866666666665
17888.0	3951.84
17963.0	5353.493333333333
18038.0	5366.2
18113.0	3340.5333333333333
18188.0	3351.9066666666668
18263.0	5150.0
18338.0	6065.133333333333
18413.0	5637.053333333333
18488.0	5890.893333333333
18563.0	6498.586666666667
18638.0	8563.813333333334
18713.0	7388.066666666667
18788.0	6462.213333333333
18863.0	6858.986666666667
18938.0	7844.28
19013.0	5693.56
19088.0	4834.8533333333335
19163.0	5141.76
19238.0	3763.76
19313.0	695.8933333333333
19388.0	11.586666666666666
19463.0	11.533333333333333
19538.0	398.70666666666665
19613.0	1636.52
19688.0	1987.2933333333333
19763.0	1976.0933333333332
19838.0	2414.72
19913.0	1670.6133333333332
19988.0	328.52
20063.0	228.77333333333334
20138.0	324.2266666666667
20213.0	393.56
20288.0	198.64
20363.0	115.05333333333333
20438.0	179.94666666666666
20513.0	2852.9066666666668
20588.0	4020.9733333333334
20663.0	3540.266666666667
20738.0	4106.666666666667
20813.0	5898.08
20888.0	5677.84
20963.0	4431.586666666667
21038.0	4975.573333333334
21113.0	4051.04
21188.0	868.24
21263.0	200.08
21338.0	283.44
21413.0	264.26666666666665
21488.0	45.76
21563.0	25.386666666666667
21638.0	183.92
21713.0	1266.36
21788.0	1505.84
21863.0	1101.32
21938.0	1453.1066666666666
22013.0	2548.4933333333333
22088.0	2309.786666666667
22163.0	1747.4266666666667
22238.0	2156.0933333333332
22313.0	1715.7466666666667
22388.0	407.4266666666667
22463.0	285.82666666666665
22538.0	1411.0133333333333
22613.0	2132.08
22688.0	1606.36
22763.0	1893.52
22838.0	6107.76
22913.0	8025.44
22988.0	8146.88
23063.0	8425.12
23138.0	11218.72
23213.0	12140.826666666666
23288.0	8208.186666666666
23363.0	7769.066666666667
23438.0	7529.24
23513.0	5068.76
23588.0	2885.346666666667
23663.0	2446.12
23738.0	2854.9866666666667
23813.0	3423.173333333333
23888.0	2816.84
23963.0	2648.28
24038.0	3311.48
24113.0	5398.0
24188.0	4874.786666666667
24263.0	3922.76
24338.0	4672.466666666666
24413.0	5334.2
24488.0	3611.4266666666667
24563.0	2918.3866666666668
24638.0	3267.5333333333333
24713.0	4758.0
24788.0	4804.16
24863.0	4123.586666666667
24938.0	4138.8
25013.0	4301.106666666667
25088.0	2748.68
25163.0	1760.2266666666667
25238.0	1641.08
25313.0	3267.2266666666665
25388.0	4245.666666666667
25463.0	3789.6133333333332
25538.0	4509.2
25613.0	4199.653333333334
25688.0	1454.3066666666666
25763.0	718.4933333333333
25838.0	712.6
25913.0	1043.8266666666666
25988.0	939.16
26063.0	530.6666666666666
26138.0	476.14666666666665
26213.0	1348.8666666666666
26288.0	1911.32
26363.0	1375.2
26438.0	1421.4133333333334
26513.0	2182.9733333333334
26588.0	3559.786666666667
26663.0	3795.56
26738.0	3522.4266666666667
26813.0	3803.8933333333334
26888.0	5126.493333333333
26963.0	4806.946666666667
27038.0	4571.546666666667
27113.0	5397.506666666667
27188.0	6888.066666666667
27263.0	5222.946666666667
27338.0	4238.6
27413.0	4787.373333333333
27488.0	3275.16
27563.0	142.38666666666666
27638.0	15.293333333333333
27713.0	30.14666666666667
27788.0	644.6133333333333
27863.0	1655.16
27938.0	1814.2266666666667
28013.0	2002.1733333333334
28088.0	3890.88
28163.0	5452.04
28238.0	4963.133333333333
28313.0	5176.1866666666665
28388.0	4974.56
28463.0	3066.786666666667
28538.0	1714.6
28613.0	1539.2
28688.0	1721.3866666666668
28763.0	1061.2666666666667
28838.0	215.77333333333334
28913.0	215.54666666666665
28988.0	1405.92
29063.0	3399.08
29138.0	3686.4533333333334
29213.0	3663.0933333333332
29288.0	3834.88
29363.0	1916.7733333333333
29438.0	51.68
29513.0	47.626666666666665
29588.0	61.29333333333334
29663.0	34.906666666666666
29738.0	0.0
29813.0	0.0
29877.0	244.81132075471697
