#Position (bp)	Coverage
38.0	38.06666666666667
113.0	49.44
188.0	54.22666666666667
263.0	59.84
338.0	74.28
413.0	69.30666666666667
488.0	68.57333333333334
563.0	55.733333333333334
638.0	0.0
713.0	0.0
788.0	0.0
863.0	1.1733333333333333
938.0	0.0
1013.0	0.0
1088.0	0.0
1163.0	0.0
1238.0	0.0
1313.0	0.0
1388.0	1.5333333333333334
1463.0	0.0
1538.0	0.0
1613.0	0.0
1688.0	523.8266666666667
1763.0	128.21333333333334
1838.0	49.77333333333333
1913.0	41.04
1988.0	37.46666666666667
2063.0	31.746666666666666
2138.0	32.0
2213.0	31.96
2288.0	6.346666666666667
2363.0	0.0
2438.0	0.9466666666666667
2513.0	1.0
2588.0	2.0533333333333332
2663.0	4.626666666666667
2738.0	0.12
2813.0	1.0
2888.0	1.0
2963.0	1.0
3038.0	0.8933333333333333
3113.0	0.0
3188.0	0.0
3263.0	0.0
3338.0	38.586666666666666
3413.0	0.0
3488.0	0.0
3563.0	0.0
3638.0	0.0
3713.0	8.84
3788.0	0.0
3863.0	21.333333333333332
3938.0	0.0
4013.0	0.0
4088.0	0.02666666666666667
4163.0	1.2533333333333334
4238.0	0.0
4313.0	0.0
4388.0	0.0
4463.0	0.0
4538.0	110.84
4613.0	188.8
4688.0	270.81333333333333
4763.0	422.7866666666667
4838.0	368.37333333333333
4913.0	407.56
4988.0	387.26666666666665
5063.0	194.89333333333335
5138.0	289.8933333333333
5213.0	240.02666666666667
5288.0	180.6
5363.0	161.61333333333334
5438.0	0.08
5513.0	0.0
5588.0	0.0
5663.0	23.533333333333335
5738.0	0.0
5813.0	0.0
5888.0	0.0
5963.0	0.0
6038.0	0.0
6113.0	0.0
6188.0	0.0
6263.0	0.0
6338.0	0.0
6413.0	45.54666666666667
6488.0	66.4
6563.0	74.85333333333334
6638.0	103.37333333333333
6713.0	76.28
6788.0	61.56
6863.0	55.17333333333333
6938.0	1.7066666666666668
7013.0	0.0
7088.0	0.08
7163.0	0.5866666666666667
7238.0	14.413333333333334
7313.0	0.0
7388.0	0.0
7463.0	0.0
7538.0	0.0
7613.0	0.0
7688.0	0.0
7763.0	0.0
7838.0	0.0
7913.0	0.0
7988.0	2.44
8063.0	5.826666666666667
8138.0	6.653333333333333
8213.0	7.373333333333333
8288.0	11.666666666666666
8363.0	10.213333333333333
8438.0	13.36
8513.0	37.93333333333333
8588.0	3.6533333333333333
8663.0	0.0
8738.0	0.0
8813.0	0.0
8888.0	0.0
8963.0	0.013333333333333334
9038.0	0.29333333333333333
9113.0	0.0
9188.0	0.0
9263.0	0.0
9338.0	0.0
9413.0	0.28
9488.0	0.13333333333333333
9563.0	72.21333333333334
9638.0	59.48
9713.0	65.05333333333333
9788.0	92.30666666666667
9863.0	69.56
9938.0	55.84
10013.0	47.70666666666666
10088.0	5.44
10163.0	0.0
10238.0	0.0
10313.0	1.9733333333333334
10388.0	0.0
10463.0	0.0
10538.0	0.0
10613.0	0.0
10688.0	0.0
10763.0	0.0
10838.0	0.6666666666666666
10913.0	0.0
10988.0	0.0
11063.0	125.22666666666667
11138.0	194.30666666666667
11213.0	227.12
11288.0	295.74666666666667
11363.0	245.26666666666668
11438.0	208.34666666666666
11513.0	160.61333333333334
11588.0	0.0
11663.0	0.0
11738.0	0.0
11813.0	0.0
11888.0	0.0
11963.0	0.0
12038.0	0.0
12113.0	0.0
12188.0	0.3333333333333333
12263.0	0.013333333333333334
12338.0	0.56
12413.0	0.0
12488.0	0.0
12563.0	0.6133333333333333
12638.0	0.0
12713.0	0.0
12788.0	0.0
12863.0	0.0
12938.0	0.0
13013.0	0.0
13088.0	0.0
13163.0	0.0
13238.0	0.5866666666666667
13313.0	0.0
13388.0	0.0
13463.0	0.0
13538.0	0.0
13613.0	0.0
13688.0	0.0
13763.0	0.0
13838.0	0.0
13913.0	0.0
13988.0	0.0
14063.0	0.0
14138.0	55.45333333333333
14213.0	56.10666666666667
14288.0	50.54666666666667
14363.0	60.78666666666667
14438.0	46.82666666666667
14513.0	46.666666666666664
14588.0	56.50666666666667
14663.0	39.64
14738.0	0.0
14813.0	0.0
14888.0	0.0
14963.0	0.0
15038.0	0.0
15113.0	0.0
15188.0	0.0
15263.0	0.0
15338.0	0.0
15413.0	0.0
15488.0	0.0
15563.0	0.0
15638.0	77.04
15713.0	144.34666666666666
15788.0	161.48
15863.0	154.26666666666668
15938.0	147.70666666666668
16013.0	126.97333333333333
16088.0	114.10666666666667
16163.0	110.8
16238.0	15.306666666666667
16313.0	0.0
16388.0	0.0
16463.0	0.0
16538.0	0.0
16613.0	0.0
16688.0	0.0
16763.0	0.0
16838.0	0.0
16913.0	0.0
16988.0	0.0
17063.0	7.64
17138.0	0.0
17213.0	0.0
17288.0	11.44
17363.0	105.22666666666667
17438.0	109.06666666666666
17513.0	109.8
17588.0	92.38666666666667
17663.0	86.0
17738.0	86.93333333333334
17813.0	76.12
17888.0	56.24
17963.0	0.0
18038.0	0.0
18113.0	2.5866666666666664
18188.0	18.413333333333334
18263.0	0.0
18338.0	0.0
18413.0	0.0
18488.0	0.0
18563.0	0.0
18638.0	0.0
18713.0	0.0
18788.0	0.0
18863.0	0.92
18938.0	49.93333333333333
19013.0	169.68
19088.0	219.93333333333334
19163.0	219.36
19238.0	177.41333333333333
19313.0	156.22666666666666
19388.0	296.94666666666666
19463.0	556.9066666666666
19538.0	712.48
19613.0	866.56
19688.0	756.64
19763.0	649.1333333333333
19838.0	435.5466666666667
19913.0	139.81333333333333
19988.0	218.57333333333332
20063.0	203.62666666666667
20138.0	147.93333333333334
20213.0	140.76
20288.0	7.64
20363.0	0.0
20438.0	0.0
20513.0	0.0
20588.0	1.44
20663.0	0.0
20738.0	0.0
20813.0	0.0
20888.0	0.0
20963.0	0.0
21038.0	0.0
21113.0	79.4
21188.0	0.0
21263.0	0.0
21338.0	0.0
21413.0	0.0
21488.0	0.0
21563.0	0.0
21638.0	0.0
21713.0	0.0
21788.0	0.0
21863.0	1.2266666666666666
21938.0	5.04
22013.0	0.0
22088.0	0.0
22163.0	0.0
22238.0	38.986666666666665
22313.0	44.84
22388.0	56.12
22463.0	69.10666666666667
22538.0	43.333333333333336
22613.0	38.85333333333333
22688.0	73.68
22763.0	0.0
22838.0	0.0
22913.0	0.0
22988.0	0.0
23063.0	0.0
23138.0	0.0
23213.0	0.0
23288.0	0.0
23363.0	0.0
23438.0	0.0
23513.0	0.0
23588.0	0.0
23663.0	0.26666666666666666
23738.0	0.13333333333333333
23813.0	0.0
23888.0	0.0
23963.0	0.0
24038.0	0.0
24113.0	0.0
24188.0	0.0
24263.0	0.0
24338.0	0.0
24413.0	0.0
24488.0	0.0
24563.0	0.0
24638.0	0.0
24713.0	0.0
24788.0	0.0
24863.0	0.0
24938.0	0.0
25013.0	0.0
25088.0	0.0
25163.0	0.0
25238.0	153.44
25313.0	183.66666666666666
25388.0	194.01333333333332
25463.0	195.33333333333334
25538.0	163.01333333333332
25613.0	160.36
25688.0	420.28
25763.0	509.92
25838.0	431.2
25913.0	548.2533333333333
25988.0	763.08
26063.0	880.2666666666667
26138.0	881.76
26213.0	676.2533333333333
26288.0	120.02666666666667
26363.0	0.0
26438.0	0.0
26513.0	0.25333333333333335
26588.0	0.0
26663.0	0.0
26738.0	0.0
26813.0	0.24
26888.0	20.32
26963.0	0.0
27038.0	0.0
27113.0	0.28
27188.0	0.0
27263.0	0.0
27338.0	0.0
27413.0	0.0
27488.0	3.6533333333333333
27563.0	0.0
27638.0	0.0
27713.0	0.0
27788.0	0.0
27863.0	0.0
27938.0	0.0
28013.0	0.0
28088.0	116.02666666666667
28163.0	165.01333333333332
28238.0	171.69333333333333
28313.0	159.34666666666666
28388.0	142.94666666666666
28463.0	137.81333333333333
28538.0	132.65333333333334
28613.0	116.34666666666666
28688.0	0.013333333333333334
28763.0	0.0
28838.0	0.0
28913.0	0.0
28988.0	0.08
29063.0	0.8
29138.0	0.0
29213.0	0.0
29288.0	0.0
29363.0	0.6133333333333333
29438.0	0.0
29513.0	0.0
29588.0	0.0
29663.0	0.0
29738.0	0.0
29813.0	29.08
29877.0	0.0
