#Position (bp)	mapping quality
38.0	47.42661996497373
113.0	60.0
188.0	60.0
263.0	60.0
338.0	60.0
413.0	60.0
488.0	60.0
563.0	49.22200956937799
638.0	0.0
713.0	0.0
788.0	0.0
863.0	40.5
938.0	0.0
1013.0	0.0
1088.0	0.0
1163.0	0.0
1238.0	0.0
1313.0	0.0
1388.0	37.74782608695652
1463.0	0.0
1538.0	0.0
1613.0	0.0
1688.0	26.198640771756562
1763.0	39.14153494176373
1838.0	57.66782748459684
1913.0	60.0
1988.0	60.0
2063.0	60.0
2138.0	60.0
2213.0	59.909887359199
2288.0	58.18487394957983
2363.0	0.0
2438.0	60.0
2513.0	60.0
2588.0	43.72077922077922
2663.0	31.446685878962537
2738.0	60.0
2813.0	60.0
2888.0	60.0
2963.0	60.0
3038.0	60.0
3113.0	0.0
3188.0	0.0
3263.0	0.0
3338.0	35.8914996544575
3413.0	0.0
3488.0	0.0
3563.0	0.0
3638.0	0.0
3713.0	29.4841628959276
3788.0	0.0
3863.0	38.9475
3938.0	0.0
4013.0	0.0
4088.0	30.0
4163.0	30.0
4238.0	0.0
4313.0	0.0
4388.0	0.0
4463.0	0.0
4538.0	59.98556477805846
4613.0	60.0
4688.0	60.0
4763.0	60.0
4838.0	60.0
4913.0	60.0
4988.0	60.0
5063.0	60.0
5138.0	60.0
5213.0	60.0
5288.0	60.0
5363.0	58.58452272914776
5438.0	45.0
5513.0	0.0
5588.0	0.0
5663.0	28.16543909348442
5738.0	0.0
5813.0	0.0
5888.0	0.0
5963.0	0.0
6038.0	0.0
6113.0	0.0
6188.0	0.0
6263.0	0.0
6338.0	0.0
6413.0	55.34953161592506
6488.0	60.0
6563.0	60.0
6638.0	60.0
6713.0	60.0
6788.0	59.98700454840806
6863.0	59.89125181246979
6938.0	59.578125
7013.0	0.0
7088.0	36.0
7163.0	36.0
7238.0	41.816836262719704
7313.0	0.0
7388.0	0.0
7463.0	0.0
7538.0	0.0
7613.0	0.0
7688.0	0.0
7763.0	0.0
7838.0	0.0
7913.0	0.0
7988.0	46.721311475409834
8063.0	59.75286041189931
8138.0	60.0
8213.0	59.12115732368897
8288.0	58.950857142857146
8363.0	60.0
8438.0	60.0
8513.0	46.33040421792619
8588.0	43.5985401459854
8663.0	0.0
8738.0	0.0
8813.0	0.0
8888.0	0.0
8963.0	24.0
9038.0	24.0
9113.0	0.0
9188.0	0.0
9263.0	0.0
9338.0	0.0
9413.0	60.0
9488.0	60.0
9563.0	51.18389955686854
9638.0	60.0
9713.0	60.0
9788.0	60.0
9863.0	60.0
9938.0	60.0
10013.0	59.75852431525992
10088.0	58.05882352941177
10163.0	0.0
10238.0	0.0
10313.0	36.0
10388.0	0.0
10463.0	0.0
10538.0	0.0
10613.0	0.0
10688.0	0.0
10763.0	0.0
10838.0	36.0
10913.0	0.0
10988.0	0.0
11063.0	58.85008517887564
11138.0	60.0
11213.0	59.616766467065865
11288.0	60.0
11363.0	60.0
11438.0	60.0
11513.0	58.50572804250373
11588.0	0.0
11663.0	0.0
11738.0	0.0
11813.0	0.0
11888.0	0.0
11963.0	0.0
12038.0	0.0
12113.0	0.0
12188.0	42.0
12263.0	42.0
12338.0	36.0
12413.0	0.0
12488.0	0.0
12563.0	24.0
12638.0	0.0
12713.0	0.0
12788.0	0.0
12863.0	0.0
12938.0	0.0
13013.0	0.0
13088.0	0.0
13163.0	0.0
13238.0	18.0
13313.0	0.0
13388.0	0.0
13463.0	0.0
13538.0	0.0
13613.0	0.0
13688.0	0.0
13763.0	0.0
13838.0	0.0
13913.0	0.0
13988.0	0.0
14063.0	0.0
14138.0	58.47655686463092
14213.0	60.0
14288.0	59.984173041413875
14363.0	60.0
14438.0	60.0
14513.0	60.0
14588.0	51.581878244454934
14663.0	26.060208543558694
14738.0	0.0
14813.0	0.0
14888.0	0.0
14963.0	0.0
15038.0	0.0
15113.0	0.0
15188.0	0.0
15263.0	0.0
15338.0	0.0
15413.0	0.0
15488.0	0.0
15563.0	0.0
15638.0	59.848390446521286
15713.0	60.0
15788.0	60.0
15863.0	60.0
15938.0	60.0
16013.0	60.0
16088.0	59.96073849030147
16163.0	55.709747292418776
16238.0	42.77351916376307
16313.0	0.0
16388.0	0.0
16463.0	0.0
16538.0	0.0
16613.0	0.0
16688.0	0.0
16763.0	0.0
16838.0	0.0
16913.0	0.0
16988.0	0.0
17063.0	31.18324607329843
17138.0	0.0
17213.0	0.0
17288.0	59.37062937062937
17363.0	59.88596046629498
17438.0	59.992665036674815
17513.0	60.0
17588.0	60.0
17663.0	60.0
17738.0	60.0
17813.0	60.0
17888.0	55.63869132290185
17963.0	0.0
18038.0	0.0
18113.0	39.18556701030928
18188.0	37.131788559015206
18263.0	0.0
18338.0	0.0
18413.0	0.0
18488.0	0.0
18563.0	0.0
18638.0	0.0
18713.0	0.0
18788.0	0.0
18863.0	54.43478260869565
18938.0	59.47449933244326
19013.0	59.98774163130599
19088.0	60.0
19163.0	59.9927060539752
19238.0	60.0
19313.0	59.601604506272935
19388.0	59.93965246284406
19463.0	59.52307986975675
19538.0	59.971929036604536
19613.0	59.99538404726736
19688.0	60.0
19763.0	60.0
19838.0	59.98750994918264
19913.0	60.0
19988.0	60.0
20063.0	60.0
20138.0	60.0
20213.0	59.87723785166241
20288.0	59.3717277486911
20363.0	0.0
20438.0	0.0
20513.0	0.0
20588.0	48.0
20663.0	0.0
20738.0	0.0
20813.0	0.0
20888.0	0.0
20963.0	0.0
21038.0	0.0
21113.0	45.02065491183879
21188.0	0.0
21263.0	0.0
21338.0	0.0
21413.0	0.0
21488.0	0.0
21563.0	0.0
21638.0	0.0
21713.0	0.0
21788.0	0.0
21863.0	20.782608695652176
21938.0	20.74074074074074
22013.0	0.0
22088.0	0.0
22163.0	0.0
22238.0	59.97948016415869
22313.0	60.0
22388.0	60.0
22463.0	59.935172679915105
22538.0	60.0
22613.0	60.0
22688.0	39.85233441910967
22763.0	0.0
22838.0	0.0
22913.0	0.0
22988.0	0.0
23063.0	0.0
23138.0	0.0
23213.0	0.0
23288.0	0.0
23363.0	0.0
23438.0	0.0
23513.0	0.0
23588.0	0.0
23663.0	60.0
23738.0	60.0
23813.0	0.0
23888.0	0.0
23963.0	0.0
24038.0	0.0
24113.0	0.0
24188.0	0.0
24263.0	0.0
24338.0	0.0
24413.0	0.0
24488.0	0.0
24563.0	0.0
24638.0	0.0
24713.0	0.0
24788.0	0.0
24863.0	0.0
24938.0	0.0
25013.0	0.0
25088.0	0.0
25163.0	0.0
25238.0	58.28640945429267
25313.0	60.0
25388.0	60.0
25463.0	60.0
25538.0	60.0
25613.0	60.0
25688.0	59.98540655436059
25763.0	59.25002614789248
25838.0	60.0
25913.0	59.98521364819183
25988.0	59.995806468522304
26063.0	59.99563768554983
26138.0	59.83203290388919
26213.0	60.0
26288.0	60.0
26363.0	0.0
26438.0	0.0
26513.0	4.0
26588.0	0.0
26663.0	0.0
26738.0	0.0
26813.0	60.0
26888.0	19.788713910761153
26963.0	0.0
27038.0	0.0
27113.0	12.0
27188.0	0.0
27263.0	0.0
27338.0	0.0
27413.0	0.0
27488.0	32.13868613138686
27563.0	0.0
27638.0	0.0
27713.0	0.0
27788.0	0.0
27863.0	0.0
27938.0	0.0
28013.0	0.0
28088.0	60.0
28163.0	59.99030381383322
28238.0	60.0
28313.0	60.0
28388.0	60.0
28463.0	60.0
28538.0	59.907126344356215
28613.0	59.58743983497593
28688.0	60.0
28763.0	0.0
28838.0	0.0
28913.0	0.0
28988.0	18.0
29063.0	18.0
29138.0	0.0
29213.0	0.0
29288.0	0.0
29363.0	24.0
29438.0	0.0
29513.0	0.0
29588.0	0.0
29663.0	0.0
29738.0	0.0
29813.0	34.780375974323704
29877.0	0.0
