# Position (bp)	A	C	G	T	N
0.0	30.089313212195872	18.340006159531878	19.58731136433631	31.98336926393594	0.0
1.0	22.63627964274715	23.945180166307363	25.069294733600245	28.34924545734524	0.0
2.0	29.622235872235876	20.623464373464373	17.644348894348894	32.10995085995086	0.0
3.0	33.14917127071823	20.810313075506446	18.47759361571516	27.56292203806016	0.0
4.0	30.13656590455731	20.65367500383612	19.610250115083627	29.59950897652294	0.0
5.0	31.86627817819353	22.343198895874867	15.565097377702806	30.225425548228802	0.0
6.0	31.62249119043971	18.185996629385627	19.76405699402482	30.42745518614984	0.0
7.0	30.776297657326595	20.195988363190935	20.15005359056806	28.877660388914407	0.0
8.0	29.955609980101027	20.893923159344865	19.684677789683146	29.46578907087096	0.0
9.0	28.302464411449563	21.30720955150773	17.54171131180162	32.848614725241084	0.0
10.0	26.981940618304257	17.53902662993572	20.56932966023875	34.90970309152127	0.0
11.0	26.293235384144474	21.71717171717172	19.253137434955615	32.73645546372819	0.0
12.0	27.762473217018673	20.232629323538415	18.68686868686869	33.31802877257422	0.0
13.0	29.410864575363426	21.25478194338179	18.469778117827083	30.864575363427697	0.0
14.0	28.595471236230107	20.578335373317014	20.45593635250918	30.3702570379437	0.0
15.0	25.61199510403917	19.033047735618112	23.14871481028152	32.206242350061196	0.0
16.0	27.080783353733167	18.956548347613218	22.20012239902081	31.762545899632805	0.0
17.0	29.2488909285605	18.78537555453572	21.50833715771761	30.457396359186173	0.0
18.0	29.0806180204987	21.49303962062108	20.11626128193361	29.31008107694661	0.0
19.0	30.319718525317423	21.217683952883586	21.232981489980112	27.229616031818875	0.0
20.0	26.174085972158483	23.818265259293252	18.78537555453572	31.222273214012542	0.0
21.0	26.074323291023095	21.455880103991436	21.012387215170516	31.457409389814956	0.0
22.0	27.652094160807096	18.786303882604706	18.465301131152554	35.09630082543565	0.0
23.0	29.79211250382146	21.18618159584225	18.450015285845307	30.571690614490983	0.0
24.0	27.128228641296044	19.501757603545773	18.049824239645424	35.32018951551276	0.0
25.0	27.571450405012992	20.158948494574354	18.126241785113862	34.143359315298795	0.0
26.0	33.5014519333639	18.049824239645424	17.05639614855571	31.392327678434967	0.0
27.0	27.1740791685771	20.26593305823017	19.792144276325843	32.76784349686688	0.0
28.0	29.19150236894391	18.43191196698762	18.615314076111876	33.76127158795659	0.0
29.0	29.665291150848233	16.97997860308727	19.348922512608898	34.0058077334556	0.0
30.0	31.376146788990827	19.113149847094803	17.629969418960243	31.880733944954127	0.0
31.0	32.16664085488617	16.509214805637292	18.228279386712096	33.095864952764444	0.0
32.0	30.95608844596699	17.78262223606353	19.542198691996262	31.719090625973216	0.0
33.0	28.057329802149866	18.974918211559434	20.283533260632495	32.684218725658205	0.0
34.0	33.29178999844212	14.815391805577194	20.03427325128525	31.85854494469543	0.0
35.0	30.093457943925234	19.267912772585667	19.532710280373834	31.10591900311526	0.0
36.0	31.671599937684995	16.48231811808693	17.57283065898115	34.27325128524693	0.0
37.0	29.2101573453809	21.374045801526716	17.946720673002027	31.469076180090354	0.0
38.0	27.921470863197257	20.86319725771268	18.432533499532564	32.78279837955749	0.0
39.0	30.571161048689138	18.461298377028715	17.5561797752809	33.41136079900125	0.0
40.0	28.055077452667813	16.507588796745424	19.87169457048975	35.565639180097016	0.0
41.0	26.959787200751055	15.86606164919418	23.141918322641214	34.03223282741355	0.0
42.0	31.3302034428795	15.571205007824727	20.234741784037556	32.863849765258216	0.0
43.0	29.965538847117795	18.734335839598998	18.953634085213032	32.34649122807017	0.0
44.0	32.97305764411028	18.49937343358396	17.23057644110276	31.296992481203006	0.0
45.0	32.984459245163336	16.57151918807485	17.72914684427529	32.71487472248652	0.0
46.0	30.94478135971912	14.873922757740186	21.337376316629427	32.843919565911264	0.0
47.0	32.827960421321414	16.868815831471434	19.80529843600383	30.49792531120332	0.0
48.0	28.22027134876297	18.37190742218675	20.047885075818037	33.35993615323225	0.0
49.0	29.30566640063847	18.898643256185153	19.13806863527534	32.657621707901036	0.0
50.0	29.54509177972865	18.02075019952115	19.106145251396647	33.32801276935355	0.0
51.0	29.816440542697524	17.350359138068637	18.387869114126097	34.44533120510774	0.0
52.0	27.862046942359893	18.250039916972696	21.69886635797541	32.189046782691996	0.0
53.0	30.193198147852467	20.309755708127096	19.57528341050615	29.92176273351429	0.0
54.0	29.602426951939965	19.671084144978444	19.112246527223377	31.614242375858215	0.0
55.0	29.44746087511977	18.795911849249443	18.316831683168317	33.439795592462474	0.0
56.0	27.05206004471415	20.36090705844778	20.488661769402746	32.09837112743533	0.0
57.0	30.34659000159719	18.49544801149976	19.294042485226	31.863919501677046	0.0
58.0	28.099041533546327	21.08626198083067	18.242811501597444	32.57188498402556	0.0
59.0	27.96420581655481	19.191434963247044	20.16618728028124	32.67817193991691	0.0
60.0	30.658567774936063	18.23849104859335	18.510230179028135	32.59271099744245	0.0
61.0	27.2945314998401	19.12376079309242	21.937959705788295	31.64374800127918	0.0
62.0	27.85154375299952	21.628539433690612	19.996800511918092	30.523116301391777	0.0
63.0	28.955367141257398	19.372900335946248	20.38073908174692	31.29099344104943	0.0
64.0	28.24	20.224	20.24	31.296000000000003	0.0
65.0	29.136	19.648	19.232	31.984	0.0
66.0	29.835226363781796	18.12509998400256	19.91681330987042	32.12286034234523	0.0
67.0	28.681177976952625	22.02304737516005	17.829705505761844	31.46606914212548	0.0
68.0	27.33098365908363	20.87471964114066	19.480935597564883	32.31336110221083	0.0
69.0	29.881372234690605	19.54151971785829	19.028534786790637	31.54857326066047	0.0
70.0	29.602309172546505	21.215522771007056	18.329057087876844	30.853110968569595	0.0
71.0	28.54393842206543	21.98524695317511	20.109044259140475	29.361770365618987	0.0
72.0	29.12123155869147	18.280949326491342	20.670301475304683	31.92751763951251	0.0
73.0	29.504251564254773	16.701427883844055	22.204395957003047	31.58992459489812	0.0
74.0	29.158638407193322	17.77456647398844	20.69685292228645	32.369942196531795	0.0
75.0	30.684007707129098	19.412331406551058	21.708413615928066	28.195247270391775	0.0
76.0	30.656817086879716	19.367271559338363	18.821262245061828	31.15464910872009	0.0
77.0	31.299180986028585	20.90894491729565	18.098602858519353	29.693271238156417	0.0
78.0	29.67068273092369	17.815261044176705	21.23694779116466	31.27710843373494	0.0
79.0	30.703727506426738	20.838688946015424	17.85025706940874	30.607326478149098	0.0
80.0	32.95838020247469	17.19427928651776	19.23509561304837	30.612244897959183	0.0
81.0	29.46587058253994	18.234629659512667	20.71970308213652	31.57979667581088	0.0
82.0	33.83373688458434	16.222760290556902	21.791767554479417	28.151735270379337	0.0
83.0	32.05293737895417	17.75338928340865	19.964493221433184	30.229180116204002	0.0
84.0	27.930255085566678	17.80755569906361	21.004197610590893	33.257991604778816	0.0
85.0	30.282485875706218	17.191283292978206	21.01694915254237	31.509281678773206	0.0
86.0	29.34624697336562	21.033091202582728	19.62873284907183	29.99192897497982	0.0
87.0	31.43963847643641	16.123305358295674	20.610071013557132	31.82698515171078	0.0
88.0	30.51832714354917	17.61666397545616	20.361698692071695	31.503310188922978	0.0
89.0	31.265147842947165	16.400064630796575	18.7590887057683	33.575698820487965	0.0
90.0	28.14671190822427	17.078687994829536	20.68185490386169	34.092745193084504	0.0
91.0	31.41564318034906	17.760180995475114	16.402714932126695	34.421460892049126	0.0
92.0	30.736910148674855	19.36005171299289	17.032967032967033	32.87007110536522	0.0
93.0	31.846104106045907	17.57193663110249	19.818946007112835	30.763013255738763	0.0
94.0	29.69608794051083	17.20012932428063	19.31781441965729	33.785968315551244	0.0
95.0	31.118655027481413	16.812156482379567	19.64112512124151	32.42806336889751	0.0
96.0	29.308115098609765	17.7335919818946	19.899773682508894	33.05851923698675	0.0
97.0	29.631425800193988	17.474943420627223	20.352408664726802	32.54122211445199	0.0
98.0	30.27804720336243	19.366311024894927	17.992240543161977	32.36340122858067	0.0
99.0	29.469770449401878	19.204655674102813	18.735855156805687	32.58971871968962	0.0
100.0	32.24971696587417	17.53194242277212	20.249070030729417	29.96927058062429	0.0
101.0	29.11003236245955	21.100323624595468	20.307443365695793	29.48220064724919	0.0
102.0	29.642221142949655	18.277480977820947	19.28120446818844	32.79909341104096	0.0
103.0	29.517487046632123	19.057642487046632	21.324481865284977	30.100388601036272	0.0
104.0	27.692307692307693	17.97570850202429	19.85425101214575	34.47773279352227	0.0
105.0	28.559857443706466	19.390895836708246	18.90490847237972	33.144338247205575	0.0
106.0	32.59319286871961	20.016207455429498	18.038897893030796	29.3517017828201	0.0
107.0	31.587481757742825	19.231392897681207	19.361115615372142	29.82000972920383	0.0
108.0	32.85204412719014	17.667099286177805	19.19208306294614	30.28877352368592	0.0
109.0	27.125243348475014	19.338092147955873	18.818948734587927	34.717715768981186	0.0
110.0	28.432327166504383	19.117169750081143	19.37682570593963	33.073677377474844	0.0
111.0	32.055862292952256	18.220201364079248	18.447547905164015	31.27638843780448	0.0
112.0	27.757024524930973	19.879811596556767	19.652428130583075	32.710735747929185	0.0
113.0	30.175495612609687	16.005849853753656	20.945726356841078	32.87292817679558	0.0
114.0	31.28046798830029	16.460838479038024	19.207019824504385	33.051673708157296	0.0
115.0	27.219512195121954	18.520325203252032	17.138211382113823	37.1219512195122	0.0
116.0	29.9560904212067	18.572125548869735	17.937876077410962	33.53390795251261	0.0
117.0	33.0511234125692	17.87691305763595	16.900032562683165	32.17193096711169	0.0
118.0	30.179153094462542	18.403908794788272	19.7557003257329	31.66123778501629	0.0
119.0	25.264701091382964	20.882879947874248	21.97426290926861	31.878156051474182	0.0
120.0	28.60866731834474	20.283479960899314	21.782339524275006	29.32551319648094	0.0
121.0	30.665145092924682	19.90544506031953	18.731659602217153	30.697750244538636	0.0
122.0	30.311429969020054	18.65318767324311	18.441219631501713	32.59416272623512	0.0
123.0	30.946166394779773	16.215334420880914	19.33115823817292	33.507340946166394	0.0
124.0	32.860172948278674	17.539565997715776	18.779572524065916	30.820688529939634	0.0
125.0	31.82634241880202	19.52015668353191	18.05124857189489	30.60225232577118	0.0
126.0	31.596995427824954	18.370346178967996	19.154147615937294	30.878510777269756	0.0
127.0	28.923730197615548	20.333170014698677	19.77788665686755	30.965213130818224	0.0
128.0	33.22438306912894	17.43748978591273	18.17290406929237	31.16522307566596	0.0
129.0	31.159064901095306	19.437632826548963	20.075200261566128	29.328102010789603	0.0
130.0	31.599607458292446	18.85835786719006	17.32090284592738	32.221131828590124	0.0
131.0	30.89005235602094	19.159031413612563	19.404450261780106	30.54646596858639	0.0
132.0	27.631363561957766	18.415452610901948	21.31281715501719	32.64036667212309	0.0
133.0	27.432034064854243	19.65280052407468	20.76645922043891	32.14870619063216	0.0
134.0	26.843657817109147	20.403146509341198	21.304490331039002	31.448705342510653	0.0
135.0	27.66759547615145	18.964104245205704	21.84887723324045	31.519423045402394	0.0
136.0	29.562223315297594	18.904738481718315	19.26545335300869	32.26758484997541	0.0
137.0	28.981466294899132	18.484500574052813	19.3537805478104	33.18025258323766	0.0
138.0	28.62063309824504	17.992455305888143	19.173363949483353	34.21354764638347	0.0
139.0	31.139198949441894	18.319107025607355	19.763624425476035	30.778069599474723	0.0
140.0	30.302035456336178	17.41628365068943	21.142481943532502	31.139198949441894	0.0
141.0	28.144499178981935	18.555008210180624	22.39737274220033	30.90311986863711	0.0
142.0	31.614386598784694	17.99967153884053	18.886516669403843	31.499425192970932	0.0
143.0	32.71473148300213	18.131056002627687	19.658400394153393	29.495812120216787	0.0
144.0	29.472646623952688	19.878429439789716	18.465582388697225	32.183341547560374	0.0
145.0	31.148348940364713	17.62773123049121	17.726301954986035	33.497617874158045	0.0
146.0	29.82571522525485	17.69154883262085	18.349227227885564	34.13350871423874	0.0
147.0	28.202598256865645	20.161157704324946	19.256701200460448	32.379542838348954	0.0
148.0	29.403058707449432	19.059365235980923	19.634928465712875	31.90264759085677	0.0
149.0	28.996710526315788	18.61842105263158	19.078947368421055	33.305921052631575	0.0
150.0	28.599637979266085	18.183314135264112	19.845318413690965	33.371729471778835	0.0
151.0	29.36625514403292	18.584362139917694	21.349794238683128	30.69958847736626	0.0
152.0	27.111111111111114	20.049382716049383	19.012345679012345	33.827160493827165	0.0
153.0	31.554677206851117	19.13702239789196	17.786561264822133	31.521739130434785	0.0
154.0	31.082194037226156	16.9988469774337	19.10723109866579	32.811727886674355	0.0
155.0	29.56980385693094	18.262732816878195	19.828580847206197	32.33888247898467	0.0
156.0	31.019129287598947	15.616754617414246	20.0032981530343	33.36081794195251	0.0
157.0	29.891125041240514	18.739689871329592	20.19135598812273	31.177829099307157	0.0
158.0	31.600660066006604	18.613861386138613	18.646864686468646	31.138613861386137	0.0
159.0	30.361565131253094	16.130097407957734	21.693907875185737	31.81442958560343	0.0
160.0	28.274153592072665	18.364987613542528	22.758051197357556	30.602807597027248	0.0
161.0	27.842035690680767	18.588896232650363	21.06741573033708	32.50165234633179	0.0
162.0	29.95536452306166	18.217887254091586	22.648371631674657	29.178376591172096	0.0
163.0	30.423280423280424	16.567460317460316	21.147486772486772	31.861772486772487	0.0
164.0	32.86447128909482	16.630812510342547	21.264272712229026	29.24044348833361	0.0
165.0	31.545845746441575	17.328699106256206	21.201588877855016	29.923866269447203	0.0
166.0	30.887711162636634	18.896985756873136	20.718781053328918	29.49652202716131	0.0
167.0	28.55958892756506	19.177855130117685	20.686225758329186	31.576330183988066	0.0
168.0	29.139731476877174	17.851815017404277	20.039781203381402	32.96867230233714	0.0
169.0	26.820368220268705	18.029523967490462	19.688173826505224	35.46193398573561	0.0
170.0	28.903268624522983	16.890658702505394	20.82296333167413	33.3831093412975	0.0
171.0	29.311203319502077	17.842323651452283	18.804979253112034	34.04149377593361	0.0
172.0	29.847277556440904	19.83731739707835	18.260292164674635	32.05511288180611	0.0
173.0	27.375415282392023	19.152823920265778	18.654485049833887	34.81727574750831	0.0
174.0	28.257978723404253	19.913563829787233	18.48404255319149	33.34441489361702	0.0
175.0	29.105718085106385	17.819148936170212	20.6781914893617	32.3969414893617	0.0
176.0	30.422488356620093	16.533599467731204	19.211576846307384	33.83233532934132	0.0
177.0	29.11813643926789	19.966722129783694	20.083194675540767	30.831946755407653	0.0
178.0	33.427667720992176	17.762610287997337	18.97785916430831	29.83186282670218	0.0
179.0	27.664890073284475	19.603597601598935	21.402398401065955	31.329113924050635	0.0
180.0	30.401465933699818	17.124770947859403	19.207063135099116	33.26669998334167	0.0
181.0	29.856714428523823	18.74375208263912	18.593802065978007	32.80573142285905	0.0
182.0	33.6222703783964	17.919653275545926	19.75329221536923	28.70478413068845	0.0
183.0	31.899282974820743	21.74420543605136	17.942304485576123	28.414207103551774	0.0
184.0	31.65443629086057	21.26417611741161	18.52901934623082	28.552368245497	0.0
185.0	30.79232693911593	21.56797331109258	19.949958298582153	27.689741451209343	0.0
186.0	32.610508757297744	17.36447039199333	21.334445371142618	28.690575479566306	0.0
187.0	31.074766355140188	20.12683578104139	19.709612817089454	29.088785046728972	0.0
188.0	31.68002672010688	18.21977287909152	20.123580494321978	29.976619906479623	0.0
189.0	31.495405179615705	19.131161236424393	18.429406850459483	30.94402673350042	0.0
190.0	34.36977599465062	15.931126713473754	18.421932464058845	31.277164827816783	0.0
191.0	30.67402575681552	17.29386184980766	18.56497742097341	33.467134972403414	0.0
192.0	32.28451882845188	17.12133891213389	19.14644351464435	31.447698744769877	0.0
193.0	28.86097152428811	16.415410385259634	21.122278056951423	33.60134003350084	0.0
194.0	28.947368421052634	18.806570566543748	21.304056319141804	30.942004693261815	0.0
195.0	29.991617770326904	19.547359597652974	18.776194467728416	31.6848281642917	0.0
196.0	30.75889858965749	19.728005372733378	17.897918065815986	31.615177971793152	0.0
197.0	30.431860191564443	19.593345656192238	19.17324819358091	30.80154595866241	0.0
198.0	31.440094101831622	19.223659889094268	17.862544110233575	31.473701898840535	0.0
199.0	28.905330418698505	19.017992265007567	19.84193711114848	32.23474020514545	0.0
200.0	28.864592094196805	18.60386879730866	20.117746005046257	32.41379310344827	0.0
201.0	30.360148098283407	16.66105688320431	20.212049814877144	32.76674520363514	0.0
202.0	30.66554338668913	17.792754844144902	20.08424599831508	31.457455770850885	0.0
203.0	31.7653009610521	16.928005395380204	21.227448996796493	30.0792446467712	0.0
204.0	28.952252404251727	19.234013834992407	20.111354816939432	31.702378943816434	0.0
205.0	31.689189189189186	17.094594594594597	20.81081081081081	30.405405405405407	0.0
206.0	29.163144547759934	18.20794590025359	20.574809805579036	32.05409974640744	0.0
207.0	29.912073047007105	18.616841393304025	19.225566452485626	32.24551910720324	0.0
208.0	28.996785653865675	18.84621891388936	21.502283877516497	30.65471155472847	0.0
209.0	28.970538435489335	17.69387064002709	20.40298002031832	32.93261090416525	0.0
210.0	29.949152542372882	18.47457627118644	19.728813559322035	31.84745762711864	0.0
211.0	31.45038167938931	16.759966072943172	22.561492790500424	29.22815945716709	0.0
212.0	29.979640312181882	17.882592466915508	22.548354258568036	29.589412962334578	0.0
213.0	31.205432937181666	18.60780984719864	19.881154499151105	30.305602716468588	0.0
214.0	30.943075615972816	19.592183517417162	20.594732370433306	28.87000849617672	0.0
215.0	32.36443991160972	20.92469828318885	18.79993200747918	27.91092979772225	0.0
216.0	35.27210884353742	17.17687074829932	19.217687074829932	28.333333333333332	0.0
217.0	29.601226993865033	18.012951601908657	20.552147239263803	31.83367416496251	0.0
218.0	28.917719358142712	17.582792762034824	21.08228064185729	32.41720723796517	0.0
219.0	29.440930073516842	19.473414258847665	22.773123610873654	28.312532056761842	0.0
220.0	29.693650521992126	20.999486565120655	19.97261680643505	29.334246106452166	0.0
221.0	30.95115681233933	20.58269065981148	17.39502999143102	31.071122536418166	0.0
222.0	31.349682730234953	18.504544675012863	19.773623735208368	30.372148859543817	0.0
223.0	33.25321888412017	17.356223175965667	18.334763948497855	31.05579399141631	0.0
224.0	33.78587386148823	17.52878501460732	19.728475683107064	28.956865440797387	0.0
225.0	35.03699879538806	17.638960591980727	19.170538633625885	28.153501979005334	0.0
226.0	33.59173126614987	18.587424633936262	18.415159345391903	29.405684754521964	0.0
227.0	31.579855122456017	17.109348051052088	18.920317350810624	32.390479475681275	0.0
228.0	28.988259668508288	18.404696132596683	18.801795580110497	33.805248618784525	0.0
229.0	31.461644782308223	20.939875604699377	16.516931582584657	31.081548030407742	0.0
230.0	30.888965755793844	22.10307851954341	15.582843306814251	31.425112417848496	0.0
231.0	30.72925688550147	20.734453490386283	17.703100640914602	30.833188983197644	0.0
232.0	28.029121164846593	18.010053735482753	19.50078003120125	34.460045068469405	0.0
233.0	29.293280083347806	17.98923424205591	20.732766105226602	31.98471956936968	0.0
234.0	28.63359442993908	18.920800696257615	21.688424717145345	30.757180156657967	0.0
235.0	26.960613454165216	19.937260369466713	20.86092715231788	32.241199024050196	0.0
236.0	28.364461511607608	17.943794728573923	21.731541281200908	31.96020247861756	0.0
237.0	28.28176892151722	20.101380877468973	19.542038105226357	32.07481209578745	0.0
238.0	30.75306479859895	16.69001751313485	20.157618213660243	32.399299474605954	0.0
239.0	29.032824293487803	15.797788309636651	19.975425662629455	35.193961734246095	0.0
240.0	27.880386983289355	17.167985927880387	19.22603342128408	35.72559366754617	0.0
241.0	27.17333803561982	17.13983424440134	23.417386704284958	32.269441015693886	0.0
242.0	29.020855425945562	17.214563449982325	21.65075998586073	32.113821138211385	0.0
243.0	28.966005665722378	16.041076487252123	22.078611898016998	32.9143059490085	0.0
244.0	27.687123093295497	16.991841078396593	20.415040794608018	34.905995033699895	0.0
245.0	29.896907216494846	17.881265552790616	19.800924280127976	32.42090295058656	0.0
246.0	29.35730817162186	16.022787965105927	21.00765533202777	33.61224853124444	0.0
247.0	27.149482697110237	17.62397431323582	23.635390652871923	31.59115233678202	0.0
248.0	26.058981233243966	18.498659517426276	22.198391420911527	33.24396782841823	0.0
249.0	28.530465949820787	18.29749103942652	18.88888888888889	34.2831541218638	0.0
250.0	27.259658580413298	18.742138364779873	19.69451931716083	34.303683737646004	0.0
251.0	27.848784878487848	18.505850585058507	21.026102610261027	32.61926192619262	0.0
252.0	27.81385281385281	20.364357864357867	19.85930735930736	31.962481962481963	0.0
253.0	31.62362290048763	16.398771898139785	19.07169947625068	32.90590572512191	0.0
254.0	29.981884057971016	17.69927536231884	20.833333333333336	31.48550724637681	0.0
255.0	29.52190510816215	18.342119614615523	18.723868387565897	33.41210688965643	0.0
256.0	30.012748133309053	19.195046439628484	19.049353487525043	31.742851939537424	0.0
257.0	28.986301369863014	17.95433789954338	18.410958904109588	34.64840182648402	0.0
258.0	30.281948004393993	18.766019772976932	18.290003661662393	32.662028560966675	0.0
259.0	30.869645155359443	18.60636146350432	17.99963228534657	32.524361095789665	0.0
260.0	30.585843651820365	18.905932360007395	17.963407872851597	32.54481611532064	0.0
261.0	31.231454005934715	17.989614243323444	19.083827893175073	31.695103857566764	0.0
262.0	30.39033457249071	17.230483271375466	21.059479553903344	31.319702602230482	0.0
263.0	30.472822040208484	21.09084139985108	17.53536857781087	30.90096798212956	0.0
264.0	30.57681538174351	19.227179391450438	19.992533134216913	30.203472092589134	0.0
265.0	29.09636295463067	19.291338582677163	19.7787776527934	31.833520809898765	0.0
266.0	32.27383863080684	19.20255783336468	19.578709798758698	28.944893737069776	0.0
267.0	30.479064503960767	18.20067898906073	20.40739343643908	30.91286307053942	0.0
268.0	31.19161105815062	17.63584366062917	21.84938036224976	29.323164918970445	0.0
269.0	30.94873756694721	18.936495791889822	19.988523335883706	30.126243305279267	0.0
270.0	30.303612605687935	21.079938508839355	16.5065334358186	32.10991544965411	0.0
271.0	32.25433526011561	18.63198458574181	17.957610789980734	31.156069364161848	0.0
272.0	30.023183925811438	18.141421947449768	18.238021638330757	33.59737248840804	0.0
273.0	29.992245056223343	16.7700659170221	19.755719271035286	33.48196975571927	0.0
274.0	30.65679204833366	17.754823621126487	20.619762229584875	30.968622100954978	0.0
275.0	29.67463739709918	19.42375539004312	21.01136809094473	29.890239121912977	0.0
276.0	31.085332284703103	18.87534408179316	19.38655131734172	30.652772316162014	0.0
277.0	27.63391974698557	20.24115437833564	19.84581933188377	32.27910654279501	0.0
278.0	28.08028616852146	19.09777424483307	22.07869634340223	30.743243243243246	0.0
279.0	30.359281437125745	19.780439121756487	19.760479041916167	30.099800399201598	0.0
280.0	31.45032051282051	20.873397435897438	19.851762820512818	27.82451923076923	0.0
281.0	30.98506257569641	18.167137666532096	20.710536939846588	30.13726281792491	0.0
282.0	29.75876748428948	18.14311777822826	22.136630853436042	29.96148388404622	0.0
283.0	29.942927028128825	19.608642478597634	21.25968202201386	29.188748471259686	0.0
284.0	26.3740771123872	21.00082034454471	21.493027071369973	31.132075471698112	0.0
285.0	27.92904290429043	20.379537953795378	21.36963696369637	30.32178217821782	0.0
286.0	28.024026512013258	18.16487158243579	22.07953603976802	31.731565865782933	0.0
287.0	25.90122942279642	21.400291727443218	22.004584288393414	30.693894561366953	0.0
288.0	25.571638346968744	18.900776169498638	22.131319488147682	33.39626599538494	0.0
289.0	27.992400253324888	19.358243614101752	20.139328689043698	32.51002744352966	0.0
290.0	29.37672835566901	16.251861306105084	20.740268028079132	33.63114231014678	0.0
291.0	29.75171232876712	16.24571917808219	22.62414383561644	31.37842465753425	0.0
292.0	27.58843830888697	19.801553062985334	23.295944779982744	29.31406384814495	0.0
293.0	28.658140039020157	16.80034684587037	21.699544764795146	32.841968350314325	0.0
294.0	30.9862234856768	19.24338508637656	19.768204679641375	30.00218674830527	0.0
295.0	30.676328502415455	18.57707509881423	21.32191480017567	29.424681598594642	0.0
296.0	28.938053097345133	18.4070796460177	23.58407079646018	29.07079646017699	0.0
297.0	28.584229390681003	19.265232974910393	21.415770609318997	30.734767025089603	0.0
298.0	27.60118911502401	21.518408415275555	22.638920649439743	28.241481820260688	0.0
299.0	28.44553243574051	18.017135862913097	22.423500611995102	31.113831089351287	0.0
300.0	30.364372469635626	9.665991902834008	21.356275303643724	38.61336032388664	0.0
