#Position (bp)	Coverage
38.0	535.1066666666667
113.0	781.64
188.0	1546.2
263.0	2318.8133333333335
338.0	2697.4666666666667
413.0	2880.4666666666667
488.0	2976.6133333333332
563.0	2890.28
638.0	2952.5333333333333
713.0	2811.48
788.0	2599.786666666667
863.0	2473.9066666666668
938.0	2211.52
1013.0	2099.9466666666667
1088.0	2265.0133333333333
1163.0	2250.24
1238.0	2462.24
1313.0	2472.36
1388.0	2199.2933333333335
1463.0	2261.4133333333334
1538.0	2458.4266666666667
1613.0	2746.5066666666667
1688.0	3500.5466666666666
1763.0	4075.72
1838.0	3685.266666666667
1913.0	3190.0266666666666
1988.0	2724.5733333333333
2063.0	2623.2533333333336
2138.0	2803.6266666666666
2213.0	2997.9466666666667
2288.0	3173.36
2363.0	3001.8133333333335
2438.0	2577.56
2513.0	2269.5066666666667
2588.0	2176.9866666666667
2663.0	2108.4933333333333
2738.0	2115.4666666666667
2813.0	1930.84
2888.0	1899.2933333333333
2963.0	2397.8533333333335
3038.0	2711.2266666666665
3113.0	3240.0133333333333
3188.0	3594.1866666666665
3263.0	3181.9066666666668
3338.0	2453.0933333333332
3413.0	2631.4
3488.0	3653.1866666666665
3563.0	3976.64
3638.0	3893.76
3713.0	3145.826666666667
3788.0	2963.733333333333
3863.0	3035.0133333333333
3938.0	2692.48
4013.0	2709.7733333333335
4088.0	2152.92
4163.0	2025.9333333333334
4238.0	2081.6133333333332
4313.0	2028.12
4388.0	2109.9733333333334
4463.0	1918.4133333333334
4538.0	2341.9333333333334
4613.0	2814.653333333333
4688.0	2782.6266666666666
4763.0	2348.88
4838.0	1690.88
4913.0	1695.2
4988.0	1997.12
5063.0	2027.2
5138.0	2033.5733333333333
5213.0	2157.5333333333333
5288.0	2307.64
5363.0	2246.0
5438.0	2539.266666666667
5513.0	2765.306666666667
5588.0	2519.3733333333334
5663.0	2411.16
5738.0	2189.786666666667
5813.0	2412.9333333333334
5888.0	2759.266666666667
5963.0	2403.8133333333335
6038.0	2357.5466666666666
6113.0	2421.68
6188.0	2233.2533333333336
6263.0	2273.8533333333335
6338.0	2587.693333333333
6413.0	2654.28
6488.0	2197.0266666666666
6563.0	1596.2
6638.0	1223.2933333333333
6713.0	1123.68
6788.0	948.1333333333333
6863.0	996.2
6938.0	952.2933333333333
7013.0	1287.9333333333334
7088.0	1538.0666666666666
7163.0	1757.1466666666668
7238.0	2236.786666666667
7313.0	2165.4533333333334
7388.0	1926.6933333333334
7463.0	1947.84
7538.0	2671.5466666666666
7613.0	3157.5733333333333
7688.0	2725.133333333333
7763.0	2312.32
7838.0	2290.9866666666667
7913.0	2394.8
7988.0	2726.0266666666666
8063.0	2997.9333333333334
8138.0	3320.2933333333335
8213.0	3317.6266666666666
8288.0	2775.9866666666667
8363.0	2632.36
8438.0	2805.7466666666664
8513.0	2776.733333333333
8588.0	2932.0133333333333
8663.0	2920.0
8738.0	2828.5733333333333
8813.0	2894.8933333333334
8888.0	2776.24
8963.0	2690.826666666667
9038.0	2442.7066666666665
9113.0	2462.3733333333334
9188.0	2597.0133333333333
9263.0	2427.12
9338.0	2096.68
9413.0	2532.3333333333335
9488.0	2846.6
9563.0	2552.3866666666668
9638.0	2747.6
9713.0	2442.16
9788.0	2095.693333333333
9863.0	1503.2266666666667
9938.0	2339.0933333333332
10013.0	3158.6266666666666
10088.0	2930.84
10163.0	2541.8
10238.0	2315.28
10313.0	2117.4533333333334
10388.0	2086.7066666666665
10463.0	2050.96
10538.0	2184.16
10613.0	2293.52
10688.0	2221.72
10763.0	2202.4533333333334
10838.0	2181.16
10913.0	2058.2533333333336
10988.0	2309.24
11063.0	2809.133333333333
11138.0	3196.5333333333333
11213.0	4013.96
11288.0	4621.72
11363.0	4046.36
11438.0	2896.8133333333335
11513.0	2218.84
11588.0	2269.9466666666667
11663.0	2448.4
11738.0	2394.04
11813.0	2311.8
11888.0	2237.4666666666667
11963.0	2543.8133333333335
12038.0	3129.7733333333335
12113.0	3196.4
12188.0	3387.306666666667
12263.0	3362.4533333333334
12338.0	2930.306666666667
12413.0	2573.6266666666666
12488.0	2374.1866666666665
12563.0	2415.0666666666666
12638.0	2671.9866666666667
12713.0	2693.4
12788.0	2447.12
12863.0	2027.8266666666666
12938.0	1395.3866666666668
13013.0	1608.9066666666668
13088.0	1932.3466666666666
13163.0	2028.6533333333334
13238.0	2186.8933333333334
13313.0	2010.28
13388.0	2104.266666666667
13463.0	2031.6533333333334
13538.0	2089.9333333333334
13613.0	2454.733333333333
13688.0	2148.2533333333336
13763.0	2354.5333333333333
13838.0	2594.1066666666666
13913.0	2842.24
13988.0	3125.36
14063.0	2978.32
14138.0	2234.4266666666667
14213.0	1882.36
14288.0	2244.72
14363.0	2494.5733333333333
14438.0	2526.1066666666666
14513.0	2346.3333333333335
14588.0	2217.346666666667
14663.0	2361.5733333333333
14738.0	2468.56
14813.0	2231.7466666666664
14888.0	2280.7066666666665
14963.0	2509.16
15038.0	2319.5066666666667
15113.0	2616.133333333333
15188.0	3267.826666666667
15263.0	3294.24
15338.0	3095.24
15413.0	2853.8533333333335
15488.0	2586.0
15563.0	2382.8133333333335
15638.0	2480.133333333333
15713.0	2720.4533333333334
15788.0	2859.0666666666666
15863.0	2577.2
15938.0	2550.1466666666665
16013.0	2840.9466666666667
16088.0	2679.8533333333335
16163.0	2510.6133333333332
16238.0	2681.786666666667
16313.0	2953.213333333333
16388.0	3128.9733333333334
16463.0	2854.48
16538.0	2743.5866666666666
16613.0	2980.36
16688.0	2954.5866666666666
16763.0	2920.1866666666665
16838.0	3220.0133333333333
16913.0	3714.0666666666666
16988.0	4242.693333333334
17063.0	4707.96
17138.0	3645.5466666666666
17213.0	2909.5733333333333
17288.0	3095.173333333333
17363.0	3079.96
17438.0	2498.4133333333334
17513.0	2376.5066666666667
17588.0	2691.04
17663.0	2958.0666666666666
17738.0	3200.653333333333
17813.0	2886.4266666666667
17888.0	2204.96
17963.0	2305.28
18038.0	2387.32
18113.0	2117.68
18188.0	1993.8533333333332
18263.0	2265.0
18338.0	2263.6
18413.0	1962.7066666666667
18488.0	1862.8266666666666
18563.0	2054.866666666667
18638.0	2200.0
18713.0	2049.76
18788.0	2116.346666666667
18863.0	2138.9333333333334
18938.0	2333.0533333333333
19013.0	2293.8933333333334
19088.0	1891.5466666666666
19163.0	1737.0666666666666
19238.0	2169.3733333333334
19313.0	2473.0666666666666
19388.0	2408.4266666666667
19463.0	2496.6133333333332
19538.0	3390.9866666666667
19613.0	3601.16
19688.0	3008.5733333333333
19763.0	2978.3733333333334
19838.0	3152.04
19913.0	3130.8
19988.0	2878.72
20063.0	2207.0
20138.0	2032.0533333333333
20213.0	2352.04
20288.0	2408.0
20363.0	2301.0533333333333
20438.0	2037.0
20513.0	1710.6266666666668
20588.0	1949.8533333333332
20663.0	2116.2266666666665
20738.0	2007.8
20813.0	1560.1866666666667
20888.0	1981.1733333333334
20963.0	2278.5733333333333
21038.0	2160.8533333333335
21113.0	2815.5866666666666
21188.0	2946.12
21263.0	3231.866666666667
21338.0	3608.9866666666667
21413.0	3111.5333333333333
21488.0	2518.4933333333333
21563.0	2535.0133333333333
21638.0	2205.9466666666667
21713.0	1972.0133333333333
21788.0	1922.9466666666667
21863.0	1843.28
21938.0	1741.28
22013.0	1984.52
22088.0	1926.24
22163.0	1710.9866666666667
22238.0	2017.9466666666667
22313.0	2353.786666666667
22388.0	1946.12
22463.0	1894.4266666666667
22538.0	2042.12
22613.0	1976.08
22688.0	1556.6
22763.0	1461.36
22838.0	1677.3066666666666
22913.0	2379.56
22988.0	3260.52
23063.0	3330.7466666666664
23138.0	3320.8933333333334
23213.0	3300.5066666666667
23288.0	2881.92
23363.0	2924.4533333333334
23438.0	3300.52
23513.0	3604.3333333333335
23588.0	3733.693333333333
23663.0	3067.4933333333333
23738.0	2461.8133333333335
23813.0	2489.6266666666666
23888.0	2599.9066666666668
23963.0	2399.16
24038.0	2352.4533333333334
24113.0	2434.9466666666667
24188.0	2349.12
24263.0	2054.6133333333332
24338.0	2256.0933333333332
24413.0	2959.04
24488.0	3405.0933333333332
24563.0	3411.6133333333332
24638.0	3234.6133333333332
24713.0	3052.08
24788.0	3173.5333333333333
24863.0	3211.5066666666667
24938.0	3155.826666666667
25013.0	3289.44
25088.0	3557.88
25163.0	3040.0133333333333
25238.0	1830.3066666666666
25313.0	1609.2
25388.0	2370.9466666666667
25463.0	3007.653333333333
25538.0	2678.8
25613.0	2493.9333333333334
25688.0	2045.52
25763.0	1802.8266666666666
25838.0	2019.36
25913.0	2742.733333333333
25988.0	3299.4666666666667
26063.0	3698.64
26138.0	4319.173333333333
26213.0	3984.8533333333335
26288.0	3579.9066666666668
26363.0	3259.2533333333336
26438.0	2845.32
26513.0	2603.1066666666666
26588.0	2670.266666666667
26663.0	3128.9333333333334
26738.0	3853.266666666667
26813.0	3885.4933333333333
26888.0	3553.4933333333333
26963.0	3092.8933333333334
27038.0	2979.7066666666665
27113.0	2893.8
27188.0	2560.3733333333334
27263.0	2119.76
27338.0	2140.44
27413.0	2990.213333333333
27488.0	3965.6
27563.0	4646.2266666666665
27638.0	4386.026666666667
27713.0	4457.306666666666
27788.0	4442.346666666666
27863.0	4807.106666666667
27938.0	4491.626666666667
28013.0	3297.9066666666668
28088.0	3514.266666666667
28163.0	3955.0
28238.0	3883.8533333333335
28313.0	4112.706666666667
28388.0	4320.626666666667
28463.0	4211.066666666667
28538.0	4026.4933333333333
28613.0	3477.7733333333335
28688.0	3670.8
28763.0	4319.96
28838.0	4304.84
28913.0	4540.666666666667
28988.0	4584.093333333333
29063.0	3935.12
29138.0	3602.68
29213.0	3781.266666666667
29288.0	3758.7466666666664
29363.0	3577.3866666666668
29438.0	3637.4533333333334
29513.0	3224.32
29588.0	2263.88
29663.0	1408.3333333333333
29738.0	821.6266666666667
29813.0	304.76
29877.0	134.8679245283019
