#Read position (bp)	Clipping profile
0.0	29.837903717245585
1.0	1.9817184643510055
2.0	1.5015234613040829
3.0	1.2553321145642902
4.0	1.0505789152955514
5.0	0.9774527726995734
6.0	0.9408897014015843
7.0	0.9262644728823887
8.0	0.9018890920170627
9.0	0.882388787324802
10.0	0.8677635588056063
11.0	0.8555758683729433
12.0	0.8409506398537478
13.0	0.8312004875076172
14.0	0.8117001828153565
15.0	0.7873248019500305
16.0	0.7312614259597806
17.0	0.6776355880560634
18.0	0.6020719073735528
19.0	0.5338208409506399
20.0	0.46556977452772697
21.0	0.42169408897014016
22.0	0.38513101767215113
23.0	0.35100548446069474
24.0	0.30956733698964045
25.0	0.29737964655697746
26.0	0.27787934186471663
27.0	0.2705667276051188
28.0	0.2583790371724558
29.0	0.24131627056672758
30.0	0.23156611822059717
31.0	0.5167580743449116
32.0	1.1285801340645947
33.0	0.8287629494210847
34.0	1.725776965265082
35.0	1.035953686776356
36.0	0.4606946983546618
37.0	0.453382084095064
38.0	0.16819012797074953
39.0	0.43631931748933583
40.0	1.2358318098720293
41.0	0.6605728214503351
42.0	1.4673979280926266
43.0	0.9652650822669103
44.0	0.1316270566727605
45.0	0.6386349786715417
46.0	0.6288848263254113
47.0	0.1194393662400975
48.0	0.3680682510664229
49.0	0.8531383302864107
50.0	0.7215112736136503
51.0	0.3461304082876295
52.0	0.3412553321145643
53.0	0.5703839122486289
54.0	0.7897623400365631
55.0	0.5460085313833029
56.0	0.5362583790371724
57.0	0.29737964655697746
58.0	0.7434491163924436
59.0	0.28275441803778184
60.0	0.05606337599024985
61.0	0.49238269347958563
62.0	0.051188299817184646
63.0	0.692260816575259
64.0	0.6776355880560634
65.0	0.4606946983546618
66.0	0.2486288848263254
67.0	0.6459475929311396
68.0	0.6240097501523462
69.0	0.4143814747105424
70.0	0.2071907373552712
71.0	0.20231566118220595
72.0	0.38513101767215113
73.0	0.007312614259597807
74.0	0.19012797074954296
75.0	0.3656307129798903
76.0	0.18037781840341258
77.0	0.0
78.0	0.007312614259597807
79.0	0.36319317489335773
80.0	0.014625228519195614
81.0	0.18769043266301036
82.0	0.017062766605728214
83.0	0.02193784277879342
84.0	0.029250457038391228
85.0	0.03412553321145643
86.0	0.04143814747105424
87.0	0.04631322364411944
88.0	0.05362583790371725
89.0	0.06337599024984766
90.0	0.07068860450944546
91.0	0.07312614259597806
92.0	0.07800121876904327
93.0	0.08775137111517368
94.0	0.09993906154783667
95.0	0.10237659963436929
96.0	0.1121267519804997
97.0	0.1218769043266301
98.0	0.1218769043266301
99.0	0.1291895185862279
100.0	0.12675198049969533
101.0	0.1316270566727605
102.0	0.1316270566727605
103.0	0.1243144424131627
104.0	0.1316270566727605
105.0	0.1340645947592931
106.0	0.14381474710542352
107.0	0.15112736136502133
108.0	0.15356489945155394
109.0	0.15112736136502133
110.0	0.15600243753808654
111.0	0.16331505179768432
112.0	0.17062766605728216
113.0	0.18525289457647776
114.0	0.19256550883607557
115.0	0.18281535648994515
116.0	0.19256550883607557
117.0	0.20475319926873858
118.0	0.214503351614869
119.0	0.2291285801340646
120.0	0.238878732480195
121.0	0.25106642291285797
122.0	0.25594149908592323
123.0	0.2681291895185862
124.0	0.27787934186471663
125.0	0.27544180377818406
126.0	0.28519195612431447
127.0	0.29494210847044483
128.0	0.31931748933577087
129.0	0.3680682510664229
130.0	0.41194393662400974
131.0	0.47775746496039
132.0	0.5411334552102376
133.0	0.5752589884216941
134.0	0.5971968312004875
135.0	0.6020719073735528
136.0	0.6215722120658135
137.0	0.6288848263254113
138.0	0.6386349786715417
139.0	0.6508226691042047
140.0	0.667885435709933
141.0	0.6776355880560634
142.0	0.6849482023156611
143.0	0.6898232784887264
144.0	0.7239488117001828
145.0	0.7897623400365631
146.0	0.9725776965265082
147.0	1.1310176721511274
148.0	1.2918951858622791
149.0	1.3503960999390616
150.0	1.0871419865935406
