# Position (bp)	A	C	G	T	N
0.0	74.4178883824073	6.41246766046569	7.342614266354565	11.827029690772454	0.0
1.0	7.475829792474905	75.48494365416589	8.565798386600159	8.473428166759037	0.0
2.0	8.839066339066338	70.64496314496314	7.11916461916462	13.396805896805898	0.0
3.0	76.32870995458451	9.316312753160673	5.58487786915429	8.770099423100527	0.0
4.0	75.06442508283226	7.853724383359921	6.307522395385937	10.774328138421891	0.0
5.0	9.627176845719893	72.13024282560706	9.332842776551384	8.909737552121658	0.0
6.0	9.029608287868571	75.32029669588671	6.363023355605958	9.287071660638754	0.0
7.0	73.99191077337909	7.0596886873391345	8.567226375781347	10.381174163500429	0.0
8.0	74.07793162602623	8.724421026834946	7.358166891312338	9.839480455826493	0.0
9.0	9.660622396471453	72.44547904925264	4.122764028424405	13.771134525851508	0.0
10.0	7.564157530470999	5.990077785263673	6.835303485024806	79.61046119924052	0.0
11.0	7.800159186922182	6.81442478417927	8.516500336741565	76.86891569215697	0.0
12.0	9.670114450088745	7.3260297447824225	6.163167880531244	76.84068792459759	0.0
13.0	9.27387288187435	69.70086254358598	9.078118309169879	11.947146265369794	0.0
14.0	11.386986301369863	7.204011741682975	70.07705479452055	11.331947162426614	0.0
15.0	74.51124144672532	7.239736070381232	5.199169110459433	13.049853372434017	0.0
16.0	9.573818537061912	7.430699719135426	6.960556844547564	76.0349248992551	0.0
17.0	11.387075120522365	72.0082992616098	5.321291267468116	11.283334350399707	0.0
18.0	11.017569546120058	7.088823816495851	8.260126891166422	73.63347974621767	0.0
19.0	11.556992132707203	70.95810209184606	5.061901567359882	12.423004208086844	0.0
20.0	8.183535433550668	7.245140454573153	6.86734507342636	77.70397903844982	0.0
21.0	10.62948983319128	7.007183733106051	8.906611469621332	73.45671496408134	0.0
22.0	8.847511257149812	5.147864184008762	70.59754168187902	15.407082876962393	0.0
23.0	9.921528073483788	6.606241255550824	6.594075065393272	76.87815560557212	0.0
24.0	74.06191084352004	4.986924527154412	6.555981268624947	14.395183360700603	0.0
25.0	10.300376991365681	7.144594430256597	70.46698285297337	12.088045725404353	0.0
26.0	76.12911069235912	7.817153972402894	5.647073126253723	10.406662208984256	0.0
27.0	10.68433207730643	8.411328552327701	6.910173817916617	73.99416555244926	0.0
28.0	11.006442202503951	71.45374984806126	7.110732952473563	10.429074996961225	0.0
29.0	12.413415967918336	6.2218981650261265	7.595090533479159	73.76959533357638	0.0
30.0	13.861687245301379	6.690590596679034	68.29268292682927	11.155039231190317	0.0
31.0	15.677785230806757	5.744252698335265	4.250259162144033	74.32770290871395	0.0
32.0	9.838888205632763	6.56130857213135	6.284589841347928	77.31521338088795	0.0
33.0	9.381925634080277	70.25978822950012	5.392760403841419	14.965525732578183	0.0
34.0	7.755253859029199	6.7199801624201845	9.615026966710062	75.90973901184056	0.0
35.0	8.300916049692558	72.65654410842014	8.583260133015434	10.459279708871879	0.0
36.0	9.501351946173678	7.740677859523361	5.382632207759542	77.37533798654343	0.0
37.0	79.09038719142694	6.1236205906742365	4.822351215155961	9.963641002742872	0.0
38.0	78.61513687600645	5.996779388083736	4.624798711755234	10.76328502415459	0.0
39.0	78.26143451143452	7.997661122661123	3.2679313929313927	10.472972972972974	0.0
40.0	9.212413613248142	76.93962707002217	5.750423784065719	8.097535532663972	0.0
41.0	8.626135017765495	8.053691275167784	75.40465850769839	7.915515199368338	0.0
42.0	76.53061224489795	8.269281738669495	4.2340312748476014	10.966074741584945	0.0
43.0	81.3616964523873	6.515070685516138	4.374499866631101	7.748732995465457	0.0
44.0	8.799784714747041	76.09660925726588	4.198062432723358	10.905543595263724	0.0
45.0	17.804939516129032	11.693548387096774	9.538810483870968	60.962701612903224	0.0
46.0	29.79995875438235	17.40565064961848	13.384202928438855	39.41018766756032	0.0
47.0	24.417562724014335	22.42383512544803	21.63978494623656	31.518817204301076	0.0
48.0	25.91197928924453	20.263591433278417	21.134384561073194	32.69004471640386	0.0
49.0	21.755725190839694	14.694656488549619	21.827290076335878	41.722328244274806	0.0
50.0	24.855907780979827	20.31700288184438	17.483189241114314	37.343900096061475	0.0
51.0	37.74497943382531	13.888216791676747	18.02564722961529	30.34115654488265	0.0
52.0	36.23046875	13.4033203125	17.48046875	32.8857421875	0.0
53.0	33.84077863738458	18.817070127277265	27.15248315447966	20.189668080858496	0.0
54.0	27.219873150105705	20.084566596194502	20.322410147991544	32.37315010570824	0.0
55.0	22.841823056300267	21.152815013404826	18.31099195710456	37.69436997319035	0.0
56.0	21.018593371059012	16.006467259498788	27.701428186472647	35.27351118296955	0.0
57.0	31.412894375857338	16.049382716049383	17.421124828532236	35.11659807956104	0.0
58.0	21.399063618837786	21.178738639493254	29.909115946020382	27.51308179564858	0.0
59.0	20.60791968767429	14.500836586726157	31.23257110987172	33.65867261572783	0.0
60.0	27.748102333427045	14.619061006466122	27.579420860275512	30.053415799831317	0.0
61.0	26.440677966101696	20.960451977401128	17.372881355932204	35.22598870056497	0.0
62.0	27.898343803540833	17.932609937178757	16.133637921187894	38.035408338092516	0.0
63.0	30.463386727688786	15.617848970251716	25.829519450800912	28.08924485125858	0.0
64.0	27.098252649670577	14.981380693211113	16.614150673159553	41.30621598395875	0.0
65.0	33.19931074095347	18.150488225157954	17.748420448018383	30.901780585870192	0.0
66.0	24.315666860803727	18.08386721025044	20.646476412347116	36.95398951659872	0.0
67.0	25.511995318899945	17.261556465769456	24.80983031012288	32.41661790520772	0.0
68.0	19.816893089190785	21.5888954518606	22.740696987595985	35.853514471352625	0.0
69.0	28.302469135802472	15.524691358024691	20.030864197530864	36.141975308641975	0.0
70.0	30.30686491616577	14.330907940525151	19.614046187915214	35.74818095539386	0.0
71.0	21.774960380348656	24.78605388272583	23.58161648177496	29.857369255150555	0.0
72.0	38.60095389507154	13.4181240063593	16.97933227344992	31.001589825119236	0.0
73.0	31.600898299647096	20.24382418992621	19.570099454603785	28.585178055822908	0.0
74.0	26.63176265270506	15.916230366492146	28.55148342059337	28.90052356020942	0.0
75.0	28.56643356643357	17.937062937062937	17.552447552447553	35.94405594405594	0.0
76.0	37.23292469352014	18.178633975481613	17.302977232924693	27.285464098073554	0.0
77.0	35.694249649368864	17.11079943899018	16.514726507713885	30.68022440392707	0.0
78.0	26.06551602676999	29.482212046495242	15.639309616061995	28.812962310672773	0.0
79.0	25.372604684173172	17.885024840312276	15.578424414478354	41.16394606103619	0.0
80.0	23.233404710920773	17.77301927194861	19.98572448251249	39.00785153461813	0.0
81.0	26.0853964836742	15.464657337639037	26.695371367061355	31.754574811625403	0.0
82.0	28.38177251524937	18.29924650161464	17.976318622174382	35.342662360961604	0.0
83.0	26.601520086862106	17.119073470865	29.09880564603692	27.180600796235975	0.0
84.0	22.423802612481857	17.81567489114659	30.079825834542817	29.680696661828737	0.0
85.0	29.885482083487254	14.66568156630957	18.101219061691907	37.347617288511266	0.0
86.0	37.94139744552968	14.012021036814426	19.984973703981968	28.061607813673927	0.0
87.0	27.54986827248777	29.770417764395933	18.74294316898758	23.936770794128716	0.0
88.0	41.28195345288058	17.970240366272417	14.917970240366271	25.829835940480734	0.0
89.0	39.838337182448036	16.243264049268667	15.165511932255582	28.752886836027713	0.0
90.0	26.479750778816197	25.817757009345794	15.848909657320872	31.853582554517136	0.0
91.0	27.173489278752438	18.71345029239766	15.828460038986355	38.28460038986355	0.0
92.0	38.20624259186092	17.502963255630185	14.500197550375345	29.790596602133547	0.0
93.0	29.05027932960894	23.942537909018355	18.236233040702317	28.77094972067039	0.0
94.0	28.48378615249781	17.835232252410165	21.165644171779142	32.515337423312886	0.0
95.0	29.468599033816425	19.982433025911288	20.7290294246816	29.81993851559069	0.0
96.0	27.09735307312696	17.855540601166442	19.470614625392553	35.576491700314044	0.0
97.0	30.965391621129324	17.62295081967213	19.854280510018217	31.557377049180328	0.0
98.0	30.779753761969904	19.972640218878247	18.103055175558598	31.14455084359325	0.0
99.0	31.509347925216595	18.51345189238486	19.197446420428637	30.779753761969904	0.0
100.0	34.20210333790581	13.763145861911294	18.472793781435755	33.561957018747144	0.0
101.0	32.01834862385321	17.93577981651376	18.6697247706422	31.376146788990827	0.0
102.0	32.50460405156538	15.239410681399631	20.165745856353592	32.0902394106814	0.0
103.0	27.033271719038815	19.68576709796673	20.74861367837338	32.53234750462107	0.0
104.0	28.079962807996278	16.68991166899117	21.05997210599721	34.17015341701534	0.0
105.0	28.31858407079646	19.981369352585002	19.469026548672566	32.23102002794597	0.0
106.0	31.625523986958548	17.605961807172797	18.397764322310202	32.37074988355845	0.0
107.0	30.783582089552237	16.791044776119403	20.28917910447761	32.13619402985074	0.0
108.0	33.70839193624004	17.346460384435066	16.736990154711673	32.20815752461322	0.0
109.0	27.7516462841016	20.649106302916277	20.366886171213547	31.23236124176858	0.0
110.0	26.55367231638418	18.502824858757062	21.28060263653484	33.66290018832392	0.0
111.0	29.82538933459179	17.838603114676737	21.283624351109015	31.05238319962246	0.0
112.0	26.417769376181475	19.187145557655956	22.069943289224952	32.32514177693761	0.0
113.0	28.87624466571835	18.96633475580844	20.056899004267425	32.100521574205786	0.0
114.0	28.966174368747023	17.29394949976179	21.24821343496903	32.491662696522155	0.0
115.0	29.069212410501194	18.47255369928401	18.615751789976134	33.84248210023866	0.0
116.0	29.38070091214594	19.539126260201634	20.259241478636582	30.82093134901584	0.0
117.0	33.46172363986519	18.391911410688493	16.947520462205105	31.19884448724121	0.0
118.0	28.61271676300578	15.895953757225435	20.809248554913296	34.68208092485549	0.0
119.0	22.987951807228914	21.060240963855424	27.903614457831328	28.048192771084334	0.0
120.0	26.53455775737071	21.314644755920735	23.392943450942486	28.757854035766073	0.0
121.0	30.910852713178294	18.7984496124031	18.362403100775193	31.928294573643413	0.0
122.0	29.320388349514566	18.980582524271846	20.388349514563107	31.31067961165049	0.0
123.0	31.0916179337232	20.760233918128655	17.30019493177388	30.84795321637427	0.0
124.0	31.65362035225049	19.373776908023483	18.297455968688844	30.67514677103718	0.0
125.0	28.221460068593828	20.67613914747673	21.166095051445367	29.936305732484076	0.0
126.0	31.69774288518155	17.713444553483807	18.20412168792934	32.3846908734053	0.0
127.0	28.346456692913385	18.651574803149607	22.539370078740156	30.462598425196852	0.0
128.0	29.158415841584155	19.356435643564357	20.2970297029703	31.18811881188119	0.0
129.0	30.47146401985112	17.965260545905707	17.51861042183623	34.04466501240695	0.0
130.0	30.328685258964143	20.56772908366534	16.83266932270916	32.27091633466135	0.0
131.0	30.688622754491018	19.16167664670659	19.510978043912175	30.63872255489022	0.0
132.0	28.092138207310967	17.47621432148222	24.036054081121684	30.39559339008513	0.0
133.0	28.21285140562249	21.987951807228914	18.27309236947791	31.52610441767068	0.0
134.0	24.886649874055415	20.604534005037785	20.856423173803528	33.65239294710328	0.0
135.0	27.208480565371023	17.56688541140838	20.59565875820293	34.62897526501767	0.0
136.0	24.216380182002023	19.565217391304348	21.23356926188069	34.98483316481295	0.0
137.0	29.32521562658549	15.82952815829528	19.837645865043125	35.0076103500761	0.0
138.0	29.552390640895222	16.83621566632757	21.1088504577823	32.50254323499491	0.0
139.0	27.689954105048443	19.47985721570627	22.131565527791945	30.69862315145334	0.0
140.0	29.354508196721312	18.0327868852459	21.670081967213115	30.942622950819672	0.0
141.0	32.73381294964029	17.009249743062693	19.681397738951695	30.575539568345324	0.0
142.0	31.7312661498708	15.762273901808785	19.79328165374677	32.713178294573645	0.0
143.0	31.24026984950701	18.733783082511675	19.25272444213804	30.773222625843278	0.0
144.0	31.962519521082772	17.386777719937534	18.636127017178552	32.014575741801146	0.0
145.0	29.005235602094242	19.005235602094242	19.162303664921467	32.82722513089006	0.0
146.0	28.923884514435695	19.73753280839895	19.37007874015748	31.968503937007874	0.0
147.0	28.64665613480779	18.95734597156398	17.904160084254872	34.49183780937336	0.0
148.0	26.860158311345643	23.16622691292876	18.62796833773087	31.345646437994723	0.0
149.0	30.249867091972355	20.2020202020202	17.650186071238704	31.89792663476874	0.0
150.0	28.183271177410763	18.75332978156633	17.794352690463505	35.2690463505594	0.0
151.0	27.608346709470304	20.171214553237025	21.722846441947567	30.497592295345104	0.0
152.0	29.474812433011788	19.346195069667736	17.095391211146836	34.08360128617363	0.0
153.0	31.182795698924732	18.70967741935484	19.35483870967742	30.752688172043012	0.0
154.0	32.165948275862064	16.433189655172413	20.150862068965516	31.25	0.0
155.0	31.445523193096008	20.981661272923407	16.50485436893204	31.06796116504854	0.0
156.0	33.89279913373037	15.484569572279373	17.920952896589064	32.70167839740119	0.0
157.0	30.744160782183595	17.92504073872895	21.835958718087994	29.494839760999458	0.0
158.0	26.485013623978205	21.96185286103542	17.71117166212534	33.84196185286103	0.0
159.0	33.993399339933994	13.586358635863585	21.947194719471945	30.47304730473047	0.0
160.0	26.810392482034274	17.9657269209508	22.609176340519625	32.6147042564953	0.0
161.0	28.086763070077865	17.686318131256954	23.804226918798665	30.42269187986652	0.0
162.0	31.508379888268156	19.162011173184357	19.608938547486034	29.720670391061454	0.0
163.0	27.76840921866217	18.156267566048342	18.21247892074199	35.8628442945475	0.0
164.0	29.734313171283212	16.56302996042962	21.933295647258337	31.76936122102883	0.0
165.0	28.774120317820657	19.807037457434735	21.7366628830874	29.682179341657207	0.0
166.0	26.594533029612755	19.874715261958997	19.760820045558088	33.769931662870164	0.0
167.0	27.361190612478538	18.259874069834	23.869490555237547	30.509444762449917	0.0
168.0	27.882960413080895	21.11302352266208	18.76075731497418	32.243258749282845	0.0
169.0	28.604382929642448	17.474048442906575	19.146482122260668	34.77508650519031	0.0
170.0	30.09259259259259	18.055555555555554	18.34490740740741	33.50694444444444	0.0
171.0	29.428904428904428	19.172494172494172	17.365967365967368	34.032634032634036	0.0
172.0	30.814294083186876	20.44522554188635	16.988869361452842	31.75161101347393	0.0
173.0	29.18379330593071	16.559013505578392	20.610687022900763	33.64650616559013	0.0
174.0	29.734513274336283	20.412979351032448	17.5811209439528	32.27138643067847	0.0
175.0	28.427299703264097	18.27893175074184	20.652818991097924	32.640949554896146	0.0
176.0	30.79667063020214	18.7871581450654	18.07372175980975	32.342449464922716	0.0
177.0	30.077427039904702	22.275163787969028	18.463371054198927	29.184038117927336	0.0
178.0	27.784431137724553	19.940119760479043	20.65868263473054	31.616766467065872	0.0
179.0	26.802884615384613	19.951923076923077	23.737980769230766	29.507211538461537	0.0
180.0	28.85542168674699	15.180722891566264	21.686746987951807	34.27710843373494	0.0
181.0	27.958937198067634	21.316425120772948	19.202898550724637	31.521739130434785	0.0
182.0	33.25227963525836	17.99392097264438	18.90577507598784	29.848024316109424	0.0
183.0	28.606356968215156	22.066014669926652	21.271393643031786	28.056234718826406	0.0
184.0	29.975429975429975	21.92874692874693	17.813267813267814	30.282555282555286	0.0
185.0	29.28483353884094	21.763255240443897	21.763255240443897	27.18865598027127	0.0
186.0	29.004329004329005	16.94495980210266	22.07792207792208	31.97278911564626	0.0
187.0	31.719428926132835	20.918684047175667	18.373680943513346	28.988206083178152	0.0
188.0	29.06036092097075	19.97510889856876	20.597386434349723	30.367143746110763	0.0
189.0	30.759573132454488	18.39296924042687	20.33898305084746	30.508474576271187	0.0
190.0	29.6343001261034	17.591424968474147	20.1765447667087	32.59773013871374	0.0
191.0	27.756653992395435	19.64512040557668	21.673003802281368	30.925221799746517	0.0
192.0	29.53964194373401	22.186700767263424	19.69309462915601	28.58056265984655	0.0
193.0	29.581993569131832	19.09967845659164	21.414790996784568	29.903536977491964	0.0
194.0	27.932598833441347	20.803629293583928	21.840570317563188	29.423201555411538	0.0
195.0	27.32634338138925	21.363040629095675	21.887287024901703	29.423328964613365	0.0
196.0	27.44186046511628	22.45847176079734	19.40199335548173	30.697674418604652	0.0
197.0	28.99527983816588	19.01550910316925	21.712744436952125	30.276466621712743	0.0
198.0	25.3618194348725	24.259131633356308	20.74431426602343	29.634734665747757	0.0
199.0	29.578488372093027	22.74709302325581	17.441860465116278	30.23255813953488	0.0
200.0	26.752136752136753	14.700854700854702	22.393162393162395	36.15384615384615	0.0
201.0	35.1063829787234	21.513002364066196	15.130023640661939	28.250591016548466	0.0
202.0	39.383155397390276	19.098457888493474	14.590747330960854	26.927639383155398	0.0
203.0	37.05035971223021	17.1462829736211	18.225419664268586	27.577937649880095	0.0
204.0	33.85354141656663	17.16686674669868	22.56902761104442	26.410564225690276	0.0
205.0	35.236938031591734	19.19805589307412	22.357229647630618	23.207776427703525	0.0
206.0	33.37393422655298	17.783191230207066	22.0462850182704	26.796589524969548	0.0
207.0	28.676470588235293	25.245098039215684	15.931372549019606	30.14705882352941	0.0
208.0	30.911330049261082	20.19704433497537	20.56650246305419	28.32512315270936	0.0
209.0	23.69727047146402	22.8287841191067	19.47890818858561	33.99503722084367	0.0
210.0	22.875	20.375	19.25	37.5	0.0
211.0	32.03517587939699	18.592964824120603	19.34673366834171	30.025125628140703	0.0
212.0	27.341772151898734	19.11392405063291	21.645569620253163	31.89873417721519	0.0
213.0	27.67857142857143	20.153061224489797	15.943877551020408	36.224489795918366	0.0
214.0	27.12082262210797	26.86375321336761	16.580976863753214	29.43444730077121	0.0
215.0	29.7680412371134	23.067010309278352	16.237113402061855	30.927835051546392	0.0
216.0	32.03125	18.489583333333336	16.927083333333336	32.55208333333333	0.0
217.0	27.96833773087071	17.150395778364118	26.517150395778366	28.36411609498681	0.0
218.0	24.291497975708502	20.51282051282051	20.917678812415655	34.278002699055335	0.0
219.0	17.101449275362317	23.333333333333332	25.217391304347824	34.34782608695652	0.0
220.0	0.0	29.22077922077922	27.27272727272727	43.506493506493506	0.0
