#Read position (bp)	Clipping profile
0.0	1.8940645303380683
1.0	1.8940645303380683
2.0	1.2333443453364168
3.0	0.561612157251404
4.0	0.25327607091729987
5.0	0.06607201850016517
6.0	0.0
7.0	0.0
8.0	0.0
9.0	0.0
10.0	0.0
11.0	0.0
12.0	0.0
13.0	0.0
14.0	0.0
15.0	0.0
16.0	0.0
17.0	0.0
18.0	0.0
19.0	0.0
20.0	0.0
21.0	0.0
22.0	0.0
23.0	0.0
24.0	0.0
25.0	0.0
26.0	0.0
27.0	0.0
28.0	0.0
29.0	0.0
30.0	0.3083360863341042
31.0	0.9029842528355907
32.0	1.2443563484197775
33.0	1.6407884594207687
34.0	3.3586609404250636
35.0	86.64244025988327
