# Position (bp)	A	C	G	T	N
0.0	51.711309523809526	17.708333333333336	16.889880952380953	13.690476190476192	0.0
1.0	16.889880952380953	51.488095238095234	13.467261904761903	18.154761904761905	0.0
2.0	25.036927621861153	48.005908419497786	9.527326440177253	17.429837518463813	0.0
3.0	55.62913907284768	17.218543046357617	10.5224429727741	16.629874908020604	0.0
4.0	58.05739514348785	11.258278145695364	8.977189109639442	21.707137601177337	0.0
5.0	27.38619676945668	46.62261380323054	10.279001468428781	15.712187958883995	0.0
6.0	24.88986784140969	47.136563876651984	9.691629955947137	18.28193832599119	0.0
7.0	56.30498533724341	10.190615835777127	10.997067448680351	22.50733137829912	0.0
8.0	53.553113553113555	10.036630036630036	18.60805860805861	17.802197802197803	0.0
9.0	14.494875549048317	45.241581259150806	12.88433382137628	27.379209370424597	0.0
10.0	13.689604685212299	16.325036603221083	13.616398243045388	56.36896046852124	0.0
11.0	20.571010248901903	11.346998535871156	11.566617862371888	56.51537335285505	0.0
12.0	16.971470373079736	16.898317483540602	11.046086320409657	55.08412582297001	0.0
13.0	16.313094367227503	49.158741770299926	10.387710314557424	24.140453547915143	0.0
14.0	23.408924652523773	10.241404535479152	50.98756400877835	15.362106803218728	0.0
15.0	52.119883040935676	12.792397660818713	11.330409356725147	23.757309941520468	0.0
16.0	15.924032140248357	12.636961285609935	11.029948867786706	60.40905770635501	0.0
17.0	15.70489408327246	45.58071585098612	20.672023374726077	18.042366691015342	0.0
18.0	13.211678832116789	22.11678832116788	13.72262773722628	50.948905109489054	0.0
19.0	23.64963503649635	48.1021897810219	11.021897810218977	17.226277372262775	0.0
20.0	20.933625091174328	12.25382932166302	13.347921225382933	53.46462436177972	0.0
21.0	17.21371261852662	19.037199124726477	13.858497447118893	49.89059080962801	0.0
22.0	16.70313639679066	18.672501823486506	46.68125455871627	17.943107221006567	0.0
23.0	19.037199124726477	10.649161196207148	10.284463894967178	60.029175784099195	0.0
24.0	59.29978118161926	8.38803792851933	11.159737417943107	21.152443471918307	0.0
25.0	15.524781341107872	18.950437317784257	44.75218658892128	20.77259475218659	0.0
26.0	53.862973760932945	9.7667638483965	12.026239067055394	24.34402332361516	0.0
27.0	12.244897959183673	14.795918367346939	15.962099125364432	56.99708454810496	0.0
28.0	14.202476329206117	48.50691915513474	8.011653313911143	29.278951201748	0.0
29.0	27.895120174799708	8.08448652585579	9.468317552804079	54.55207574654042	0.0
30.0	15.379008746355685	17.27405247813411	47.303206997084544	20.043731778425656	0.0
31.0	18.54014598540146	10.437956204379562	9.27007299270073	61.751824817518255	0.0
32.0	15.766423357664234	10.0	19.34306569343066	54.89051094890512	0.0
33.0	16.253644314868804	48.97959183673469	17.784256559766764	16.982507288629737	0.0
34.0	18.836363636363636	9.236363636363636	11.127272727272727	60.8	0.0
35.0	18.060985144644253	50.03909304143862	10.789679437060204	21.11024237685692	0.0
36.0	15.900233826968044	11.535463756819954	13.639906469212782	58.92439594699922	0.0
37.0	56.586126266562744	13.172252533125487	13.48402182385035	16.757599376461418	0.0
38.0	55.9190031152648	12.383177570093459	11.60436137071651	20.093457943925234	0.0
39.0	56.264591439688715	11.906614785992216	8.638132295719844	23.19066147859922	0.0
40.0	14.875389408099688	49.29906542056075	12.694704049844235	23.130841121495326	0.0
41.0	18.4375	8.828125	53.98437499999999	18.75	0.0
42.0	56.8075117370892	10.093896713615024	15.884194053208137	17.214397496087635	0.0
43.0	55.71315996847912	12.450748620961386	14.184397163120568	17.65169424743893	0.0
44.0	18.3187946074544	53.21173671689136	9.119746233148295	19.34972244250595	0.0
45.0	31.31188118811881	14.480198019801978	19.05940594059406	35.148514851485146	0.0
46.0	33.37612323491656	13.992297817715018	17.84338896020539	34.78818998716303	0.0
47.0	30.563002680965145	18.36461126005362	18.498659517426276	32.57372654155496	0.0
48.0	32.84182305630027	17.292225201072387	17.828418230563003	32.03753351206434	0.0
49.0	26.005361930294907	19.43699731903485	19.302949061662197	35.25469168900804	0.0
50.0	23.59249329758713	26.273458445040216	18.36461126005362	31.769436997319033	0.0
51.0	26.273458445040216	17.694369973190348	17.426273458445042	38.605898123324394	0.0
52.0	26.040268456375838	20.40268456375839	21.74496644295302	31.812080536912752	0.0
53.0	30.06711409395973	17.986577181208055	19.19463087248322	32.75167785234899	0.0
54.0	27.91946308724832	19.463087248322147	22.28187919463087	30.335570469798657	0.0
55.0	31.451612903225808	16.801075268817204	21.102150537634408	30.64516129032258	0.0
56.0	24.731182795698924	21.774193548387096	19.892473118279568	33.60215053763441	0.0
57.0	32.70524899057873	18.977119784656796	17.362045760430686	30.955585464333783	0.0
58.0	28.631284916201118	18.575418994413408	19.553072625698324	33.24022346368715	0.0
59.0	28.07262569832402	17.877094972067038	22.905027932960895	31.145251396648042	0.0
60.0	26.39664804469274	18.71508379888268	20.391061452513966	34.497206703910614	0.0
61.0	25.977653631284912	19.41340782122905	23.743016759776538	30.8659217877095	0.0
62.0	26.499302649930268	18.688981868898185	22.03626220362622	32.77545327754533	0.0
63.0	31.520223152022314	16.875871687587168	21.338912133891213	30.264993026499305	0.0
64.0	27.754532775453278	18.828451882845187	23.430962343096233	29.9860529986053	0.0
65.0	28.172942817294285	18.410041841004183	23.988842398884238	29.428172942817294	0.0
66.0	31.380753138075313	15.620641562064156	21.199442119944212	31.799163179916317	0.0
67.0	28.312412831241286	19.246861924686193	17.85216178521618	34.58856345885635	0.0
68.0	26.917712691771268	17.573221757322173	19.9442119944212	35.56485355648535	0.0
69.0	26.917712691771268	20.641562064156208	22.03626220362622	30.404463040446306	0.0
70.0	29.14923291492329	20.781032078103205	18.549511854951188	31.520223152022314	0.0
71.0	28.03347280334728	21.478382147838214	20.2231520223152	30.264993026499305	0.0
72.0	25.383542538354252	19.386331938633194	22.454672245467226	32.77545327754533	0.0
73.0	26.220362622036262	17.573221757322173	23.15202231520223	33.054393305439326	0.0
74.0	29.9860529986053	18.688981868898185	23.01255230125523	28.312412831241286	0.0
75.0	28.730822873082285	21.75732217573222	21.338912133891213	28.172942817294285	0.0
76.0	28.312412831241286	20.502092050209207	17.712691771269178	33.47280334728033	0.0
77.0	29.428172942817294	20.362622036262206	19.665271966527197	30.543933054393307	0.0
78.0	29.567642956764296	21.896792189679218	18.410041841004183	30.125523012552303	0.0
79.0	29.288702928870293	21.05997210599721	19.107391910739192	30.543933054393307	0.0
80.0	32.357043235704325	16.875871687587168	20.0836820083682	30.683403068340308	0.0
81.0	26.917712691771268	19.246861924686193	18.270571827057182	35.56485355648535	0.0
82.0	33.47280334728033	16.736401673640167	22.03626220362622	27.754532775453278	0.0
83.0	26.778242677824267	17.85216178521618	23.84937238493724	31.520223152022314	0.0
84.0	25.523012552301257	20.781032078103205	21.338912133891213	32.357043235704325	0.0
85.0	32.63598326359833	17.154811715481173	20.502092050209207	29.707112970711297	0.0
86.0	32.17270194986072	18.245125348189415	22.284122562674096	27.298050139275766	0.0
87.0	33.56545961002785	19.220055710306408	20.75208913649025	26.46239554317549	0.0
88.0	33.56545961002785	16.852367688022284	19.498607242339833	30.08356545961003	0.0
89.0	30.919220055710305	16.71309192200557	19.498607242339833	32.86908077994429	0.0
90.0	29.944289693593312	17.548746518105848	21.030640668523677	31.47632311977716	0.0
91.0	28.412256267409468	21.16991643454039	17.13091922005571	33.28690807799443	0.0
92.0	32.03342618384401	16.991643454038996	17.270194986072422	33.70473537604457	0.0
93.0	30.919220055710305	18.52367688022284	21.030640668523677	29.526462395543174	0.0
94.0	32.03342618384401	17.13091922005571	17.13091922005571	33.70473537604457	0.0
95.0	31.47632311977716	17.827298050139277	19.77715877437326	30.919220055710305	0.0
96.0	28.133704735376046	18.245125348189415	19.220055710306408	34.401114206128135	0.0
97.0	31.75487465181058	17.68802228412256	17.68802228412256	32.86908077994429	0.0
98.0	27.019498607242337	22.14484679665738	19.637883008356546	31.197771587743734	0.0
99.0	31.894150417827298	18.105849582172702	18.662952646239557	31.337047353760443	0.0
100.0	32.729805013927574	15.598885793871867	18.52367688022284	33.147632311977716	0.0
101.0	32.91316526610644	20.168067226890756	20.168067226890756	26.750700280112046	0.0
102.0	32.7247191011236	17.134831460674157	19.382022471910112	30.758426966292134	0.0
103.0	25.31645569620253	18.9873417721519	20.253164556962027	35.44303797468354	0.0
104.0	24.823695345557123	18.61777150916784	20.73342736248237	35.82510578279267	0.0
105.0	28.389830508474578	18.220338983050848	19.2090395480226	34.18079096045198	0.0
106.0	30.878186968838527	18.8385269121813	19.405099150141645	30.878186968838527	0.0
107.0	32.10227272727273	15.482954545454545	19.744318181818183	32.67045454545455	0.0
108.0	35.51136363636363	18.323863636363637	17.045454545454543	29.119318181818183	0.0
109.0	29.2022792022792	18.945868945868945	19.515669515669515	32.33618233618233	0.0
110.0	25.64102564102564	19.515669515669515	21.367521367521366	33.47578347578348	0.0
111.0	30.34188034188034	19.65811965811966	18.66096866096866	31.339031339031337	0.0
112.0	27.57142857142857	19.857142857142858	20.714285714285715	31.857142857142858	0.0
113.0	29.842180774748922	17.073170731707318	19.368723098995698	33.715925394548066	0.0
114.0	28.263988522238165	17.647058823529413	19.94261119081779	34.146341463414636	0.0
115.0	25.968436154949785	20.373027259684363	17.93400286944046	35.724533715925396	0.0
116.0	28.59195402298851	19.10919540229885	20.689655172413794	31.60919540229885	0.0
117.0	30.346820809248555	19.21965317919075	17.485549132947977	32.947976878612714	0.0
118.0	27.28592162554427	17.41654571843251	20.174165457184326	35.12336719883889	0.0
119.0	22.641509433962266	21.190130624092888	29.172714078374458	26.995645863570395	0.0
120.0	26.889534883720927	24.8546511627907	20.930232558139537	27.325581395348834	0.0
121.0	31.341107871720116	18.075801749271136	19.67930029154519	30.903790087463555	0.0
122.0	27.52562225475842	17.276720351390924	21.815519765739385	33.38213762811127	0.0
123.0	31.864904552129218	19.823788546255507	17.76798825256975	30.54331864904552	0.0
124.0	27.500000000000004	19.264705882352942	18.529411764705884	34.705882352941174	0.0
125.0	28.12960235640648	18.7039764359352	18.409425625920473	34.75699558173785	0.0
126.0	30.72378138847858	18.46381093057607	18.906942392909897	31.90546528803545	0.0
127.0	29.437869822485208	20.266272189349113	21.893491124260358	28.402366863905325	0.0
128.0	31.407407407407405	16.74074074074074	20.14814814814815	31.703703703703706	0.0
129.0	31.352154531946507	16.939078751857355	18.573551263001487	33.13521545319465	0.0
130.0	31.398809523809522	19.791666666666664	14.285714285714285	34.523809523809526	0.0
131.0	30.654761904761905	21.279761904761905	19.345238095238095	28.720238095238095	0.0
132.0	27.57078986587183	18.628912071535023	21.013412816691503	32.78688524590164	0.0
133.0	27.2863568215892	21.73913043478261	21.289355322338828	29.685157421289354	0.0
134.0	24.587706146926536	22.188905547226387	19.1904047976012	34.03298350824588	0.0
135.0	27.368421052631582	16.390977443609025	20.30075187969925	35.93984962406015	0.0
136.0	25.602409638554217	17.018072289156628	21.234939759036145	36.144578313253014	0.0
137.0	30.920060331825038	15.233785822021115	20.81447963800905	33.03167420814479	0.0
138.0	29.500756429652043	18.305597579425115	19.667170953101362	32.526475037821484	0.0
139.0	28.98330804248862	16.69195751138088	20.637329286798177	33.68740515933232	0.0
140.0	29.17933130699088	16.41337386018237	22.9483282674772	31.458966565349545	0.0
141.0	32.97709923664122	16.030534351145036	19.083969465648856	31.90839694656489	0.0
142.0	31.603053435114504	15.725190839694655	20.30534351145038	32.36641221374046	0.0
143.0	33.33333333333333	18.433179723502306	19.201228878648234	29.03225806451613	0.0
144.0	31.336405529953915	17.972350230414747	16.74347158218126	33.94777265745007	0.0
145.0	27.80337941628264	18.433179723502306	20.583717357910906	33.17972350230415	0.0
146.0	27.73497688751926	19.41448382126348	20.955315870570107	31.895223420647152	0.0
147.0	27.469135802469136	20.679012345679013	18.82716049382716	33.0246913580247	0.0
148.0	26.78018575851393	19.659442724458202	20.897832817337463	32.6625386996904	0.0
149.0	29.283489096573206	19.314641744548286	17.133956386292834	34.26791277258567	0.0
150.0	28.70514820592824	18.564742589703588	18.408736349453978	34.321372854914195	0.0
151.0	26.604068857589986	22.065727699530516	21.283255086071986	30.046948356807512	0.0
152.0	27.629513343799054	19.937205651491364	16.483516483516482	35.949764521193096	0.0
153.0	29.746835443037973	16.77215189873418	19.303797468354432	34.177215189873415	0.0
154.0	29.746835443037973	15.031645569620252	20.094936708860757	35.12658227848101	0.0
155.0	30.476190476190478	20.476190476190474	18.095238095238095	30.952380952380953	0.0
156.0	29.777070063694268	15.127388535031846	17.993630573248407	37.101910828025474	0.0
157.0	30.72	20.8	19.2	29.28	0.0
158.0	29.354838709677416	21.451612903225804	17.096774193548388	32.09677419354839	0.0
159.0	35.21809369951534	14.054927302100161	20.516962843295637	30.210016155088855	0.0
160.0	23.9870340356564	18.80064829821718	23.500810372771475	33.71150729335494	0.0
161.0	28.82736156351792	17.100977198697066	24.592833876221498	29.47882736156352	0.0
162.0	29.248366013071898	18.954248366013072	24.836601307189543	26.96078431372549	0.0
163.0	28.0327868852459	17.54098360655738	16.885245901639344	37.540983606557376	0.0
164.0	30.14827018121911	15.15650741350906	21.25205930807249	33.44316309719934	0.0
165.0	29.654036243822073	18.12191103789127	24.546952224052717	27.677100494233937	0.0
166.0	28.07308970099668	19.767441860465116	20.431893687707642	31.727574750830566	0.0
167.0	28.1198003327787	17.970049916805326	24.792013311148086	29.11813643926789	0.0
168.0	28.380634390651082	20.20033388981636	18.196994991652755	33.2220367278798	0.0
169.0	27.712854757929883	17.696160267111853	21.368948247078464	33.2220367278798	0.0
170.0	30.201342281879196	15.100671140939598	19.966442953020135	34.73154362416108	0.0
171.0	30.808080808080806	18.181818181818183	18.68686868686869	32.323232323232325	0.0
172.0	30.743243243243246	22.804054054054053	15.371621621621623	31.08108108108108	0.0
173.0	30.287648054145517	18.44331641285956	19.4585448392555	31.810490693739425	0.0
174.0	29.830508474576273	22.54237288135593	19.661016949152543	27.966101694915253	0.0
175.0	28.279386712095402	19.591141396933562	19.931856899488924	32.19761499148211	0.0
176.0	30.756013745704468	15.292096219931272	20.790378006872853	33.161512027491405	0.0
177.0	28.670120898100173	22.452504317789295	17.443868739205527	31.43350604490501	0.0
178.0	27.083333333333332	21.354166666666664	21.180555555555554	30.381944444444443	0.0
179.0	27.27272727272727	19.230769230769234	21.503496503496503	31.993006993006993	0.0
180.0	27.992957746478876	17.95774647887324	21.12676056338028	32.92253521126761	0.0
181.0	26.325088339222614	19.964664310954063	20.848056537102476	32.86219081272085	0.0
182.0	33.57142857142857	16.964285714285715	21.428571428571427	28.035714285714285	0.0
183.0	29.549549549549546	24.504504504504503	20.72072072072072	25.225225225225223	0.0
184.0	28.880866425992778	21.841155234657037	16.967509025270758	32.31046931407942	0.0
185.0	27.37226277372263	21.350364963503647	23.357664233576642	27.919708029197082	0.0
186.0	30.21978021978022	17.216117216117215	22.16117216117216	30.4029304029304	0.0
187.0	31.61764705882353	21.875	15.625	30.88235294117647	0.0
188.0	30.698529411764707	20.772058823529413	20.036764705882355	28.49264705882353	0.0
189.0	30.44280442804428	21.40221402214022	18.081180811808117	30.073800738007378	0.0
190.0	30.66914498141264	16.356877323420075	18.401486988847584	34.572490706319705	0.0
191.0	29.1588785046729	18.317757009345794	20.93457943925234	31.588785046728972	0.0
192.0	30.754716981132074	21.132075471698116	18.679245283018865	29.433962264150942	0.0
193.0	26.89393939393939	17.424242424242426	22.53787878787879	33.14393939393939	0.0
194.0	28.26923076923077	20.76923076923077	24.03846153846154	26.923076923076923	0.0
195.0	29.320388349514566	19.41747572815534	19.611650485436893	31.650485436893206	0.0
196.0	28.627450980392155	21.568627450980394	19.019607843137255	30.784313725490197	0.0
197.0	28.76984126984127	20.238095238095237	22.023809523809522	28.968253968253972	0.0
198.0	26.422764227642276	23.983739837398375	19.10569105691057	30.48780487804878	0.0
199.0	23.829787234042556	25.957446808510635	19.361702127659576	30.851063829787233	0.0
200.0	25.0	17.892156862745097	20.098039215686274	37.00980392156863	0.0
201.0	39.01639344262295	18.0327868852459	13.77049180327869	29.18032786885246	0.0
202.0	36.633663366336634	16.831683168316832	17.82178217821782	28.71287128712871	0.0
203.0	35.880398671096344	18.93687707641196	17.275747508305646	27.906976744186046	0.0
204.0	33.666666666666664	17.0	26.0	23.333333333333332	0.0
205.0	34.22818791946309	15.100671140939598	27.181208053691275	23.48993288590604	0.0
206.0	29.591836734693878	19.727891156462583	20.408163265306122	30.272108843537417	0.0
207.0	23.958333333333336	27.083333333333332	16.319444444444446	32.63888888888889	0.0
208.0	23.693379790940767	20.209059233449477	22.64808362369338	33.44947735191638	0.0
209.0	19.93006993006993	22.727272727272727	19.58041958041958	37.76223776223776	0.0
210.0	25.0	21.830985915492956	16.19718309859155	36.971830985915496	0.0
211.0	37.5886524822695	19.858156028368796	15.602836879432624	26.95035460992908	0.0
212.0	22.142857142857142	17.5	27.142857142857142	33.214285714285715	0.0
213.0	26.811594202898554	22.82608695652174	17.02898550724638	33.33333333333333	0.0
214.0	27.37226277372263	23.722627737226276	21.532846715328464	27.37226277372263	0.0
215.0	29.520295202952028	21.771217712177123	17.343173431734318	31.365313653136536	0.0
216.0	32.22222222222222	18.51851851851852	18.51851851851852	30.74074074074074	0.0
217.0	26.89393939393939	16.666666666666664	22.727272727272727	33.71212121212121	0.0
218.0	23.846153846153847	17.692307692307693	18.076923076923077	40.38461538461539	0.0
219.0	17.647058823529413	24.369747899159663	25.630252100840334	32.35294117647059	0.0
220.0	0.0	27.450980392156865	30.065359477124183	42.48366013071895	0.0
