#GC Content (%)	Sample
1.0	0.0
2.0	0.0
3.0	3.7839085504981517E-6
4.0	0.0
5.0	0.0
6.0	0.0
7.0	0.0
8.0	0.0
9.0	0.0
10.0	0.0
11.0	0.0
12.0	0.0
13.0	7.567817100996303E-6
14.0	7.946207956046118E-5
15.0	6.432644535846858E-5
16.0	7.567817100996303E-6
17.0	3.9352648925180774E-4
18.0	2.4217014723188166E-4
19.0	9.838162231295194E-5
20.0	0.005236929433889442
21.0	9.005702350185599E-4
22.0	0.0010670622112404786
23.0	0.009898704768103166
24.0	0.0013168001755733568
25.0	0.016891367769423748
26.0	0.007794851614026192
27.0	0.0039655361609220625
28.0	0.03856181203812666
29.0	0.013572879970636869
30.0	0.007862961967935159
31.0	0.07206075443568678
32.0	0.018340604744264542
33.0	0.011211721035126023
34.0	0.08677637478857411
35.0	0.02209424202635871
36.0	0.03833099361654628
37.0	0.08846021409354579
38.0	0.024084577923920734
39.0	0.101336854890891
40.0	0.032045921514168844
41.0	0.01381883402641925
42.0	0.10215417913779859
43.0	0.02525758957457516
44.0	0.009781403603037723
45.0	0.07476246514074249
46.0	0.02012282567154917
47.0	0.011109555504262573
48.0	0.04263329763846268
49.0	0.01430695822943351
50.0	0.020777441850785353
51.0	0.014359932949140487
52.0	0.007840258516632169
53.0	0.01603242052846067
54.0	0.0017595174759816403
55.0	0.004472579906688815
56.0	0.010988470430646633
57.0	7.567817100996303E-4
58.0	0.001320584084123855
59.0	0.0020054715317640204
60.0	3.8595867215081146E-4
61.0	8.740828751650732E-4
62.0	0.0010859817539929694
63.0	2.573057814338743E-4
64.0	3.1406440969134657E-4
65.0	3.7839085504981515E-5
66.0	3.0271268403985214E-5
67.0	2.648735985348706E-5
68.0	0.0
69.0	0.0
70.0	0.0
71.0	0.0
72.0	3.7839085504981517E-6
73.0	0.0
74.0	0.0
75.0	0.0
76.0	0.0
77.0	0.0
78.0	0.0
79.0	0.0
80.0	0.0
81.0	0.0
82.0	0.0
83.0	0.0
84.0	0.0
85.0	0.0
86.0	0.0
87.0	0.0
88.0	0.0
89.0	0.0
90.0	0.0
91.0	0.0
92.0	0.0
93.0	0.0
94.0	0.0
95.0	0.0
96.0	0.0
97.0	0.0
98.0	0.0
99.0	0.0
100.0	1.5135634201992607E-5
