# Position (bp)	A	C	G	T	N
0.0	31.41353423162564	15.36902739762196	26.67461693495155	26.5302799609234	0.012541474877445587
1.0	27.95455245521472	18.369336108531975	21.323558532195676	32.34485216786725	0.0077007361903798
2.0	29.69536627402764	19.684059148342904	19.689548044306367	30.926635416552315	0.004391116770772727
3.0	30.958799119704818	18.630724929653027	20.40314015744583	30.006459877590796	8.75915605531407E-4
4.0	32.394470786857966	18.068444652174577	20.219761979124577	29.316885766141976	4.3681570090355325E-4
5.0	32.5623946294223	18.26706513263079	20.593821744566473	28.576500673064775	2.1782031566520147E-4
6.0	28.462876916760614	18.26839319035423	18.3509396172887	34.91779027559645	0.0
7.0	28.01613311990019	20.09990057596624	19.9664687572429	31.91706432670001	4.332201906602059E-4
8.0	26.768955757485475	19.356342981495995	20.33972586178235	33.53454361751048	4.317817257020231E-4
9.0	29.88282426652208	17.92126031688656	20.148588985567116	32.04689611250247	4.3031852176981405E-4
10.0	29.27233143506751	20.584923265017213	21.053805647608936	29.088296172366828	6.434799395128856E-4
11.0	27.473779868498422	20.438980060939755	20.545250441011387	31.541775805848076	2.1382370235740634E-4
12.0	28.389265177897794	19.315135059100346	20.40613637623028	31.8892502589503	2.131278212795342E-4
13.0	29.705046333473543	18.41718396152261	21.178285087887012	30.699059734278272	4.248828385572678E-4
14.0	29.413919801781006	19.01038743765949	21.09486345972618	30.480617528403975	2.1177242934742325E-4
15.0	29.572662924503007	18.670216022343208	21.568246636591436	30.188874416562346	0.0
16.0	29.797545121491865	19.116529922119792	21.428105476024637	29.65760905018129	2.1043018242192512E-4
17.0	28.68416469605759	20.22212103981015	20.928812577766497	30.16448203580878	4.196505569812017E-4
18.0	28.725500449724933	19.78622377476102	20.487585500031376	31.00048110109398	2.0917438868784904E-4
19.0	28.01213561318046	19.28814982011647	21.509601792362414	31.18990397163624	2.0880270441262758E-4
20.0	28.19522611022026	19.752401645651183	20.04495722182719	32.00678945799023	6.255643111390066E-4
21.0	28.293780602146057	19.08073757683092	20.641316803833732	31.983748307115324	4.1671007396603814E-4
22.0	28.656093958641033	19.037123912332486	20.114115252655502	32.19204192975184	6.249466191429482E-4
23.0	28.69537335279408	18.607779163534833	19.524113907841834	33.17231715467756	4.164211516959792E-4
24.0	28.866166014320406	18.71536686413927	19.300501692770922	33.11775734383746	2.0808493194582298E-4
25.0	30.500927412051986	18.70520370798282	19.113223376196213	31.679812810568542	8.326932004354985E-4
26.0	29.557139555077995	19.11440405315075	18.749154031806324	32.57888588331574	4.164766491954712E-4
27.0	30.170207360171936	18.733014146807754	18.891496712684226	32.20486526899344	4.165113426451386E-4
28.0	29.994189715171093	18.329470222810887	18.69287334203835	32.983258466043154	2.0825393652003507E-4
29.0	30.24459587150808	18.59652920289885	18.657511665757827	32.50115512856269	2.0813127255622666E-4
30.0	30.59265259882923	18.72627275888854	18.914112333063304	31.766754061353986	2.082478649387647E-4
31.0	30.6938367295912	18.4452223194566	19.1855231903988	31.675417760553405	0.0
32.0	30.14330818349787	19.104282145285136	19.13055809278329	31.621434499901984	4.170785317167369E-4
33.0	29.83834239323453	18.291042188081043	20.249610375501916	31.620587215302525	4.178278799831198E-4
34.0	29.991762113247944	18.956548283634202	19.984820543700526	31.066659975997226	2.090834201029527E-4
35.0	29.185883967957675	19.57109494672169	19.54012405099316	31.702687771518494	2.0926280897653744E-4
36.0	29.309499771690454	18.650166938264263	19.99614596729937	32.04376840614802	4.189165978945252E-4
37.0	29.03655334960536	18.988995411959102	20.819179185224325	31.15485267104502	4.1938216619276484E-4
38.0	29.785939011822784	18.79534812457892	19.455224334824212	31.962858875901716	6.296528723714616E-4
39.0	29.890777184193308	18.970178867878477	18.96660193112503	32.17181079267022	6.312241329610513E-4
40.0	30.067108151015475	18.473611084756982	20.055280418461383	31.403157013676736	8.433320894185014E-4
41.0	30.435847622265396	18.72054227553003	19.718515077286934	31.12488385843399	2.1116648365571418E-4
42.0	30.28793497887744	18.716619375245795	19.835544260118322	31.159055637546146	8.457482122997162E-4
43.0	30.762005699018218	18.533232637985417	19.64870862447193	31.05520685913017	8.461793942624807E-4
44.0	31.509031817931433	17.93206750876063	18.667451980728732	31.890813096665667	6.355959135420066E-4
45.0	30.81809007725511	18.5371986329831	19.34303474359953	31.298284444670582	0.003392101491676631
46.0	30.292445563022962	18.5933497866236	19.7581663423402	31.355189471026012	8.488369872228813E-4
47.0	29.802686220322745	19.503667372597832	19.445677640816275	31.24669426666355	0.001274499599594709
48.0	29.83448448970128	18.869746674693207	19.489392840353368	31.805525125131084	8.508701210575465E-4
49.0	30.155407089050794	19.238575545053575	19.637901695485592	30.96726377462245	8.518957875883043E-4
50.0	29.040391650756742	19.575498362788913	19.857930607847948	31.524899474172596	0.0012799044338022761
51.0	29.43693809181964	18.73098485625406	20.06311318497248	31.767040987249175	0.0019228797046456775
52.0	29.082499326090772	19.160843948295117	20.611567277535077	31.144233690326946	8.557577520955367E-4
53.0	30.05147274600567	19.524514350464496	19.596272028000488	30.826669865416868	0.001071010112477482
54.0	28.449862498873816	19.342397110116735	20.28731514571687	31.92021073495532	2.1451033725315225E-4
55.0	29.10252830107619	19.882499516679914	20.055850321139346	30.95847743432217	6.444267823770756E-4
56.0	29.917702113926094	18.945941584637726	19.47609058146415	31.659620246355765	6.454736162659351E-4
57.0	29.35875089681799	18.801829616431213	20.442063941776315	31.39584738258417	0.0015081623903081176
58.0	28.867013998299313	18.988997328107533	20.416668465194178	31.724082858881776	0.0032373495172032755
59.0	28.510037010869915	19.034130806309783	20.169951840496765	32.284800048397166	0.001080293926371487
60.0	28.923451862786052	18.89624542501131	20.66065975070505	31.518127885408305	0.0015150760892855982
61.0	28.799972237645754	19.082497570794	21.25989033870072	30.855470918933925	0.002168933925596891
62.0	28.736542974558922	19.26457722308215	20.048281386700477	31.94886167512966	0.0017367405287940724
63.0	28.943471633619122	18.761538009928397	19.72089159869796	32.57322899022164	8.697675328826487E-4
64.0	28.00887470252546	19.357346124285026	20.47582862853622	32.156861891252234	0.0010886534010620904
65.0	28.966612562612355	19.95283348168316	19.2952946925668	31.784822940119028	4.363230186571723E-4
66.0	29.041085120647825	18.88216500001092	20.043764727464115	32.03189321755918	0.0010919343179669055
67.0	28.92259196999075	20.08398566866102	20.062125786136026	30.929766383435453	0.0015301917767493918
68.0	29.5261837745083	18.91084428063018	19.74343709371703	31.818659359227464	8.754919170208761E-4
69.0	29.588258898909963	19.391543267132853	19.659283526189647	31.3598179103103	0.0010963974572350172
70.0	29.979473790623874	19.16651282997969	20.5945568184815	30.259017027523583	4.39533391351741E-4
71.0	30.30633152646371	19.472376462717083	19.702581776806486	30.5184901524505	2.200815622269613E-4
72.0	30.521109313489948	18.573198203162537	19.87057127616898	31.035121207178534	0.0
73.0	29.975012537917532	18.90740057486628	20.69253491285319	30.425051974362997	0.0
74.0	30.239904719948818	19.95368822791059	18.605510923778173	31.200453377195213	4.427511672027645E-4
75.0	30.076314527728943	18.872418446895033	20.014250705876087	31.03635039866461	6.659208353310958E-4
76.0	30.595126377072003	19.810712363738254	19.357284860991893	30.236876398197854	0.0
77.0	30.1671510818606	18.9605674896157	19.542088441964832	31.33019298655887	0.0
78.0	29.949067427045396	18.33483310148332	19.85544170218847	31.860657769282813	0.0
79.0	30.092823791555162	18.719501953890425	20.175346269692866	31.01232798486155	0.0
80.0	29.461886126509633	18.686137286731373	20.44145679394866	31.41007074714463	4.4904566569897323E-4
81.0	29.483759928993337	18.491243562768357	20.72259192344256	31.301954034899595	4.50549896148249E-4
82.0	29.27463304793244	18.857462920845858	21.1028775727298	30.76412305287859	9.034056133107784E-4
83.0	30.19610773020358	18.367836702166194	20.26688038832138	31.16759037890314	0.0015848004057089037
84.0	29.421411390061802	18.827922527773296	20.866031740263164	30.884180065915444	4.542759862899508E-4
85.0	30.585905723706247	18.33276747201265	20.596136800202345	30.484962140459693	2.278636190667162E-4
86.0	30.238814088865627	18.19457554446824	20.278056484365894	31.28695401760308	0.0015998646971570405
87.0	31.063590707913868	17.48251427523104	19.69041667622171	31.762102414749926	0.0013759258834590777
88.0	30.193016609369177	17.859328906009104	20.793466705325216	31.151656564819802	0.0025312144767059234
89.0	29.809390766246814	18.496138171490585	19.4220534075297	32.269415934516324	0.0030017202165856585
90.0	30.18322082931533	17.99222053260144	19.781544395816333	32.03837808767895	0.00463615458793858
91.0	30.43316315959782	19.092282586175187	18.842027092776114	31.62903522433368	0.0034919371171963933
92.0	29.64734234086971	18.068392514372984	19.27731100286292	33.00181676373198	0.005137378162406535
93.0	30.014187723515274	17.938910711144985	19.47352992906138	32.571026558011376	0.0023450782669871607
94.0	30.38874912632052	18.20901001819136	19.852115775180206	31.54730106583013	0.002824014477780889
95.0	29.59637121745749	18.73247892743853	19.856900407032537	31.810940240437574	0.003309207633869267
96.0	29.489002575759375	18.556150367372133	19.656961078732774	32.29693638942633	9.495887093902453E-4
97.0	30.52440480019441	18.532257411259064	19.643916489768497	31.29656233843896	0.002858960339072696
98.0	29.75078701355864	18.594810016362224	19.685625161469346	31.96542881474323	0.003348993866556947
99.0	29.396982510090332	18.291610609263888	20.043724774168748	32.266000384393614	0.0016817220834134154
100.0	29.4356190820819	18.896809601350945	19.955129364935768	31.71075327181714	0.0016886798142452205
101.0	29.63213376953835	19.020719738276988	19.729310553738035	31.617351266206228	4.846722403974312E-4
102.0	28.9609864859602	19.154301514974488	19.294991626747674	32.588259921330376	0.0014604509872648674
103.0	30.180547950563202	18.913778942428035	19.691606695869837	31.21308862640801	9.77784730913642E-4
104.0	29.850508046733427	19.499516262897608	19.009394812963173	31.638862014605422	0.0017188628003712745
105.0	29.404916071582736	19.28688595355262	19.466459466459465	31.84001184001184	0.00172666839333506
106.0	30.519731463819454	19.03237793246959	18.706369063839276	31.740530631456387	9.909084152897169E-4
107.0	30.557284173109572	18.59041057017828	19.213210731479037	31.638596683377557	4.978418555561641E-4
108.0	29.072004523268063	19.112809004505753	19.666208835883925	32.14822709407547	7.505422667877542E-4
109.0	30.341441104111016	18.263467787128924	19.388285908863597	32.00630260019953	5.025996969323827E-4
110.0	29.189673899315466	18.75243123089747	19.19725176185304	32.86013791709818	5.051908358382379E-4
111.0	29.423036412688987	18.090611683430158	19.812137224595254	32.674214679285605	0.0
112.0	28.868302517577106	18.422590565146933	20.182725312304612	32.526126402021205	2.5520295014610367E-4
113.0	29.233459931734313	18.397115505440485	19.46418359418075	32.90498452353782	2.564451066426976E-4
114.0	28.080314907855424	17.794510766311873	20.90930416603295	33.215870159799756	0.0
115.0	29.126787283174078	18.444943773632826	20.79559208088096	31.631899360115696	7.775021964437051E-4
116.0	28.194781157946874	19.061286202132376	20.70775005865332	32.03566121842496	5.213628424702172E-4
117.0	28.213986160620674	18.430750681484586	20.89484168588803	32.4601593625498	2.621094569092053E-4
118.0	28.823107624335027	18.338526591061267	21.558609999525487	31.279755785078216	0.0
119.0	29.383696442117436	18.757526086010895	20.188477064998857	31.67030040687281	0.0
120.0	29.46790831174859	18.78499462493231	20.64052667660765	31.106570386711446	0.0
121.0	30.052967409212144	18.556034367101173	20.10829608084104	31.28189716702175	8.049758238927558E-4
122.0	30.15746139076943	18.44736749722532	19.770302419844835	31.6237885248425	0.0010801673179175453
123.0	30.596919667469656	18.331264750534345	19.54607055270541	31.52547344292748	2.7158636310553575E-4
124.0	29.991422124362803	18.346546175742642	19.55427828376924	32.106933873866986	8.195422583306471E-4
125.0	30.165038270739718	18.615107666515506	19.319509145126492	31.90007008286268	2.7483475560319357E-4
126.0	30.118250108518048	18.486774622536917	19.142583033583914	32.25211575626709	2.7647909403330463E-4
127.0	29.356833487720003	19.330323488749247	19.9973851627458	31.315179686608975	2.7817417597854723E-4
128.0	30.01957670624018	19.128598515083027	19.511450552712873	31.33897388932299	0.0014003366409284792
129.0	28.781558231300576	19.485929774385617	19.905342934425445	31.825476740479996	0.001692319408365135
130.0	29.385766832829162	18.823228665161263	20.35220768892108	31.438228736170874	5.68076917614645E-4
131.0	28.646490302245027	19.647786005829236	19.61832519585718	32.08739849606855	0.0
132.0	28.2178417498329	19.20275658607417	20.864832784013647	31.714568880079284	0.0
133.0	28.55334517878503	18.982336341149008	20.545181107665865	31.919137372400098	0.0
134.0	27.459950217469515	19.610280589785514	20.45295667866868	32.476520019772614	2.92494303673436E-4
135.0	28.548907982980325	17.90748794832809	20.674363235623446	32.86835684735335	8.83985714790849E-4
136.0	28.526757476681308	18.87143760746198	21.16871122831087	31.433093687545842	0.0
137.0	29.062443926072135	19.41055087026736	20.244930916920868	31.281476164842392	5.981218972426581E-4
138.0	29.58065381704821	18.734152790465593	20.860580735220076	30.823406686504885	0.0012059707612388938
139.0	29.250636418316695	19.49870286099652	21.527343204145986	29.72119105915804	0.0021264573827562533
140.0	29.14444311842665	19.712784545568603	20.17148470132469	30.970369622360334	9.180123197253308E-4
141.0	30.040771512987053	18.45604880245246	19.047883397173752	32.454371063945274	9.252234414611129E-4
142.0	30.542489126278188	18.909549910305397	21.368456724297133	29.179193339281884	3.108998373993851E-4
143.0	30.496624954973296	18.981065292634412	19.844951527775603	30.67673176614305	6.264584736339289E-4
144.0	31.23537307540466	18.66814054480853	18.802052901697593	31.293170153967626	0.0012633241215949467
145.0	28.041666533774322	19.253549022922336	20.007208080704988	32.69598165447778	0.0015947081205726914
146.0	27.926856535504	19.884056656048788	20.097926435276847	32.08954014757015	0.0016202256002125735
147.0	27.86240086851756	19.584342852603566	20.021911533012933	32.52935880631794	0.001985939548000159
148.0	28.90480980154548	19.515552641425877	20.101544450585475	31.47363036858782	0.004462737855345502
149.0	28.862939631393726	22.158080730481352	16.45082932753865	32.52010213861879	0.008048171967485385
150.0	25.79283555002727	25.919261022720903	11.95587343178887	36.32387351335369	0.008156482109266274
