# Position (bp)	A	C	G	T	N
0.0	67.35632183908045	8.773946360153257	12.911877394636015	10.957854406130268	0.0
1.0	10.229885057471265	61.68582375478927	17.93103448275862	10.153256704980842	0.0
2.0	13.648393194706996	57.84499054820416	10.132325141776938	18.37429111531191	0.0
3.0	65.82801351858805	10.289147577919639	9.688321441982726	14.194517461509577	0.0
4.0	61.77794448612153	9.752438109527382	8.702175543885971	19.767441860465116	0.0
5.0	15.898012748406448	56.95538057742782	13.08586426696663	14.0607424071991	0.0
6.0	15.393258426966291	56.74157303370787	9.887640449438202	17.97752808988764	0.0
7.0	66.36737747848859	9.764309764309765	9.539842873176205	14.328469884025438	0.0
8.0	62.07025411061286	14.125560538116591	9.417040358744394	14.387144992526157	0.0
9.0	18.147871545929796	54.89171023151606	11.015683345780433	15.944734876773712	0.0
10.0	17.605371130175307	7.982096232748974	10.742260350615442	63.670272286460275	0.0
11.0	15.916697657121606	10.30122722201562	10.264038676087765	63.51803644477501	0.0
12.0	14.471243042671613	8.311688311688311	9.981447124304268	67.23562152133582	0.0
13.0	18.386977432482425	55.567887532371444	10.839807621161672	15.205327413984463	0.0
14.0	12.71249076127125	14.33850702143385	58.49963045084996	14.449371766444937	0.0
15.0	59.30275229357799	14.458715596330277	11.045871559633028	15.192660550458715	0.0
16.0	13.003663003663005	9.084249084249084	10.805860805860807	67.1062271062271	0.0
17.0	20.871475649945076	53.35042109117539	10.216038081288906	15.562065177590625	0.0
18.0	13.799414348462665	14.677891654465594	10.285505124450951	61.2371888726208	0.0
19.0	19.23217550274223	56.74588665447897	11.042047531992688	12.979890310786105	0.0
20.0	16.514764855997083	10.754648195406489	9.69741159314619	63.03317535545023	0.0
21.0	15.06002182611859	14.041469625318298	11.385958530374682	59.512550018188435	0.0
22.0	15.328732292045041	9.117326552851434	55.3214674900109	20.232473665092627	0.0
23.0	13.02612481857765	11.502177068214804	10.304789550072568	65.16690856313497	0.0
24.0	61.354581673306775	9.416877942774358	13.111191597247373	16.117348786671496	0.0
25.0	15.328994938539406	8.496023138105567	54.66377440347071	21.51120751988431	0.0
26.0	59.667509938561615	9.541019154318757	13.11890133718829	17.672569569931333	0.0
27.0	13.836705202312139	16.148843930635838	7.731213872832369	62.28323699421965	0.0
28.0	14.543486106098882	54.38469866474197	8.516780945507037	22.555034283652112	0.0
29.0	19.920606279321547	7.145434861060989	10.032479249368459	62.90147961024901	0.0
30.0	18.707114481762368	9.317443120260021	53.59335500180571	18.382087396171904	0.0
31.0	15.45421643141513	8.2880926529135	8.469055374592834	67.78863554107853	0.0
32.0	15.36231884057971	8.985507246376812	13.91304347826087	61.73913043478261	0.0
33.0	19.978205593897567	55.394115510352336	8.499818379949147	16.127860515800943	0.0
34.0	16.642441860465116	12.936046511627907	9.883720930232558	60.537790697674424	0.0
35.0	15.054545454545455	59.30909090909091	9.163636363636364	16.472727272727273	0.0
36.0	15.04907306434024	12.395492548164304	9.669211195928753	62.88622319156671	0.0
37.0	58.731316077287644	11.556689755741889	10.754648195406489	18.95734597156398	0.0
38.0	61.20879120879121	10.256410256410255	11.904761904761903	16.630036630036628	0.0
39.0	62.550384756320994	10.003664345914254	6.962257237083181	20.483693660681567	0.0
40.0	14.149560117302054	55.75513196480938	13.636363636363635	16.458944281524925	0.0
41.0	13.306451612903224	7.038123167155426	62.719941348973606	16.93548387096774	0.0
42.0	61.99559794570799	8.107116654438737	14.34336023477623	15.553925165077038	0.0
43.0	62.52291895856252	8.837550421708837	9.424275760909424	19.215254858819215	0.0
44.0	15.512159174649964	55.784819454679436	7.663964627855564	21.03905674281503	0.0
45.0	24.497354497354497	11.428571428571429	13.333333333333334	50.74074074074074	0.0
46.0	27.18253968253968	13.425925925925927	18.253968253968253	41.13756613756614	0.0
47.0	28.51824274013403	15.33879374534624	19.21072226358898	36.93224125093075	0.0
48.0	26.969696969696972	19.242424242424242	19.545454545454547	34.24242424242424	0.0
49.0	27.594158339738662	21.13758647194466	15.449654112221367	35.81860107609531	0.0
50.0	28.63741339491917	20.323325635103924	20.1693610469592	30.86989992301771	0.0
51.0	29.153846153846153	17.692307692307693	16.46153846153846	36.69230769230769	0.0
52.0	26.53846153846154	18.307692307692307	21.0	34.15384615384615	0.0
53.0	31.0	19.076923076923077	19.46153846153846	30.461538461538463	0.0
54.0	28.043143297380585	22.342064714946073	18.56702619414484	31.047765793528505	0.0
55.0	30.431432973805855	16.563944530046225	19.953775038520803	33.05084745762712	0.0
56.0	26.1171032357473	17.64252696456086	21.725731895223422	34.514637904468415	0.0
57.0	30.632716049382715	17.978395061728396	19.521604938271604	31.867283950617285	0.0
58.0	28.262548262548265	18.223938223938223	18.146718146718147	35.366795366795365	0.0
59.0	27.413127413127413	20.54054054054054	21.853281853281853	30.19305019305019	0.0
60.0	27.644787644787645	17.528957528957527	21.698841698841697	33.12741312741313	0.0
61.0	28.185328185328185	17.683397683397683	20.617760617760617	33.513513513513516	0.0
62.0	27.91956689868523	18.48414539829853	24.2846094354215	29.311678267594743	0.0
63.0	32.79195668986852	16.782675947409125	21.11368909512761	29.311678267594743	0.0
64.0	30.085073472544472	17.942768754833722	23.201856148491878	28.770301624129928	0.0
65.0	29.4435857805255	17.77434312210201	22.797527047913448	29.984544049459043	0.0
66.0	30.680061823802163	14.992272024729521	24.652241112828438	29.675425038639876	0.0
67.0	28.979907264296756	17.542503863987633	19.938176197836167	33.53941267387944	0.0
68.0	25.019425019425018	20.435120435120435	20.35742035742036	34.18803418803419	0.0
69.0	24.922360248447205	20.419254658385093	22.204968944099377	32.45341614906832	0.0
70.0	25.232919254658388	21.816770186335404	21.040372670807454	31.90993788819876	0.0
71.0	27.872670807453414	21.73913043478261	20.18633540372671	30.20186335403727	0.0
72.0	28.19314641744548	19.39252336448598	20.87227414330218	31.542056074766357	0.0
73.0	30.63629222309505	17.51767478397486	21.209740769835037	30.63629222309505	0.0
74.0	30.424528301886795	17.374213836477985	20.833333333333336	31.367924528301888	0.0
75.0	29.68503937007874	19.37007874015748	22.992125984251967	27.95275590551181	0.0
76.0	27.34436564223798	21.670606776989757	19.30654058313633	31.678486997635936	0.0
77.0	30.49645390070922	20.646178092986602	18.045705279747835	30.811662726556342	0.0
78.0	29.370078740157478	20.866141732283463	19.763779527559056	30.0	0.0
79.0	29.96845425867508	19.400630914826497	19.400630914826497	31.230283911671926	0.0
80.0	29.179810725552052	15.615141955835963	22.397476340694006	32.80757097791798	0.0
81.0	27.387529597474348	21.231254932912393	17.995264404104184	33.385951065509076	0.0
82.0	32.93838862559242	15.165876777251185	21.248025276461295	30.647709320695103	0.0
83.0	30.16627078384798	18.448139350752175	20.34837688044339	31.037212984956454	0.0
84.0	27.55344418052256	20.506730007917657	20.031670625494854	31.908155186064924	0.0
85.0	33.808392715756135	16.23119556611243	19.55661124307205	30.403800475059384	0.0
86.0	29.532858273950914	18.28978622327791	22.2486144101346	29.928741092636578	0.0
87.0	32.27597145122918	19.746233148295005	21.808088818398097	26.16970658207772	0.0
88.0	33.70253164556962	19.303797468354432	19.224683544303797	27.76898734177215	0.0
89.0	27.588932806324113	16.75889328063241	18.41897233201581	37.23320158102767	0.0
90.0	30.946698488464598	16.785998408910103	21.479713603818613	30.787589498806682	0.0
91.0	29.617834394904456	21.894904458598727	17.35668789808917	31.130573248407643	0.0
92.0	30.573248407643312	17.9140127388535	15.92356687898089	35.589171974522294	0.0
93.0	32.48407643312102	16.64012738853503	17.35668789808917	33.51910828025478	0.0
94.0	32.961783439490446	15.92356687898089	19.745222929936308	31.369426751592357	0.0
95.0	28.605577689243027	17.37051792828685	20.717131474103585	33.30677290836653	0.0
96.0	29.482071713147413	17.60956175298805	18.804780876494025	34.103585657370516	0.0
97.0	29.163346613545816	16.733067729083665	19.282868525896415	34.820717131474105	0.0
98.0	31.20510774142059	19.4732641660016	18.9146049481245	30.40702314445331	0.0
99.0	28.8135593220339	18.48264729620662	18.07909604519774	34.624697336561745	0.0
100.0	29.40226171243942	14.216478190630049	20.274636510500805	36.10662358642973	0.0
101.0	32.7683615819209	16.626311541565777	19.93543179983858	30.669895076674734	0.0
102.0	30.663430420711972	15.048543689320388	23.624595469255663	30.663430420711972	0.0
103.0	25.811688311688314	17.857142857142858	19.967532467532468	36.36363636363637	0.0
104.0	27.051177904142975	19.252640129975628	20.471161657189278	33.22502030869212	0.0
105.0	29.024390243902438	18.617886178861788	19.91869918699187	32.4390243902439	0.0
106.0	31.72920065252855	18.35236541598695	19.9021207177814	30.0163132137031	0.0
107.0	31.643499591169256	18.233851185609158	18.47914963205233	31.643499591169256	0.0
108.0	33.60588716271464	17.497955846279638	16.026165167620604	32.86999182338512	0.0
109.0	28.958162428219854	20.59064807219032	19.196062346185396	31.255127153404427	0.0
110.0	25.309150865622428	20.19785655399835	20.85737840065952	33.6356141797197	0.0
111.0	31.874483897605284	17.258464079273327	19.570602807597027	31.29644921552436	0.0
112.0	26.919900908340217	19.81833195706028	19.653179190751445	33.608587943848065	0.0
113.0	30.38079470198676	18.956953642384107	17.79801324503311	32.86423841059602	0.0
114.0	28.83181441590721	18.061309030654517	18.061309030654517	35.04556752278376	0.0
115.0	27.740863787375414	19.767441860465116	18.853820598006646	33.63787375415283	0.0
116.0	27.906976744186046	17.940199335548172	18.77076411960133	35.38205980066445	0.0
117.0	29.509559434746468	20.282626766417287	18.53699085619285	31.67082294264339	0.0
118.0	27.986633249791144	18.629908103592314	19.71595655806182	33.66750208855472	0.0
119.0	24.08026755852843	20.5685618729097	25.75250836120401	29.59866220735786	0.0
120.0	25.294117647058822	22.35294117647059	23.277310924369747	29.075630252100844	0.0
121.0	29.713804713804713	17.67676767676768	18.602693602693606	34.00673400673401	0.0
122.0	30.555555555555557	16.58249158249158	20.286195286195287	32.57575757575758	0.0
123.0	32.65822784810127	16.793248945147678	18.81856540084388	31.729957805907173	0.0
124.0	30.118443316412858	17.85109983079526	19.96615905245347	32.06429780033841	0.0
125.0	26.649746192893403	20.050761421319795	20.21996615905245	33.079526226734345	0.0
126.0	31.694915254237287	19.152542372881356	17.71186440677966	31.440677966101692	0.0
127.0	28.074639525021205	19.59287531806616	21.62849872773537	30.70398642917727	0.0
128.0	29.021276595744684	17.78723404255319	19.574468085106382	33.61702127659574	0.0
129.0	28.351836037574724	18.104184457728437	16.90862510674637	36.63535439795047	0.0
130.0	31.367521367521366	18.54700854700855	15.726495726495726	34.35897435897436	0.0
131.0	31.818181818181817	20.926243567753	18.181818181818183	29.073756432247	0.0
132.0	32.84608770421324	16.85296646603611	20.120378331900255	30.180567497850387	0.0
133.0	28.497409326424872	20.984455958549223	20.639032815198618	29.879101899827287	0.0
134.0	26.649305555555557	19.618055555555554	20.052083333333336	33.68055555555556	0.0
135.0	26.43478260869565	18.956521739130437	21.913043478260867	32.69565217391304	0.0
136.0	25.413402959094867	18.27676240208877	21.671018276762403	34.63881636205396	0.0
137.0	27.835951134380455	16.57940663176265	20.069808027923212	35.51483420593368	0.0
138.0	26.55021834061135	18.777292576419214	20.0	34.672489082969435	0.0
139.0	28.296943231441045	20.69868995633188	18.078602620087338	32.92576419213974	0.0
140.0	28.596491228070175	15.263157894736842	20.43859649122807	35.70175438596491	0.0
141.0	31.810193321616868	15.202108963093147	18.717047451669597	34.27065026362039	0.0
142.0	32.4801412180053	13.592233009708737	20.5648720211827	33.36275375110326	0.0
143.0	34.24778761061947	16.8141592920354	20.0	28.938053097345133	0.0
144.0	33.30373001776199	18.206039076376555	18.47246891651865	30.017761989342805	0.0
145.0	30.74866310160428	18.270944741532976	18.449197860962567	32.53119429590018	0.0
146.0	29.55357142857143	17.857142857142858	19.28571428571429	33.30357142857142	0.0
147.0	30.714285714285715	18.75	18.571428571428573	31.96428571428571	0.0
148.0	25.47085201793722	21.345291479820627	20.179372197309416	33.00448430493274	0.0
149.0	29.53321364452424	19.47935368043088	17.41472172351885	33.572710951526034	0.0
150.0	27.632763276327633	19.44194419441944	19.711971197119713	33.21332133213321	0.0
151.0	28.84267631103074	20.253164556962027	20.1627486437613	30.74141048824593	0.0
152.0	28.5972850678733	18.190045248868778	17.104072398190045	36.10859728506787	0.0
153.0	31.306715063520873	17.78584392014519	19.237749546279492	31.669691470054445	0.0
154.0	32.12010919017288	16.92447679708826	19.1992720655141	31.756141947224748	0.0
155.0	28.923357664233578	20.164233576642335	17.51824817518248	33.394160583941606	0.0
156.0	30.980751604032996	15.490375802016498	19.34005499541705	34.188817598533454	0.0
157.0	30.330882352941174	19.94485294117647	20.22058823529412	29.503676470588236	0.0
158.0	29.55801104972376	21.36279926335175	16.85082872928177	32.22836095764273	0.0
159.0	34.074074074074076	14.074074074074074	19.537037037037035	32.31481481481481	0.0
160.0	26.51162790697674	16.930232558139537	22.511627906976745	34.04651162790698	0.0
161.0	28.011204481792717	18.39402427637722	22.689075630252102	30.905695611577965	0.0
162.0	29.934518241347053	18.802619270346117	22.07670720299345	29.186155285313376	0.0
163.0	28.920187793427232	16.24413145539906	18.685446009389672	36.15023474178404	0.0
164.0	30.85606773283161	14.769520225776105	20.790216368767638	33.584195672624645	0.0
165.0	28.086710650329877	19.98114985862394	22.99717247879359	28.934967012252592	0.0
166.0	28.693181818181817	19.507575757575758	19.03409090909091	32.765151515151516	0.0
167.0	29.00473933649289	18.48341232227488	21.04265402843602	31.469194312796205	0.0
168.0	27.065527065527068	19.753086419753085	20.7977207977208	32.38366571699905	0.0
169.0	26.666666666666668	18.19047619047619	20.761904761904763	34.38095238095238	0.0
170.0	27.26406101048618	18.779790276453763	19.82840800762631	34.127740705433744	0.0
171.0	31.23209169054441	17.191977077363894	18.242597898758355	33.33333333333333	0.0
172.0	29.15869980879541	21.892925430210326	16.730401529636712	32.217973231357554	0.0
173.0	31.285988483685223	19.28982725527831	18.13819577735125	31.285988483685223	0.0
174.0	30.086788813886212	18.129218900675024	19.672131147540984	32.11186113789778	0.0
175.0	27.299128751210066	18.005808325266216	21.97483059051307	32.72023233301064	0.0
176.0	29.377431906614788	16.828793774319067	19.3579766536965	34.43579766536965	0.0
177.0	27.60975609756098	21.463414634146343	18.536585365853657	32.390243902439025	0.0
178.0	27.058823529411764	22.058823529411764	20.588235294117645	30.294117647058822	0.0
179.0	25.7396449704142	20.414201183431953	21.992110453648916	31.854043392504934	0.0
180.0	30.56379821958457	16.2215628090999	21.463897131552915	31.750741839762615	0.0
181.0	27.010923535253227	20.754716981132077	19.165839126117177	33.06852035749752	0.0
182.0	30.16983016983017	19.78021978021978	20.579420579420578	29.47052947052947	0.0
183.0	28.915662650602407	21.385542168674696	19.979919678714857	29.71887550200803	0.0
184.0	29.17933130699088	20.77001013171226	18.84498480243161	31.20567375886525	0.0
185.0	28.65853658536585	20.426829268292682	23.170731707317074	27.743902439024392	0.0
186.0	29.795918367346943	17.653061224489797	22.653061224489797	29.897959183673468	0.0
187.0	28.836251287332647	24.098867147270855	16.889804325437694	30.175077239958803	0.0
188.0	28.854166666666664	20.3125	20.416666666666668	30.416666666666664	0.0
189.0	30.439330543933053	18.619246861924683	19.142259414225943	31.799163179916317	0.0
190.0	29.758149316508938	17.875920084121976	20.084121976866456	32.28180862250263	0.0
191.0	26.526315789473685	19.36842105263158	20.31578947368421	33.78947368421053	0.0
192.0	30.254777070063692	20.8067940552017	19.10828025477707	29.830148619957537	0.0
193.0	28.388473852721454	18.14300960512273	21.985058697972253	31.483457844183565	0.0
194.0	26.695371367061355	21.52852529601722	21.205597416576964	30.570505920344456	0.0
195.0	30.04338394793926	20.065075921908893	20.607375271149674	29.28416485900217	0.0
196.0	27.54098360655738	21.092896174863387	20.437158469945356	30.92896174863388	0.0
197.0	28.761061946902654	20.575221238938052	20.353982300884958	30.30973451327434	0.0
198.0	27.927927927927925	22.52252252252252	21.17117117117117	28.37837837837838	0.0
199.0	25.710900473933652	25.710900473933652	21.32701421800948	27.251184834123222	0.0
200.0	28.094575799721838	16.968011126564672	19.054242002781642	35.88317107093185	0.0
201.0	30.36053130929791	18.59582542694497	16.508538899430743	34.53510436432637	0.0
202.0	33.586337760910816	15.939278937381404	19.54459203036053	30.929791271347252	0.0
203.0	32.63757115749525	18.975332068311197	20.683111954459203	27.703984819734345	0.0
204.0	33.07984790874524	19.96197718631179	23.38403041825095	23.574144486692013	0.0
205.0	34.990439770554495	15.86998087954111	22.562141491395792	26.577437858508606	0.0
206.0	31.27413127413127	18.53281853281853	19.498069498069498	30.694980694980696	0.0
207.0	28.54368932038835	21.16504854368932	16.893203883495143	33.398058252427184	0.0
208.0	26.47058823529412	17.45098039215686	21.96078431372549	34.11764705882353	0.0
209.0	21.893491124260358	22.879684418145956	22.090729783037474	33.13609467455622	0.0
210.0	26.930693069306933	18.217821782178216	16.831683168316832	38.01980198019802	0.0
211.0	30.278884462151396	20.717131474103585	20.51792828685259	28.48605577689243	0.0
212.0	28.143712574850298	15.568862275449103	24.75049900199601	31.53692614770459	0.0
213.0	26.358148893360163	20.52313883299799	19.114688128772634	34.00402414486921	0.0
214.0	27.530364372469634	24.493927125506072	20.242914979757085	27.732793522267208	0.0
215.0	25.971370143149286	24.335378323108383	16.155419222903884	33.537832310838446	0.0
216.0	29.132231404958674	19.421487603305785	17.56198347107438	33.88429752066116	0.0
217.0	25.630252100840334	18.69747899159664	24.369747899159663	31.30252100840336	0.0
218.0	25.70194384449244	17.49460043196544	18.57451403887689	38.22894168466522	0.0
219.0	18.30985915492958	21.830985915492956	25.821596244131456	34.037558685446015	0.0
220.0	0.0	29.259259259259256	27.40740740740741	43.333333333333336	0.0
