# Position (bp)	A	C	G	T	N
0.0	26.643426294820717	24.11699356420472	25.425222188170395	23.81244253754214	0.0019154152620288077
1.0	26.365194211728866	21.12338156892612	15.736862147753236	36.774562071591774	0.0
2.0	27.78577926015767	20.33997877501516	17.819511825348698	34.05473013947847	0.0
3.0	24.131685690029244	22.005471181963966	15.2759173662862	38.58692576172059	0.0
4.0	33.62248243559719	15.192505854800936	14.381264637002342	36.79812646370023	0.005620608899297424
5.0	34.84658910530542	14.94145548936488	22.758594931744756	27.447758128069616	0.005602345515322415
6.0	31.347280334728033	17.539748953974897	21.225476522547652	29.88563458856346	0.0018596001859600187
7.0	34.80595467338172	17.619611909346762	20.074803732780328	27.49962968449119	0.0
8.0	24.477876760433222	26.780763686097657	21.912542047092746	26.828817506376375	0.0
9.0	28.33234925086722	18.634216547346668	16.718946047678795	36.31264299948336	0.0018451546239574878
10.0	26.519856260941676	17.034921219939186	25.41232838846402	31.03289413065512	0.0
11.0	27.33364012885412	19.64657156005522	20.49516797054763	32.524620340543024	0.0
12.0	27.087816091954025	20.439540229885058	20.46528735632184	32.00735632183908	0.0
13.0	26.72288669643021	21.844972349299088	19.094600304984475	32.337540649286225	0.0
14.0	30.480074960039683	19.787245769718346	20.174906759264363	29.557772510977603	0.0
15.0	29.33913906189715	18.91454922927116	19.7982693049661	31.948042403865585	0.0
16.0	29.74884712193867	17.709309375516728	19.471237759282737	33.070605743261865	0.0
17.0	29.50449209061346	19.004574767127817	21.299307354535266	30.19162578772346	0.0
18.0	32.46063679288614	18.234764555659666	18.322952837641697	30.98164581381249	0.0
19.0	30.64359073288137	19.103786584357604	19.969134101306288	30.279814069705484	0.003674511749251318
20.0	30.25041797571148	17.393301365081115	20.86938947987286	31.48689117933455	0.0
21.0	28.571166106303625	17.95366440684194	19.507982876775248	33.963512098329936	0.003674511749251318
22.0	28.133899208142715	19.190137610465012	20.501938304947732	32.17402487644454	0.0
23.0	29.88296680078635	17.712983887265978	20.08855573315696	32.315493578790715	0.0
24.0	30.531518124529207	17.905895754101675	19.59249664700803	31.970089474361096	0.0
25.0	29.054364401330172	18.43686270186849	19.69905748773632	32.80971540906502	0.0
26.0	30.470888680666558	17.30143857134983	21.552848665233608	30.674824082750003	0.0
27.0	28.72917011152143	18.585680427713168	20.568079516434253	32.11706994433114	0.0
28.0	30.114461040989177	17.61928383766007	20.626871704422275	31.639383416928474	0.0
29.0	29.927610788564706	18.718306753876682	19.196002057764385	32.15808039979422	0.0
30.0	29.722727523289787	17.990555463682632	18.968083347114273	33.31863366591331	0.0
31.0	30.264608599779493	18.43991179713341	19.729878721058434	31.563763322307974	0.0018375597206909222
32.0	28.921640693913552	19.446486327550723	18.939282563951778	32.69259041458395	0.0
33.0	30.531559019225817	17.91346542660736	19.08980627136713	32.465169282799685	0.0
34.0	28.675700023901012	18.90386277141439	19.644794175506977	32.77564302917762	0.0
35.0	30.50816194780042	17.56156045374896	19.856128377755233	32.07414922069538	0.0
36.0	31.32639119678003	18.068018167719067	18.433588124515342	32.172002510985564	0.0
37.0	28.74826789838337	19.71732101616628	19.31824480369515	32.21431870669746	0.0018475750577367205
38.0	30.665384473129414	18.39516218515368	19.264341458001997	31.67511188371491	0.0
39.0	30.38694500527905	18.802674717987664	19.28056754403838	31.529812732694907	0.0
40.0	29.194406218618663	19.873916762747797	19.102168334139176	31.827649049726638	0.0018596347677316176
41.0	29.650891003945475	17.414312159913237	20.997026870360326	31.935900072925822	0.0018698928551394004
42.0	27.694529359914483	19.24570056825641	20.03338271975394	33.02638735207516	0.0
43.0	29.34935951695728	18.714143295148883	20.559411620864136	31.3770855670297	0.0
44.0	28.343294556835534	19.662889571824508	20.349177020682895	31.644638850657064	0.0
45.0	30.000188989473287	18.760985013134768	19.836335116134034	31.402490881257915	0.0
46.0	29.860979582559942	17.82075078601462	19.7677942346301	32.55047539679533	0.0
47.0	30.496548061603825	19.541385327365145	19.09946134587664	30.862605265154393	0.0
48.0	30.03096563384563	18.767453789015747	19.09610744884971	32.105473128288914	0.0
49.0	27.607922223701987	19.305188257453246	20.654097144270466	32.432792374574305	0.0
50.0	29.1924280589268	18.72948629875582	19.498511564002747	32.57766582703611	0.0019082512785283565
51.0	30.552625016783995	18.389503769205685	18.729020006521782	32.32885120748854	0.0
52.0	28.593472725869916	18.50551654964895	20.986035028161407	31.91497569631973	0.0
53.0	30.28681133282913	18.98113134368879	20.059340275757755	30.67271704772432	0.0
54.0	30.18805417519244	18.472181623307023	19.34522069570301	31.994543505797523	0.0
55.0	28.386415212457937	18.85906565458956	18.996009077392596	33.7585100555599	0.0
56.0	29.913791410561043	18.68114604402726	21.473597392141073	29.931465153270626	0.0
57.0	26.8866158182069	20.420189597745324	19.281026429373853	33.41216815467392	0.0
58.0	30.10418932010043	17.777426306320553	22.055712619363003	30.06267175421601	0.0
59.0	28.35020845741513	21.300377208655945	21.351995235259082	28.99741909866984	0.0
60.0	30.531424120783658	19.072154654204862	20.19451600663032	30.201905218381164	0.0
61.0	28.76401334029815	21.278177361674768	19.869811548197855	30.087997749829228	0.0
62.0	31.095721199603105	16.323431140270944	21.794949679039348	30.785897981086606	0.0
63.0	25.31381608537433	21.022611113382673	24.888579956658624	28.774992844584375	0.0
64.0	25.783425824685906	21.78944979679409	18.27202772677573	34.15303364759763	0.0020630041466383345
65.0	27.487984020307525	19.955889390566156	18.838559330850376	33.7154865691517	0.0020806891242379473
66.0	27.78803002977813	18.948957765381873	18.007381621440256	35.25353353185422	0.002097051545526989
67.0	33.54901463249598	14.201133384081874	18.43863655586569	33.80910090501565	0.0021145225408102848
68.0	34.57622750118132	16.345203831779713	22.726491687787277	26.349929120666694	0.002147858584990764
69.0	31.904667416275327	17.115329497100777	20.675970632978373	30.304032453645526	0.0
70.0	31.825950719270757	16.932535726154867	23.565019228030195	27.676494326544177	0.0
71.0	25.893127918966456	19.845939224843818	25.3047855886456	28.956147267544125	0.0
