# Position (bp)	A	C	G	T	N
0.0	25.990907568531174	24.333554606463156	24.31815373833204	25.357384086673633	0.0
1.0	26.716491865199032	20.967146536623503	15.891532686647544	36.42482891152992	0.0
2.0	28.96129062106943	20.180027608824062	17.40782623010438	33.45085554000213	0.0
3.0	22.99619645724825	22.814705540345855	15.7797488536609	38.409349148744994	0.0
4.0	33.59960076555786	13.673553783450807	15.243818561282541	37.483026889708796	0.0
5.0	34.410246919249275	15.329449526080952	23.836075703592805	26.424227851076964	0.0
6.0	31.05746420174964	17.89805522008016	21.589140038714298	29.455340539455904	0.0
7.0	35.451808916418	17.6654167303356	20.46789650135756	26.414877851888836	0.0
8.0	23.366231846826363	26.83295827357594	22.635540094115676	27.16526978548202	0.0
9.0	27.353658141857863	19.024008735180644	15.831751422429408	37.79058170053209	0.0
10.0	26.389671943598124	17.116940897414214	24.993787238261536	31.49959992072613	0.0
11.0	28.02958296158024	19.16718990791563	19.297649839392985	33.505577291111145	0.0
12.0	25.700552734168962	20.791250452851457	20.513533819952176	32.994662993027404	0.0
13.0	27.04753109526231	21.21677220923872	19.215870431308147	32.519826264190826	0.0
14.0	30.51264451593526	19.121681629807146	19.838146668922008	30.52752718533558	0.0
15.0	29.31477243656504	18.78752053759987	20.449325424728695	31.448381601106394	0.0
16.0	29.324697800623202	18.230968920921516	18.787079649272258	33.65725362918302	0.0
17.0	30.25439148969391	18.24025983592287	19.897064404214163	31.608284270169058	0.0
18.0	32.16463157274437	17.693063654488935	19.105723623022413	31.03658114974428	0.0
19.0	30.305792616669	18.567065620420742	20.609636721997436	30.517505040912823	0.0
20.0	29.876281358585555	17.824179541770782	20.420603163190943	31.878935936452724	0.0
21.0	28.97715951135379	18.99477031169837	20.10431417831266	31.923755998635183	0.0
22.0	29.763209632614206	18.906044224110204	22.926504883590965	28.40424125968462	0.0
23.0	29.637965087451274	20.458325998636255	21.59710828873282	28.30660062517965	0.0
24.0	32.5655496097762	19.67970645870215	18.058215970115082	29.69652796140657	0.0
25.0	28.945458565261205	21.291164049492618	20.037202372151256	29.72617501309492	0.0
26.0	30.96395286280082	16.9513281868403	22.693178177920377	29.3915407724385	0.0
27.0	25.984452557028636	20.71011624719727	25.008841961643363	28.296589234130735	0.0
28.0	26.93586806126455	20.015588090724496	19.390634263023436	33.657909584987515	0.0
29.0	27.76451229632169	20.798014324999432	17.597154313172872	33.840319065506	0.0
30.0	26.79830484604169	19.289428821388707	16.377778091463703	37.534488241105905	0.0
31.0	34.16857214107164	15.16758708247932	18.732774322048705	31.931066454400337	0.0
32.0	33.90034508943905	15.596944598433607	23.166570061086464	27.336140251040884	0.0
33.0	31.449216903169653	18.016317561812656	20.96547029529222	29.56899523972547	0.0
34.0	33.374206396834076	17.159238672282868	21.67924840686373	27.787306524019318	0.0
35.0	26.815612003013616	20.46703397668735	25.3312987339136	27.386055286385435	0.0
