#Coverage	Number of genomic locations
0.0	16002.0
1.0	3598.0
2.0	2055.0
3.0	1141.0
4.0	526.0
5.0	380.0
6.0	371.0
7.0	296.0
8.0	329.0
9.0	186.0
10.0	166.0
11.0	290.0
12.0	184.0
13.0	226.0
14.0	186.0
15.0	58.0
16.0	94.0
17.0	87.0
18.0	107.0
19.0	104.0
20.0	111.0
21.0	144.0
22.0	141.0
23.0	72.0
24.0	120.0
25.0	75.0
26.0	53.0
27.0	54.0
28.0	43.0
29.0	37.0
30.0	30.0
31.0	49.0
32.0	73.0
33.0	82.0
34.0	105.0
35.0	86.0
36.0	59.0
37.0	54.0
38.0	54.0
39.0	45.0
40.0	72.0
41.0	55.0
42.0	31.0
43.0	32.0
44.0	59.0
45.0	40.0
46.0	51.0
47.0	21.0
48.0	14.0
49.0	20.0
50.0	31.0
51.0	33.0
52.0	27.0
53.0	16.0
54.0	37.0
55.0	18.0
56.0	19.0
57.0	20.0
58.0	4.0
59.0	7.0
60.0	2.0
61.0	13.0
62.0	1.0
63.0	6.0
64.0	15.0
65.0	2.0
66.0	11.0
67.0	8.0
68.0	8.0
69.0	2.0
70.0	10.0
71.0	5.0
72.0	6.0
73.0	6.0
74.0	5.0
75.0	10.0
76.0	15.0
77.0	10.0
78.0	11.0
79.0	10.0
80.0	12.0
82.0	4.0
84.0	2.0
85.0	2.0
86.0	9.0
87.0	7.0
88.0	11.0
89.0	7.0
90.0	6.0
91.0	9.0
92.0	3.0
93.0	6.0
94.0	1.0
95.0	3.0
96.0	4.0
97.0	6.0
98.0	8.0
99.0	3.0
100.0	5.0
101.0	4.0
102.0	4.0
103.0	1.0
104.0	6.0
105.0	2.0
107.0	1.0
108.0	24.0
118.0	1.0
126.0	1.0
145.0	1.0
155.0	1.0
161.0	1.0
164.0	1.0
167.0	1.0
168.0	1.0
171.0	1.0
176.0	1.0
179.0	1.0
181.0	1.0
184.0	1.0
188.0	1.0
189.0	1.0
194.0	2.0
202.0	1.0
205.0	1.0
207.0	1.0
215.0	1.0
221.0	1.0
223.0	2.0
224.0	1.0
225.0	1.0
228.0	1.0
229.0	1.0
231.0	4.0
232.0	14.0
234.0	1.0
235.0	1.0
254.0	1.0
266.0	1.0
272.0	2.0
274.0	1.0
277.0	1.0
279.0	1.0
283.0	1.0
284.0	1.0
288.0	2.0
289.0	1.0
290.0	2.0
291.0	6.0
292.0	2.0
293.0	7.0
294.0	3.0
295.0	6.0
296.0	5.0
298.0	1.0
299.0	4.0
300.0	8.0
301.0	6.0
302.0	4.0
303.0	5.0
304.0	2.0
305.0	4.0
306.0	5.0
307.0	3.0
308.0	5.0
309.0	4.0
310.0	4.0
311.0	1.0
312.0	4.0
313.0	4.0
314.0	4.0
315.0	1.0
316.0	2.0
317.0	6.0
318.0	3.0
319.0	2.0
320.0	6.0
321.0	7.0
322.0	8.0
323.0	2.0
324.0	10.0
325.0	3.0
326.0	3.0
327.0	1.0
328.0	7.0
329.0	4.0
330.0	5.0
331.0	4.0
333.0	5.0
334.0	5.0
336.0	3.0
337.0	4.0
338.0	1.0
340.0	2.0
341.0	8.0
343.0	4.0
344.0	4.0
347.0	1.0
348.0	1.0
350.0	1.0
351.0	1.0
353.0	1.0
354.0	1.0
355.0	1.0
356.0	2.0
357.0	2.0
358.0	1.0
359.0	1.0
360.0	1.0
361.0	2.0
362.0	4.0
363.0	1.0
364.0	3.0
365.0	2.0
366.0	1.0
367.0	1.0
368.0	3.0
369.0	6.0
370.0	2.0
371.0	5.0
372.0	6.0
373.0	4.0
374.0	4.0
375.0	4.0
376.0	2.0
377.0	2.0
378.0	2.0
379.0	5.0
381.0	1.0
382.0	2.0
384.0	1.0
387.0	1.0
388.0	1.0
389.0	1.0
390.0	4.0
391.0	4.0
392.0	6.0
393.0	5.0
394.0	2.0
395.0	7.0
396.0	3.0
397.0	5.0
398.0	3.0
399.0	2.0
400.0	2.0
402.0	2.0
403.0	2.0
404.0	2.0
405.0	1.0
406.0	3.0
407.0	2.0
408.0	3.0
414.0	1.0
422.0	2.0
423.0	1.0
424.0	1.0
426.0	2.0
427.0	1.0
435.0	1.0
436.0	4.0
437.0	2.0
438.0	2.0
439.0	1.0
440.0	3.0
441.0	2.0
442.0	1.0
443.0	1.0
444.0	2.0
446.0	1.0
551.0	1.0
624.0	1.0
662.0	1.0
681.0	1.0
923.0	1.0
1027.0	1.0
1312.0	1.0
1428.0	1.0
1510.0	1.0
1521.0	1.0
1624.0	1.0
1670.0	1.0
1701.0	1.0
1709.0	2.0
1727.0	1.0
1732.0	1.0
1739.0	1.0
1758.0	1.0
1759.0	1.0
1766.0	2.0
1769.0	1.0
1770.0	1.0
1771.0	1.0
1772.0	1.0
1773.0	3.0
1774.0	4.0
1775.0	7.0
1846.0	1.0
1867.0	1.0
1898.0	1.0
1957.0	1.0
1964.0	1.0
1988.0	1.0
1989.0	1.0
1995.0	1.0
2015.0	1.0
2025.0	1.0
2095.0	1.0
2104.0	1.0
2122.0	1.0
2132.0	1.0
2141.0	1.0
2166.0	1.0
2176.0	1.0
2182.0	1.0
2188.0	1.0
2206.0	1.0
2210.0	1.0
2213.0	1.0
2224.0	2.0
2232.0	1.0
2233.0	1.0
2234.0	1.0
2235.0	1.0
2238.0	1.0
2243.0	1.0
2252.0	1.0
2261.0	1.0
2262.0	1.0
2263.0	1.0
2270.0	1.0
2295.0	1.0
2306.0	1.0
2357.0	1.0
2380.0	1.0
2396.0	1.0
2402.0	1.0
2454.0	1.0
2471.0	1.0
2492.0	1.0
2501.0	1.0
2513.0	1.0
2530.0	1.0
2534.0	1.0
2544.0	1.0
2551.0	1.0
2555.0	1.0
2559.0	1.0
2566.0	1.0
2570.0	2.0
2571.0	1.0
2573.0	1.0
2576.0	1.0
2579.0	1.0
2580.0	1.0
2582.0	1.0
2585.0	1.0
2587.0	2.0
2588.0	1.0
2591.0	1.0
2592.0	2.0
2593.0	1.0
2595.0	2.0
2596.0	1.0
2612.0	1.0
2613.0	1.0
2618.0	1.0
2621.0	1.0
2625.0	1.0
2626.0	1.0
2629.0	3.0
2630.0	1.0
2633.0	1.0
2638.0	1.0
2640.0	1.0
2645.0	1.0
2646.0	2.0
2648.0	2.0
2650.0	1.0
2651.0	2.0
2653.0	2.0
2654.0	1.0
2655.0	1.0
2656.0	1.0
2658.0	1.0
2659.0	1.0
2660.0	2.0
2661.0	2.0
2662.0	1.0
2663.0	2.0
2664.0	2.0
2666.0	1.0
2667.0	1.0
2668.0	2.0
2669.0	1.0
2670.0	1.0
2671.0	1.0
2673.0	3.0
2674.0	2.0
2675.0	2.0
2676.0	1.0
2678.0	3.0
2680.0	1.0
2682.0	3.0
2684.0	4.0
2685.0	1.0
2686.0	1.0
2687.0	1.0
2688.0	2.0
2690.0	1.0
2691.0	2.0
2692.0	1.0
2693.0	2.0
2695.0	3.0
2696.0	1.0
2697.0	3.0
2698.0	2.0
2700.0	1.0
2702.0	2.0
2706.0	1.0
2708.0	1.0
2709.0	2.0
2710.0	1.0
2718.0	1.0
2722.0	3.0
2723.0	1.0
2724.0	1.0
2726.0	1.0
2728.0	2.0
2730.0	3.0
2732.0	1.0
2738.0	1.0
2740.0	1.0
2746.0	1.0
2748.0	2.0
2752.0	1.0
2754.0	2.0
2760.0	1.0
2762.0	1.0
2764.0	1.0
2768.0	1.0
2769.0	1.0
2770.0	1.0
2771.0	2.0
2773.0	1.0
2774.0	1.0
2777.0	2.0
2782.0	1.0
2783.0	1.0
2785.0	1.0
2786.0	1.0
2790.0	2.0
2794.0	2.0
2795.0	2.0
2797.0	1.0
2799.0	1.0
2801.0	1.0
2802.0	1.0
2803.0	3.0
2804.0	1.0
2805.0	2.0
2806.0	1.0
2809.0	1.0
2811.0	2.0
2812.0	1.0
2814.0	2.0
2817.0	2.0
2820.0	1.0
2821.0	1.0
2827.0	1.0
2828.0	1.0
2829.0	1.0
2830.0	2.0
2836.0	1.0
2837.0	1.0
2839.0	1.0
2840.0	3.0
2843.0	1.0
2844.0	1.0
2854.0	2.0
2855.0	1.0
2856.0	2.0
2861.0	1.0
2865.0	1.0
2867.0	5.0
2875.0	2.0
2879.0	3.0
2883.0	1.0
2884.0	2.0
2885.0	2.0
2887.0	1.0
2888.0	1.0
2891.0	1.0
2892.0	1.0
2899.0	1.0
2903.0	1.0
2904.0	2.0
2906.0	1.0
2907.0	1.0
2984.0	1.0
2987.0	1.0
2988.0	1.0
3000.0	1.0
3008.0	1.0
3019.0	1.0
3020.0	1.0
3023.0	1.0
3043.0	1.0
3045.0	1.0
3048.0	1.0
3063.0	1.0
3089.0	1.0
3100.0	1.0
3136.0	1.0
3137.0	1.0
3160.0	1.0
3164.0	1.0
3170.0	1.0
3175.0	1.0
3177.0	1.0
3179.0	2.0
3181.0	1.0
3193.0	1.0
3213.0	1.0
3215.0	1.0
3226.0	2.0
3228.0	2.0
3229.0	1.0
3247.0	2.0
3249.0	1.0
3250.0	1.0
3252.0	1.0
3254.0	1.0
3264.0	1.0
3265.0	1.0
3274.0	1.0
3276.0	1.0
3278.0	1.0
3283.0	1.0
3290.0	1.0
3301.0	1.0
3302.0	1.0
3304.0	1.0
3312.0	1.0
3313.0	1.0
3314.0	1.0
3322.0	1.0
3325.0	2.0
3326.0	2.0
3327.0	1.0
3329.0	1.0
3330.0	1.0
3331.0	1.0
3334.0	1.0
3335.0	2.0
3338.0	1.0
3343.0	1.0
3345.0	1.0
3346.0	1.0
3348.0	1.0
3358.0	1.0
3370.0	1.0
3382.0	1.0
4416.0	1.0
4474.0	1.0
4494.0	1.0
4543.0	1.0
4645.0	1.0
4780.0	1.0
4923.0	1.0
5056.0	1.0
5259.0	1.0
5388.0	1.0
5619.0	1.0
5858.0	1.0
6006.0	1.0
6059.0	2.0
6060.0	7.0
6061.0	10.0
6235.0	1.0
6265.0	1.0
6295.0	1.0
6311.0	1.0
6339.0	1.0
6343.0	1.0
6374.0	1.0
6379.0	1.0
6393.0	1.0
6397.0	1.0
6409.0	1.0
6433.0	1.0
6442.0	1.0
6462.0	1.0
6468.0	1.0
6477.0	4.0
6478.0	10.0
6481.0	1.0
6502.0	1.0
6503.0	1.0
6504.0	1.0
6511.0	1.0
6531.0	1.0
6538.0	1.0
6540.0	1.0
6541.0	1.0
7349.0	1.0
7364.0	1.0
7365.0	1.0
7375.0	18.0
7399.0	1.0
7519.0	1.0
7564.0	1.0
7585.0	1.0
7598.0	1.0
7601.0	2.0
7602.0	8.0
7603.0	4.0
7604.0	2.0
7605.0	1.0
7656.0	1.0
7689.0	1.0
7708.0	1.0
7724.0	1.0
7746.0	1.0
7750.0	1.0
7751.0	6.0
7752.0	9.0
7781.0	1.0
7811.0	1.0
7839.0	1.0
7841.0	1.0
7867.0	15.0
7868.0	1.0
8047.0	1.0
8056.0	1.0
8232.0	1.0
8248.0	1.0
8252.0	1.0
8259.0	1.0
8260.0	14.0
9606.0	1.0
9780.0	1.0
9885.0	1.0
9962.0	1.0
9964.0	1.0
9976.0	2.0
10012.0	1.0
10018.0	1.0
10021.0	2.0
10022.0	9.0
10023.0	3.0
10089.0	1.0
10105.0	1.0
10137.0	1.0
10177.0	1.0
10222.0	1.0
10250.0	3.0
10251.0	3.0
10252.0	1.0
10253.0	1.0
10254.0	1.0
10256.0	1.0
10257.0	5.0
10447.0	1.0
10518.0	1.0
10611.0	1.0
10743.0	1.0
11234.0	1.0
16514.0	1.0
16688.0	1.0
16732.0	1.0
16758.0	1.0
16892.0	1.0
16973.0	1.0
17029.0	1.0
17090.0	1.0
17097.0	1.0
17147.0	1.0
17195.0	1.0
17202.0	6.0
17203.0	5.0
17204.0	2.0
20085.0	1.0
23903.0	1.0
24456.0	1.0
24746.0	1.0
24954.0	1.0
25042.0	1.0
25080.0	1.0
25272.0	1.0
25768.0	1.0
25955.0	1.0
26008.0	1.0
26093.0	1.0
26170.0	1.0
26309.0	1.0
26346.0	1.0
26432.0	1.0
26455.0	1.0
26572.0	1.0
26591.0	1.0
26673.0	1.0
26698.0	1.0
26732.0	1.0
26739.0	1.0
26756.0	1.0
26788.0	1.0
26789.0	1.0
26809.0	1.0
26811.0	1.0
26832.0	1.0
26833.0	1.0
26835.0	8.0
27095.0	1.0
27297.0	1.0
27455.0	1.0
27626.0	1.0
27675.0	1.0
27697.0	1.0
27726.0	1.0
27731.0	3.0
27732.0	5.0
