#GC Content (%)	Sample
1.0	0.0
2.0	0.0
3.0	0.0
4.0	0.0
5.0	0.0
6.0	0.0
7.0	0.0
8.0	0.0
9.0	0.0
10.0	0.0
11.0	0.0
12.0	3.6191103502936907E-6
13.0	0.0
14.0	9.047775875734227E-5
15.0	8.685864840704858E-5
16.0	0.0
17.0	4.089594695831871E-4
18.0	2.8952882802349525E-4
19.0	8.323953805675489E-5
20.0	0.0033404388533210773
21.0	5.86295876747578E-4
22.0	9.192540289745975E-4
23.0	0.008703960392456326
24.0	0.0014005957055636582
25.0	0.015840846003235487
26.0	0.0077955636945326095
27.0	0.0038688289644639557
28.0	0.03620196083398779
29.0	0.013166323454368446
30.0	0.007755753480679379
31.0	0.071300093011136
32.0	0.01744411188841559
33.0	0.010687232864417268
34.0	0.08257724086265114
35.0	0.02217067000589915
36.0	0.03723340728382149
37.0	0.08800228727774138
38.0	0.023672600801271034
39.0	0.10090079656618811
40.0	0.03322343301569609
41.0	0.014266533000857728
42.0	0.10288044992779875
43.0	0.026314551356985426
44.0	0.009326447372706841
45.0	0.07666361455027124
46.0	0.0211681764388678
47.0	0.011791061521256845
48.0	0.04551031265494315
49.0	0.014903496422509419
50.0	0.02221771844045297
51.0	0.015869798886037834
52.0	0.00855195775774399
53.0	0.016723908928707145
54.0	0.0019362240374071246
55.0	0.004708462565732092
56.0	0.011704202872849796
57.0	7.636322839119687E-4
58.0	0.001487454353970707
59.0	0.002229371975780914
60.0	4.7048434553817985E-4
61.0	8.939202565225416E-4
62.0	0.0011327815396419251
63.0	3.474345936281943E-4
64.0	2.605759452211458E-4
65.0	3.257199315264322E-5
66.0	4.342932420352429E-5
67.0	3.6191103502936907E-6
68.0	0.0
69.0	0.0
70.0	0.0
71.0	0.0
72.0	0.0
73.0	0.0
74.0	0.0
75.0	7.2382207005873815E-6
76.0	0.0
77.0	0.0
78.0	0.0
79.0	0.0
80.0	0.0
81.0	0.0
82.0	0.0
83.0	0.0
84.0	0.0
85.0	0.0
86.0	0.0
87.0	0.0
88.0	0.0
89.0	0.0
90.0	0.0
91.0	0.0
92.0	0.0
93.0	0.0
94.0	0.0
95.0	0.0
96.0	0.0
97.0	0.0
98.0	0.0
99.0	0.0
100.0	3.6191103502936907E-5
