#GC Content (%)	Sample
1.0	0.0
2.0	0.0
3.0	0.0
4.0	0.0
5.0	0.0
6.0	0.0
7.0	0.0
8.0	0.0
9.0	0.0
10.0	0.0
11.0	0.0
12.0	0.0
13.0	0.0
14.0	0.0
15.0	0.0
16.0	0.0
17.0	0.0
18.0	3.7449676996535905E-5
19.0	7.489935399307181E-5
20.0	3.7449676996535905E-5
21.0	3.7449676996535905E-5
22.0	2.4342290047748338E-4
23.0	7.302687014324502E-4
24.0	0.002715101582248853
25.0	0.0032955715756951597
26.0	0.0017788596573354554
27.0	0.007864432169272538
28.0	0.008987922479168617
29.0	0.005523827356989046
30.0	0.0160097369160191
31.0	0.0373935024810411
32.0	0.042374309521580375
33.0	0.03495927347626627
34.0	0.06980619792154293
35.0	0.06812096245669881
36.0	0.05329089036607059
37.0	0.07621009268795056
38.0	0.0853665387136036
39.0	0.07733358299784664
40.0	0.039846456324314196
41.0	0.07529257560153543
42.0	0.06570545829042225
43.0	0.038367194082951035
44.0	0.03969665761632806
45.0	0.04241175919857691
46.0	0.02971631869675124
47.0	0.014904971444621289
48.0	0.019342758168710793
49.0	0.013088662110289298
50.0	0.01151577567643479
51.0	0.006085572511937084
52.0	0.004625035109072184
53.0	0.0033704709296882318
54.0	0.0014230877258683645
55.0	8.987922479168617E-4
56.0	0.0010111412789064694
57.0	3.74496769965359E-4
58.0	1.3107386948787566E-4
59.0	0.0
60.0	0.0
61.0	0.0
62.0	0.0
63.0	0.0
64.0	0.0
65.0	0.0
66.0	0.0
67.0	0.0
68.0	0.0
69.0	0.0
70.0	0.0
71.0	0.0
72.0	0.0
73.0	0.0
74.0	0.0
75.0	0.0
76.0	0.0
77.0	0.0
78.0	0.0
79.0	0.0
80.0	0.0
81.0	0.0
82.0	0.0
83.0	0.0
84.0	0.0
85.0	0.0
86.0	0.0
87.0	0.0
88.0	0.0
89.0	0.0
90.0	0.0
91.0	0.0
92.0	0.0
93.0	0.0
94.0	0.0
95.0	0.0
96.0	0.0
97.0	0.0
98.0	0.0
99.0	0.0
100.0	0.0
