#Position (bp)	Coverage
38.0	460.04
113.0	54.36
188.0	63.026666666666664
263.0	76.21333333333334
338.0	106.25333333333333
413.0	80.18666666666667
488.0	44.81333333333333
563.0	38.61333333333334
638.0	52.85333333333333
713.0	64.49333333333334
788.0	35.86666666666667
863.0	47.32
938.0	61.68
1013.0	79.97333333333333
1088.0	47.78666666666667
1163.0	49.2
1238.0	70.52
1313.0	95.22666666666667
1388.0	46.12
1463.0	44.16
1538.0	51.333333333333336
1613.0	80.02666666666667
1688.0	27.346666666666668
1763.0	26.733333333333334
1838.0	24.933333333333334
1913.0	86.10666666666667
1988.0	65.2
2063.0	62.88
2138.0	57.586666666666666
2213.0	85.76
2288.0	38.28
2363.0	26.6
2438.0	24.906666666666666
2513.0	72.46666666666667
2588.0	96.86666666666666
2663.0	85.2
2738.0	86.84
2813.0	106.88
2888.0	138.97333333333333
2963.0	94.53333333333333
3038.0	100.72
3113.0	89.88
3188.0	108.82666666666667
3263.0	48.86666666666667
3338.0	54.96
3413.0	42.56
3488.0	100.56
3563.0	73.50666666666666
3638.0	74.84
3713.0	56.70666666666666
3788.0	84.26666666666667
3863.0	45.693333333333335
3938.0	22.466666666666665
4013.0	23.2
4088.0	55.78666666666667
4163.0	42.413333333333334
4238.0	35.0
4313.0	54.85333333333333
4388.0	62.86666666666667
4463.0	39.10666666666667
4538.0	35.4
4613.0	46.413333333333334
4688.0	69.92
4763.0	48.77333333333333
4838.0	63.68
4913.0	68.32
4988.0	109.33333333333333
5063.0	56.16
5138.0	71.77333333333333
5213.0	58.413333333333334
5288.0	83.58666666666667
5363.0	42.28
5438.0	53.56
5513.0	46.8
5588.0	69.12
5663.0	38.986666666666665
5738.0	32.13333333333333
5813.0	24.56
5888.0	62.053333333333335
5963.0	59.42666666666667
6038.0	46.36
6113.0	46.48
6188.0	74.46666666666667
6263.0	59.093333333333334
6338.0	44.13333333333333
6413.0	33.626666666666665
6488.0	61.96
6563.0	50.85333333333333
6638.0	44.92
6713.0	75.16
6788.0	119.52
6863.0	95.58666666666667
6938.0	74.2
7013.0	82.82666666666667
7088.0	138.97333333333333
7163.0	91.69333333333333
7238.0	102.6
7313.0	99.22666666666667
7388.0	104.48
7463.0	43.10666666666667
7538.0	47.346666666666664
7613.0	64.17333333333333
7688.0	69.08
7763.0	34.46666666666667
7838.0	35.77333333333333
7913.0	38.08
7988.0	87.61333333333333
8063.0	55.53333333333333
8138.0	61.06666666666667
8213.0	61.693333333333335
8288.0	140.02666666666667
8363.0	89.42666666666666
8438.0	72.32
8513.0	77.4
8588.0	98.16
8663.0	80.61333333333333
8738.0	51.89333333333333
8813.0	54.88
8888.0	66.18666666666667
8963.0	73.26666666666667
9038.0	45.77333333333333
9113.0	51.72
9188.0	67.30666666666667
9263.0	87.37333333333333
9338.0	56.52
9413.0	56.52
9488.0	63.906666666666666
9563.0	66.53333333333333
9638.0	46.16
9713.0	45.8
9788.0	63.76
9863.0	57.906666666666666
9938.0	42.56
10013.0	44.44
10088.0	72.8
10163.0	75.42666666666666
10238.0	53.82666666666667
10313.0	52.21333333333333
10388.0	86.38666666666667
10463.0	63.10666666666667
10538.0	43.81333333333333
10613.0	37.45333333333333
10688.0	76.52
10763.0	69.50666666666666
10838.0	49.38666666666666
10913.0	49.266666666666666
10988.0	60.21333333333333
11063.0	56.24
11138.0	26.533333333333335
11213.0	25.85333333333333
11288.0	37.053333333333335
11363.0	78.58666666666667
11438.0	60.52
11513.0	70.53333333333333
11588.0	76.10666666666667
11663.0	76.12
11738.0	38.21333333333333
11813.0	45.2
11888.0	76.88
11963.0	54.92
12038.0	46.586666666666666
12113.0	68.54666666666667
12188.0	94.2
12263.0	71.32
12338.0	51.57333333333333
12413.0	59.49333333333333
12488.0	59.29333333333334
12563.0	40.626666666666665
12638.0	45.8
12713.0	48.57333333333333
12788.0	47.29333333333334
12863.0	31.68
12938.0	38.22666666666667
13013.0	59.986666666666665
13088.0	61.46666666666667
13163.0	42.53333333333333
13238.0	38.306666666666665
13313.0	63.21333333333333
13388.0	68.90666666666667
13463.0	61.653333333333336
13538.0	58.906666666666666
13613.0	74.2
13688.0	55.81333333333333
13763.0	32.626666666666665
13838.0	31.653333333333332
13913.0	42.61333333333334
13988.0	50.48
14063.0	40.54666666666667
14138.0	48.693333333333335
14213.0	61.72
14288.0	64.64
14363.0	41.42666666666667
14438.0	48.45333333333333
14513.0	52.266666666666666
14588.0	84.77333333333333
14663.0	53.053333333333335
14738.0	56.61333333333334
14813.0	43.29333333333334
14888.0	79.73333333333333
14963.0	56.76
15038.0	71.81333333333333
15113.0	60.093333333333334
15188.0	80.22666666666667
15263.0	53.013333333333335
15338.0	46.42666666666667
15413.0	47.013333333333335
15488.0	62.14666666666667
15563.0	48.0
15638.0	26.813333333333333
15713.0	26.666666666666668
15788.0	27.733333333333334
15863.0	55.77333333333333
15938.0	36.08
16013.0	45.36
16088.0	40.72
16163.0	95.96
16238.0	62.38666666666666
16313.0	75.89333333333333
16388.0	72.81333333333333
16463.0	109.32
16538.0	50.4
16613.0	39.12
16688.0	35.68
16763.0	52.946666666666665
16838.0	37.46666666666667
16913.0	25.986666666666668
16988.0	24.946666666666665
17063.0	47.92
17138.0	63.17333333333333
17213.0	37.733333333333334
17288.0	38.93333333333333
17363.0	47.72
17438.0	77.28
17513.0	56.653333333333336
17588.0	73.12
17663.0	69.84
17738.0	78.29333333333334
17813.0	32.46666666666667
17888.0	33.693333333333335
17963.0	46.46666666666667
18038.0	57.906666666666666
18113.0	31.293333333333333
18188.0	38.84
18263.0	64.38666666666667
18338.0	69.14666666666666
18413.0	40.306666666666665
18488.0	41.56
18563.0	44.68
18638.0	62.0
18713.0	26.92
18788.0	33.25333333333333
18863.0	26.213333333333335
18938.0	78.98666666666666
19013.0	61.38666666666666
19088.0	67.92
19163.0	63.21333333333333
19238.0	145.53333333333333
19313.0	122.06666666666666
19388.0	108.34666666666666
19463.0	110.44
19538.0	121.52
19613.0	101.64
19688.0	54.52
19763.0	62.10666666666667
19838.0	72.85333333333334
19913.0	96.6
19988.0	58.18666666666667
20063.0	52.28
20138.0	54.693333333333335
20213.0	103.22666666666667
20288.0	54.54666666666667
20363.0	52.64
20438.0	53.48
20513.0	92.98666666666666
20588.0	53.906666666666666
20663.0	34.86666666666667
20738.0	41.50666666666667
20813.0	69.66666666666667
20888.0	56.413333333333334
20963.0	46.08
21038.0	34.373333333333335
21113.0	144.4
21188.0	126.34666666666666
21263.0	139.66666666666666
21338.0	120.52
21413.0	193.08
21488.0	110.81333333333333
21563.0	135.32
21638.0	125.22666666666667
21713.0	134.58666666666667
21788.0	44.61333333333334
21863.0	43.68
21938.0	42.57333333333333
22013.0	90.62666666666667
22088.0	60.053333333333335
22163.0	71.68
22238.0	80.64
22313.0	148.45333333333335
22388.0	98.76
22463.0	110.09333333333333
22538.0	113.61333333333333
22613.0	127.08
22688.0	49.50666666666667
22763.0	52.52
22838.0	69.08
22913.0	41.93333333333333
22988.0	27.333333333333332
23063.0	31.64
23138.0	49.74666666666667
23213.0	42.96
23288.0	26.68
23363.0	30.826666666666668
23438.0	50.093333333333334
23513.0	65.24
23588.0	43.08
23663.0	45.77333333333333
23738.0	45.42666666666667
23813.0	78.96
23888.0	48.986666666666665
23963.0	52.946666666666665
24038.0	42.026666666666664
24113.0	64.74666666666667
24188.0	34.13333333333333
24263.0	30.973333333333333
24338.0	30.773333333333333
24413.0	58.53333333333333
24488.0	45.82666666666667
24563.0	37.29333333333334
24638.0	32.24
24713.0	58.56
24788.0	53.61333333333334
24863.0	44.53333333333333
24938.0	37.54666666666667
25013.0	56.46666666666667
25088.0	32.413333333333334
25163.0	19.866666666666667
25238.0	13.613333333333333
25313.0	39.36
25388.0	30.546666666666667
25463.0	30.026666666666667
25538.0	33.72
25613.0	63.333333333333336
25688.0	58.56
25763.0	57.24
25838.0	62.54666666666667
25913.0	90.76
25988.0	87.50666666666666
26063.0	48.45333333333333
26138.0	42.56
26213.0	87.4
26288.0	103.61333333333333
26363.0	53.413333333333334
26438.0	41.906666666666666
26513.0	63.12
26588.0	62.28
26663.0	35.86666666666667
26738.0	37.653333333333336
26813.0	50.53333333333333
26888.0	94.0
26963.0	65.12
27038.0	66.88
27113.0	53.72
27188.0	84.84
27263.0	43.77333333333333
27338.0	60.653333333333336
27413.0	60.266666666666666
27488.0	131.92
27563.0	86.06666666666666
27638.0	91.90666666666667
27713.0	83.77333333333333
27788.0	133.56
27863.0	102.69333333333333
27938.0	59.586666666666666
28013.0	57.22666666666667
28088.0	92.06666666666666
28163.0	115.34666666666666
28238.0	101.29333333333334
28313.0	139.01333333333332
28388.0	134.06666666666666
28463.0	85.16
28538.0	27.76
28613.0	29.466666666666665
28688.0	69.53333333333333
28763.0	93.21333333333334
28838.0	77.74666666666667
28913.0	50.373333333333335
28988.0	65.37333333333333
29063.0	78.85333333333334
29138.0	72.09333333333333
29213.0	57.54666666666667
29288.0	84.93333333333334
29363.0	85.45333333333333
29438.0	44.86666666666667
29513.0	86.36
29588.0	97.90666666666667
29663.0	103.30666666666667
29738.0	47.8
29813.0	37.12
29877.0	9.69811320754717
