#Position (bp)	mapping quality
38.0	57.53302699597932
113.0	55.597960062085065
188.0	55.568132575210434
263.0	54.698011872232165
338.0	57.085357750028045
413.0	57.62582495203154
488.0	57.1718727761359
563.0	57.27409152520493
638.0	57.370808018732156
713.0	58.00684567719091
788.0	57.78473534971645
863.0	57.634366418203214
938.0	57.87614961689921
1013.0	57.06422018348624
1088.0	54.33059762529261
1163.0	55.21095672886066
1238.0	54.949246231155776
1313.0	53.86867547043216
1388.0	51.58314954914715
1463.0	52.595757218621095
1538.0	53.19030590646793
1613.0	49.582173177772844
1688.0	47.33247476216194
1763.0	45.246032514031356
1838.0	47.70555264325174
1913.0	55.528275246186524
1988.0	56.054810028065376
2063.0	56.40971345382747
2138.0	56.28336767049651
2213.0	55.058138819202185
2288.0	45.541312586127695
2363.0	43.601851023511905
2438.0	46.10779598417926
2513.0	53.9039344083876
2588.0	57.37636086939556
2663.0	57.22715413313685
2738.0	56.95901266135768
2813.0	56.65396332595952
2888.0	53.91833498753298
2963.0	48.81137272987897
3038.0	48.84403856816024
3113.0	49.20345578214513
3188.0	47.3492935688327
3263.0	43.91595236537329
3338.0	43.429048076436985
3413.0	43.40707740596365
3488.0	47.357945961930355
3563.0	46.141879848101624
3638.0	44.09469742722551
3713.0	44.959918390340825
3788.0	46.84395203440952
3863.0	44.68798437596875
3938.0	44.694380316388035
4013.0	44.86763894846498
4088.0	54.09671212056036
4163.0	51.97509281864353
4238.0	50.053998409059005
4313.0	50.73981726879621
4388.0	50.13674205665625
4463.0	44.0954553955489
4538.0	42.87926120352329
4613.0	43.35886047467178
4688.0	44.92438690649216
4763.0	41.2810198763291
4838.0	42.41838368369762
4913.0	43.301310260192636
4988.0	38.57255098811641
5063.0	32.38846042287984
5138.0	31.678872207982423
5213.0	28.858580775037744
5288.0	37.14871302485321
5363.0	44.64131041757151
5438.0	45.40195763260802
5513.0	48.48385676051089
5588.0	51.61224378045887
5663.0	50.298707011808546
5738.0	53.27682309955817
5813.0	52.461376632052286
5888.0	53.42106407969722
5963.0	48.11815367206777
6038.0	43.40959215247375
6113.0	45.647518888340485
6188.0	53.677305527915514
6263.0	54.02065896427796
6338.0	52.15901137017623
6413.0	52.00180879167956
6488.0	52.36414041758666
6563.0	46.22734445985367
6638.0	44.58175922668665
6713.0	47.4761026329029
6788.0	51.87174959483322
6863.0	47.447498676960436
6938.0	41.63244109983419
7013.0	44.511932285747875
7088.0	47.08453706313416
7163.0	40.61650967955696
7238.0	38.55561661040898
7313.0	41.62176696973262
7388.0	43.095473658174626
7463.0	37.96517055414145
7538.0	38.01856008576502
7613.0	39.32124841808816
7688.0	40.61657585316891
7763.0	37.14553257900897
7838.0	35.760238354690536
7913.0	38.947418864036614
7988.0	47.341214098934586
8063.0	41.987762255680714
8138.0	42.67302961432846
8213.0	43.445207595598546
8288.0	46.28900338045849
8363.0	37.23245382585752
8438.0	33.956148425357256
8513.0	34.47830715996806
8588.0	38.280770198842184
8663.0	46.32289115814285
8738.0	47.208868888395315
8813.0	46.950799431252854
8888.0	47.74766441587272
8963.0	45.630322293698406
9038.0	36.50668653116243
9113.0	37.77708181869023
9188.0	39.390248962655605
9263.0	42.7837231267818
9338.0	41.46571949643878
9413.0	42.458607994003394
9488.0	47.1570377591767
9563.0	47.63236185591047
9638.0	42.4852513868099
9713.0	42.28059313238576
9788.0	42.01226239351793
9863.0	37.46758873804224
9938.0	35.134871506284
10013.0	31.78628230616302
10088.0	38.71997943742068
10163.0	41.85912740984894
10238.0	38.73658301674782
10313.0	38.51690991308115
10388.0	45.80258541621252
10463.0	42.51994815504881
10538.0	39.49805438238504
10613.0	39.83782995479073
10688.0	45.0440735467846
10763.0	43.25460489879049
10838.0	39.05233759881345
10913.0	39.248745564535035
10988.0	42.86407641667742
11063.0	50.19289489858635
11138.0	49.22505491651607
11213.0	49.743325616191065
11288.0	51.19457591748038
11363.0	51.43316191225908
11438.0	42.88388563472043
11513.0	42.70444541966656
11588.0	48.26418634287939
11663.0	47.985540902515844
11738.0	41.05903695344751
11813.0	40.497860220693845
11888.0	43.763173146780076
11963.0	38.63355371634504
12038.0	35.79467458501679
12113.0	40.562195229207184
12188.0	47.80859572512066
12263.0	42.777284711729536
12338.0	44.09122023273409
12413.0	47.38091605964685
12488.0	49.66821779753313
12563.0	47.77370360661804
12638.0	46.70939641163955
12713.0	49.531761373675785
12788.0	46.04556659870276
12863.0	40.1074424144135
12938.0	39.106227940339295
13013.0	47.50454024383546
13088.0	53.04935660804629
13163.0	54.54721729348595
13238.0	54.52499854445242
13313.0	55.197697843042654
13388.0	45.351599942862116
13463.0	22.794973828247564
13538.0	20.12698056861034
13613.0	28.908510864113776
13688.0	41.21944258292292
13763.0	41.59842205379407
13838.0	41.32518792292034
13913.0	37.54723901664677
13988.0	22.5611755327949
14063.0	15.286548692171591
14138.0	16.311909859945946
14213.0	20.309228427183633
14288.0	21.721444111521457
14363.0	18.15571423332026
14438.0	17.17839304789676
14513.0	19.477752005966675
14588.0	20.44920750047998
14663.0	16.920038339771704
14738.0	16.613389184983237
14813.0	17.37093061020369
14888.0	20.260001232487294
14963.0	16.804368401892972
15038.0	15.455847771440927
15113.0	16.409932375441205
15188.0	29.056888757226098
15263.0	36.32485698963175
15338.0	35.537182722279944
15413.0	35.75162009638838
15488.0	35.54723214565381
15563.0	31.225682292596243
15638.0	27.934270575035185
15713.0	27.70262913783267
15788.0	28.309457423965643
15863.0	26.663580073493883
15938.0	21.06174524834611
16013.0	20.111123362530556
16088.0	22.485772820396086
16163.0	19.24732039576539
16238.0	4.136855664278773
16313.0	3.5070425753963117
16388.0	4.028710192344703
16463.0	14.047983443729127
16538.0	13.724100276118122
16613.0	13.548884142484011
16688.0	15.503015030150301
16763.0	23.576222364650327
16838.0	31.460418614853555
16913.0	31.411252109192613
16988.0	31.39328657314629
17063.0	32.95700912788696
17138.0	32.81006871694188
17213.0	28.998462772356635
17288.0	26.24607558536341
17363.0	28.204919402882723
17438.0	25.845656617741845
17513.0	19.379214613672392
17588.0	17.529913551268105
17663.0	19.982360318808915
17738.0	21.634926422105174
17813.0	16.738213193292257
17888.0	17.705966698688986
17963.0	18.511022060900277
18038.0	23.609392131036564
18113.0	23.154668924909295
18188.0	22.407244588475855
18263.0	25.14087683849443
18338.0	23.984852714495517
18413.0	19.114079977513043
18488.0	19.67723700088056
18563.0	19.471428454358463
18638.0	26.589366019091713
18713.0	21.611866616989566
18788.0	21.874275670494637
18863.0	23.303034125564864
18938.0	27.585899818503908
19013.0	23.604154431581403
19088.0	23.266535669627633
19163.0	21.21946201717842
19238.0	22.768371500993055
19313.0	6.276714074789513
19388.0	5.009440613275204
19463.0	5.758647563095738
19538.0	6.241412914014846
19613.0	15.76536328303296
19688.0	15.322166703330087
19763.0	15.853210631279413
19838.0	19.620793263570345
19913.0	21.711708493346432
19988.0	14.313584790377469
20063.0	15.391867143927412
20138.0	15.981277234534954
20213.0	15.869654109481322
20288.0	10.519027074050998
20363.0	10.511269885439487
20438.0	11.125346421217236
20513.0	24.474810307137854
20588.0	19.04454859478131
20663.0	19.26171833412375
20738.0	19.529374058523764
20813.0	27.75560753391077
20888.0	23.09223448533882
20963.0	19.608334879435983
21038.0	19.554934829056407
21113.0	21.898676100382136
21188.0	8.578237666517293
21263.0	7.399424928116015
21338.0	8.6278372207548
21413.0	14.276689463312856
21488.0	11.854899918148671
21563.0	13.19000974031941
21638.0	17.1139989750308
21713.0	16.313587741922102
21788.0	9.130639570694159
21863.0	8.8853561156754
21938.0	7.890634665347025
22013.0	10.526797984425103
22088.0	10.828296511157083
22163.0	8.34862319976068
22238.0	8.696258144849201
22313.0	6.332200679592245
22388.0	1.314563491902875
22463.0	1.034129359708485
22538.0	6.740280349113991
22613.0	12.002105423451637
22688.0	13.700408736747988
22763.0	11.89185960860823
22838.0	17.011394060145694
22913.0	12.516743026877267
22988.0	12.487032592707285
23063.0	14.12056860071105
23138.0	17.81283950760352
23213.0	21.16234932949394
23288.0	20.38213763729543
23363.0	21.584781716162585
23438.0	23.143812513859547
23513.0	25.277697604420073
23588.0	20.71366367673953
23663.0	20.47510724644937
23738.0	23.088710572916362
23813.0	26.09962158825582
23888.0	28.48055214540228
23963.0	25.32497371606765
24038.0	29.042285691878618
24113.0	31.6350016504281
24188.0	19.90229222813717
24263.0	19.835418687101544
24338.0	18.296818668040093
24413.0	21.809226936438204
24488.0	16.26355971815868
24563.0	15.281922746051807
24638.0	15.895883523619986
24713.0	23.08862030483047
24788.0	20.342620947254225
24863.0	16.672188602274137
24938.0	18.54926358282572
25013.0	26.023311154784174
25088.0	20.888869204378594
25163.0	20.778116789268864
25238.0	21.609446796556774
25313.0	26.61550295342728
25388.0	30.213455332495236
25463.0	28.21766196547004
25538.0	28.840718320010303
25613.0	35.249112030665714
25688.0	35.269594095393884
25763.0	32.14239190340197
25838.0	35.05491958337383
25913.0	48.286039160751244
25988.0	56.43598572684053
26063.0	57.31166865203256
26138.0	56.323754507086456
26213.0	56.95731687923412
26288.0	55.53761205513093
26363.0	46.85763175906913
26438.0	50.23609369173926
26513.0	53.65967212032161
26588.0	52.76294876589379
26663.0	50.0658436836177
26738.0	49.91203831629363
26813.0	51.6201672957258
26888.0	56.73978236442425
26963.0	57.525399552508716
27038.0	57.692477666593014
27113.0	57.91383809939317
27188.0	56.62627600286928
27263.0	55.0192608016658
27338.0	53.97728544254224
27413.0	55.01314341960512
27488.0	55.848482442909685
27563.0	47.2689598010775
27638.0	46.83215923068322
27713.0	47.39276282920562
27788.0	50.705736907173105
27863.0	51.62645176582129
27938.0	51.758353256749665
28013.0	52.74367897508546
28088.0	53.79124934106484
28163.0	54.26596236703099
28238.0	52.030018048826825
28313.0	53.863340451018175
28388.0	55.49719076072416
28463.0	55.54467795585123
28538.0	53.669756818487166
28613.0	54.112539683862316
28688.0	54.61576553584081
28763.0	50.92322318721414
28838.0	41.97290194177235
28913.0	40.44344793223717
28988.0	48.66729937104895
29063.0	55.128439985011866
29138.0	55.29041691259323
29213.0	55.10884784986311
29288.0	55.57925754294062
29363.0	53.601571969001355
29438.0	51.92333579051954
29513.0	56.450516752645385
29588.0	59.997109269608785
29663.0	59.997775767730836
29738.0	59.99932082904135
29813.0	59.996209848078074
29877.0	60.0
