#Coverage	Number of genomic locations
0.0	791.0
1.0	16.0
2.0	12.0
3.0	11.0
4.0	74.0
5.0	58.0
6.0	124.0
7.0	137.0
8.0	83.0
9.0	166.0
10.0	64.0
11.0	68.0
12.0	38.0
13.0	29.0
14.0	55.0
15.0	41.0
16.0	65.0
17.0	91.0
18.0	68.0
19.0	53.0
20.0	35.0
21.0	78.0
22.0	60.0
23.0	91.0
24.0	48.0
25.0	70.0
26.0	53.0
27.0	56.0
28.0	77.0
29.0	97.0
30.0	96.0
31.0	177.0
32.0	151.0
33.0	186.0
34.0	89.0
35.0	73.0
36.0	96.0
37.0	102.0
38.0	80.0
39.0	119.0
40.0	100.0
41.0	109.0
42.0	72.0
43.0	97.0
44.0	72.0
45.0	48.0
46.0	49.0
47.0	26.0
48.0	58.0
49.0	50.0
50.0	39.0
51.0	30.0
52.0	25.0
53.0	54.0
54.0	51.0
55.0	44.0
56.0	43.0
57.0	22.0
58.0	29.0
59.0	31.0
60.0	25.0
61.0	31.0
62.0	50.0
63.0	21.0
64.0	24.0
65.0	19.0
66.0	24.0
67.0	11.0
68.0	11.0
69.0	15.0
70.0	32.0
71.0	11.0
72.0	23.0
73.0	14.0
74.0	15.0
75.0	27.0
76.0	30.0
77.0	21.0
78.0	49.0
79.0	42.0
80.0	39.0
81.0	27.0
82.0	35.0
83.0	27.0
84.0	32.0
85.0	43.0
86.0	27.0
87.0	27.0
88.0	40.0
89.0	24.0
90.0	17.0
91.0	32.0
92.0	54.0
93.0	31.0
94.0	27.0
95.0	24.0
96.0	33.0
97.0	24.0
98.0	32.0
99.0	14.0
100.0	27.0
101.0	34.0
102.0	38.0
103.0	25.0
104.0	22.0
105.0	19.0
106.0	31.0
107.0	24.0
108.0	30.0
109.0	20.0
110.0	15.0
111.0	15.0
112.0	10.0
113.0	29.0
114.0	9.0
115.0	21.0
116.0	29.0
117.0	33.0
118.0	22.0
119.0	21.0
120.0	15.0
121.0	10.0
122.0	3.0
123.0	16.0
124.0	12.0
125.0	14.0
126.0	6.0
127.0	5.0
128.0	7.0
129.0	9.0
130.0	6.0
131.0	1.0
132.0	10.0
133.0	4.0
134.0	6.0
135.0	5.0
136.0	5.0
137.0	12.0
138.0	16.0
139.0	11.0
140.0	9.0
141.0	8.0
142.0	13.0
143.0	12.0
144.0	11.0
145.0	7.0
146.0	11.0
147.0	10.0
148.0	12.0
149.0	13.0
150.0	16.0
151.0	11.0
152.0	9.0
153.0	1.0
154.0	15.0
155.0	9.0
156.0	13.0
157.0	11.0
158.0	6.0
159.0	19.0
160.0	15.0
161.0	15.0
162.0	8.0
163.0	10.0
164.0	18.0
165.0	8.0
166.0	16.0
167.0	10.0
168.0	14.0
169.0	17.0
170.0	19.0
171.0	21.0
172.0	17.0
173.0	15.0
174.0	11.0
175.0	9.0
176.0	15.0
177.0	13.0
178.0	14.0
179.0	14.0
180.0	16.0
181.0	11.0
182.0	7.0
183.0	11.0
184.0	9.0
185.0	17.0
186.0	18.0
187.0	16.0
188.0	4.0
189.0	8.0
190.0	12.0
191.0	8.0
192.0	15.0
193.0	13.0
194.0	18.0
195.0	17.0
196.0	12.0
197.0	7.0
198.0	10.0
199.0	19.0
200.0	13.0
201.0	15.0
202.0	13.0
203.0	12.0
204.0	17.0
205.0	25.0
206.0	30.0
207.0	18.0
208.0	16.0
209.0	12.0
210.0	16.0
211.0	23.0
212.0	28.0
213.0	19.0
214.0	12.0
215.0	18.0
216.0	23.0
217.0	32.0
218.0	34.0
219.0	16.0
220.0	20.0
221.0	12.0
222.0	16.0
223.0	8.0
224.0	9.0
225.0	18.0
226.0	13.0
227.0	18.0
228.0	12.0
229.0	19.0
230.0	18.0
231.0	16.0
232.0	19.0
233.0	17.0
234.0	33.0
235.0	24.0
236.0	34.0
237.0	26.0
238.0	20.0
239.0	22.0
240.0	27.0
241.0	23.0
242.0	31.0
243.0	20.0
244.0	24.0
245.0	29.0
246.0	38.0
247.0	39.0
248.0	28.0
249.0	22.0
250.0	14.0
251.0	23.0
252.0	20.0
253.0	33.0
254.0	20.0
255.0	15.0
256.0	24.0
257.0	28.0
258.0	46.0
259.0	25.0
260.0	26.0
261.0	21.0
262.0	34.0
263.0	26.0
264.0	45.0
265.0	30.0
266.0	21.0
267.0	24.0
268.0	23.0
269.0	44.0
270.0	43.0
271.0	41.0
272.0	42.0
273.0	25.0
274.0	30.0
275.0	34.0
276.0	39.0
277.0	27.0
278.0	33.0
279.0	30.0
280.0	25.0
281.0	32.0
282.0	17.0
283.0	15.0
284.0	21.0
285.0	22.0
286.0	28.0
287.0	15.0
288.0	19.0
289.0	23.0
290.0	10.0
291.0	20.0
292.0	24.0
293.0	16.0
294.0	14.0
295.0	22.0
296.0	40.0
297.0	19.0
298.0	16.0
299.0	9.0
300.0	15.0
301.0	22.0
302.0	17.0
303.0	23.0
304.0	26.0
305.0	26.0
306.0	23.0
307.0	14.0
308.0	13.0
309.0	14.0
310.0	18.0
311.0	19.0
312.0	23.0
313.0	27.0
314.0	27.0
315.0	15.0
316.0	24.0
317.0	12.0
318.0	16.0
319.0	12.0
320.0	18.0
321.0	13.0
322.0	15.0
323.0	13.0
324.0	26.0
325.0	5.0
326.0	19.0
327.0	18.0
328.0	22.0
329.0	29.0
330.0	14.0
331.0	27.0
332.0	19.0
333.0	21.0
334.0	26.0
335.0	18.0
336.0	24.0
337.0	23.0
338.0	30.0
339.0	33.0
340.0	15.0
341.0	19.0
342.0	16.0
343.0	16.0
344.0	15.0
345.0	18.0
346.0	17.0
347.0	20.0
348.0	18.0
349.0	11.0
350.0	14.0
351.0	16.0
352.0	18.0
353.0	29.0
354.0	24.0
355.0	20.0
356.0	29.0
357.0	27.0
358.0	16.0
359.0	7.0
360.0	16.0
361.0	26.0
362.0	16.0
363.0	21.0
364.0	23.0
365.0	15.0
366.0	20.0
367.0	27.0
368.0	15.0
369.0	21.0
370.0	20.0
371.0	18.0
372.0	17.0
373.0	12.0
374.0	9.0
375.0	12.0
376.0	11.0
377.0	26.0
378.0	18.0
379.0	11.0
380.0	19.0
381.0	12.0
382.0	24.0
383.0	13.0
384.0	16.0
385.0	21.0
386.0	16.0
387.0	13.0
388.0	15.0
389.0	11.0
390.0	22.0
391.0	7.0
392.0	15.0
393.0	24.0
394.0	27.0
395.0	21.0
396.0	29.0
397.0	10.0
398.0	20.0
399.0	10.0
400.0	20.0
401.0	8.0
402.0	17.0
403.0	12.0
404.0	17.0
405.0	8.0
406.0	10.0
407.0	11.0
408.0	26.0
409.0	9.0
410.0	12.0
411.0	6.0
412.0	10.0
413.0	5.0
414.0	19.0
415.0	6.0
416.0	8.0
417.0	10.0
418.0	12.0
419.0	7.0
420.0	22.0
421.0	14.0
422.0	19.0
423.0	21.0
424.0	15.0
425.0	11.0
426.0	27.0
427.0	16.0
428.0	8.0
429.0	14.0
430.0	12.0
431.0	18.0
432.0	14.0
433.0	11.0
434.0	4.0
435.0	13.0
436.0	12.0
437.0	17.0
438.0	12.0
439.0	13.0
440.0	20.0
441.0	22.0
442.0	13.0
443.0	18.0
444.0	21.0
445.0	15.0
446.0	24.0
447.0	23.0
448.0	16.0
449.0	16.0
450.0	17.0
451.0	14.0
452.0	16.0
453.0	12.0
454.0	11.0
455.0	11.0
456.0	8.0
457.0	11.0
458.0	13.0
459.0	13.0
460.0	22.0
461.0	14.0
462.0	13.0
463.0	20.0
464.0	17.0
465.0	19.0
466.0	21.0
467.0	7.0
468.0	18.0
469.0	11.0
470.0	19.0
471.0	13.0
472.0	14.0
473.0	17.0
474.0	14.0
475.0	12.0
476.0	18.0
477.0	30.0
478.0	22.0
479.0	10.0
480.0	13.0
481.0	14.0
482.0	13.0
483.0	8.0
484.0	5.0
485.0	3.0
486.0	8.0
487.0	9.0
488.0	18.0
489.0	10.0
490.0	15.0
491.0	21.0
492.0	20.0
493.0	9.0
494.0	18.0
495.0	10.0
496.0	10.0
497.0	9.0
498.0	13.0
499.0	10.0
500.0	18.0
501.0	16.0
502.0	18.0
503.0	21.0
504.0	10.0
505.0	17.0
506.0	8.0
507.0	13.0
508.0	7.0
509.0	9.0
510.0	17.0
511.0	11.0
512.0	6.0
513.0	9.0
514.0	18.0
515.0	7.0
516.0	9.0
517.0	5.0
518.0	8.0
519.0	11.0
520.0	8.0
521.0	5.0
522.0	13.0
523.0	13.0
524.0	7.0
525.0	10.0
526.0	6.0
527.0	7.0
528.0	10.0
529.0	6.0
530.0	12.0
531.0	5.0
532.0	8.0
533.0	6.0
534.0	18.0
535.0	7.0
536.0	18.0
537.0	12.0
538.0	23.0
539.0	5.0
540.0	12.0
541.0	15.0
542.0	15.0
543.0	18.0
544.0	9.0
545.0	7.0
546.0	12.0
547.0	10.0
548.0	8.0
549.0	16.0
550.0	7.0
551.0	8.0
552.0	8.0
553.0	9.0
554.0	20.0
555.0	19.0
556.0	10.0
557.0	10.0
558.0	8.0
559.0	12.0
560.0	11.0
561.0	14.0
562.0	8.0
563.0	12.0
564.0	8.0
565.0	8.0
566.0	14.0
567.0	11.0
568.0	18.0
569.0	15.0
570.0	10.0
571.0	8.0
572.0	16.0
573.0	13.0
574.0	10.0
575.0	4.0
576.0	10.0
577.0	7.0
578.0	9.0
579.0	20.0
580.0	17.0
581.0	16.0
582.0	9.0
583.0	7.0
584.0	15.0
585.0	15.0
586.0	12.0
587.0	13.0
588.0	21.0
589.0	7.0
590.0	17.0
591.0	11.0
592.0	23.0
593.0	16.0
594.0	23.0
595.0	19.0
596.0	8.0
597.0	13.0
598.0	16.0
599.0	18.0
600.0	11.0
601.0	10.0
602.0	26.0
603.0	22.0
604.0	11.0
605.0	12.0
606.0	19.0
607.0	15.0
608.0	12.0
609.0	18.0
610.0	21.0
611.0	13.0
612.0	11.0
613.0	19.0
614.0	19.0
615.0	19.0
616.0	13.0
617.0	17.0
618.0	15.0
619.0	22.0
620.0	11.0
621.0	16.0
622.0	14.0
623.0	10.0
624.0	14.0
625.0	23.0
626.0	21.0
627.0	14.0
628.0	11.0
629.0	15.0
630.0	16.0
631.0	12.0
632.0	16.0
633.0	15.0
634.0	18.0
635.0	20.0
636.0	11.0
637.0	17.0
638.0	9.0
639.0	8.0
640.0	15.0
641.0	12.0
642.0	17.0
643.0	6.0
644.0	6.0
645.0	14.0
646.0	8.0
647.0	14.0
648.0	17.0
649.0	8.0
650.0	12.0
651.0	14.0
652.0	19.0
653.0	24.0
654.0	16.0
655.0	12.0
656.0	20.0
657.0	15.0
658.0	20.0
659.0	21.0
660.0	10.0
661.0	11.0
662.0	14.0
663.0	10.0
664.0	15.0
665.0	26.0
666.0	17.0
667.0	9.0
668.0	17.0
669.0	16.0
670.0	26.0
671.0	12.0
672.0	13.0
673.0	16.0
674.0	15.0
675.0	17.0
676.0	18.0
677.0	19.0
678.0	14.0
679.0	16.0
680.0	19.0
681.0	14.0
682.0	22.0
683.0	13.0
684.0	13.0
685.0	19.0
686.0	16.0
687.0	13.0
688.0	14.0
689.0	13.0
690.0	14.0
691.0	17.0
692.0	16.0
693.0	22.0
694.0	17.0
695.0	20.0
696.0	21.0
697.0	13.0
698.0	13.0
699.0	16.0
700.0	20.0
701.0	13.0
702.0	20.0
703.0	18.0
704.0	26.0
705.0	23.0
706.0	21.0
707.0	32.0
708.0	17.0
709.0	18.0
710.0	19.0
711.0	18.0
712.0	19.0
713.0	22.0
714.0	15.0
715.0	21.0
716.0	14.0
717.0	16.0
718.0	18.0
719.0	9.0
720.0	15.0
721.0	21.0
722.0	26.0
723.0	23.0
724.0	29.0
725.0	24.0
726.0	27.0
727.0	25.0
728.0	23.0
729.0	16.0
730.0	24.0
731.0	18.0
732.0	19.0
733.0	17.0
734.0	10.0
735.0	7.0
736.0	17.0
737.0	18.0
738.0	17.0
739.0	21.0
740.0	11.0
741.0	9.0
742.0	11.0
743.0	17.0
744.0	16.0
745.0	13.0
746.0	10.0
747.0	12.0
748.0	10.0
749.0	21.0
750.0	21.0
751.0	15.0
752.0	17.0
753.0	15.0
754.0	22.0
755.0	16.0
756.0	13.0
757.0	27.0
758.0	12.0
759.0	18.0
760.0	13.0
761.0	14.0
762.0	16.0
763.0	20.0
764.0	6.0
765.0	18.0
766.0	12.0
767.0	12.0
768.0	16.0
769.0	10.0
770.0	13.0
771.0	14.0
772.0	7.0
773.0	11.0
774.0	16.0
775.0	11.0
776.0	20.0
777.0	9.0
778.0	19.0
779.0	18.0
780.0	12.0
781.0	14.0
782.0	13.0
783.0	19.0
784.0	20.0
785.0	21.0
786.0	13.0
787.0	16.0
788.0	18.0
789.0	16.0
790.0	17.0
791.0	16.0
792.0	12.0
793.0	13.0
794.0	18.0
795.0	14.0
796.0	25.0
797.0	15.0
798.0	12.0
799.0	10.0
800.0	21.0
801.0	18.0
802.0	17.0
803.0	14.0
804.0	18.0
805.0	20.0
806.0	17.0
807.0	12.0
808.0	17.0
809.0	13.0
810.0	10.0
811.0	11.0
812.0	15.0
813.0	14.0
814.0	15.0
815.0	17.0
816.0	18.0
817.0	16.0
818.0	17.0
819.0	14.0
820.0	17.0
821.0	15.0
822.0	14.0
823.0	16.0
824.0	14.0
825.0	18.0
826.0	21.0
827.0	9.0
828.0	8.0
829.0	21.0
830.0	20.0
831.0	22.0
832.0	15.0
833.0	14.0
834.0	18.0
835.0	14.0
836.0	17.0
837.0	19.0
838.0	15.0
839.0	11.0
840.0	9.0
841.0	11.0
842.0	11.0
843.0	21.0
844.0	13.0
845.0	10.0
846.0	10.0
847.0	13.0
848.0	14.0
849.0	11.0
850.0	17.0
851.0	9.0
852.0	17.0
853.0	21.0
854.0	9.0
855.0	13.0
856.0	19.0
857.0	12.0
858.0	5.0
859.0	15.0
860.0	17.0
861.0	22.0
862.0	13.0
863.0	18.0
864.0	8.0
865.0	12.0
866.0	13.0
867.0	16.0
868.0	17.0
869.0	17.0
870.0	10.0
871.0	14.0
872.0	15.0
873.0	9.0
874.0	10.0
875.0	8.0
876.0	7.0
877.0	18.0
878.0	15.0
879.0	22.0
880.0	17.0
881.0	17.0
882.0	13.0
883.0	19.0
884.0	19.0
885.0	10.0
886.0	14.0
887.0	9.0
888.0	8.0
889.0	10.0
890.0	14.0
891.0	8.0
892.0	16.0
893.0	11.0
894.0	8.0
895.0	18.0
896.0	21.0
897.0	11.0
898.0	17.0
899.0	11.0
900.0	8.0
901.0	12.0
902.0	19.0
903.0	23.0
904.0	12.0
905.0	9.0
906.0	15.0
907.0	18.0
908.0	14.0
909.0	13.0
910.0	8.0
911.0	16.0
912.0	11.0
913.0	14.0
914.0	16.0
915.0	9.0
916.0	9.0
917.0	9.0
918.0	13.0
919.0	11.0
920.0	13.0
921.0	9.0
922.0	6.0
923.0	10.0
924.0	10.0
925.0	13.0
926.0	12.0
927.0	18.0
928.0	15.0
929.0	15.0
930.0	10.0
931.0	15.0
932.0	23.0
933.0	12.0
934.0	10.0
935.0	10.0
936.0	9.0
937.0	10.0
938.0	18.0
939.0	10.0
940.0	16.0
941.0	12.0
942.0	10.0
943.0	12.0
944.0	18.0
945.0	19.0
946.0	16.0
947.0	11.0
948.0	6.0
949.0	16.0
950.0	8.0
951.0	14.0
952.0	11.0
953.0	13.0
954.0	14.0
955.0	13.0
956.0	20.0
957.0	14.0
958.0	11.0
959.0	13.0
960.0	10.0
961.0	10.0
962.0	12.0
963.0	10.0
964.0	13.0
965.0	16.0
966.0	12.0
967.0	10.0
968.0	13.0
969.0	8.0
970.0	14.0
971.0	7.0
972.0	13.0
973.0	12.0
974.0	12.0
975.0	15.0
976.0	13.0
977.0	14.0
978.0	18.0
979.0	10.0
980.0	15.0
981.0	13.0
982.0	10.0
983.0	9.0
984.0	6.0
985.0	12.0
986.0	12.0
987.0	9.0
988.0	20.0
989.0	10.0
990.0	8.0
991.0	9.0
992.0	15.0
993.0	9.0
994.0	11.0
995.0	21.0
996.0	15.0
997.0	7.0
998.0	7.0
999.0	9.0
1000.0	12.0
1001.0	13.0
1002.0	12.0
1003.0	12.0
1004.0	12.0
1005.0	11.0
1006.0	5.0
1007.0	8.0
1008.0	7.0
1009.0	7.0
1010.0	9.0
1011.0	4.0
1012.0	10.0
1013.0	17.0
1014.0	10.0
1015.0	7.0
1016.0	13.0
1017.0	9.0
1018.0	16.0
1019.0	7.0
1020.0	13.0
1021.0	14.0
1022.0	10.0
1023.0	15.0
1024.0	9.0
1025.0	16.0
1026.0	15.0
1027.0	15.0
1028.0	12.0
1029.0	6.0
1030.0	14.0
1031.0	6.0
1032.0	11.0
1033.0	9.0
1034.0	7.0
1035.0	10.0
1036.0	22.0
1037.0	15.0
1038.0	10.0
1039.0	10.0
1040.0	11.0
1041.0	7.0
1042.0	14.0
1043.0	8.0
1044.0	11.0
1045.0	11.0
1046.0	10.0
1047.0	9.0
1048.0	5.0
1049.0	14.0
1050.0	11.0
1051.0	11.0
1052.0	21.0
1053.0	11.0
1054.0	13.0
1055.0	13.0
1056.0	16.0
1057.0	17.0
1058.0	7.0
1059.0	11.0
1060.0	9.0
1061.0	14.0
1062.0	11.0
1063.0	14.0
1064.0	11.0
1065.0	9.0
1066.0	12.0
1067.0	13.0
1068.0	11.0
1069.0	12.0
1070.0	7.0
1071.0	13.0
1072.0	11.0
1073.0	8.0
1074.0	7.0
1075.0	6.0
1076.0	11.0
1077.0	10.0
1078.0	7.0
1079.0	9.0
1080.0	8.0
1081.0	12.0
1082.0	10.0
1083.0	8.0
1084.0	12.0
1085.0	4.0
1086.0	8.0
1087.0	5.0
1088.0	10.0
1089.0	9.0
1090.0	10.0
1091.0	4.0
1092.0	12.0
1093.0	10.0
1094.0	17.0
1095.0	7.0
1096.0	11.0
1097.0	6.0
1098.0	8.0
1099.0	12.0
1100.0	7.0
1101.0	8.0
1102.0	11.0
1103.0	14.0
1104.0	11.0
1105.0	8.0
1106.0	6.0
1107.0	16.0
1108.0	11.0
1109.0	20.0
1110.0	6.0
1111.0	9.0
1112.0	20.0
1113.0	10.0
1114.0	9.0
1115.0	15.0
1116.0	15.0
1117.0	13.0
1118.0	9.0
1119.0	11.0
1120.0	10.0
1121.0	11.0
1122.0	11.0
1123.0	16.0
1124.0	6.0
1125.0	9.0
1126.0	12.0
1127.0	8.0
1128.0	12.0
1129.0	11.0
1130.0	9.0
1131.0	12.0
1132.0	8.0
1133.0	11.0
1134.0	10.0
1135.0	10.0
1136.0	8.0
1137.0	10.0
1138.0	14.0
1139.0	12.0
1140.0	16.0
1141.0	14.0
1142.0	14.0
1143.0	17.0
1144.0	9.0
1145.0	7.0
1146.0	15.0
1147.0	13.0
1148.0	11.0
1149.0	18.0
1150.0	10.0
1151.0	11.0
1152.0	7.0
1153.0	15.0
1154.0	14.0
1155.0	4.0
1156.0	10.0
1157.0	8.0
1158.0	9.0
1159.0	9.0
1160.0	13.0
1161.0	5.0
1162.0	10.0
1163.0	13.0
1164.0	8.0
1165.0	8.0
1166.0	7.0
1167.0	4.0
1168.0	12.0
1169.0	7.0
1170.0	15.0
1171.0	6.0
1172.0	12.0
1173.0	7.0
1174.0	7.0
1175.0	10.0
1176.0	14.0
1177.0	13.0
1178.0	9.0
1179.0	22.0
1180.0	8.0
1181.0	14.0
1182.0	7.0
1183.0	9.0
1184.0	12.0
1185.0	6.0
1186.0	6.0
1187.0	11.0
1188.0	8.0
1189.0	11.0
1190.0	7.0
1191.0	8.0
1192.0	15.0
1193.0	6.0
1194.0	7.0
1195.0	11.0
1196.0	12.0
1197.0	8.0
1198.0	7.0
1199.0	3.0
1200.0	7.0
1201.0	8.0
1202.0	9.0
1203.0	6.0
1204.0	3.0
1205.0	5.0
1206.0	5.0
1207.0	4.0
1208.0	7.0
1209.0	8.0
1210.0	8.0
1211.0	8.0
1212.0	7.0
1213.0	8.0
1214.0	3.0
1215.0	7.0
1216.0	8.0
1217.0	8.0
1218.0	4.0
1219.0	8.0
1220.0	14.0
1221.0	3.0
1222.0	9.0
1223.0	7.0
1224.0	14.0
1225.0	10.0
1226.0	9.0
1227.0	9.0
1228.0	14.0
1229.0	6.0
1230.0	10.0
1231.0	11.0
1232.0	8.0
1233.0	15.0
1234.0	13.0
1235.0	12.0
1236.0	11.0
1237.0	10.0
1238.0	6.0
1239.0	10.0
1240.0	8.0
1241.0	9.0
1242.0	6.0
1243.0	11.0
1244.0	8.0
1245.0	9.0
1246.0	7.0
1247.0	5.0
1248.0	6.0
1249.0	7.0
1250.0	12.0
1251.0	13.0
1252.0	11.0
1253.0	18.0
1254.0	7.0
1255.0	14.0
1256.0	9.0
1257.0	12.0
1258.0	8.0
1259.0	9.0
1260.0	15.0
1261.0	12.0
1262.0	7.0
1263.0	7.0
1264.0	10.0
1265.0	9.0
1266.0	9.0
1267.0	14.0
1268.0	9.0
1269.0	8.0
1270.0	9.0
1271.0	7.0
1272.0	11.0
1273.0	15.0
1274.0	12.0
1275.0	8.0
1276.0	10.0
1277.0	5.0
1278.0	7.0
1279.0	8.0
1280.0	8.0
1281.0	4.0
1282.0	4.0
1283.0	15.0
1284.0	8.0
1285.0	6.0
1286.0	6.0
1287.0	8.0
1288.0	8.0
1289.0	8.0
1290.0	6.0
1291.0	8.0
1292.0	10.0
1293.0	2.0
1294.0	13.0
1295.0	9.0
1296.0	11.0
1297.0	12.0
1298.0	13.0
1299.0	5.0
1300.0	8.0
1301.0	6.0
1302.0	8.0
1303.0	8.0
1304.0	14.0
1305.0	12.0
1306.0	9.0
1307.0	3.0
1308.0	8.0
1309.0	2.0
1310.0	5.0
1311.0	7.0
1312.0	8.0
1313.0	13.0
1314.0	9.0
1315.0	5.0
1316.0	7.0
1317.0	3.0
1318.0	6.0
1319.0	9.0
1320.0	9.0
1321.0	7.0
1322.0	1.0
1323.0	3.0
1324.0	2.0
1325.0	2.0
1326.0	12.0
1327.0	7.0
1328.0	6.0
1329.0	13.0
1330.0	5.0
1331.0	2.0
1332.0	9.0
1333.0	8.0
1334.0	13.0
1335.0	10.0
1336.0	15.0
1337.0	5.0
1338.0	10.0
1339.0	10.0
1340.0	11.0
1341.0	11.0
1342.0	13.0
1343.0	6.0
1344.0	9.0
1345.0	5.0
1346.0	7.0
1347.0	8.0
1348.0	6.0
1349.0	14.0
1350.0	6.0
1351.0	11.0
1352.0	11.0
1353.0	13.0
1354.0	9.0
1355.0	16.0
1356.0	8.0
1357.0	3.0
1358.0	7.0
1359.0	6.0
1360.0	11.0
1361.0	10.0
1362.0	9.0
1363.0	4.0
1364.0	9.0
1365.0	3.0
1366.0	9.0
1367.0	10.0
1368.0	10.0
1369.0	10.0
1370.0	7.0
1371.0	11.0
1372.0	16.0
1373.0	6.0
1374.0	8.0
1375.0	14.0
1376.0	8.0
1377.0	11.0
1378.0	5.0
1379.0	12.0
1380.0	15.0
1381.0	7.0
1382.0	5.0
1383.0	11.0
1384.0	11.0
1385.0	12.0
1386.0	4.0
1387.0	10.0
1388.0	12.0
1389.0	8.0
1390.0	6.0
1391.0	9.0
1392.0	7.0
1393.0	12.0
1394.0	15.0
1395.0	11.0
1396.0	8.0
1397.0	9.0
1398.0	10.0
1399.0	8.0
1400.0	11.0
1401.0	15.0
1402.0	7.0
1403.0	12.0
1404.0	9.0
1405.0	6.0
1406.0	7.0
1407.0	5.0
1408.0	6.0
1409.0	10.0
1410.0	8.0
1411.0	10.0
1412.0	9.0
1413.0	6.0
1414.0	11.0
1415.0	12.0
1416.0	13.0
1417.0	6.0
1418.0	11.0
1419.0	10.0
1420.0	1.0
1421.0	12.0
1422.0	8.0
1423.0	8.0
1424.0	9.0
1425.0	10.0
1426.0	8.0
1427.0	9.0
1428.0	7.0
1429.0	4.0
1430.0	13.0
1431.0	10.0
1432.0	9.0
1433.0	9.0
1434.0	5.0
1435.0	6.0
1436.0	8.0
1437.0	10.0
1438.0	4.0
1439.0	8.0
1440.0	4.0
1441.0	15.0
1442.0	9.0
1443.0	11.0
1444.0	10.0
1445.0	8.0
1446.0	8.0
1447.0	8.0
1448.0	9.0
1449.0	13.0
1450.0	10.0
1451.0	9.0
1452.0	7.0
1453.0	8.0
1454.0	5.0
1455.0	3.0
1456.0	4.0
1457.0	8.0
1458.0	3.0
1459.0	3.0
1460.0	8.0
1461.0	11.0
1462.0	12.0
1463.0	12.0
1464.0	7.0
1465.0	4.0
1466.0	17.0
1467.0	7.0
1468.0	8.0
1469.0	4.0
1470.0	5.0
1471.0	3.0
1472.0	3.0
1473.0	8.0
1474.0	6.0
1475.0	6.0
1476.0	7.0
1477.0	13.0
1478.0	9.0
1479.0	6.0
1480.0	12.0
1481.0	10.0
1482.0	13.0
1483.0	9.0
1484.0	8.0
1485.0	5.0
1486.0	9.0
1487.0	10.0
1488.0	12.0
1489.0	11.0
1490.0	3.0
1491.0	13.0
1492.0	8.0
1493.0	11.0
1494.0	5.0
1495.0	15.0
1496.0	9.0
1497.0	15.0
1498.0	4.0
1499.0	6.0
1500.0	8.0
1501.0	8.0
1502.0	8.0
1503.0	11.0
1504.0	12.0
1505.0	12.0
1506.0	10.0
1507.0	9.0
1508.0	8.0
1509.0	8.0
1510.0	8.0
1511.0	2.0
1512.0	3.0
1513.0	9.0
1514.0	13.0
1515.0	5.0
1516.0	9.0
1517.0	8.0
1518.0	10.0
1519.0	10.0
1520.0	8.0
1521.0	11.0
1522.0	7.0
1523.0	14.0
1524.0	6.0
1525.0	8.0
1526.0	10.0
1527.0	12.0
1528.0	4.0
1529.0	12.0
1530.0	6.0
1531.0	8.0
1532.0	13.0
1533.0	4.0
1534.0	8.0
1535.0	5.0
1536.0	9.0
1537.0	7.0
1538.0	9.0
1539.0	13.0
1540.0	4.0
1541.0	3.0
1542.0	9.0
1543.0	5.0
1544.0	6.0
1545.0	9.0
1546.0	10.0
1547.0	11.0
1548.0	6.0
1549.0	15.0
1550.0	8.0
1551.0	10.0
1552.0	10.0
1553.0	4.0
1554.0	11.0
1555.0	12.0
1556.0	3.0
1557.0	10.0
1558.0	12.0
1559.0	13.0
1560.0	11.0
1561.0	14.0
1562.0	3.0
1563.0	7.0
1564.0	9.0
1565.0	6.0
1566.0	9.0
1567.0	9.0
1568.0	15.0
1569.0	6.0
1570.0	9.0
1571.0	5.0
1572.0	9.0
1573.0	3.0
1574.0	10.0
1575.0	4.0
1576.0	12.0
1577.0	10.0
1578.0	3.0
1579.0	8.0
1580.0	6.0
1581.0	12.0
1582.0	11.0
1583.0	4.0
1584.0	5.0
1585.0	7.0
1586.0	9.0
1587.0	12.0
1588.0	3.0
1589.0	5.0
1590.0	9.0
1591.0	8.0
1592.0	9.0
1593.0	5.0
1594.0	7.0
1595.0	8.0
1596.0	9.0
1597.0	16.0
1598.0	18.0
1599.0	6.0
1600.0	17.0
1601.0	8.0
1602.0	9.0
1603.0	11.0
1604.0	8.0
1605.0	11.0
1606.0	5.0
1607.0	15.0
1608.0	5.0
1609.0	1.0
1610.0	9.0
1611.0	5.0
1612.0	17.0
1613.0	12.0
1614.0	6.0
1615.0	8.0
1616.0	8.0
1617.0	10.0
1618.0	8.0
1619.0	12.0
1620.0	14.0
1621.0	12.0
1622.0	8.0
1623.0	6.0
1624.0	12.0
1625.0	11.0
1626.0	12.0
1627.0	7.0
1628.0	8.0
1629.0	5.0
1630.0	4.0
1631.0	15.0
1632.0	7.0
1633.0	5.0
1634.0	2.0
1635.0	8.0
1636.0	16.0
1637.0	8.0
1638.0	13.0
1639.0	12.0
1640.0	8.0
1641.0	10.0
1642.0	6.0
1643.0	15.0
1644.0	17.0
1645.0	21.0
1646.0	7.0
1647.0	14.0
1648.0	8.0
1649.0	8.0
1650.0	10.0
1651.0	3.0
1652.0	7.0
1653.0	12.0
1654.0	9.0
1655.0	11.0
1656.0	13.0
1657.0	8.0
1658.0	14.0
1659.0	7.0
1660.0	4.0
1661.0	8.0
1662.0	5.0
1663.0	11.0
1664.0	9.0
1665.0	9.0
1666.0	5.0
1667.0	5.0
1668.0	3.0
1669.0	9.0
1670.0	8.0
1671.0	10.0
1672.0	8.0
1673.0	6.0
1674.0	6.0
1675.0	7.0
1676.0	9.0
1677.0	13.0
1678.0	10.0
1679.0	6.0
1680.0	7.0
1681.0	12.0
1682.0	16.0
1683.0	11.0
1684.0	5.0
1685.0	5.0
1686.0	6.0
1687.0	12.0
1688.0	9.0
1689.0	7.0
1690.0	13.0
1691.0	3.0
1692.0	5.0
1693.0	13.0
1694.0	3.0
1695.0	12.0
1696.0	5.0
1697.0	9.0
1698.0	7.0
1699.0	6.0
1700.0	9.0
1701.0	12.0
1702.0	6.0
1703.0	12.0
1704.0	6.0
1705.0	7.0
1706.0	12.0
1707.0	7.0
1708.0	7.0
1709.0	5.0
1710.0	6.0
1711.0	5.0
1712.0	8.0
1713.0	12.0
1714.0	4.0
1715.0	7.0
1716.0	6.0
1717.0	4.0
1718.0	5.0
1719.0	6.0
1720.0	3.0
1721.0	7.0
1722.0	7.0
1723.0	4.0
1724.0	5.0
1725.0	5.0
1726.0	11.0
1727.0	7.0
1728.0	10.0
1729.0	9.0
1730.0	6.0
1731.0	8.0
1732.0	11.0
1733.0	10.0
1734.0	10.0
1735.0	8.0
1736.0	10.0
1737.0	4.0
1738.0	9.0
1739.0	11.0
1740.0	8.0
1741.0	3.0
1742.0	2.0
1743.0	2.0
1744.0	7.0
1745.0	5.0
1746.0	5.0
1747.0	5.0
1748.0	6.0
1749.0	4.0
1750.0	6.0
1751.0	8.0
1752.0	9.0
1753.0	5.0
1754.0	2.0
1755.0	3.0
1756.0	8.0
1757.0	4.0
1758.0	5.0
1759.0	9.0
1760.0	9.0
1761.0	7.0
1762.0	6.0
1763.0	8.0
1764.0	7.0
1765.0	3.0
1766.0	3.0
1767.0	1.0
1768.0	5.0
1769.0	11.0
1770.0	10.0
1771.0	9.0
1772.0	9.0
1773.0	9.0
1774.0	4.0
1775.0	8.0
1776.0	9.0
1777.0	13.0
1778.0	8.0
1779.0	5.0
1780.0	7.0
1781.0	7.0
1782.0	10.0
1783.0	7.0
1784.0	9.0
1785.0	9.0
1786.0	8.0
1787.0	4.0
1788.0	6.0
1789.0	8.0
1790.0	4.0
1791.0	7.0
1792.0	5.0
1793.0	8.0
1794.0	4.0
1795.0	5.0
1796.0	5.0
1797.0	4.0
1798.0	7.0
1799.0	4.0
1800.0	7.0
1801.0	9.0
1802.0	10.0
1803.0	4.0
1804.0	5.0
1805.0	3.0
1806.0	5.0
1807.0	7.0
1808.0	10.0
1809.0	12.0
1810.0	7.0
1811.0	9.0
1812.0	4.0
1813.0	2.0
1814.0	5.0
1815.0	3.0
1816.0	10.0
1817.0	4.0
1818.0	5.0
1819.0	2.0
1820.0	8.0
1821.0	2.0
1822.0	5.0
1823.0	5.0
1824.0	5.0
1825.0	5.0
1826.0	4.0
1827.0	7.0
1828.0	5.0
1829.0	4.0
1830.0	2.0
1831.0	3.0
1832.0	6.0
1833.0	7.0
1834.0	6.0
1835.0	4.0
1836.0	4.0
1837.0	1.0
1838.0	2.0
1839.0	6.0
1840.0	4.0
1841.0	5.0
1842.0	4.0
1843.0	3.0
1844.0	4.0
1845.0	5.0
1846.0	7.0
1847.0	2.0
1848.0	5.0
1849.0	1.0
1850.0	11.0
1851.0	3.0
1852.0	4.0
1853.0	4.0
1854.0	5.0
1855.0	1.0
1856.0	9.0
1857.0	6.0
1858.0	3.0
1859.0	8.0
1860.0	7.0
1861.0	6.0
1862.0	5.0
1863.0	4.0
1864.0	3.0
1865.0	5.0
1866.0	5.0
1867.0	3.0
1868.0	4.0
1869.0	7.0
1870.0	8.0
1871.0	8.0
1872.0	6.0
1873.0	6.0
1874.0	7.0
1875.0	6.0
1876.0	6.0
1877.0	6.0
1878.0	6.0
1879.0	4.0
1880.0	2.0
1881.0	8.0
1882.0	3.0
1883.0	12.0
1884.0	3.0
1885.0	5.0
1886.0	5.0
1887.0	9.0
1888.0	5.0
1889.0	3.0
1890.0	4.0
1891.0	5.0
1892.0	6.0
1893.0	9.0
1894.0	6.0
1895.0	12.0
1896.0	9.0
1897.0	8.0
1898.0	12.0
1899.0	6.0
1900.0	12.0
1901.0	3.0
1902.0	8.0
1903.0	6.0
1904.0	3.0
1905.0	3.0
1906.0	10.0
1907.0	3.0
1908.0	1.0
1909.0	7.0
1910.0	6.0
1911.0	7.0
1912.0	2.0
1913.0	4.0
1914.0	4.0
1915.0	2.0
1916.0	5.0
1917.0	1.0
1918.0	5.0
1919.0	9.0
1921.0	3.0
1922.0	8.0
1923.0	5.0
1924.0	7.0
1925.0	6.0
1926.0	6.0
1927.0	2.0
1928.0	5.0
1929.0	5.0
1930.0	3.0
1931.0	5.0
1932.0	3.0
1933.0	6.0
1934.0	4.0
1935.0	4.0
1936.0	3.0
1937.0	7.0
1938.0	3.0
1939.0	4.0
1940.0	5.0
1941.0	7.0
1942.0	6.0
1943.0	6.0
1944.0	2.0
1945.0	6.0
1946.0	6.0
1947.0	10.0
1948.0	10.0
1949.0	5.0
1950.0	3.0
1951.0	9.0
1952.0	7.0
1953.0	3.0
1954.0	3.0
1955.0	8.0
1956.0	3.0
1957.0	7.0
1958.0	7.0
1959.0	2.0
1960.0	3.0
1962.0	6.0
1963.0	5.0
1964.0	4.0
1965.0	4.0
1966.0	6.0
1967.0	4.0
1968.0	2.0
1969.0	1.0
1970.0	8.0
1971.0	5.0
1972.0	3.0
1973.0	9.0
1974.0	3.0
1975.0	6.0
1976.0	5.0
1977.0	3.0
1978.0	4.0
1979.0	3.0
1980.0	6.0
1981.0	5.0
1982.0	8.0
1983.0	9.0
1984.0	3.0
1985.0	8.0
1986.0	10.0
1987.0	10.0
1988.0	6.0
1989.0	7.0
1990.0	3.0
1991.0	3.0
1992.0	3.0
1993.0	6.0
1994.0	3.0
1995.0	3.0
1996.0	6.0
1997.0	4.0
1998.0	7.0
1999.0	2.0
2000.0	3.0
2001.0	3.0
2002.0	4.0
2003.0	3.0
2004.0	3.0
2005.0	2.0
2006.0	5.0
2007.0	3.0
2008.0	2.0
2009.0	5.0
2010.0	4.0
2011.0	4.0
2012.0	1.0
2013.0	6.0
2014.0	3.0
2015.0	5.0
2016.0	9.0
2017.0	2.0
2018.0	6.0
2019.0	6.0
2020.0	5.0
2021.0	6.0
2022.0	3.0
2023.0	6.0
2024.0	5.0
2025.0	3.0
2026.0	8.0
2027.0	1.0
2028.0	3.0
2029.0	5.0
2030.0	4.0
2031.0	4.0
2032.0	3.0
2033.0	4.0
2034.0	10.0
2035.0	4.0
2036.0	7.0
2037.0	2.0
2038.0	8.0
2039.0	2.0
2040.0	3.0
2041.0	5.0
2042.0	4.0
2043.0	3.0
2044.0	3.0
2045.0	4.0
2046.0	6.0
2047.0	9.0
2048.0	1.0
2049.0	1.0
2050.0	4.0
2051.0	4.0
2052.0	3.0
2053.0	5.0
2054.0	6.0
2055.0	1.0
2056.0	1.0
2057.0	2.0
2058.0	4.0
2059.0	4.0
2060.0	5.0
2061.0	6.0
2062.0	5.0
2063.0	1.0
2064.0	4.0
2065.0	5.0
2066.0	3.0
2067.0	1.0
2068.0	1.0
2069.0	3.0
2070.0	6.0
2071.0	2.0
2072.0	2.0
2073.0	4.0
2074.0	1.0
2075.0	3.0
2076.0	1.0
2077.0	3.0
2078.0	2.0
2079.0	6.0
2080.0	1.0
2081.0	2.0
2082.0	1.0
2083.0	3.0
2084.0	6.0
2085.0	4.0
2086.0	2.0
2088.0	4.0
2089.0	5.0
2090.0	4.0
2091.0	3.0
2092.0	1.0
2093.0	1.0
2094.0	3.0
2095.0	3.0
2096.0	4.0
2097.0	4.0
2098.0	8.0
2099.0	4.0
2100.0	2.0
2102.0	3.0
2103.0	1.0
2104.0	2.0
2105.0	4.0
2106.0	6.0
2107.0	9.0
2108.0	1.0
2110.0	2.0
2111.0	1.0
2112.0	6.0
2113.0	1.0
2114.0	1.0
2115.0	1.0
2116.0	1.0
2117.0	4.0
2118.0	4.0
2119.0	2.0
2120.0	1.0
2121.0	5.0
2122.0	4.0
2123.0	3.0
2124.0	2.0
2125.0	3.0
2126.0	4.0
2127.0	1.0
2128.0	2.0
2129.0	1.0
2130.0	2.0
2131.0	1.0
2132.0	4.0
2133.0	2.0
2134.0	3.0
2135.0	1.0
2136.0	1.0
2137.0	1.0
2139.0	5.0
2140.0	2.0
2141.0	1.0
2142.0	2.0
2143.0	1.0
2144.0	2.0
2146.0	3.0
2147.0	1.0
2148.0	1.0
2149.0	2.0
2151.0	2.0
2152.0	6.0
2153.0	1.0
2154.0	1.0
2155.0	1.0
2156.0	2.0
2157.0	2.0
2158.0	5.0
2159.0	1.0
2160.0	4.0
2161.0	1.0
2162.0	1.0
2163.0	2.0
2164.0	4.0
2165.0	2.0
2166.0	4.0
2168.0	1.0
2170.0	1.0
2171.0	2.0
2172.0	3.0
2174.0	1.0
2175.0	4.0
2176.0	2.0
2178.0	3.0
2179.0	2.0
2180.0	4.0
2181.0	4.0
2182.0	1.0
2183.0	1.0
2184.0	2.0
2185.0	2.0
2186.0	1.0
2187.0	1.0
2192.0	2.0
2194.0	1.0
2195.0	3.0
2197.0	1.0
2198.0	1.0
2199.0	4.0
2200.0	2.0
2201.0	1.0
2202.0	1.0
2204.0	1.0
2205.0	3.0
2206.0	2.0
2207.0	3.0
2208.0	4.0
2210.0	3.0
2211.0	2.0
2212.0	1.0
2213.0	3.0
2214.0	1.0
2216.0	2.0
2217.0	1.0
2218.0	2.0
2220.0	1.0
2221.0	4.0
2222.0	1.0
2224.0	1.0
2225.0	2.0
2226.0	1.0
2227.0	1.0
2230.0	2.0
2231.0	1.0
2232.0	1.0
2233.0	1.0
2234.0	3.0
2235.0	3.0
2236.0	2.0
2237.0	2.0
2238.0	2.0
2239.0	2.0
2240.0	2.0
2241.0	2.0
2242.0	1.0
2244.0	3.0
2245.0	1.0
2246.0	1.0
2247.0	2.0
2249.0	1.0
2251.0	1.0
2252.0	4.0
2253.0	1.0
2255.0	5.0
2256.0	1.0
2257.0	2.0
2258.0	2.0
2259.0	3.0
2260.0	1.0
2261.0	1.0
2263.0	1.0
2265.0	1.0
2266.0	1.0
2267.0	5.0
2268.0	1.0
2269.0	1.0
2271.0	2.0
2272.0	3.0
2275.0	1.0
2276.0	1.0
2279.0	3.0
2282.0	1.0
2283.0	1.0
2284.0	1.0
2285.0	3.0
2286.0	1.0
2287.0	2.0
2288.0	1.0
2289.0	1.0
2290.0	4.0
2291.0	2.0
2292.0	1.0
2293.0	1.0
2294.0	2.0
2295.0	1.0
2299.0	1.0
2300.0	4.0
2302.0	3.0
2303.0	3.0
2304.0	4.0
2305.0	1.0
2306.0	1.0
2307.0	1.0
2308.0	2.0
2310.0	4.0
2311.0	1.0
2312.0	1.0
2313.0	5.0
2316.0	2.0
2317.0	4.0
2318.0	1.0
2319.0	1.0
2320.0	4.0
2322.0	1.0
2323.0	1.0
2324.0	1.0
2325.0	1.0
2330.0	2.0
2332.0	1.0
2333.0	2.0
2335.0	3.0
2336.0	5.0
2337.0	3.0
2338.0	2.0
2339.0	2.0
2340.0	4.0
2342.0	3.0
2343.0	3.0
2344.0	1.0
2345.0	4.0
2347.0	1.0
2348.0	1.0
2349.0	1.0
2350.0	3.0
2351.0	1.0
2352.0	1.0
2353.0	1.0
2354.0	1.0
2355.0	1.0
2356.0	2.0
2357.0	2.0
2358.0	2.0
2359.0	6.0
2360.0	1.0
2361.0	2.0
2362.0	2.0
2363.0	3.0
2364.0	1.0
2365.0	2.0
2366.0	2.0
2367.0	1.0
2368.0	1.0
2369.0	1.0
2370.0	3.0
2373.0	2.0
2374.0	1.0
2376.0	2.0
2377.0	2.0
2378.0	5.0
2382.0	1.0
2383.0	2.0
2384.0	1.0
2385.0	1.0
2386.0	2.0
2387.0	1.0
2388.0	1.0
2390.0	5.0
2391.0	3.0
2392.0	4.0
2393.0	1.0
2394.0	1.0
2395.0	2.0
2398.0	1.0
2399.0	4.0
2401.0	2.0
2403.0	1.0
2407.0	1.0
2408.0	1.0
2410.0	2.0
2411.0	1.0
2414.0	2.0
2415.0	3.0
2419.0	2.0
2420.0	1.0
2421.0	3.0
2423.0	1.0
2424.0	3.0
2425.0	1.0
2428.0	1.0
2430.0	1.0
2431.0	2.0
2432.0	1.0
2433.0	1.0
2435.0	4.0
2438.0	2.0
2439.0	2.0
2440.0	2.0
2441.0	1.0
2442.0	1.0
2443.0	2.0
2445.0	2.0
2446.0	2.0
2450.0	1.0
2452.0	3.0
2453.0	2.0
2454.0	4.0
2455.0	3.0
2456.0	3.0
2457.0	1.0
2458.0	1.0
2459.0	1.0
2460.0	2.0
2461.0	1.0
2462.0	3.0
2463.0	1.0
2464.0	1.0
2465.0	1.0
2466.0	1.0
2468.0	3.0
2469.0	1.0
2470.0	2.0
2472.0	1.0
2475.0	1.0
2477.0	2.0
2479.0	1.0
2480.0	1.0
2482.0	4.0
2483.0	2.0
2484.0	1.0
2485.0	2.0
2486.0	1.0
2488.0	1.0
2489.0	2.0
2490.0	2.0
2491.0	3.0
2493.0	1.0
2494.0	2.0
2496.0	2.0
2498.0	1.0
2500.0	1.0
2501.0	2.0
2503.0	1.0
2504.0	1.0
2505.0	1.0
2506.0	1.0
2507.0	2.0
2510.0	1.0
2511.0	2.0
2513.0	1.0
2514.0	4.0
2516.0	2.0
2517.0	1.0
2518.0	3.0
2520.0	1.0
2521.0	1.0
2523.0	1.0
2524.0	1.0
2525.0	1.0
2526.0	3.0
2527.0	1.0
2530.0	1.0
2531.0	2.0
2532.0	1.0
2533.0	3.0
2534.0	2.0
2535.0	2.0
2536.0	1.0
2537.0	3.0
2539.0	2.0
2541.0	1.0
2542.0	3.0
2543.0	3.0
2544.0	3.0
2546.0	2.0
2547.0	1.0
2549.0	2.0
2551.0	2.0
2554.0	3.0
2556.0	1.0
2558.0	1.0
2559.0	2.0
2560.0	4.0
2561.0	1.0
2564.0	1.0
2567.0	1.0
2568.0	2.0
2569.0	3.0
2570.0	1.0
2572.0	2.0
2573.0	1.0
2574.0	1.0
2575.0	2.0
2576.0	1.0
2577.0	2.0
2580.0	1.0
2581.0	1.0
2582.0	1.0
2583.0	1.0
2584.0	2.0
2585.0	1.0
2586.0	3.0
2587.0	1.0
2589.0	3.0
2593.0	1.0
2594.0	1.0
2595.0	1.0
2596.0	1.0
2597.0	1.0
2598.0	1.0
2600.0	2.0
2601.0	1.0
2602.0	1.0
2603.0	1.0
2605.0	2.0
2606.0	1.0
2608.0	1.0
2611.0	2.0
2612.0	2.0
2613.0	4.0
2615.0	1.0
2619.0	2.0
2621.0	1.0
2622.0	1.0
2624.0	1.0
2626.0	1.0
2627.0	3.0
2628.0	1.0
2629.0	2.0
2633.0	2.0
2634.0	1.0
2636.0	1.0
2637.0	3.0
2638.0	4.0
2639.0	1.0
2640.0	1.0
2641.0	2.0
2643.0	2.0
2644.0	1.0
2646.0	1.0
2647.0	1.0
2648.0	2.0
2649.0	1.0
2650.0	3.0
2651.0	1.0
2652.0	2.0
2653.0	1.0
2654.0	2.0
2655.0	2.0
2657.0	1.0
2658.0	1.0
2659.0	1.0
2660.0	2.0
2666.0	1.0
2668.0	1.0
2669.0	2.0
2671.0	1.0
2672.0	1.0
2673.0	1.0
2674.0	4.0
2679.0	2.0
2681.0	1.0
2682.0	3.0
2683.0	1.0
2684.0	2.0
2685.0	3.0
2686.0	1.0
2688.0	1.0
2689.0	1.0
2690.0	1.0
2691.0	2.0
2692.0	1.0
2693.0	3.0
2695.0	1.0
2696.0	4.0
2697.0	1.0
2698.0	2.0
2699.0	2.0
2700.0	2.0
2701.0	2.0
2702.0	2.0
2704.0	2.0
2705.0	3.0
2706.0	2.0
2707.0	3.0
2708.0	1.0
2709.0	2.0
2710.0	1.0
2711.0	1.0
2712.0	2.0
2713.0	1.0
2714.0	4.0
2715.0	2.0
2716.0	1.0
2717.0	2.0
2718.0	3.0
2720.0	4.0
2722.0	1.0
2723.0	2.0
2724.0	2.0
2725.0	1.0
2726.0	2.0
2727.0	3.0
2728.0	2.0
2730.0	2.0
2731.0	2.0
2732.0	1.0
2734.0	2.0
2735.0	2.0
2738.0	2.0
2741.0	1.0
2742.0	2.0
2743.0	1.0
2744.0	2.0
2745.0	2.0
2746.0	1.0
2747.0	2.0
2748.0	1.0
2749.0	2.0
2750.0	1.0
2751.0	4.0
2752.0	1.0
2753.0	3.0
2755.0	3.0
2757.0	2.0
2758.0	2.0
2759.0	2.0
2763.0	1.0
2766.0	1.0
2767.0	2.0
2768.0	2.0
2769.0	3.0
2771.0	1.0
2772.0	1.0
2773.0	3.0
2774.0	3.0
2775.0	2.0
2776.0	2.0
2778.0	1.0
2779.0	3.0
2782.0	3.0
2783.0	3.0
2786.0	1.0
2789.0	2.0
2791.0	2.0
2793.0	1.0
2795.0	1.0
2797.0	1.0
2798.0	1.0
2799.0	1.0
2804.0	1.0
2806.0	2.0
2808.0	3.0
2810.0	2.0
2811.0	2.0
2812.0	1.0
2815.0	2.0
2816.0	2.0
2819.0	4.0
2820.0	4.0
2821.0	2.0
2822.0	5.0
2823.0	2.0
2824.0	2.0
2825.0	1.0
2826.0	1.0
2827.0	1.0
2829.0	3.0
2830.0	1.0
2831.0	3.0
2833.0	1.0
2835.0	1.0
2836.0	3.0
2837.0	1.0
2838.0	2.0
2839.0	1.0
2840.0	1.0
2841.0	3.0
2842.0	5.0
2843.0	1.0
2844.0	3.0
2845.0	2.0
2847.0	1.0
2849.0	1.0
2850.0	2.0
2851.0	1.0
2852.0	2.0
2855.0	1.0
2856.0	2.0
2859.0	1.0
2860.0	1.0
2861.0	1.0
2863.0	1.0
2865.0	2.0
2866.0	1.0
2868.0	3.0
2869.0	1.0
2870.0	1.0
2871.0	3.0
2872.0	3.0
2873.0	1.0
2875.0	1.0
2876.0	1.0
2878.0	2.0
2880.0	2.0
2883.0	1.0
2884.0	1.0
2885.0	1.0
2886.0	2.0
2887.0	1.0
2888.0	2.0
2894.0	1.0
2895.0	1.0
2897.0	3.0
2898.0	1.0
2900.0	2.0
2901.0	1.0
2902.0	1.0
2903.0	1.0
2904.0	1.0
2905.0	1.0
2906.0	3.0
2907.0	1.0
2909.0	2.0
2911.0	2.0
2912.0	1.0
2913.0	2.0
2918.0	1.0
2921.0	2.0
2925.0	1.0
2927.0	2.0
2929.0	1.0
2931.0	1.0
2933.0	2.0
2934.0	4.0
2935.0	2.0
2936.0	1.0
2937.0	1.0
2938.0	1.0
2941.0	1.0
2942.0	4.0
2944.0	1.0
2945.0	4.0
2946.0	1.0
2947.0	3.0
2951.0	2.0
2956.0	3.0
2959.0	3.0
2967.0	1.0
2968.0	1.0
2970.0	1.0
2973.0	1.0
2974.0	3.0
2975.0	2.0
2979.0	2.0
2980.0	2.0
2983.0	1.0
2985.0	2.0
2987.0	2.0
2988.0	1.0
2989.0	2.0
2990.0	1.0
2993.0	1.0
2998.0	1.0
3004.0	1.0
3005.0	1.0
3008.0	1.0
3015.0	1.0
3016.0	1.0
3017.0	2.0
3019.0	2.0
3021.0	1.0
3023.0	1.0
3025.0	1.0
3026.0	2.0
3034.0	1.0
3037.0	2.0
3038.0	2.0
3044.0	1.0
3046.0	1.0
3048.0	1.0
3049.0	1.0
3050.0	2.0
3052.0	1.0
3054.0	1.0
3056.0	1.0
3062.0	1.0
3063.0	1.0
3066.0	3.0
3068.0	1.0
3075.0	1.0
3076.0	1.0
3078.0	2.0
3079.0	1.0
3083.0	1.0
3092.0	1.0
3093.0	1.0
3096.0	1.0
3097.0	1.0
3098.0	1.0
3099.0	1.0
3100.0	1.0
3101.0	1.0
3106.0	1.0
3107.0	1.0
3108.0	1.0
3109.0	1.0
3110.0	1.0
3111.0	1.0
3121.0	1.0
3122.0	2.0
3123.0	1.0
3130.0	1.0
3132.0	1.0
3134.0	1.0
3147.0	1.0
3154.0	2.0
3158.0	1.0
3163.0	2.0
3164.0	1.0
3185.0	1.0
3188.0	1.0
3197.0	1.0
3207.0	1.0
3214.0	2.0
3215.0	1.0
3222.0	1.0
3228.0	1.0
3235.0	1.0
