#Position (bp)	Coverage
38.0	1870.7733333333333
113.0	55.266666666666666
188.0	53.56
263.0	58.22666666666667
338.0	94.50666666666666
413.0	85.56
488.0	59.586666666666666
563.0	52.586666666666666
638.0	65.94666666666667
713.0	87.26666666666667
788.0	48.77333333333333
863.0	63.54666666666667
938.0	83.30666666666667
1013.0	116.17333333333333
1088.0	77.6
1163.0	94.18666666666667
1238.0	113.69333333333333
1313.0	138.77333333333334
1388.0	69.89333333333333
1463.0	81.02666666666667
1538.0	77.62666666666667
1613.0	119.8
1688.0	51.25333333333333
1763.0	50.10666666666667
1838.0	44.973333333333336
1913.0	96.42666666666666
1988.0	71.66666666666667
2063.0	73.69333333333333
2138.0	71.25333333333333
2213.0	106.14666666666666
2288.0	54.413333333333334
2363.0	39.693333333333335
2438.0	38.29333333333334
2513.0	92.18666666666667
2588.0	116.77333333333333
2663.0	111.18666666666667
2738.0	90.24
2813.0	107.28
2888.0	151.05333333333334
2963.0	114.77333333333333
3038.0	132.64
3113.0	116.58666666666667
3188.0	128.65333333333334
3263.0	55.13333333333333
3338.0	62.84
3413.0	49.986666666666665
3488.0	86.12
3563.0	48.12
3638.0	54.733333333333334
3713.0	47.013333333333335
3788.0	80.17333333333333
3863.0	63.2
3938.0	51.68
4013.0	47.93333333333333
4088.0	71.34666666666666
4163.0	45.906666666666666
4238.0	33.29333333333334
4313.0	66.29333333333334
4388.0	80.54666666666667
4463.0	60.06666666666667
4538.0	48.08
4613.0	54.32
4688.0	83.48
4763.0	67.66666666666667
4838.0	92.57333333333334
4913.0	78.25333333333333
4988.0	127.02666666666667
5063.0	71.41333333333333
5138.0	100.49333333333334
5213.0	73.72
5288.0	113.14666666666666
5363.0	67.66666666666667
5438.0	83.08
5513.0	70.26666666666667
5588.0	101.64
5663.0	63.57333333333333
5738.0	55.85333333333333
5813.0	47.6
5888.0	86.82666666666667
5963.0	80.38666666666667
6038.0	66.77333333333333
6113.0	60.413333333333334
6188.0	96.45333333333333
6263.0	83.38666666666667
6338.0	74.85333333333334
6413.0	59.266666666666666
6488.0	110.78666666666666
6563.0	101.37333333333333
6638.0	95.89333333333333
6713.0	123.64
6788.0	187.54666666666665
6863.0	166.18666666666667
6938.0	138.24
7013.0	124.05333333333333
7088.0	204.81333333333333
7163.0	143.25333333333333
7238.0	189.16
7313.0	172.62666666666667
7388.0	181.0
7463.0	99.45333333333333
7538.0	101.24
7613.0	103.96
7688.0	85.04
7763.0	40.986666666666665
7838.0	43.93333333333333
7913.0	36.29333333333334
7988.0	101.29333333333334
8063.0	79.2
8138.0	94.94666666666667
8213.0	81.48
8288.0	160.24
8363.0	104.37333333333333
8438.0	92.6
8513.0	90.88
8588.0	118.36
8663.0	107.76
8738.0	84.45333333333333
8813.0	85.0
8888.0	92.70666666666666
8963.0	94.58666666666667
9038.0	56.70666666666666
9113.0	49.22666666666667
9188.0	65.09333333333333
9263.0	107.36
9338.0	98.0
9413.0	98.89333333333333
9488.0	122.0
9563.0	117.01333333333334
9638.0	76.90666666666667
9713.0	66.01333333333334
9788.0	87.98666666666666
9863.0	76.86666666666666
9938.0	63.013333333333335
10013.0	57.14666666666667
10088.0	101.85333333333334
10163.0	111.82666666666667
10238.0	101.58666666666667
10313.0	97.16
10388.0	116.68
10463.0	78.50666666666666
10538.0	54.10666666666667
10613.0	50.013333333333335
10688.0	83.96
10763.0	81.4
10838.0	58.85333333333333
10913.0	65.29333333333334
10988.0	93.02666666666667
11063.0	114.58666666666667
11138.0	71.88
11213.0	76.96
11288.0	85.29333333333334
11363.0	131.88
11438.0	87.41333333333333
11513.0	89.29333333333334
11588.0	101.57333333333334
11663.0	96.42666666666666
11738.0	69.64
11813.0	70.97333333333333
11888.0	100.74666666666667
11963.0	61.22666666666667
12038.0	54.093333333333334
12113.0	70.64
12188.0	98.22666666666667
12263.0	77.61333333333333
12338.0	63.373333333333335
12413.0	70.25333333333333
12488.0	73.64
12563.0	48.82666666666667
12638.0	58.266666666666666
12713.0	69.81333333333333
12788.0	70.69333333333333
12863.0	44.54666666666667
12938.0	46.026666666666664
13013.0	63.82666666666667
13088.0	61.14666666666667
13163.0	42.333333333333336
13238.0	39.46666666666667
13313.0	76.54666666666667
13388.0	90.90666666666667
13463.0	96.04
13538.0	90.21333333333334
13613.0	102.38666666666667
13688.0	70.37333333333333
13763.0	42.29333333333334
13838.0	31.706666666666667
13913.0	47.626666666666665
13988.0	66.34666666666666
14063.0	61.38666666666666
14138.0	70.18666666666667
14213.0	77.45333333333333
14288.0	76.21333333333334
14363.0	48.693333333333335
14438.0	60.44
14513.0	64.09333333333333
14588.0	116.86666666666666
14663.0	80.73333333333333
14738.0	94.42666666666666
14813.0	66.64
14888.0	98.04
14963.0	56.413333333333334
15038.0	71.14666666666666
15113.0	58.74666666666667
15188.0	82.17333333333333
15263.0	52.61333333333334
15338.0	45.42666666666667
15413.0	43.733333333333334
15488.0	60.093333333333334
15563.0	53.14666666666667
15638.0	32.78666666666667
15713.0	36.6
15788.0	32.24
15863.0	68.93333333333334
15938.0	50.306666666666665
16013.0	59.986666666666665
16088.0	56.6
16163.0	129.21333333333334
16238.0	97.68
16313.0	125.37333333333333
16388.0	103.92
16463.0	149.09333333333333
16538.0	78.64
16613.0	78.12
16688.0	75.76
16763.0	94.49333333333334
16838.0	57.53333333333333
16913.0	33.346666666666664
16988.0	31.186666666666667
17063.0	49.64
17138.0	64.28
17213.0	40.68
17288.0	48.413333333333334
17363.0	60.53333333333333
17438.0	96.06666666666666
17513.0	70.73333333333333
17588.0	83.04
17663.0	77.93333333333334
17738.0	102.41333333333333
17813.0	60.986666666666665
17888.0	74.02666666666667
17963.0	84.81333333333333
18038.0	104.01333333333334
18113.0	69.17333333333333
18188.0	72.58666666666667
18263.0	95.12
18338.0	95.45333333333333
18413.0	65.89333333333333
18488.0	62.346666666666664
18563.0	68.8
18638.0	102.10666666666667
18713.0	39.57333333333333
18788.0	50.36
18863.0	42.626666666666665
18938.0	117.76
19013.0	80.62666666666667
19088.0	88.29333333333334
19163.0	74.66666666666667
19238.0	149.36
19313.0	111.86666666666666
19388.0	106.46666666666667
19463.0	107.61333333333333
19538.0	118.54666666666667
19613.0	111.93333333333334
19688.0	73.98666666666666
19763.0	79.64
19838.0	78.06666666666666
19913.0	97.05333333333333
19988.0	51.16
20063.0	55.16
20138.0	61.36
20213.0	116.85333333333334
20288.0	71.0
20363.0	88.42666666666666
20438.0	68.54666666666667
20513.0	101.53333333333333
20588.0	53.49333333333333
20663.0	28.6
20738.0	35.57333333333333
20813.0	85.22666666666667
20888.0	92.77333333333333
20963.0	91.6
21038.0	70.74666666666667
21113.0	170.48
21188.0	134.45333333333335
21263.0	146.89333333333335
21338.0	128.58666666666667
21413.0	223.33333333333334
21488.0	164.45333333333335
21563.0	245.81333333333333
21638.0	202.52
21713.0	209.2
21788.0	88.96
21863.0	114.64
21938.0	94.78666666666666
22013.0	171.70666666666668
22088.0	121.33333333333333
22163.0	155.89333333333335
22238.0	132.85333333333332
22313.0	208.17333333333335
22388.0	134.89333333333335
22463.0	176.69333333333333
22538.0	178.84
22613.0	188.52
22688.0	101.37333333333333
22763.0	102.38666666666667
22838.0	131.50666666666666
22913.0	78.94666666666667
22988.0	55.346666666666664
23063.0	56.666666666666664
23138.0	83.2
23213.0	67.66666666666667
23288.0	45.68
23363.0	42.22666666666667
23438.0	56.946666666666665
23513.0	68.58666666666667
23588.0	49.53333333333333
23663.0	60.29333333333334
23738.0	53.333333333333336
23813.0	80.09333333333333
23888.0	45.346666666666664
23963.0	54.21333333333333
24038.0	41.2
24113.0	67.56
24188.0	45.61333333333334
24263.0	40.46666666666667
24338.0	38.96
24413.0	69.32
24488.0	60.52
24563.0	55.68
24638.0	52.85333333333333
24713.0	78.94666666666667
24788.0	67.01333333333334
24863.0	45.21333333333333
24938.0	39.45333333333333
25013.0	62.84
25088.0	43.45333333333333
25163.0	29.0
25238.0	26.813333333333333
25313.0	63.986666666666665
25388.0	47.92
25463.0	53.36
25538.0	44.13333333333333
25613.0	75.56
25688.0	55.693333333333335
25763.0	45.32
25838.0	47.973333333333336
25913.0	76.12
25988.0	80.26666666666667
26063.0	53.10666666666667
26138.0	42.16
26213.0	91.44
26288.0	148.25333333333333
26363.0	92.56
26438.0	75.30666666666667
26513.0	117.14666666666666
26588.0	106.10666666666667
26663.0	60.92
26738.0	63.82666666666667
26813.0	86.4
26888.0	132.26666666666668
26963.0	84.41333333333333
27038.0	129.30666666666667
27113.0	126.04
27188.0	149.46666666666667
27263.0	66.44
27338.0	84.12
27413.0	81.53333333333333
27488.0	165.09333333333333
27563.0	105.66666666666667
27638.0	118.85333333333334
27713.0	108.73333333333333
27788.0	155.14666666666668
27863.0	111.09333333333333
27938.0	78.61333333333333
28013.0	76.44
28088.0	105.50666666666666
28163.0	130.24
28238.0	116.37333333333333
28313.0	166.36
28388.0	145.32
28463.0	90.69333333333333
28538.0	35.24
28613.0	39.78666666666667
28688.0	76.73333333333333
28763.0	88.97333333333333
28838.0	80.50666666666666
28913.0	67.85333333333334
28988.0	89.84
29063.0	73.02666666666667
29138.0	44.52
29213.0	22.96
29288.0	45.8
29363.0	75.08
29438.0	62.82666666666667
29513.0	99.86666666666666
29588.0	109.64
29663.0	116.09333333333333
29738.0	71.28
29813.0	62.666666666666664
29877.0	16.88679245283019
