#GC Content (%)	Sample
1.0	0.0
2.0	0.0
3.0	0.0
4.0	0.0
5.0	0.0
6.0	0.0
7.0	0.0
8.0	0.0
9.0	0.0
10.0	0.0
11.0	0.0
12.0	0.0
13.0	9.107716968587484E-6
14.0	3.187700939005619E-5
15.0	5.46463018115249E-5
16.0	9.107716968587484E-6
17.0	3.4609324480632436E-4
18.0	2.914469429947995E-4
19.0	7.286173574869987E-5
20.0	0.0037979179759009807
21.0	7.650482253613486E-4
22.0	0.0011065876116833793
23.0	0.00961319526034409
24.0	0.0014435731395211165
25.0	0.01614798218530561
26.0	0.008310791733836078
27.0	0.003014654316602457
28.0	0.0367496379682505
29.0	0.013124220151734567
30.0	0.008247037715055966
31.0	0.07122234669435414
32.0	0.01817444921081633
33.0	0.011676093153729155
34.0	0.08387751942220643
35.0	0.02220916782790058
36.0	0.03721868539213276
37.0	0.08839039318014152
38.0	0.024472435494594574
39.0	0.09933331511789939
40.0	0.033393444265326006
41.0	0.014945763545452063
42.0	0.10130968970008287
43.0	0.02662641055766551
44.0	0.009727041722451434
45.0	0.07395921564341465
46.0	0.02133027314043189
47.0	0.011648770002823392
48.0	0.043498456241973835
49.0	0.014203484612512184
50.0	0.021389473300727706
51.0	0.016229951638022898
52.0	0.008488392214723535
53.0	0.016776414656138147
54.0	0.0020947749027751214
55.0	0.005036567483628879
56.0	0.0117170778800878
57.0	9.654179986702733E-4
58.0	0.001498219441332641
59.0	0.002204067506398171
60.0	4.1895498055502425E-4
61.0	0.0010109565835132108
62.0	0.0010610490268404419
63.0	3.597548202592056E-4
64.0	2.732315090576245E-4
65.0	5.4646301811524894E-5
66.0	3.6430867874349936E-5
67.0	4.553858484293742E-6
68.0	0.0
69.0	0.0
70.0	0.0
71.0	0.0
72.0	0.0
73.0	0.0
74.0	0.0
75.0	4.553858484293742E-6
76.0	0.0
77.0	0.0
78.0	0.0
79.0	0.0
80.0	0.0
81.0	0.0
82.0	0.0
83.0	0.0
84.0	0.0
85.0	0.0
86.0	0.0
87.0	0.0
88.0	0.0
89.0	0.0
90.0	0.0
91.0	0.0
92.0	0.0
93.0	0.0
94.0	0.0
95.0	0.0
96.0	0.0
97.0	0.0
98.0	0.0
99.0	0.0
100.0	2.276929242146871E-5
