# Position (bp)	A	C	G	T	N
0.0	25.967954032292575	23.950338977027023	24.520380327364695	25.561326663315704	0.0
1.0	26.61582192590594	20.433246512855884	15.90578708891737	37.04514447232081	0.0
2.0	28.22500473858595	19.45118835904545	17.957884811247656	34.36592209112094	0.0
3.0	22.897823016148543	22.222687683955026	15.397480563550141	39.48200873634629	0.0
4.0	33.78349044272912	13.4014082751817	15.029378674507935	37.78572260758125	0.0
5.0	34.46279612656287	14.950947587619046	23.32576630633481	27.26048997948328	0.0
6.0	30.756816162683553	17.656658842668108	21.45512179338445	30.13140320126389	0.0
7.0	35.04703813424429	17.171822945316883	20.127735973505583	27.65340294693324	0.0
8.0	22.831346049286267	26.968984117080158	22.351202813047568	27.84846702058601	0.0
9.0	27.23721894363564	18.67020122536389	15.947777054567247	38.144802776433224	0.0
10.0	26.278974647753508	16.951311323594034	25.034796661490255	31.734917367162208	0.0
11.0	28.029511044989004	18.29590356755216	19.77419320265141	33.90039218480742	0.0
12.0	26.089110158481592	19.551175931630823	21.00272898520624	33.35698492468134	0.0
13.0	26.56715328403722	20.83302555849185	18.921084792620587	33.67873636485035	0.0
14.0	30.544342895644196	18.291935082537247	20.266401212676328	30.897320809142233	0.0
15.0	29.48593056194038	18.488563376560855	20.35015942012613	31.67534664137264	0.0
16.0	30.06615493486905	17.639119297583946	18.762301941458183	33.53242382608882	0.0
17.0	30.44256718688581	17.989939166311096	19.61103632785943	31.956457318943666	0.0
18.0	31.641701419877595	17.732161442605136	19.135831972606447	31.490305164910833	0.0
19.0	30.105665982754758	18.425922144117415	19.992792999476567	31.475618873651257	0.0
20.0	29.55136711412059	17.813718154718195	20.216201325589864	32.418713405571346	0.0
21.0	29.2617256421197	18.363222977586172	20.380415497484357	31.994635882809767	0.0
22.0	29.574671100941746	19.282897654509487	22.46353700930914	28.67889423523963	0.0
23.0	29.817603214646667	20.03478072961611	21.190551297882887	28.95706475785434	0.0
24.0	32.48814740981039	19.427066632022083	18.020412496498608	30.064373461668925	0.0
25.0	28.918567556505288	21.07274233032337	19.977411499163285	30.031278614008055	0.0
26.0	31.897480417554146	16.630704081659257	22.258725525382516	29.21308997540408	0.0
27.0	25.93047214253871	20.807838713816903	25.186207399978972	28.075481743665414	0.0
28.0	26.53126311663957	19.929123436974518	19.02710417331098	34.51250927307493	0.0
29.0	27.574062213678875	20.31492101121633	17.550262890406955	34.560753884697846	0.0
30.0	26.322390524147764	19.04476827995174	16.347948975957063	38.28489221994343	0.0
31.0	34.25513990286252	14.555119708383565	18.654103544349613	32.53563684440431	0.0
32.0	34.31671708864111	15.695730095178048	22.403258536296267	27.584294279884574	0.0
33.0	31.3003865559708	17.709993526873895	20.816468633482426	30.173151283672876	0.0
34.0	33.22432612527166	17.027117700772656	21.69804459929222	28.05051157466346	0.0
35.0	26.268735355165223	20.68693986883579	25.367791808462798	27.67653296753619	0.0
