#Position (bp)	Coverage
38.0	1.8
113.0	3.533333333333333
188.0	4.44
263.0	5.0
338.0	30.293333333333333
413.0	43.22666666666667
488.0	58.4
563.0	58.986666666666665
638.0	49.906666666666666
713.0	51.88
788.0	50.21333333333333
863.0	59.973333333333336
938.0	63.48
1013.0	61.586666666666666
1088.0	45.026666666666664
1163.0	42.733333333333334
1238.0	29.573333333333334
1313.0	13.933333333333334
1388.0	0.0
1463.0	0.0
1538.0	0.0
1613.0	0.0
1688.0	0.0
1763.0	0.0
1838.0	0.013333333333333334
1913.0	62.82666666666667
1988.0	82.41333333333333
2063.0	92.42666666666666
2138.0	79.76
2213.0	51.053333333333335
2288.0	27.826666666666668
2363.0	25.533333333333335
2438.0	26.013333333333332
2513.0	15.88
2588.0	7.906666666666666
2663.0	0.0
2738.0	0.0
2813.0	5.093333333333334
2888.0	19.16
2963.0	28.96
3038.0	26.333333333333332
3113.0	22.186666666666667
3188.0	12.44
3263.0	0.0
3338.0	0.0
3413.0	0.0
3488.0	11.506666666666666
3563.0	21.773333333333333
3638.0	27.4
3713.0	25.786666666666665
3788.0	38.86666666666667
3863.0	70.02666666666667
3938.0	105.14666666666666
4013.0	107.58666666666667
4088.0	110.68
4163.0	73.62666666666667
4238.0	41.68
4313.0	42.77333333333333
4388.0	26.72
4463.0	9.6
4538.0	2.0
4613.0	1.2666666666666666
4688.0	0.9333333333333333
4763.0	0.0
4838.0	0.0
4913.0	0.9733333333333334
4988.0	10.173333333333334
5063.0	17.133333333333333
5138.0	18.56
5213.0	19.44
5288.0	23.453333333333333
5363.0	35.093333333333334
5438.0	45.14666666666667
5513.0	46.54666666666667
5588.0	74.77333333333333
5663.0	66.52
5738.0	66.25333333333333
5813.0	66.02666666666667
5888.0	37.78666666666667
5963.0	12.746666666666666
6038.0	0.0
6113.0	0.0
6188.0	18.253333333333334
6263.0	28.266666666666666
6338.0	33.06666666666667
6413.0	33.86666666666667
6488.0	44.17333333333333
6563.0	48.85333333333333
6638.0	64.84
6713.0	66.62666666666667
6788.0	43.72
6863.0	21.69333333333333
6938.0	0.0
7013.0	0.18666666666666668
7088.0	1.12
7163.0	2.0
7238.0	2.0
7313.0	2.8266666666666667
7388.0	1.8666666666666667
7463.0	1.8266666666666667
7538.0	2.0
7613.0	8.466666666666667
7688.0	25.85333333333333
7763.0	39.96
7838.0	38.946666666666665
7913.0	37.413333333333334
7988.0	56.86666666666667
8063.0	53.96
8138.0	60.4
8213.0	57.52
8288.0	70.30666666666667
8363.0	56.06666666666667
8438.0	59.52
8513.0	58.0
8588.0	31.773333333333333
8663.0	23.64
8738.0	18.026666666666667
8813.0	21.133333333333333
8888.0	16.506666666666668
8963.0	8.28
9038.0	0.0
9113.0	0.0
9188.0	0.0
9263.0	0.0
9338.0	0.0
9413.0	0.0
9488.0	25.24
9563.0	71.97333333333333
9638.0	101.45333333333333
9713.0	108.17333333333333
9788.0	98.32
9863.0	57.54666666666667
9938.0	30.426666666666666
10013.0	30.986666666666668
10088.0	46.49333333333333
10163.0	70.98666666666666
10238.0	87.10666666666667
10313.0	87.68
10388.0	79.02666666666667
10463.0	52.06666666666667
10538.0	43.85333333333333
10613.0	47.06666666666667
10688.0	39.373333333333335
10763.0	18.8
10838.0	0.0
10913.0	0.0
10988.0	7.933333333333334
11063.0	29.413333333333334
11138.0	51.2
11213.0	53.906666666666666
11288.0	46.986666666666665
11363.0	38.013333333333335
11438.0	16.986666666666668
11513.0	17.333333333333332
11588.0	13.88
11663.0	8.573333333333334
11738.0	1.4533333333333334
11813.0	1.0
11888.0	1.8266666666666667
11963.0	1.8266666666666667
12038.0	2.0
12113.0	19.88
12188.0	43.96
12263.0	47.946666666666665
12338.0	42.85333333333333
12413.0	37.32
12488.0	47.666666666666664
12563.0	71.58666666666667
12638.0	76.57333333333334
12713.0	83.28
12788.0	79.96
12863.0	72.34666666666666
12938.0	78.46666666666667
13013.0	80.58666666666667
13088.0	63.18666666666667
13163.0	51.84
13238.0	60.56
13313.0	56.45333333333333
13388.0	33.653333333333336
13463.0	0.0
13538.0	0.0
13613.0	20.253333333333334
13688.0	45.44
13763.0	56.89333333333333
13838.0	53.14666666666667
13913.0	53.56
13988.0	69.36
14063.0	85.41333333333333
14138.0	82.69333333333333
14213.0	85.88
14288.0	77.88
14363.0	73.38666666666667
14438.0	79.70666666666666
14513.0	68.77333333333333
14588.0	78.93333333333334
14663.0	66.34666666666666
14738.0	66.70666666666666
14813.0	64.56
14888.0	33.64
14963.0	3.7466666666666666
15038.0	4.0
15113.0	4.0
15188.0	2.4266666666666667
15263.0	0.52
15338.0	0.0
15413.0	0.0
15488.0	16.186666666666667
15563.0	35.2
15638.0	52.6
15713.0	54.45333333333333
15788.0	46.266666666666666
15863.0	43.93333333333333
15938.0	31.106666666666666
16013.0	37.36
16088.0	36.86666666666667
16163.0	33.653333333333336
16238.0	18.64
16313.0	15.226666666666667
16388.0	15.8
16463.0	18.973333333333333
16538.0	15.253333333333334
16613.0	17.466666666666665
16688.0	19.026666666666667
16763.0	11.0
16838.0	4.68
16913.0	0.0
16988.0	0.0
17063.0	21.88
17138.0	65.05333333333333
17213.0	95.30666666666667
17288.0	95.88
17363.0	74.68
17438.0	34.04
17513.0	2.0
17588.0	1.32
17663.0	6.52
17738.0	20.573333333333334
17813.0	32.053333333333335
17888.0	34.84
17963.0	38.85333333333333
18038.0	47.85333333333333
18113.0	44.653333333333336
18188.0	45.68
18263.0	38.04
18338.0	18.76
18413.0	0.0
18488.0	0.0
18563.0	1.1333333333333333
18638.0	29.2
18713.0	45.6
18788.0	48.85333333333333
18863.0	49.21333333333333
18938.0	27.066666666666666
19013.0	1.08
19088.0	0.0
19163.0	0.0
19238.0	4.613333333333333
19313.0	8.2
19388.0	12.666666666666666
19463.0	13.533333333333333
19538.0	18.346666666666668
19613.0	33.61333333333334
19688.0	41.946666666666665
19763.0	42.92
19838.0	38.373333333333335
19913.0	33.17333333333333
19988.0	28.973333333333333
20063.0	28.0
20138.0	24.133333333333333
20213.0	52.68
20288.0	51.8
20363.0	55.306666666666665
20438.0	51.56
20513.0	51.86666666666667
20588.0	43.96
20663.0	50.45333333333333
20738.0	44.36
20813.0	107.69333333333333
20888.0	141.04
20963.0	139.98666666666668
21038.0	132.18666666666667
21113.0	87.8
21188.0	39.346666666666664
21263.0	25.586666666666666
21338.0	22.866666666666667
21413.0	13.253333333333334
21488.0	0.6133333333333333
21563.0	0.0
21638.0	0.0
21713.0	0.0
21788.0	0.0
21863.0	0.0
21938.0	0.5733333333333334
22013.0	1.48
22088.0	2.0
22163.0	2.0
22238.0	1.8266666666666667
22313.0	0.9466666666666667
22388.0	0.0
22463.0	0.0
22538.0	22.72
22613.0	44.22666666666667
22688.0	50.973333333333336
22763.0	50.693333333333335
22838.0	31.946666666666665
22913.0	10.133333333333333
22988.0	2.0
23063.0	1.9733333333333334
23138.0	30.14666666666667
23213.0	55.346666666666664
23288.0	80.05333333333333
23363.0	76.13333333333334
23438.0	66.6
23513.0	56.86666666666667
23588.0	44.026666666666664
23663.0	39.64
23738.0	35.68
23813.0	29.773333333333333
23888.0	9.8
23963.0	10.386666666666667
24038.0	10.666666666666666
24113.0	25.64
24188.0	33.21333333333333
24263.0	37.13333333333333
24338.0	35.38666666666666
24413.0	33.54666666666667
24488.0	28.106666666666666
24563.0	32.32
24638.0	33.78666666666667
24713.0	21.293333333333333
24788.0	8.36
24863.0	0.0
24938.0	0.0
25013.0	24.746666666666666
25088.0	41.38666666666666
25163.0	47.38666666666666
25238.0	45.52
25313.0	58.12
25388.0	98.02666666666667
25463.0	137.88
25538.0	142.42666666666668
25613.0	140.14666666666668
25688.0	69.81333333333333
25763.0	47.946666666666665
25838.0	49.28
25913.0	53.093333333333334
25988.0	42.626666666666665
26063.0	42.373333333333335
26138.0	47.653333333333336
26213.0	55.093333333333334
26288.0	62.22666666666667
26363.0	46.0
26438.0	48.24
26513.0	45.17333333333333
26588.0	38.346666666666664
26663.0	34.84
26738.0	34.92
26813.0	27.186666666666667
26888.0	14.093333333333334
26963.0	0.0
27038.0	0.0
27113.0	4.293333333333333
27188.0	65.86666666666666
27263.0	109.48
27338.0	108.92
27413.0	96.34666666666666
27488.0	65.54666666666667
27563.0	24.053333333333335
27638.0	24.76
27713.0	20.56
27788.0	32.53333333333333
27863.0	61.38666666666666
27938.0	95.69333333333333
28013.0	105.45333333333333
28088.0	117.46666666666667
28163.0	123.76
28238.0	110.93333333333334
28313.0	119.89333333333333
28388.0	117.49333333333334
28463.0	105.05333333333333
28538.0	71.45333333333333
28613.0	62.693333333333335
28688.0	42.2
28763.0	21.0
28838.0	10.92
28913.0	11.346666666666666
28988.0	12.32
29063.0	15.213333333333333
29138.0	19.2
29213.0	19.106666666666666
29288.0	26.2
29363.0	32.25333333333333
29438.0	38.346666666666664
29513.0	39.973333333333336
29588.0	32.52
29663.0	21.48
29738.0	1.0
29813.0	1.0
29877.0	0.3018867924528302
