#Position (bp)	mapping quality
38.0	59.67946866878429
113.0	59.487392734283446
188.0	59.49596774193548
263.0	59.44485566247224
338.0	59.57343276036401
413.0	58.86463606938335
488.0	58.223323767284114
563.0	58.315027458811784
638.0	58.538011695906434
713.0	59.61838493109728
788.0	59.69103171709807
863.0	59.688833815227866
938.0	59.70169042094796
1013.0	59.414245548266166
1088.0	58.76906243588867
1163.0	58.905918701157084
1238.0	58.592142188961645
1313.0	57.15325003953819
1388.0	52.12253829321663
1463.0	52.49374478732277
1538.0	54.347417840375584
1613.0	58.86140805870074
1688.0	58.91199226305609
1763.0	58.732483627913524
1838.0	58.94681960375391
1913.0	59.35979513444302
1988.0	58.91438499790306
2063.0	58.87147335423197
2138.0	58.72031849850704
2213.0	58.47908745247148
2288.0	57.89381307591049
2363.0	54.21982192380674
2438.0	54.473845525132816
2513.0	53.89968368730231
2588.0	53.94279304542905
2663.0	52.362404741744285
2738.0	52.70368869071747
2813.0	53.70482629983679
2888.0	56.7875308605253
2963.0	56.345301343440156
3038.0	56.401278125416056
3113.0	56.48471828922957
3188.0	53.892781489327035
3263.0	48.45087773329227
3338.0	48.00639658848614
3413.0	48.74662398719616
3488.0	47.83652286733701
3563.0	39.87477638640429
3638.0	39.085331846068044
3713.0	36.37547249055019
3788.0	47.463784265656344
3863.0	50.9507722007722
3938.0	53.22248328212543
4013.0	53.600318561920474
4088.0	57.14770797962649
4163.0	53.41092429654151
4238.0	48.02781268872313
4313.0	48.900758045724835
4388.0	47.562315596703634
4463.0	42.0101537782356
4538.0	38.979971920575345
4613.0	38.39469808541973
4688.0	33.111184427581655
4763.0	27.9498383291095
4838.0	29.50230759635774
4913.0	27.923208116499758
4988.0	21.000159092114334
5063.0	11.012404961984794
5138.0	10.65590312815338
5213.0	14.864316042089717
5288.0	25.069765226915568
5363.0	30.64356039382054
5438.0	28.75931683632182
5513.0	29.681339119652822
5588.0	46.91641529629269
5663.0	51.00335874606814
5738.0	52.69287384189107
5813.0	50.10230403939732
5888.0	47.89411384913376
5963.0	27.864794096643656
6038.0	16.364341586398602
6113.0	18.520248263995576
6188.0	45.133140981873446
6263.0	51.16781157998037
6338.0	49.134983742716415
6413.0	49.17199903776762
6488.0	49.468971326947674
6563.0	41.048819516577296
6638.0	38.785593060531774
6713.0	36.7233352874237
6788.0	32.94650370667201
6863.0	22.69436923246947
6938.0	7.3678465616716045
7013.0	8.858035908991786
7088.0	6.113950118221341
7163.0	4.286728176011356
7238.0	3.070104754230459
7313.0	13.193321849741618
7388.0	30.27891127844853
7463.0	30.515816709790503
7538.0	29.727506426735218
7613.0	32.37518082652383
7688.0	42.97303159569084
7763.0	42.77817047310308
7838.0	41.33262879788639
7913.0	44.11645683453237
7988.0	45.3747283452344
8063.0	34.0619722446582
8138.0	35.96366481815398
8213.0	37.52147629653198
8288.0	40.64001753472698
8363.0	32.88879282394899
8438.0	31.369950683281257
8513.0	29.997814048382395
8588.0	31.008332749807437
8663.0	23.144306952728567
8738.0	17.720588235294116
8813.0	16.314428910577686
8888.0	26.002874153151303
8963.0	47.835181784796184
9038.0	48.54978923363969
9113.0	49.32141751779635
9188.0	49.51460736763458
9263.0	42.5743324285083
9338.0	36.5192978476023
9413.0	38.937728937728934
9488.0	49.093854115911874
9563.0	53.533623886235375
9638.0	52.40255498294258
9713.0	51.82691556666406
9788.0	50.77609572287962
9863.0	31.082570070931755
9938.0	8.785831659667702
10013.0	3.2951482479784366
10088.0	38.86952591402169
10163.0	51.801155123547574
10238.0	51.67696948716681
10313.0	51.3926406085454
10388.0	52.69325600777886
10463.0	41.671857643804586
10538.0	31.339532032287728
10613.0	33.77360842735149
10688.0	42.40423218467715
10763.0	41.462551949774515
10838.0	39.32773109243698
10913.0	39.92636125469093
10988.0	40.76429879910442
11063.0	38.08488032916723
11138.0	32.329327670154356
11213.0	33.51494983609814
11288.0	36.25011133873697
11363.0	47.9516057973634
11438.0	44.4900392613058
11513.0	44.09448818897638
11588.0	46.36600638977636
11663.0	45.559842423750155
11738.0	36.09709086019095
11813.0	33.95839437445063
11888.0	45.46009760885568
11963.0	49.25837537383319
12038.0	48.55696581836861
12113.0	48.89022096364125
12188.0	50.19988702829759
12263.0	40.79258491981284
12338.0	38.797855143319005
12413.0	41.87013249721857
12488.0	26.698662373049295
12563.0	17.752288172211966
12638.0	13.220825540428864
12713.0	27.764656516005275
12788.0	41.89231960672077
12863.0	44.10782069271102
12938.0	43.834084761045986
13013.0	46.64708371710936
13088.0	48.27947579145426
13163.0	49.87722233249213
13238.0	49.26761325490746
13313.0	49.63926945054095
13388.0	33.82944652027462
13463.0	4.936017696637079
13538.0	3.8383549907182637
13613.0	24.295440928155127
13688.0	41.66958726371127
13763.0	43.77194068279157
13838.0	44.01008048126169
13913.0	39.6735883575024
13988.0	34.8354404463326
14063.0	29.921074367524245
14138.0	32.91023804275953
14213.0	39.33005416848266
14288.0	42.74241411017304
14363.0	40.03095301429159
14438.0	38.898074441306875
14513.0	40.97938500518254
14588.0	37.977357282873946
14663.0	33.136731839031846
14738.0	32.95770496635064
14813.0	34.14926587984848
14888.0	32.98395407036655
14963.0	28.280100639560565
15038.0	24.911192317498088
15113.0	24.47928765001936
15188.0	39.87938596491228
15263.0	46.219463356027234
15338.0	45.78683784807077
15413.0	45.04060771229639
15488.0	48.423767900576884
15563.0	50.00357071529295
15638.0	49.120299315605386
15713.0	49.23605686611467
15788.0	49.21351826528619
15863.0	46.64944542210885
15938.0	36.25805357748389
16013.0	34.647123510537334
16088.0	37.75016194920744
16163.0	34.90465043462702
16238.0	10.852659110723627
16313.0	8.516659059790051
16388.0	9.339800592832121
16463.0	10.299612266478675
16538.0	6.727118163785775
16613.0	5.913115749768245
16688.0	7.700296735905044
16763.0	24.064225639282984
16838.0	36.66206896551724
16913.0	39.33667114421785
16988.0	41.07975130831507
17063.0	43.968094579488834
17138.0	49.50235452509322
17213.0	49.18897506996
17288.0	47.075886719824034
17363.0	48.298896357148784
17438.0	45.88385460552112
17513.0	39.99976359058618
17588.0	37.74053513641506
17663.0	40.81349858822729
17738.0	33.4592398550611
17813.0	17.610983064435313
17888.0	16.9048953186287
17963.0	20.108452198514676
18038.0	36.04152190251996
18113.0	39.53728628592216
18188.0	38.56848949734576
18263.0	38.74233710421538
18338.0	34.28046089727874
18413.0	25.15144595071519
18488.0	26.154807750468777
18563.0	26.57240156931472
18638.0	45.83768551251656
18713.0	46.51932281795111
18788.0	48.034897147500324
18863.0	48.16014445729763
18938.0	45.306979919819334
19013.0	32.46908315565032
19088.0	30.90736241681631
19163.0	29.622648469199557
19238.0	29.54455518778084
19313.0	4.2988699612076235
19388.0	0.4500054087188548
19463.0	0.638366701412602
19538.0	1.3008708014928025
19613.0	9.778007541661598
19688.0	11.996162902241213
19763.0	13.325587326777567
19838.0	15.5333567320932
19913.0	13.388991085326165
19988.0	7.235214967642724
20063.0	9.26693817104776
20138.0	9.050809603573423
20213.0	6.198696321530348
20288.0	0.8874973007989635
20363.0	0.9703504043126685
20438.0	0.9278906671461967
20513.0	32.46605652217641
20588.0	30.836810425951242
20663.0	35.09234828496042
20738.0	34.20522001319137
20813.0	40.445962999119025
20888.0	35.304003218068864
20963.0	30.88346390598769
21038.0	29.83641007989275
21113.0	29.99351234456659
21188.0	3.259269356597601
21263.0	0.5102186651422038
21338.0	0.5187196341811946
21413.0	1.781181160180426
21488.0	1.7771094870091269
21563.0	2.311953454342752
21638.0	5.483743061062649
21713.0	5.709859247783235
21788.0	1.8965638890848797
21863.0	2.283431455004205
21938.0	1.437917792632627
22013.0	1.0878661087866108
22088.0	4.907175112895133
22163.0	3.171514335990063
22238.0	3.386498006324763
22313.0	5.666875597928281
22388.0	0.15479088695904944
22463.0	0.15261627906976744
22538.0	11.648416170037871
22613.0	20.526315789473685
22688.0	24.30840574685245
22763.0	22.55882152356271
22838.0	23.09822548843879
22913.0	7.996589940323956
22988.0	4.766759448673665
23063.0	5.672252276025861
23138.0	25.46006239582888
23213.0	36.568758344459276
23288.0	38.79135338345865
23363.0	38.75764870425907
23438.0	40.546352518074215
23513.0	37.89425068577506
23588.0	29.424981111066927
23663.0	31.241940956905328
23738.0	33.29633973427626
23813.0	25.933452434122376
23888.0	16.125970664365834
23963.0	12.513618677042802
24038.0	14.201567144015131
24113.0	36.12676056338028
24188.0	42.09289495615837
24263.0	43.47573156542928
24338.0	40.96769700269719
24413.0	40.827551020408166
24488.0	20.97421649832524
24563.0	18.941761363636363
24638.0	18.806117414898864
24713.0	33.517197542199305
24788.0	39.034374693957496
24863.0	37.098263421792836
24938.0	37.88418708240535
25013.0	38.9365763982182
25088.0	23.487277540814826
25163.0	20.278940771753913
25238.0	19.41642827952595
25313.0	29.11344494124987
25388.0	34.360293482952095
25463.0	35.70949537907909
25538.0	35.728970893461245
25613.0	42.94327865848071
25688.0	42.37884422407178
25763.0	39.33259484907228
25838.0	40.933708008685656
25913.0	50.147999365717006
25988.0	59.63311609944485
26063.0	59.5585205533209
26138.0	59.39613526570049
26213.0	59.62658700522778
26288.0	59.80397281756404
26363.0	59.513303049967554
26438.0	59.59742351046699
26513.0	59.832289803220036
26588.0	59.91051629741557
26663.0	59.91060001146154
26738.0	59.90401794988989
26813.0	59.90636165756294
26888.0	59.88031596585016
26963.0	59.48944860449285
27038.0	59.52601643143038
27113.0	59.73011874775099
27188.0	59.930145002041215
27263.0	59.947350883038986
27338.0	59.925282616078796
27413.0	59.934839270199824
27488.0	59.907260573699745
27563.0	47.17948717948718
27638.0	48.721804511278194
27713.0	50.778688524590166
27788.0	59.366578691484925
27863.0	59.84051036682616
27938.0	59.84763839512443
28013.0	59.87497221604801
28088.0	59.9061757478524
28163.0	59.52412920953615
28238.0	58.454126518642646
28313.0	59.40210761475036
28388.0	59.62808520229911
28463.0	59.9130107324421
28538.0	59.86024273630011
28613.0	59.88134163062968
28688.0	59.873966552662054
28763.0	59.64381826816527
28838.0	55.609756097560975
28913.0	54.20849420849421
28988.0	59.79816212668198
29063.0	59.99552906110283
29138.0	60.0
29213.0	59.99592999593
29288.0	59.99733845926364
29363.0	60.0
29438.0	60.0
29513.0	60.0
29588.0	60.0
29663.0	60.0
29738.0	60.0
29813.0	60.0
29877.0	60.0
