#Insert size (bp)	insert size
2.0	1.0
8.0	1.0
9.0	2.0
12.0	1.0
13.0	1.0
19.0	3.0
20.0	2.0
21.0	1.0
22.0	1.0
23.0	1.0
27.0	2.0
33.0	2.0
35.0	1.0
38.0	2.0
39.0	1.0
42.0	1.0
43.0	1.0
44.0	2.0
47.0	1.0
48.0	2.0
49.0	1.0
50.0	1.0
51.0	1.0
54.0	3.0
55.0	1.0
56.0	1.0
57.0	1.0
59.0	4.0
60.0	2.0
63.0	1.0
65.0	1.0
69.0	1.0
71.0	1.0
73.0	4.0
74.0	3.0
75.0	2.0
76.0	3.0
78.0	2.0
79.0	4.0
80.0	4.0
81.0	3.0
82.0	8.0
83.0	3.0
84.0	5.0
85.0	3.0
86.0	2.0
87.0	2.0
88.0	1.0
89.0	3.0
90.0	5.0
91.0	4.0
92.0	1.0
93.0	3.0
94.0	2.0
95.0	3.0
96.0	4.0
97.0	5.0
98.0	5.0
99.0	5.0
100.0	200.0
101.0	220.0
102.0	240.0
103.0	258.0
104.0	259.0
105.0	303.0
106.0	327.0
107.0	314.0
108.0	304.0
109.0	239.0
110.0	258.0
111.0	212.0
112.0	262.0
113.0	289.0
114.0	339.0
115.0	310.0
116.0	324.0
117.0	310.0
118.0	279.0
119.0	299.0
120.0	255.0
121.0	274.0
122.0	238.0
123.0	285.0
124.0	347.0
125.0	329.0
126.0	350.0
127.0	359.0
128.0	330.0
129.0	321.0
130.0	294.0
131.0	290.0
132.0	283.0
133.0	284.0
134.0	359.0
135.0	361.0
136.0	378.0
137.0	414.0
138.0	397.0
139.0	379.0
140.0	344.0
141.0	346.0
142.0	317.0
143.0	314.0
144.0	332.0
145.0	400.0
146.0	400.0
147.0	413.0
148.0	418.0
149.0	380.0
150.0	383.0
151.0	343.0
152.0	382.0
153.0	371.0
154.0	334.0
155.0	384.0
156.0	394.0
157.0	409.0
158.0	411.0
159.0	427.0
160.0	382.0
161.0	371.0
162.0	375.0
163.0	390.0
164.0	375.0
165.0	380.0
166.0	416.0
167.0	464.0
168.0	484.0
169.0	431.0
170.0	434.0
171.0	421.0
172.0	372.0
173.0	419.0
174.0	375.0
175.0	420.0
176.0	423.0
177.0	460.0
178.0	434.0
179.0	485.0
180.0	474.0
181.0	442.0
182.0	429.0
183.0	416.0
184.0	439.0
185.0	412.0
186.0	430.0
187.0	452.0
188.0	466.0
189.0	513.0
190.0	458.0
191.0	490.0
192.0	497.0
193.0	456.0
194.0	445.0
195.0	419.0
196.0	507.0
197.0	479.0
198.0	479.0
199.0	530.0
200.0	499.0
201.0	502.0
202.0	502.0
203.0	486.0
204.0	461.0
205.0	462.0
206.0	505.0
207.0	486.0
208.0	495.0
209.0	521.0
210.0	502.0
211.0	541.0
212.0	491.0
213.0	539.0
214.0	480.0
215.0	466.0
216.0	468.0
217.0	504.0
218.0	497.0
219.0	550.0
220.0	543.0
221.0	512.0
222.0	585.0
223.0	529.0
224.0	531.0
225.0	505.0
226.0	520.0
227.0	506.0
228.0	546.0
229.0	560.0
230.0	557.0
231.0	579.0
232.0	550.0
233.0	554.0
234.0	557.0
235.0	502.0
236.0	540.0
237.0	498.0
238.0	545.0
239.0	560.0
240.0	530.0
241.0	593.0
242.0	586.0
243.0	584.0
244.0	543.0
245.0	566.0
246.0	528.0
247.0	535.0
248.0	556.0
249.0	574.0
250.0	557.0
251.0	585.0
252.0	598.0
253.0	592.0
254.0	581.0
255.0	574.0
256.0	559.0
257.0	549.0
258.0	558.0
259.0	556.0
260.0	581.0
261.0	603.0
262.0	620.0
263.0	563.0
264.0	603.0
265.0	607.0
266.0	586.0
267.0	568.0
268.0	582.0
269.0	625.0
270.0	628.0
271.0	588.0
272.0	618.0
273.0	589.0
274.0	610.0
275.0	608.0
276.0	604.0
277.0	616.0
278.0	550.0
279.0	617.0
280.0	604.0
281.0	590.0
282.0	627.0
283.0	592.0
284.0	642.0
285.0	582.0
286.0	617.0
287.0	571.0
288.0	598.0
289.0	614.0
290.0	604.0
291.0	565.0
292.0	577.0
293.0	624.0
294.0	579.0
295.0	601.0
296.0	596.0
297.0	574.0
298.0	605.0
299.0	565.0
300.0	594.0
301.0	587.0
302.0	611.0
303.0	618.0
304.0	585.0
305.0	591.0
306.0	598.0
307.0	621.0
308.0	611.0
309.0	560.0
310.0	584.0
311.0	568.0
312.0	583.0
313.0	628.0
314.0	619.0
315.0	605.0
316.0	569.0
317.0	596.0
318.0	565.0
319.0	648.0
320.0	578.0
321.0	535.0
322.0	595.0
323.0	539.0
324.0	603.0
325.0	579.0
326.0	545.0
327.0	568.0
328.0	552.0
329.0	580.0
330.0	591.0
331.0	547.0
332.0	556.0
333.0	515.0
334.0	539.0
335.0	555.0
336.0	506.0
337.0	563.0
338.0	508.0
339.0	508.0
340.0	517.0
341.0	517.0
342.0	503.0
343.0	525.0
344.0	511.0
345.0	537.0
346.0	523.0
347.0	507.0
348.0	470.0
349.0	458.0
350.0	536.0
351.0	484.0
352.0	452.0
353.0	478.0
354.0	488.0
355.0	461.0
356.0	478.0
357.0	452.0
358.0	468.0
359.0	466.0
360.0	444.0
361.0	431.0
362.0	413.0
363.0	379.0
364.0	423.0
365.0	389.0
366.0	392.0
367.0	397.0
368.0	350.0
369.0	346.0
370.0	374.0
371.0	353.0
372.0	382.0
373.0	342.0
374.0	336.0
375.0	340.0
376.0	317.0
377.0	331.0
378.0	347.0
379.0	278.0
380.0	306.0
381.0	284.0
382.0	291.0
383.0	289.0
384.0	275.0
385.0	294.0
386.0	256.0
387.0	274.0
388.0	273.0
389.0	257.0
390.0	240.0
391.0	284.0
392.0	248.0
393.0	268.0
394.0	246.0
395.0	240.0
396.0	259.0
397.0	256.0
398.0	247.0
399.0	229.0
400.0	226.0
401.0	235.0
402.0	255.0
403.0	264.0
404.0	233.0
405.0	249.0
406.0	209.0
407.0	239.0
408.0	226.0
409.0	227.0
410.0	233.0
411.0	207.0
412.0	223.0
413.0	239.0
414.0	228.0
415.0	225.0
416.0	226.0
417.0	213.0
418.0	231.0
419.0	227.0
420.0	192.0
421.0	211.0
422.0	211.0
423.0	220.0
424.0	205.0
425.0	209.0
426.0	205.0
427.0	176.0
428.0	207.0
429.0	240.0
430.0	215.0
431.0	223.0
432.0	230.0
433.0	215.0
434.0	201.0
435.0	217.0
436.0	208.0
437.0	215.0
438.0	202.0
439.0	216.0
440.0	198.0
441.0	224.0
442.0	218.0
443.0	163.0
444.0	198.0
445.0	171.0
446.0	188.0
447.0	194.0
448.0	194.0
449.0	191.0
450.0	192.0
451.0	173.0
452.0	183.0
453.0	169.0
454.0	171.0
455.0	179.0
456.0	148.0
457.0	170.0
458.0	151.0
459.0	150.0
460.0	149.0
461.0	172.0
462.0	178.0
463.0	154.0
464.0	176.0
465.0	155.0
466.0	144.0
467.0	163.0
468.0	138.0
469.0	132.0
470.0	182.0
471.0	136.0
472.0	135.0
473.0	133.0
474.0	136.0
475.0	127.0
476.0	135.0
477.0	147.0
478.0	155.0
479.0	150.0
480.0	135.0
481.0	143.0
482.0	133.0
483.0	140.0
484.0	156.0
485.0	158.0
486.0	122.0
487.0	149.0
488.0	125.0
489.0	128.0
490.0	122.0
491.0	128.0
492.0	116.0
493.0	130.0
494.0	116.0
495.0	113.0
496.0	103.0
497.0	126.0
498.0	124.0
499.0	143.0
500.0	110.0
501.0	117.0
502.0	109.0
503.0	111.0
504.0	106.0
505.0	109.0
506.0	98.0
507.0	117.0
508.0	100.0
509.0	117.0
510.0	92.0
511.0	112.0
512.0	102.0
513.0	105.0
514.0	114.0
515.0	88.0
516.0	76.0
517.0	86.0
518.0	83.0
519.0	94.0
520.0	94.0
521.0	93.0
522.0	90.0
523.0	92.0
524.0	89.0
525.0	93.0
526.0	90.0
527.0	79.0
528.0	82.0
529.0	81.0
530.0	95.0
531.0	107.0
532.0	89.0
533.0	79.0
534.0	85.0
535.0	81.0
536.0	78.0
537.0	91.0
538.0	78.0
539.0	72.0
540.0	85.0
541.0	72.0
542.0	79.0
543.0	63.0
544.0	85.0
545.0	71.0
546.0	72.0
547.0	86.0
548.0	90.0
549.0	76.0
550.0	80.0
551.0	67.0
552.0	82.0
553.0	69.0
554.0	60.0
555.0	71.0
556.0	76.0
557.0	68.0
558.0	76.0
559.0	64.0
560.0	57.0
561.0	69.0
562.0	62.0
563.0	59.0
564.0	67.0
565.0	59.0
566.0	68.0
567.0	58.0
568.0	56.0
569.0	52.0
570.0	52.0
571.0	53.0
572.0	58.0
573.0	42.0
574.0	48.0
575.0	56.0
576.0	51.0
577.0	64.0
578.0	55.0
579.0	41.0
580.0	59.0
581.0	38.0
582.0	59.0
583.0	49.0
584.0	43.0
585.0	42.0
586.0	45.0
587.0	49.0
588.0	46.0
589.0	46.0
590.0	36.0
591.0	37.0
592.0	43.0
593.0	47.0
594.0	50.0
595.0	39.0
596.0	50.0
597.0	44.0
598.0	39.0
599.0	49.0
600.0	38.0
601.0	47.0
602.0	40.0
603.0	43.0
604.0	23.0
605.0	34.0
606.0	33.0
607.0	39.0
608.0	33.0
609.0	29.0
610.0	38.0
611.0	44.0
612.0	29.0
613.0	21.0
614.0	31.0
615.0	36.0
616.0	42.0
617.0	26.0
618.0	26.0
619.0	35.0
620.0	24.0
621.0	24.0
622.0	23.0
623.0	26.0
624.0	27.0
625.0	25.0
626.0	30.0
627.0	27.0
628.0	32.0
629.0	31.0
630.0	24.0
631.0	25.0
632.0	28.0
633.0	24.0
634.0	17.0
635.0	22.0
636.0	23.0
637.0	25.0
638.0	14.0
639.0	24.0
640.0	32.0
641.0	15.0
642.0	16.0
643.0	29.0
644.0	11.0
645.0	24.0
646.0	22.0
647.0	19.0
648.0	15.0
649.0	17.0
650.0	17.0
651.0	15.0
652.0	21.0
653.0	12.0
654.0	16.0
655.0	21.0
656.0	19.0
657.0	9.0
658.0	14.0
659.0	17.0
660.0	19.0
661.0	18.0
662.0	12.0
663.0	14.0
664.0	13.0
665.0	4.0
666.0	13.0
667.0	13.0
668.0	15.0
669.0	15.0
670.0	10.0
671.0	11.0
672.0	10.0
673.0	9.0
674.0	8.0
675.0	12.0
676.0	9.0
677.0	4.0
678.0	6.0
679.0	7.0
680.0	7.0
681.0	11.0
682.0	9.0
683.0	10.0
684.0	15.0
685.0	10.0
686.0	11.0
687.0	9.0
688.0	5.0
689.0	15.0
690.0	5.0
691.0	11.0
692.0	7.0
693.0	12.0
694.0	5.0
695.0	10.0
696.0	10.0
697.0	11.0
698.0	8.0
699.0	8.0
700.0	9.0
701.0	12.0
702.0	10.0
703.0	10.0
704.0	6.0
705.0	6.0
706.0	11.0
707.0	16.0
708.0	6.0
709.0	8.0
710.0	5.0
711.0	10.0
712.0	7.0
713.0	8.0
714.0	7.0
715.0	8.0
716.0	3.0
717.0	7.0
718.0	1.0
