#Position (bp)	insert size
38.0	17666.142201834864
113.0	0.0
188.0	0.0
263.0	0.0
338.0	391.48275862068965
413.0	0.0
488.0	0.0
563.0	0.0
638.0	378.0
713.0	1545.0
788.0	0.0
863.0	0.0
938.0	376.875
1013.0	353.5
1088.0	0.0
1163.0	0.0
1238.0	691.0888888888888
1313.0	350.0
1388.0	0.0
1463.0	0.0
1538.0	387.73333333333335
1613.0	386.1666666666667
1688.0	0.0
1763.0	0.0
1838.0	392.39285714285717
1913.0	381.1111111111111
1988.0	0.0
2063.0	0.0
2138.0	0.0
2213.0	399.375
2288.0	0.0
2363.0	0.0
2438.0	0.0
2513.0	381.27941176470586
2588.0	352.0
2663.0	0.0
2738.0	0.0
2813.0	371.0
2888.0	352.94117647058823
2963.0	0.0
3038.0	0.0
3113.0	384.5925925925926
3188.0	377.3333333333333
3263.0	0.0
3338.0	0.0
3413.0	0.0
3488.0	385.2325581395349
3563.0	0.0
3638.0	205.0
3713.0	424.0
3788.0	380.5769230769231
3863.0	0.0
3938.0	0.0
4013.0	376.75
4088.0	369.5
4163.0	0.0
4238.0	0.0
4313.0	384.5
4388.0	0.0
4463.0	0.0
4538.0	0.0
4613.0	379.61538461538464
4688.0	0.0
4763.0	0.0
4838.0	0.0
4913.0	378.1304347826087
4988.0	360.2
5063.0	0.0
5138.0	0.0
5213.0	0.0
5288.0	373.9047619047619
5363.0	0.0
5438.0	0.0
5513.0	0.0
5588.0	385.21875
5663.0	0.0
5738.0	0.0
5813.0	456.0
5888.0	406.27272727272725
5963.0	345.0
6038.0	0.0
6113.0	0.0
6188.0	371.5
6263.0	0.0
6338.0	0.0
6413.0	425.0
6488.0	395.3953488372093
6563.0	331.0
6638.0	0.0
6713.0	380.57575757575756
6788.0	350.5833333333333
6863.0	0.0
6938.0	0.0
7013.0	369.35714285714283
7088.0	349.03225806451616
7163.0	0.0
7238.0	0.0
7313.0	381.06060606060606
7388.0	0.0
7463.0	0.0
7538.0	0.0
7613.0	385.3636363636364
7688.0	369.0
7763.0	0.0
7838.0	0.0
7913.0	387.7291666666667
7988.0	384.0
8063.0	0.0
8138.0	0.0
8213.0	399.5769230769231
8288.0	394.0857142857143
8363.0	0.0
8438.0	0.0
8513.0	175.0
8588.0	379.3137254901961
8663.0	0.0
8738.0	0.0
8813.0	158.0
8888.0	377.2962962962963
8963.0	0.0
9038.0	0.0
9113.0	0.0
9188.0	375.5
9263.0	0.0
9338.0	0.0
9413.0	0.0
9488.0	376.7857142857143
9563.0	0.0
9638.0	0.0
9713.0	0.0
9788.0	381.125
9863.0	0.0
9938.0	0.0
10013.0	4774.8
10088.0	378.2962962962963
10163.0	0.0
10238.0	0.0
10313.0	0.0
10388.0	394.5151515151515
10463.0	0.0
10538.0	0.0
10613.0	0.0
10688.0	399.2857142857143
10763.0	0.0
10838.0	0.0
10913.0	0.0
10988.0	391.04761904761904
11063.0	0.0
11138.0	0.0
11213.0	0.0
11288.0	382.52
11363.0	0.0
11438.0	0.0
11513.0	0.0
11588.0	388.2083333333333
11663.0	397.0
11738.0	0.0
11813.0	0.0
11888.0	386.16
11963.0	0.0
12038.0	0.0
12113.0	375.27272727272725
12188.0	0.0
12263.0	0.0
12338.0	0.0
12413.0	381.48387096774195
12488.0	0.0
12563.0	0.0
12638.0	0.0
12713.0	379.6875
12788.0	0.0
12863.0	0.0
12938.0	0.0
13013.0	0.0
13088.0	0.0
13163.0	0.0
13238.0	0.0
13313.0	382.0
13388.0	0.0
13463.0	0.0
13538.0	0.0
13613.0	380.3
13688.0	0.0
13763.0	0.0
13838.0	0.0
13913.0	379.5
13988.0	0.0
14063.0	0.0
14138.0	0.0
14213.0	386.9130434782609
14288.0	0.0
14363.0	0.0
14438.0	0.0
14513.0	376.7
14588.0	368.0
14663.0	0.0
14738.0	0.0
14813.0	399.0
14888.0	545.5833333333334
14963.0	0.0
15038.0	0.0
15113.0	0.0
15188.0	380.71794871794873
15263.0	0.0
15338.0	0.0
15413.0	0.0
15488.0	397.12
15563.0	360.0
15638.0	0.0
15713.0	0.0
15788.0	0.0
15863.0	374.38709677419354
15938.0	0.0
16013.0	0.0
16088.0	382.22222222222223
16163.0	366.0833333333333
16238.0	0.0
16313.0	0.0
16388.0	406.4642857142857
16463.0	384.2307692307692
16538.0	0.0
16613.0	0.0
16688.0	467.0
16763.0	392.46666666666664
16838.0	0.0
16913.0	0.0
16988.0	0.0
17063.0	379.72972972972974
17138.0	0.0
17213.0	0.0
17288.0	0.0
17363.0	374.0
17438.0	360.0
17513.0	0.0
17588.0	0.0
17663.0	381.65384615384613
17738.0	342.0
17813.0	0.0
17888.0	472.0
17963.0	373.96666666666664
18038.0	334.3333333333333
18113.0	0.0
18188.0	192.0
18263.0	400.0208333333333
18338.0	363.0
18413.0	0.0
18488.0	0.0
18563.0	375.39130434782606
18638.0	360.1
18713.0	0.0
18788.0	0.0
18863.0	390.38709677419354
18938.0	379.2307692307692
19013.0	0.0
19088.0	0.0
19163.0	0.0
19238.0	386.6
19313.0	339.5
19388.0	0.0
19463.0	0.0
19538.0	369.5681818181818
19613.0	355.6666666666667
19688.0	0.0
19763.0	0.0
19838.0	397.0
19913.0	375.5
19988.0	0.0
20063.0	0.0
20138.0	385.0
20213.0	374.5238095238095
20288.0	0.0
20363.0	212.5
20438.0	415.0769230769231
20513.0	399.15
20588.0	319.3333333333333
20663.0	0.0
20738.0	0.0
20813.0	372.19354838709677
20888.0	305.5
20963.0	0.0
21038.0	380.0
21113.0	355.6
21188.0	0.0
21263.0	0.0
21338.0	379.9142857142857
21413.0	367.0
21488.0	0.0
21563.0	192.0
21638.0	376.3529411764706
21713.0	0.0
21788.0	259.0
21863.0	0.0
21938.0	379.0740740740741
22013.0	0.0
22088.0	0.0
22163.0	0.0
22238.0	383.4516129032258
22313.0	0.0
22388.0	0.0
22463.0	404.0
22538.0	383.8181818181818
22613.0	0.0
22688.0	0.0
22763.0	410.6
22838.0	401.6666666666667
22913.0	0.0
22988.0	0.0
23063.0	0.0
23138.0	397.5882352941176
23213.0	0.0
23288.0	0.0
23363.0	0.0
23438.0	399.64
23513.0	0.0
23588.0	265.0
23663.0	0.0
23738.0	420.0
23813.0	367.8536585365854
23888.0	0.0
23963.0	0.0
24038.0	0.0
24113.0	372.97222222222223
24188.0	0.0
24263.0	0.0
24338.0	0.0
24413.0	384.61290322580646
24488.0	0.0
24563.0	0.0
24638.0	0.0
24713.0	375.4736842105263
24788.0	0.0
24863.0	0.0
24938.0	407.0
25013.0	380.25
25088.0	0.0
25163.0	0.0
25238.0	414.0
25313.0	376.0487804878049
25388.0	2152.0
25463.0	0.0
25538.0	431.0
25613.0	379.95238095238096
25688.0	0.0
25763.0	0.0
25838.0	0.0
25913.0	407.0
25988.0	0.0
26063.0	0.0
26138.0	171.0
26213.0	383.1363636363636
26288.0	336.5
26363.0	0.0
26438.0	123.0
26513.0	410.40625
26588.0	332.0
26663.0	0.0
26738.0	0.0
26813.0	368.3225806451613
26888.0	348.8333333333333
26963.0	0.0
27038.0	1401.5
27113.0	398.69565217391306
27188.0	350.0
27263.0	0.0
27338.0	0.0
27413.0	391.4
27488.0	379.025
27563.0	0.0
27638.0	199.0
27713.0	461.0
27788.0	381.6296296296296
27863.0	0.0
27938.0	203.0
28013.0	0.0
28088.0	376.962962962963
28163.0	0.0
28238.0	204.66666666666666
28313.0	0.0
28388.0	369.75
28463.0	0.0
28538.0	0.0
28613.0	0.0
28688.0	356.3333333333333
28763.0	0.0
28838.0	0.0
28913.0	0.0
28988.0	382.14814814814815
29063.0	0.0
29138.0	0.0
29213.0	0.0
29288.0	396.12
29363.0	0.0
29438.0	0.0
29513.0	380.0
29588.0	0.0
29663.0	0.0
29738.0	0.0
29813.0	0.0
29877.0	0.0
