# Position (bp)	A	C	G	T	N
0.0	57.56059267981553	8.929447551761358	13.217544892552253	20.29241487587087	0.0
1.0	13.760298156139664	54.63907414672421	17.045900353079638	14.554727344056491	0.0
2.0	20.860991800078093	49.345958609918	12.290121046466224	17.50292854353768	0.0
3.0	55.4054054054054	13.513513513513514	13.017693952945752	18.06338712813533	0.0
4.0	56.576646590246746	10.695550806294928	12.997862832718088	19.729939770740238	0.0
5.0	17.601941747572816	50.262135922330096	13.106796116504855	19.02912621359223	0.0
6.0	17.61110032990491	51.92121094508053	12.681932854647778	17.785755870366778	0.0
7.0	57.0874163190065	13.408363248277869	13.20461822062676	16.29960221208887	0.0
8.0	58.10640565946312	13.974222308363213	10.689020253900573	17.23035177827309	0.0
9.0	19.06053268765133	49.85956416464891	12.261501210653753	18.818401937046005	0.0
10.0	17.095837366892546	9.912875121006778	14.675701839303002	58.315585672797674	0.0
11.0	18.29787234042553	13.123791102514506	11.37330754352031	57.20502901353966	0.0
12.0	16.44113667117727	11.202397061666344	13.966750434950706	58.38971583220568	0.0
13.0	17.443768703542816	48.952601602471276	13.447243942465489	20.156385751520418	0.0
14.0	16.722891566265062	12.510843373493977	52.00963855421686	18.756626506024094	0.0
15.0	53.01529287294412	13.830912763297103	14.196402808502453	18.957391555256322	0.0
16.0	16.357698588031887	13.178369032753817	13.975602727883969	56.488329651330325	0.0
17.0	18.439716312056735	48.399463293080316	14.174813110983322	18.986007283879623	0.0
18.0	15.835805186106594	12.515548751315663	15.778394412017988	55.87025165055975	0.0
19.0	18.92021022455805	50.70234113712374	12.135690396559962	18.24175824175824	0.0
20.0	19.129854021562828	12.613300257609005	13.06173075088255	55.195114969945614	0.0
21.0	16.974485910129474	13.670982482863673	14.918126428027417	54.43640517897944	0.0
22.0	17.98233114847535	11.209271397359172	49.90025648332858	20.908140970836893	0.0
23.0	17.71683431391156	14.139305371038146	14.120326437654205	54.02353387739609	0.0
24.0	55.60291749550061	9.557639480913139	12.778251397177229	22.06119162640902	0.0
25.0	18.72634367903104	12.367524602573807	48.5333080999243	20.372823618470857	0.0
26.0	55.2017386374374	13.030331663989417	12.09486912973637	19.673060568836814	0.0
27.0	16.076654394411406	15.208156329651656	10.52581893703389	58.189370338903046	0.0
28.0	17.84705217555095	47.899792804671314	9.370879638349972	24.882275381427764	0.0
29.0	20.89762890477983	10.923974407226195	10.641701166729394	57.53669552126458	0.0
30.0	19.525391551969626	12.026578073089702	46.89131466540105	21.55671570953963	0.0
31.0	20.011473372215317	9.857538961659815	11.76976766421264	58.36122000191223	0.0
32.0	17.010607521697203	11.272902603664416	13.288331726133077	58.428158148505304	0.0
33.0	20.347126887625024	48.81349284173368	10.77662286722887	20.062757403412434	0.0
34.0	20.349181298086407	11.678832116788321	12.250937068455316	55.72104951666995	0.0
35.0	17.931444422429166	49.18763621953636	13.146423617990886	19.734495740043588	0.0
36.0	17.76407400039785	11.428287248856178	12.97990849413169	57.82773025661429	0.0
37.0	54.17373092649845	12.326717861773211	14.211628602772514	19.287922608955817	0.0
38.0	55.745917242761244	13.185051598036267	10.990882677086464	20.07814848211602	0.0
39.0	58.262093935431956	13.064467464547924	8.317409232625968	20.356029367394147	0.0
40.0	16.440986257073565	51.68755052546483	12.752627324171382	19.118835893290218	0.0
41.0	17.069440195778526	9.584990313041706	54.31834403997144	19.02722545120832	0.0
42.0	58.07177180247418	11.54278703609038	11.34853286984971	19.03690829158573	0.0
43.0	60.633250825082506	10.066006600660065	11.77805280528053	17.5226897689769	0.0
44.0	18.920608460095853	52.375494894769744	10.106272140029173	18.59762450510523	0.0
45.0	31.602743997505456	14.85812285625195	14.593077642656688	38.94605550358591	0.0
46.0	27.785491148906626	18.569940992710865	21.1037834085387	32.5407844498438	0.0
47.0	32.25863284002819	18.28752642706131	18.234672304439748	31.219168428470756	0.0
48.0	26.545194712397286	19.149696320114327	19.39978563772776	34.90532332976063	0.0
49.0	25.233309404163673	20.80043072505384	21.590093323761668	32.376166547020816	0.0
50.0	25.500090106325462	25.301856190304562	19.24671111912056	29.951342584249414	0.0
51.0	30.168814666908695	19.894717734616084	16.627337084770375	33.30913051370485	0.0
52.0	28.166178623718885	18.594436310395317	19.01537335285505	34.22401171303074	0.0
53.0	31.576987525600448	19.568050642338484	22.69595978402532	26.159002048035745	0.0
54.0	29.57140183417556	23.638405390230208	18.67864495601722	28.111547819577016	0.0
55.0	30.388093443858327	18.10474755086662	19.00904295403165	32.49811605124341	0.0
56.0	28.856762412022064	19.99239109758417	19.64999048887198	31.500856001521782	0.0
57.0	32.136033626289645	17.520061138708446	19.870080244554835	30.473824990447078	0.0
58.0	29.022324865280986	19.361046959199385	20.150115473441108	31.466512702078518	0.0
59.0	25.11202026105591	21.293590492889148	22.209234365867914	31.385154880187027	0.0
60.0	29.07843137254902	17.725490196078432	20.980392156862745	32.2156862745098	0.0
61.0	29.574132492113563	17.685331230283914	22.850946372239747	29.889589905362772	0.0
62.0	29.282868525896415	20.776892430278885	21.394422310756973	28.54581673306773	0.0
63.0	32.34646929385877	18.02360472094419	18.823764752950588	30.80616123224645	0.0
64.0	27.648839556004035	21.089808274470233	21.81634712411705	29.445005045408678	0.0
65.0	30.7739183424741	17.794028031687994	20.02843794434288	31.403615681495022	0.0
66.0	28.241780682050234	17.459669185215436	22.136001633653258	32.16254849908107	0.0
67.0	30.224418365246038	16.821082973028616	19.60057648754375	33.35392217418159	0.0
68.0	25.80578082761489	19.31794551881888	19.234768143065086	35.64150551050114	0.0
69.0	27.735690235690235	19.80218855218855	23.61111111111111	28.8510101010101	0.0
70.0	29.104794229953328	22.12558336868901	19.155706406448875	29.613915994908783	0.0
71.0	28.10833866496055	20.601407549584135	20.23885689912561	31.05139688632971	0.0
72.0	27.340743907652843	18.832834544677212	19.96579734929457	33.86062419837537	0.0
73.0	28.629989212513486	20.086299892125133	20.0	31.283710895361384	0.0
74.0	30.07404181184669	17.878919860627178	23.08362369337979	28.96341463414634	0.0
75.0	29.81842047691971	20.017501640778825	22.00831327936994	28.155764602931526	0.0
76.0	29.839242457608457	19.973574102620567	17.507157013873595	32.68002642589738	0.0
77.0	30.48081164534627	21.261579179532422	18.10763123070137	30.149977944419938	0.0
78.0	28.150609080841637	20.730897009966778	20.642303433001107	30.476190476190478	0.0
79.0	27.50333778371162	23.186470850022253	18.024032042723633	31.2861593235425	0.0
80.0	29.863443026639803	18.58070293261697	19.610476830087308	31.945377210655924	0.0
81.0	28.768050541516242	18.52436823104693	18.61462093862816	34.09296028880867	0.0
82.0	31.762573629361125	19.664703217036703	19.86859990937925	28.704123244222927	0.0
83.0	29.244424214838418	18.980427856167502	20.141101502048247	31.634046426945833	0.0
84.0	29.789666209419295	18.975765889346135	19.272976680384087	31.961591220850483	0.0
85.0	32.24018475750577	17.875288683602772	20.46189376443418	29.422632794457275	0.0
86.0	29.633947307064584	17.929587316390766	23.058988109116342	29.377477267428304	0.0
87.0	30.375586854460096	18.427230046948356	21.901408450704228	29.295774647887324	0.0
88.0	32.75047258979206	19.187145557655956	16.918714555765597	31.143667296786386	0.0
89.0	31.476653235363834	18.677411708935768	17.089357667693765	32.75657738800663	0.0
90.0	30.597192481560793	17.32096121817749	19.034023316678564	33.04782298358315	0.0
91.0	29.16368834882059	20.395520609959494	16.869192280200142	33.57159876101978	0.0
92.0	29.966571155682903	18.529130850047757	18.31423113658071	33.190066857688635	0.0
93.0	32.215568862275454	18.44311377245509	18.44311377245509	30.898203592814372	0.0
94.0	30.16826923076923	16.39423076923077	20.673076923076923	32.76442307692308	0.0
95.0	29.87951807228916	17.2289156626506	21.132530120481928	31.75903614457831	0.0
96.0	29.28900752244601	17.131764134918708	21.087114777966512	32.49211356466877	0.0
97.0	30.581933284635987	19.38154370586803	18.821524226929633	31.21499878256635	0.0
98.0	31.509526135808503	20.835368832437716	18.392769907181243	29.262335124572548	0.0
99.0	31.979320531757754	19.177744953225012	18.85770556376169	29.98522895125554	0.0
100.0	34.06048587010411	14.675260287555774	19.112543381259293	32.15171046108081	0.0
101.0	32.55872063968016	18.990504747626186	19.04047976011994	29.410294852573713	0.0
102.0	31.171442936148818	16.59125188536953	22.021116138763198	30.21618903971845	0.0
103.0	29.08034360788277	19.327943405760482	19.883779686710458	31.707933299646285	0.0
104.0	28.16937119675456	18.58519269776876	21.22210953346856	32.023326572008116	0.0
105.0	29.75796178343949	19.872611464968156	19.286624203821656	31.0828025477707	0.0
106.0	28.54950115118956	18.00972115630596	19.80046047582502	33.640317216679456	0.0
107.0	30.82068433239002	18.8834576794443	19.680987908412657	30.61487007975302	0.0
108.0	34.170984455958546	19.041450777202073	16.295336787564768	30.49222797927461	0.0
109.0	28.55656697009103	19.219765929778934	20.598179453836153	31.625487646293887	0.0
110.0	24.633891213389123	21.234309623430963	20.972803347280337	33.15899581589959	0.0
111.0	29.244538036325352	18.926033166622798	19.347196630692288	32.48223216635957	0.0
112.0	25.843881856540087	18.908227848101266	21.387130801687764	33.860759493670884	0.0
113.0	27.923627684964202	20.975868469901883	18.64226995491912	32.4582338902148	0.0
114.0	31.57754722000532	16.600159616919395	20.13833466347433	31.683958499600955	0.0
115.0	27.975394490505483	20.112329499866274	18.694838192029955	33.21743781759829	0.0
116.0	29.564983888292158	18.9312567132116	19.387755102040817	32.11600429645542	0.0
117.0	31.67701863354037	16.824196597353495	18.498514717796382	33.00027005130975	0.0
118.0	27.58433079434168	15.968443960826987	22.33405875952122	34.11316648531012	0.0
119.0	23.989071038251367	21.693989071038253	26.50273224043716	27.814207650273225	0.0
120.0	28.57142857142857	21.497120921305182	21.524540718398683	28.406909788867562	0.0
121.0	29.807692307692307	18.269230769230766	18.763736263736263	33.15934065934066	0.0
122.0	27.36290989253238	18.87572333976302	21.796638192339486	31.964728575365115	0.0
123.0	32.04205866076369	18.428334255672386	18.92639734366353	30.60320973990039	0.0
124.0	32.47006404901141	17.43247006404901	20.384294068504595	29.713171818434976	0.0
125.0	27.82608695652174	19.4109396914446	21.73913043478261	31.023842917251056	0.0
126.0	29.91549295774648	19.43661971830986	19.295774647887324	31.352112676056336	0.0
127.0	27.102803738317753	20.447465307278392	22.7131124327386	29.73661852166525	0.0
128.0	29.542223485925508	19.647426784191072	20.102359965880012	30.70798976400341	0.0
129.0	29.512403763900767	19.560878243512974	18.04961505560308	32.87710293698318	0.0
130.0	30.414878397711014	19.45636623748212	17.02432045779685	33.10443490701002	0.0
131.0	31.26079447322971	18.998272884283246	19.602763385146805	30.13816925734024	0.0
132.0	28.393632416787263	20.02894356005789	20.839363241678726	30.738060781476122	0.0
133.0	29.088785046728972	20.035046728971963	20.940420560747665	29.935747663551403	0.0
134.0	25.91830737584484	20.305612694681162	21.187187775492212	32.58889215398178	0.0
135.0	27.075919335705812	17.319098457888494	20.077105575326215	35.52787663107948	0.0
136.0	25.536352800953516	19.10011918951132	20.887961859356377	34.475566150178786	0.0
137.0	29.960972680876612	16.721705193635543	19.813869708796158	33.50345241669169	0.0
138.0	30.30211480362538	18.398791540785496	19.818731117824772	31.48036253776435	0.0
139.0	28.988149498632637	17.6238225463385	20.72318444241872	32.66484351261015	0.0
140.0	27.53667481662592	18.45965770171149	20.293398533007334	33.71026894865526	0.0
141.0	29.56923076923077	18.4	20.43076923076923	31.6	0.0
142.0	30.145917416951256	15.55417572182552	18.44147780192487	35.85842905929835	0.0
143.0	32.71817328745699	19.45573975602127	18.986549890522365	28.839537065999377	0.0
144.0	28.968128747238875	18.36541495739981	19.028084569264752	33.63837172609656	0.0
145.0	28.49428208386277	19.37738246505718	18.77382465057179	33.35451080050826	0.0
146.0	29.900863447393668	19.50751519027822	18.228333866325553	32.363287496002556	0.0
147.0	29.707112970711297	19.279047312520113	17.79851947215964	33.21532024460895	0.0
148.0	25.1621271076524	21.78988326848249	19.32555123216602	33.72243839169909	0.0
149.0	29.659908436886855	20.14388489208633	19.06474820143885	31.131458469587965	0.0
150.0	28.834759710335746	19.947333772218563	17.906517445687953	33.31138907175774	0.0
151.0	29.085506767910204	18.223836249587322	20.666886761307364	32.023770221195115	0.0
152.0	28.158244680851062	20.246010638297875	18.849734042553195	32.746010638297875	0.0
153.0	29.162495829162495	20.353687020353686	18.651985318651985	31.83183183183183	0.0
154.0	31.18099698895952	16.3265306122449	19.50485112077618	32.987621278019404	0.0
155.0	30.23255813953488	20.82912032355915	17.391304347826086	31.547017189079877	0.0
156.0	33.70786516853933	15.798433775961865	18.011576438542733	32.48212461695608	0.0
157.0	28.46840659340659	19.36813186813187	20.22664835164835	31.936813186813183	0.0
158.0	26.631944444444443	23.020833333333332	17.743055555555557	32.604166666666664	0.0
159.0	34.54418442193503	15.368494586098496	18.68669228082431	31.400628711142158	0.0
160.0	26.69252468265162	19.992947813822283	21.614950634696754	31.69957686882934	0.0
161.0	27.027984413744242	18.420120439249025	23.20226709174637	31.34962805526036	0.0
162.0	30.64861012116892	18.4248039914469	20.028510334996437	30.898075552387738	0.0
163.0	28.893662728249193	18.689581095596132	17.65127103472968	34.76548514142499	0.0
164.0	29.092880375858332	16.046259486808818	22.696060715576436	32.16479942175641	0.0
165.0	30.44267053701016	16.65457184325109	22.13352685050798	30.76923076923077	0.0
166.0	27.15689843465599	21.07753913360029	21.332362577357117	30.433199854386604	0.0
167.0	26.98936560322699	18.848551521818848	22.882288228822883	31.279794646131283	0.0
168.0	28.412874583795784	19.163891971883093	19.20088790233074	33.222345541990386	0.0
169.0	26.59455427079448	18.202163371876164	20.216337187616563	34.9869451697128	0.0
170.0	29.409552463332076	18.804061677322302	17.90146671681083	33.884919142534784	0.0
171.0	30.623818525519848	18.336483931947072	16.181474480151227	34.85822306238185	0.0
172.0	32.304761904761904	19.657142857142855	16.419047619047618	31.61904761904762	0.0
173.0	27.38414400612792	18.766756032171582	21.37112217541172	32.47797778628878	0.0
174.0	30.038610038610038	19.07335907335907	18.61003861003861	32.277992277992276	0.0
175.0	26.44080996884735	20.093457943925234	21.22274143302181	32.242990654205606	0.0
176.0	28.958742632612967	18.428290766208253	19.174852652259332	33.43811394891945	0.0
177.0	29.209486166007903	20.909090909090907	19.130434782608695	30.750988142292492	0.0
178.0	26.374501992031874	20.318725099601593	21.832669322709165	31.47410358565737	0.0
179.0	23.7807335751713	19.145505844417574	25.55421201128577	31.519548569125355	0.0
180.0	30.26369168356998	16.064908722109532	20.973630831643003	32.697768762677484	0.0
181.0	29.293344289235822	20.624486442070666	18.405916187345934	31.67625308134758	0.0
182.0	32.653910149750416	19.34276206322795	19.675540765391013	28.32778702163062	0.0
183.0	28.60738255033557	20.595637583892618	21.60234899328859	29.194630872483224	0.0
184.0	27.933673469387756	20.493197278911566	18.962585034013603	32.61054421768708	0.0
185.0	26.937901498929335	22.569593147751608	22.91220556745182	27.580299785867236	0.0
186.0	32.857760484219625	15.693904020752269	21.227842628620838	30.220492866407263	0.0
187.0	30.933682373472948	20.855148342059337	18.760907504363004	29.450261780104714	0.0
188.0	27.440633245382585	20.932277924362356	20.71240105540897	30.914687774846083	0.0
189.0	30.20044543429844	20.22271714922049	19.020044543429844	30.556792873051226	0.0
190.0	31.298055178652195	17.774762550881952	18.99592944369064	31.931252826775214	0.0
191.0	27.27686703096539	22.22222222222222	20.173041894353368	30.327868852459016	0.0
192.0	32.0902394106814	20.073664825046038	19.567219152854513	28.268876611418047	0.0
193.0	29.392523364485985	19.065420560747665	20.373831775700936	31.16822429906542	0.0
194.0	28.83522727272727	20.075757575757574	22.727272727272727	28.361742424242426	0.0
195.0	29.148629148629148	21.741221741221743	18.374218374218373	30.735930735930733	0.0
196.0	29.699612403100772	19.767441860465116	19.040697674418606	31.492248062015506	0.0
197.0	28.183613030602174	20.384995064165846	21.71767028627838	29.713721618953603	0.0
198.0	28.107559614408927	23.38914256722476	20.6494165398275	27.85388127853881	0.0
199.0	28.586723768736615	22.483940042826553	18.950749464668093	29.978586723768736	0.0
200.0	27.601246105919003	15.077881619937694	22.554517133956388	34.76635514018692	0.0
201.0	32.685512367491164	17.491166077738516	16.784452296819786	33.03886925795053	0.0
202.0	34.84444444444444	17.42222222222222	19.733333333333334	28.000000000000004	0.0
203.0	31.781557743957027	17.726051924798565	20.859444941808416	29.63294538943599	0.0
204.0	30.852994555353902	17.513611615245008	25.58983666061706	26.04355716878403	0.0
205.0	32.87419651056015	16.988062442607895	25.6198347107438	24.517906336088156	0.0
206.0	27.911275415896487	19.038817005545287	23.937153419593347	29.112754158964883	0.0
207.0	28.25278810408922	23.04832713754647	16.07806691449814	32.62081784386617	0.0
208.0	30.0561797752809	17.04119850187266	21.53558052434457	31.367041198501873	0.0
209.0	22.568460812086872	22.47403210576015	20.77431539187913	34.183191690273844	0.0
210.0	24.334600760456272	16.44486692015209	20.437262357414447	38.78326996197718	0.0
211.0	28.929604628736737	16.104146576663453	23.43297974927676	31.53326904532305	0.0
212.0	27.88177339901478	17.438423645320196	23.448275862068964	31.231527093596057	0.0
213.0	28.997020854021848	19.36444885799404	17.874875868917577	33.76365441906653	0.0
214.0	28.09667673716012	26.384692849949648	18.63041289023162	26.888217522658607	0.0
215.0	27.64227642276423	23.882113821138212	18.902439024390244	29.573170731707314	0.0
216.0	28.08641975308642	17.59259259259259	17.48971193415638	36.831275720164605	0.0
217.0	25.654450261780106	17.172774869109947	28.48167539267016	28.691099476439792	0.0
218.0	25.377969762419006	20.626349892008637	17.71058315334773	36.285097192224626	0.0
219.0	18.085106382978726	19.858156028368796	23.52245862884161	38.53427895981088	0.0
220.0	0.0	27.509293680297397	25.27881040892193	47.21189591078067	0.0
