#GC Content (%)	Sample
1.0	0.0
2.0	0.0
3.0	0.0
4.0	0.0
5.0	0.0
6.0	0.0
7.0	0.0
8.0	0.0
9.0	0.0
10.0	0.0
11.0	0.0
12.0	0.0
13.0	0.0
14.0	0.0
15.0	0.0
16.0	0.0
17.0	0.0
18.0	0.0
19.0	0.0
20.0	0.0
21.0	0.0
22.0	0.0
23.0	2.2799817601459188E-4
24.0	6.839945280437756E-4
25.0	0.0027359781121751026
26.0	0.002279981760145919
27.0	0.00364797081623347
28.0	0.007067943456452348
29.0	0.006383948928408573
30.0	0.016643866849065207
31.0	0.027359781121751026
32.0	0.032147742818057455
33.0	0.04810761513907889
34.0	0.05973552211582307
35.0	0.06703146374829001
36.0	0.0645234838121295
37.0	0.07501139990880074
38.0	0.07387140902872777
39.0	0.07159142726858185
40.0	0.053807569539443684
41.0	0.06269949840401276
42.0	0.06269949840401276
43.0	0.0421796625626995
44.0	0.03853169174646603
45.0	0.035795713634290925
46.0	0.028499772001823985
47.0	0.020291837665298677
48.0	0.021203830369357045
49.0	0.015047879616963064
50.0	0.017555859553123575
51.0	0.014819881440948472
52.0	0.010487916096671226
53.0	0.005243958048335613
54.0	0.004331965344277246
55.0	0.003419972640218878
56.0	0.003419972640218878
57.0	6.839945280437756E-4
58.0	0.0
59.0	0.0
60.0	0.0
61.0	0.0
62.0	0.0
63.0	0.0
64.0	2.2799817601459188E-4
65.0	0.0
66.0	0.0
67.0	0.0
68.0	0.0
69.0	0.0
70.0	0.0
71.0	0.0
72.0	0.0
73.0	0.0
74.0	0.0
75.0	0.0
76.0	0.0
77.0	0.0
78.0	0.0
79.0	0.0
80.0	0.0
81.0	0.0
82.0	0.0
83.0	0.0
84.0	0.0
85.0	0.0
86.0	0.0
87.0	0.0
88.0	0.0
89.0	0.0
90.0	0.0
91.0	0.0
92.0	0.0
93.0	0.0
94.0	0.0
95.0	0.0
96.0	0.0
97.0	0.0
98.0	0.0
99.0	0.0
100.0	0.0
