# Position (bp)	A	C	G	T	N
0.0	26.715038851834734	24.02402650289463	23.839672896167645	25.42098659446609	2.7515463690594113E-4
1.0	27.144908001008204	20.06745131560202	15.228326264917644	37.55931441847213	0.0
2.0	27.77718659190439	20.110233427468316	17.96259157696558	34.14971554864323	2.728550184859275E-4
3.0	23.86743757240839	22.001816668751665	14.926327011253557	39.20251505278674	0.0019036947996497202
4.0	34.26274213509466	13.98608594864962	14.303471471861823	37.44688802411263	8.124202812599013E-4
5.0	35.90788399245075	14.51175920267793	22.271102482708645	27.303576160372923	0.005678161789756596
6.0	31.953061957029238	17.532676078384803	20.320566970105066	30.193694994480897	0.0
7.0	35.07414814535301	16.948686572474355	20.27740193092444	27.69922428803226	5.390632159433337E-4
8.0	23.509174311926607	26.18205409829005	22.154025067838223	28.154477322651505	2.6919929362105355E-4
9.0	28.772609297884642	18.114065168569546	16.08343083067737	37.028549911916194	0.0013447909522464733
10.0	27.015019244414816	17.013567850001074	24.53394112714215	31.435321564495666	0.0021502139462876557
11.0	28.486357556124997	18.554690647713905	19.477885756955523	33.48079743428581	2.686049197677105E-4
12.0	26.595307705318096	19.881981191087917	21.057336844902988	32.465374258691	0.0
13.0	27.67590538252898	21.047209471405232	18.48592730111632	32.7906895635867	2.682813627620103E-4
14.0	31.409577108087877	18.402223515934573	20.130760336210205	30.057170758404585	2.682813627620103E-4
15.0	29.854618329519266	18.705649737218405	19.004515175335285	32.435216757927044	0.0
16.0	30.44564217168397	17.595501458109204	18.943347024625545	33.01550934558127	0.0
17.0	30.044024971629245	18.33381176843026	20.14202815344621	31.47959854376876	5.365627255240206E-4
18.0	31.63734798507282	18.26861939727909	18.24393751190499	31.84982682438034	2.682813627620103E-4
19.0	30.57012472400555	18.441392594897827	19.597148705676563	31.39133397542006	0.0
20.0	30.28199054039915	18.238303603286983	19.707948908497276	31.771488666453827	2.682813627620103E-4
21.0	30.123704536369562	16.963967130167433	19.330477031091128	33.581583021009116	2.682813627620103E-4
22.0	28.834612588298103	18.57419186946502	19.7642879946773	32.82690754755958	0.0
23.0	29.806327684222104	17.441776237246575	19.830553491279517	32.91919633634971	0.0021462509020960824
24.0	30.858527188974712	17.86968501085198	18.235889071022125	33.035898729151185	0.0
25.0	29.49753583568303	18.06821321929587	19.166288837080778	33.26796210794033	0.0
26.0	31.57617983436309	17.454117179933625	20.38911528855002	30.580587697153266	0.0
27.0	28.803760231580473	18.40732086182705	19.870795695693815	32.91812321089866	0.0
28.0	30.076218735160687	17.919048781600193	19.965767298111565	32.03869690376479	2.682813627620103E-4
29.0	29.398003450098326	18.432002747201153	19.397010809056106	32.77217814955613	8.048440882860308E-4
30.0	29.967591002747252	18.316180889423077	19.119698660714285	32.594919728708796	0.0016097184065934067
31.0	30.626727121508868	18.277305288010087	19.15917688407158	31.935449252810344	0.0013414535991200065
32.0	29.63015628144074	18.37708766516869	19.132872761419275	32.85988329197129	0.0
33.0	29.75801756311156	17.928003584527506	19.190368997056716	33.12334155234725	2.6830295696688876E-4
34.0	29.635204533380556	18.26928752730063	19.233060192861856	32.861374502954106	0.0010732435028521447
35.0	30.461714586698125	17.52344046029029	19.18180767670036	32.83303727631123	0.0
36.0	30.713164205749187	17.66806112682418	18.940013120113562	32.67822383774076	5.377095723058062E-4
37.0	29.233707200301247	18.934344656929987	19.34317760025821	32.48796363538557	8.069071249899138E-4
38.0	30.939566974689065	18.34921882147797	18.85107825778084	31.859866852520597	2.6909353152968906E-4
39.0	30.12125114152791	18.766314757295678	19.28784821652259	31.824316497536454	2.6938711736927316E-4
40.0	29.85499181492547	18.78028882777847	19.27139329958453	32.091435116400945	0.001890941310584409
41.0	29.821675829907846	18.08577227290833	20.052188474638733	32.0395505179557	8.129045893883435E-4
42.0	28.798727128082735	18.789522700182733	19.66679427967885	32.74468437500849	2.7151704719780836E-4
43.0	29.363436848159825	18.42571163610355	20.36964012303207	31.841211392704555	0.0
44.0	29.495160754453902	18.760042047243235	19.711823880873407	32.03270099072455	2.72326704901336E-4
45.0	29.31135095632066	18.86599512431896	19.680790143925307	32.14077301905006	0.0010907563850151888
46.0	30.002675227394327	17.28988545659034	19.603411187910154	33.103755145718	2.7298238717637935E-4
47.0	29.784705011162334	18.607345551326226	19.645428636228253	31.962247549615668	2.7325166751830107E-4
48.0	30.444105307493285	17.873611316234268	18.974985914876623	32.705656476148285	0.0016409852475426246
49.0	29.04628392438613	18.192396994721047	20.018673471622893	32.742371804700674	2.7380456925065166E-4
50.0	29.70508912624183	18.134727819953195	19.50625955119992	32.65337478016808	5.487224369860871E-4
51.0	30.397010382755763	17.967973890382535	19.333995613540235	32.300744927639926	2.751856815386182E-4
52.0	29.514202341612627	18.595694988529356	19.424452487238735	32.46482197725748	8.282053618015123E-4
53.0	31.28418440678717	17.78212261107249	19.111420049682494	31.822272932457846	0.0
54.0	30.280299600920905	18.318757828143266	19.07720250278411	32.32290691764862	8.331505030840454E-4
55.0	29.149043401264695	18.379894023729108	18.117877021860735	34.35318555314545	0.0
56.0	29.23250375348139	17.95029218550291	20.66898480188874	32.14821925912696	0.0
57.0	28.308121542173254	19.00850705753097	19.279122624076397	33.404248776219376	0.0
58.0	30.688865111953884	17.731960495431654	21.853835337878337	29.724778865167973	5.601895681498619E-4
59.0	29.247982031304836	20.58201726679301	20.83947497718818	29.330525724713972	0.0
60.0	31.441614987298422	18.673853900877	19.60549068644846	30.278758793941545	2.8163143457420145E-4
61.0	29.218347731967793	20.99346338733881	19.424732869298833	30.362042995255088	0.001413016139470345
62.0	30.83046722123924	16.644561392547068	21.447133367224932	31.077554011184226	2.8400780453446863E-4
63.0	26.58041500275849	20.435126876273838	24.916745038290138	28.067713082677535	0.0
64.0	26.2068906036178	20.250922848698814	17.697708115318715	35.842465989719294	0.0020124426453846066
65.0	27.850198180383178	19.449431478156793	18.440749702946253	34.259331535110164	2.8910340361437074E-4
66.0	27.026846417572198	19.22627694810855	17.01900168516474	36.725260038352026	0.002614910802487071
67.0	33.501875284797926	14.253332865972638	17.491850397840793	34.751773049645394	0.001168401743255401
68.0	34.67448735782911	15.473627318075897	22.96737342323584	26.88273984092809	0.0017720599310668689
69.0	31.782280531064366	16.912720043026606	20.27749744680594	31.02689767281649	6.043062865982994E-4
70.0	33.03399866671895	16.078127655124636	22.103054782165405	28.784818895991005	0.0
71.0	25.935814533134703	20.18866912338185	25.088619191264765	28.78689715221868	0.0
