#Position (bp)	mapping quality
38.0	59.9831306487484
113.0	59.9881737785606
188.0	59.99557009522838
263.0	59.99668966793626
338.0	59.995433152960004
413.0	59.92466399595291
488.0	59.90049161878813
563.0	59.995408491230215
638.0	59.97421551381717
713.0	59.929958826320544
788.0	59.996637013668135
863.0	59.99743376987759
938.0	59.99949633584326
1013.0	59.99453559231233
1088.0	60.0
1163.0	59.9978064563302
1238.0	59.99838843974108
1313.0	59.9977611104892
1388.0	60.0
1463.0	60.0
1538.0	60.0
1613.0	59.995734836533245
1688.0	59.99726367528947
1763.0	59.997755289100056
1838.0	53.046495723107114
1913.0	46.90643730477338
1988.0	59.9979416212108
2063.0	59.99945876218913
2138.0	59.996039081066804
2213.0	59.98858853395738
2288.0	59.94660062686221
2363.0	59.98956002982849
2438.0	59.98889642835112
2513.0	59.99674990520557
2588.0	60.0
2663.0	59.984022155943755
2738.0	60.0
2813.0	59.9784145887607
2888.0	35.81179283064147
2963.0	59.99572552187994
3038.0	59.987159867855006
3113.0	59.9771273074943
3188.0	59.979272113762356
3263.0	59.99687312713344
3338.0	60.0
3413.0	59.99595223638939
3488.0	59.983674877130454
3563.0	59.965013377238115
3638.0	60.0
3713.0	59.993478260869566
3788.0	59.994410193177146
3863.0	59.99771276960728
3938.0	59.998302303208646
4013.0	59.98345838713324
4088.0	59.99169439685715
4163.0	44.66610987025053
4238.0	59.999286045764464
4313.0	51.8405302868835
4388.0	59.99557429402446
4463.0	59.99631411897205
4538.0	59.94891254049051
4613.0	59.99550089982004
4688.0	36.63038723085546
4763.0	59.99000832639467
4838.0	60.0
4913.0	60.0
4988.0	60.0
5063.0	60.0
5138.0	60.0
5213.0	60.0
5288.0	59.99219867377454
5363.0	59.99830909705783
5438.0	59.994167274242265
5513.0	60.0
5588.0	59.88517741391585
5663.0	59.99512907939601
5738.0	59.99260829815791
5813.0	59.990574744241755
5888.0	59.98154694371255
5963.0	59.998495901331125
6038.0	59.98790365710174
6113.0	59.99278972462781
6188.0	58.64918979956044
6263.0	59.99436296761746
6338.0	59.99521385338659
6413.0	59.99674284646796
6488.0	59.994534042762524
6563.0	59.96221104650529
6638.0	60.0
6713.0	59.99271137026239
6788.0	60.0
6863.0	60.0
6938.0	60.0
7013.0	60.0
7088.0	59.99655864640092
7163.0	59.99433320740461
7238.0	59.99357395308986
7313.0	59.99442068067696
7388.0	60.0
7463.0	60.0
7538.0	60.0
7613.0	59.97535681281446
7688.0	59.99307878648056
7763.0	60.0
7838.0	60.0
7913.0	60.0
7988.0	59.99750980514225
8063.0	59.997336706838006
8138.0	59.998746133912896
8213.0	59.99742179443108
8288.0	59.99640743384842
8363.0	60.0
8438.0	60.0
8513.0	60.0
8588.0	60.0
8663.0	60.0
8738.0	59.8653291191425
8813.0	59.991284137129576
8888.0	59.99413231626815
8963.0	59.9907537611003
9038.0	59.99318352950501
9113.0	59.99884770501248
9188.0	59.9964834791472
9263.0	59.98340487017126
9338.0	59.9874782096295
9413.0	60.0
9488.0	59.99374478732277
9563.0	59.99754596208511
9638.0	59.97403210576015
9713.0	59.996764452113894
9788.0	59.99321589290156
9863.0	59.97984298748143
9938.0	60.0
10013.0	59.98873027798648
10088.0	59.99516518936342
10163.0	60.0
10238.0	60.0
10313.0	60.0
10388.0	59.99162607878322
10463.0	59.998453063364245
10538.0	59.99927411097697
10613.0	59.995860044410435
10688.0	59.98468144645744
10763.0	59.99471829657519
10838.0	59.98195129391428
10913.0	59.95633596622634
10988.0	59.98413142910483
11063.0	59.92684615306875
11138.0	59.98429453214617
11213.0	59.989812973264726
11288.0	59.984846348212656
11363.0	59.9901190208848
11438.0	59.997933340482156
11513.0	59.994966959018
11588.0	59.995313066907755
11663.0	59.992076034055046
11738.0	59.99490774084256
11813.0	59.98782208435483
11888.0	59.97154372858538
11963.0	59.986963330187734
12038.0	59.99387171830057
12113.0	59.98884853532492
12188.0	59.99466453495938
12263.0	59.99263928193694
12338.0	60.0
12413.0	60.0
12488.0	59.99625605545086
12563.0	59.99585800542543
12638.0	59.981128626270866
12713.0	59.955920293747305
12788.0	59.99304140713022
12863.0	59.99699547834365
12938.0	59.99638513490208
13013.0	59.994223206932155
13088.0	59.99019644499615
13163.0	59.992932451439664
13238.0	60.0
13313.0	59.99892983269718
13388.0	59.996212462800976
13463.0	59.99369681689253
13538.0	59.99859667177322
13613.0	59.999385743097285
13688.0	59.97286940527284
13763.0	60.0
13838.0	59.98550116372238
13913.0	59.9743051378375
13988.0	59.98041637913163
14063.0	59.99707788254711
14138.0	59.99537126173339
14213.0	59.99775711095092
14288.0	59.988740698644975
14363.0	59.984319352015795
14438.0	59.98441839420006
14513.0	59.99754777937799
14588.0	59.97889955544102
14663.0	59.99306190128347
14738.0	59.990440143717784
14813.0	59.98234439048889
14888.0	59.98589349778413
14963.0	59.9974525538148
15038.0	60.0
15113.0	60.0
15188.0	59.99207292905272
15263.0	59.99805529446083
15338.0	59.99361690810121
15413.0	59.99834288870688
15488.0	59.96711125528703
15563.0	59.99213750657161
15638.0	59.996227466615224
15713.0	59.99848537849309
15788.0	59.997344617573866
15863.0	59.99205466212647
15938.0	59.99602437588885
16013.0	59.993903320255
16088.0	59.99196219114408
16163.0	59.99474190383677
16238.0	59.99702324998433
16313.0	60.0
16388.0	59.99673005765425
16463.0	59.98752025931929
16538.0	59.94811054709532
16613.0	59.99317871759891
16688.0	60.0
16763.0	59.98779123003357
16838.0	59.98755573991497
16913.0	59.99185778260279
16988.0	60.0
17063.0	59.96734512399961
17138.0	60.0
17213.0	60.0
17288.0	59.99692643945086
17363.0	59.971384564275255
17438.0	59.97072010247964
17513.0	60.0
17588.0	60.0
17663.0	53.01587855522597
17738.0	59.99217731421121
17813.0	59.9901768172888
17888.0	60.0
17963.0	59.90226833976834
18038.0	59.729402943106194
18113.0	60.0
18188.0	59.97711234026321
18263.0	60.0
18338.0	60.0
18413.0	60.0
18488.0	59.990456497534595
18563.0	59.98265394622723
18638.0	59.96029358681266
18713.0	59.9732347693092
18788.0	60.0
18863.0	59.98793355337914
18938.0	59.986333129213776
19013.0	59.996835516085774
19088.0	59.99366783142532
19163.0	59.99124547108874
19238.0	59.997729746369245
19313.0	59.97321096366117
19388.0	59.99282897095733
19463.0	60.0
19538.0	59.83633034318163
19613.0	59.99633478320819
19688.0	59.99484020878361
19763.0	59.995624873890485
19838.0	59.99725089517474
19913.0	59.99128288483535
19988.0	59.99104967430759
20063.0	60.0
20138.0	60.0
20213.0	59.99597644881372
20288.0	59.96876459987986
20363.0	59.990338034595204
20438.0	59.961928118191885
20513.0	59.97950469684031
20588.0	59.996768808228765
20663.0	59.99528684768663
20738.0	59.99923386324459
20813.0	59.96773333578474
20888.0	59.99201644469609
20963.0	59.99377397827556
21038.0	59.992358374050944
21113.0	59.9939560652435
21188.0	59.995349343465826
21263.0	59.97642548231758
21338.0	59.992980782718476
21413.0	59.994670001865344
21488.0	59.993328589486076
21563.0	59.996217693371456
21638.0	59.98549828348712
21713.0	59.99101636342671
21788.0	59.99587674916032
21863.0	59.984607096128684
21938.0	59.99608448804681
22013.0	59.9631090487239
22088.0	59.99808291397076
22163.0	60.0
22238.0	59.9939797317636
22313.0	59.9970839960615
22388.0	59.9966448490182
22463.0	60.0
22538.0	59.98904539858269
22613.0	59.98653237054514
22688.0	59.99341884532996
22763.0	59.99378616524039
22838.0	59.984391010432354
22913.0	59.99468078123154
22988.0	59.99523545681516
23063.0	59.99505727088774
23138.0	59.987643427658
23213.0	59.996042248298586
23288.0	59.99143768676985
23363.0	59.991162433567695
23438.0	59.9849002084832
23513.0	59.97766166471423
23588.0	60.0
23663.0	60.0
23738.0	60.0
23813.0	60.0
23888.0	60.0
23963.0	60.0
24038.0	60.0
24113.0	60.0
24188.0	60.0
24263.0	60.0
24338.0	60.0
24413.0	59.98610145934677
24488.0	60.0
24563.0	59.96950444726811
24638.0	60.0
24713.0	59.987930048460406
24788.0	59.996321004611005
24863.0	59.99586844093207
24938.0	59.988902876584305
25013.0	59.98872488308665
25088.0	59.99712862381512
25163.0	59.997729379931506
25238.0	59.97418868822235
25313.0	59.968558262684894
25388.0	59.99287593339978
25463.0	59.98563713825679
25538.0	59.98376160656446
25613.0	36.95035370826106
25688.0	59.96711647400175
25763.0	59.99429820393424
25838.0	59.978468847856604
25913.0	59.98566808760841
25988.0	59.992272820935504
26063.0	59.82502703234051
26138.0	59.98845598845599
26213.0	59.99358905866011
26288.0	59.99161179381789
26363.0	60.0
26438.0	59.97832081392032
26513.0	59.98539079620161
26588.0	59.91838525669153
26663.0	59.998539115190766
26738.0	59.99286495742758
26813.0	59.9602644692701
26888.0	59.99669010294161
26963.0	59.99737852454279
27038.0	59.991118426042505
27113.0	59.98429558563189
27188.0	58.71626372240166
27263.0	59.795616408951176
27338.0	59.99889555645547
27413.0	59.99867104728857
27488.0	59.99667347372506
27563.0	59.9961257829147
27638.0	60.0
27713.0	59.98803350618269
27788.0	59.993451568894955
27863.0	59.995474089160446
27938.0	60.0
28013.0	60.0
28088.0	59.989351212778544
28163.0	59.99552399531799
28238.0	59.9933962420604
28313.0	59.98661118147277
28388.0	59.98944060876814
28463.0	59.983481203207845
28538.0	59.99486059360144
28613.0	60.0
28688.0	59.99239455201583
28763.0	59.996127783155856
28838.0	59.99342611279476
28913.0	59.996050024840685
28988.0	59.989467893847106
29063.0	59.951829533218735
29138.0	59.983938272576964
29213.0	60.0
29288.0	60.0
29363.0	60.0
29438.0	60.0
29513.0	60.0
29588.0	59.99220374220374
29663.0	60.0
29738.0	60.0
29813.0	0.0
29877.0	16.42010439467924
