# Position (bp)	A	C	G	T	N
0.0	26.833283554775296	23.847520750528616	24.034408206886553	25.28447059513237	3.168926771647929E-4
1.0	26.978303408133836	20.174349445606968	15.226528774210049	37.62034476797742	4.736040717320727E-4
2.0	27.956213567028797	19.84368731168923	17.729650636814902	34.470055146046555	3.933384205102386E-4
3.0	23.54703212978452	22.074263281961993	15.053609822226862	39.32289683788788	0.002197928138739504
4.0	34.18061002042172	14.003830637583473	14.27123920969217	37.54204931280304	0.0022708194996053474
5.0	36.01235110413992	14.800760645360048	22.549053337440984	26.632908858609728	0.004926054449321846
6.0	32.29270815107356	17.454914140025497	20.30777426450371	29.944603444397234	0.0
7.0	35.33994251371016	16.57448517148724	20.48614389990549	27.59880407289505	6.243420020618895E-4
8.0	23.012447213611907	27.070700610114706	21.96724942943121	27.949446747172896	1.5599966928070113E-4
9.0	28.584124608260442	18.42844224082823	15.903066872476106	37.08327486474266	0.0010914136925643545
10.0	26.654233983308618	17.17050726439143	25.113293021929167	31.060095372657088	0.0018703577137059034
11.0	28.0939833490019	18.657093653880754	19.75228349535434	33.496639501763006	0.0
12.0	26.397460888844606	19.940694908076328	21.21624483085048	32.445443674953914	1.5569727467490407E-4
13.0	27.28176170424044	21.274367053883203	18.41705298824965	33.026662609544246	1.5564408245089624E-4
14.0	31.31014184623454	18.373161356998498	20.554046240300455	29.76241709034283	2.3346612367634438E-4
15.0	29.902885874754766	18.635655102051935	19.24251137952798	32.21863635550042	3.112881649017925E-4
16.0	30.5338669850107	17.336571767875526	19.212627715697405	32.916700065292694	2.3346612367634438E-4
17.0	30.111760233403867	18.124364291200738	20.535913704694924	31.22710572824699	8.560424534799294E-4
18.0	31.660496675831507	18.011444509382617	18.47541951916874	31.85263929561714	0.0
19.0	30.332774830484137	18.352538516073754	19.77411374313901	31.540183800096965	3.891102061272406E-4
20.0	30.191916935866075	17.920470543190063	19.60920883778229	32.278014572955435	3.891102061272406E-4
21.0	29.85634829410195	17.328244809464405	19.252239134681158	33.56277865154637	3.891102061272406E-4
22.0	28.553140391740587	18.870522022470336	19.910691425489677	32.6656461602994	0.0
23.0	29.730587875481625	17.213223832533192	20.253653161170227	32.80136780019658	0.0011673306183817218
24.0	30.72359712151834	18.04926602141818	18.594798530408575	32.632182682572456	1.5564408245089624E-4
25.0	29.21221525887891	17.996736143591004	19.260021338803703	33.53071597056148	3.112881649017925E-4
26.0	31.459482343346178	17.75416484109128	20.148515583474648	30.636903367593188	9.338644947053775E-4
27.0	28.77726787046988	18.22024104599049	19.84290842758231	33.15942701187487	1.5564408245089624E-4
28.0	29.70957592435075	17.950743317226763	20.07442900022802	32.26501829207079	2.3346612367634438E-4
29.0	28.94536347951685	18.535809423159684	19.539558110885512	32.97895769827306	3.112881649017925E-4
30.0	29.684587685308333	18.193194614900314	19.453551997621705	32.66734269658112	0.0013230055885312536
31.0	30.25880686571694	18.148388829006915	19.670878293454532	31.920213862958047	0.0017121488635611917
32.0	29.075406192287307	18.467205376828613	19.51349538220638	32.94342609389994	4.669547777645474E-4
33.0	29.472703584887157	18.05790983536385	19.482774454546444	32.98630081547583	3.113097267167564E-4
34.0	29.59601887206564	18.032208906481788	19.567471059148765	32.803055892383775	0.0012452699200381052
35.0	29.96664740528978	17.434041481363643	19.569480933186416	33.029206329896695	6.238502634597644E-4
36.0	30.781348259552683	17.314045137561422	18.89985191334512	33.00436457717281	3.90112367966469E-4
37.0	28.659401906219017	19.065702888991236	19.036976902120884	33.23682546621184	0.0010928364570242063
38.0	29.964876215410257	18.47009635804547	19.57512483119573	31.989746385499352	1.5620984918720112E-4
39.0	29.575320193230368	18.620828807184903	19.735884086805076	32.06695024013026	0.0010166726493941805
40.0	29.628377238645253	18.897315940150587	19.58717996797424	31.88445934760658	0.0026675056233372223
41.0	29.55440150159986	18.38278828953667	20.607788919402385	31.454233957320298	7.873321407875841E-4
42.0	29.109521471966566	18.518042071069708	19.73294798965191	32.638936022110435	5.5244520138206E-4
43.0	29.559915017636136	18.36063422081973	20.25969117592409	31.81952238140382	2.3720421622587534E-4
44.0	29.264006525621376	18.929687221582068	19.975845697564377	31.8300645830611	3.959721710758168E-4
45.0	29.33838313735599	18.626162479427336	19.62253375899744	32.41196882869664	9.517955225952291E-4
46.0	30.0633501986593	17.590897647775435	19.46630812958479	32.879285191841426	1.588321390480078E-4
47.0	29.52099221621295	18.160049798429252	19.69963533621492	32.61868665387786	6.359952650152519E-4
48.0	30.020776091659883	17.890196246935506	18.934172970710563	33.154138548124386	7.161425696627685E-4
49.0	29.00156774273724	18.050072173522356	20.121515994481033	32.82652544236156	3.186468978131263E-4
50.0	29.51958434657372	18.581937150621673	19.653882939400376	32.24387704757054	7.185158336939218E-4
51.0	29.75373041073769	18.395242504734107	19.477678414082803	32.372868050638104	4.806198073034986E-4
52.0	29.38925926789593	18.147651093058094	19.702385212214978	32.760704426831005	0.0
53.0	30.831958101494127	17.923554594350318	19.399928178601257	31.844559125554294	0.0
54.0	29.901915545042268	18.542867828849264	19.10971113820388	32.444614988561135	8.904993434591204E-4
55.0	28.77391765289398	18.52611002830626	18.36619224390628	34.333780074893475	0.0
56.0	29.510445808250214	18.02461360192821	20.45196002324003	32.012899193922436	8.1372659112029E-5
57.0	27.83621649738371	18.792038782075846	19.745610845414685	33.62556316681152	5.707083142417814E-4
58.0	30.524538529272903	17.829948098327286	22.1656246579505	29.479398613668256	4.901007810572781E-4
59.0	29.304685901370988	20.48209535502353	20.94430120728463	29.26891753632085	0.0
60.0	30.81430977122438	19.159075040046	19.757259621308577	30.26869840226722	6.571651538177189E-4
61.0	28.856207021920522	20.961307465211508	19.536543682340827	30.643963220945565	0.001978609581581783
62.0	30.801513274299612	16.39118057771277	21.608330467283523	31.19814694340967	8.287372944213549E-4
63.0	26.378929467568085	20.187230637134356	25.40801440492168	28.025742128560594	8.336181528688969E-5
64.0	25.96051855969801	20.240799388903845	18.13684428535373	35.661166968944606	6.70797099808739E-4
65.0	27.225577869415464	19.234811307	18.86997421952759	34.66845671973618	0.0011798843207700936
66.0	26.399746532613594	19.471412064098782	17.128533040558167	36.99776691166255	0.002541451066901158
67.0	33.15823662574739	14.13200702543613	18.03524466856066	34.6724684123553	0.0020432679005166913
68.0	33.97574944479989	15.438825516041172	22.957255404105595	27.626361305889212	0.0018083291641299828
69.0	31.731611477941513	16.89045861813014	20.53747005456138	30.84019601290336	2.638364636063982E-4
70.0	32.714830324882364	15.93608349269164	22.426904549035743	28.921897206070433	2.844273198129227E-4
71.0	25.948211088135757	19.40764207189095	25.50335730813292	29.140670075938118	1.1945590225640254E-4
