#Position (bp)	insert size
38.0	2505.9625850340135
113.0	237.41009463722398
188.0	196.3050847457627
263.0	898.4102564102565
338.0	273.3348519362187
413.0	247.84813753581662
488.0	237.5
563.0	288.13186813186815
638.0	268.36742424242425
713.0	260.94767441860466
788.0	338.55434782608694
863.0	240.91970802919707
938.0	362.0495867768595
1013.0	328.7874109263658
1088.0	358.5272727272727
1163.0	336.77861163227016
1238.0	314.73015873015873
1313.0	305.46612903225804
1388.0	320.5285996055227
1463.0	324.11777301927197
1538.0	377.8562992125984
1613.0	325.2349246231156
1688.0	253.34242424242424
1763.0	244.9436090225564
1838.0	256.6831683168317
1913.0	261.0894526034713
1988.0	303.62022471910115
2063.0	203.41584158415841
2138.0	596.625
2213.0	357.70588235294116
2288.0	317.2417910447761
2363.0	284.95412844036696
2438.0	456.3699421965318
2513.0	278.3595041322314
2588.0	302.56920415224914
2663.0	350.0217391304348
2738.0	270.2
2813.0	351.1857142857143
2888.0	357.36092715231786
2963.0	229.46341463414635
3038.0	229.6417910447761
3113.0	294.7307692307692
3188.0	296.75129533678756
3263.0	273.4212598425197
3338.0	289.2593659942363
3413.0	320.16230366492147
3488.0	346.07677902621725
3563.0	348.19349593495934
3638.0	328.8686327077748
3713.0	342.76501305483026
3788.0	323.2902711323764
3863.0	335.2251655629139
3938.0	214.74358974358975
4013.0	191.82857142857142
4088.0	307.0599489795918
4163.0	262.07241379310346
4238.0	264.2613065326633
4313.0	258.2525139664804
4388.0	238.27037037037036
4463.0	234.18688524590164
4538.0	239.05844155844156
4613.0	319.712
4688.0	330.59771754636233
4763.0	259.2367149758454
4838.0	296.3320610687023
4913.0	356.9861111111111
4988.0	266.4704724409449
5063.0	235.49624060150376
5138.0	254.99019607843138
5213.0	2471.731707317073
5288.0	268.3406720741599
5363.0	268.7396694214876
5438.0	238.87246376811595
5513.0	526.3483146067416
5588.0	274.0136518771331
5663.0	303.9836065573771
5738.0	285.1651376146789
5813.0	341.56470588235294
5888.0	301.36423841059604
5963.0	266.115
6038.0	499.6203703703704
6113.0	448.0
6188.0	327.65158371040724
6263.0	232.98101265822785
6338.0	225.97413793103448
6413.0	703.38
6488.0	460.56901408450705
6563.0	267.84935897435895
6638.0	257.59622641509435
6713.0	294.49041095890414
6788.0	275.1518987341772
6863.0	227.578125
6938.0	190.5
7013.0	338.77911646586347
7088.0	345.78145695364236
7163.0	323.7877094972067
7238.0	314.9085365853659
7313.0	291.22243346007605
7388.0	285.060773480663
7463.0	330.56081081081084
7538.0	378.50276243093924
7613.0	349.31447963800906
7688.0	274.75841584158417
7763.0	242.53432835820897
7838.0	206.63703703703703
7913.0	1336.2884615384614
7988.0	305.28653624856156
8063.0	266.00829875518673
8138.0	203.6267605633803
8213.0	1202.111111111111
8288.0	335.2258064516129
8363.0	274.9781420765027
8438.0	486.175
8513.0	288.3833333333333
8588.0	483.92233009708735
8663.0	266.6424116424116
8738.0	230.81333333333333
8813.0	263.01234567901236
8888.0	318.8390804597701
8963.0	325.022759601707
9038.0	302.5503144654088
9113.0	376.94555873925503
9188.0	339.5323275862069
9263.0	318.7230046948357
9338.0	324.63280599500416
9413.0	333.3664546899841
9488.0	342.74667599720084
9563.0	340.84045077105577
9638.0	337.917885264342
9713.0	320.0163132137031
9788.0	330.18048128342247
9863.0	309.7155824508321
9938.0	273.7197640117994
10013.0	268.1536748329621
10088.0	278.6520979020979
10163.0	241.48577680525165
10238.0	258.0654761904762
10313.0	258.10526315789474
10388.0	291.2994350282486
10463.0	298.0841121495327
10538.0	285.0564263322884
10613.0	310.2958801498127
10688.0	347.832350463353
10763.0	350.38992042440316
10838.0	342.3884297520661
10913.0	362.92671166827387
10988.0	337.58603796693205
11063.0	318.38660153524074
11138.0	327.10239852398524
11213.0	345.8325074331021
11288.0	370.45789971617785
11363.0	323.1559854897219
11438.0	325.51847290640393
11513.0	366.21163366336634
11588.0	294.9314697926059
11663.0	293.7881996974281
11738.0	331.77647058823527
11813.0	373.65695792880257
11888.0	282.4455066921606
11963.0	248.3343195266272
12038.0	323.93333333333334
12113.0	318.73333333333335
12188.0	337.1284796573876
12263.0	307.61187214611874
12338.0	313.638418079096
12413.0	366.84954280964257
12488.0	341.1919254658385
12563.0	336.535894843276
12638.0	348.69214208826696
12713.0	322.9818577648766
12788.0	324.61746617466173
12863.0	305.8141233766234
12938.0	300.43353293413173
13013.0	294.86015037593984
13088.0	280.79014598540147
13163.0	264.0626865671642
13238.0	233.04666666666665
13313.0	303.89053803339516
13388.0	347.4241645244216
13463.0	291.5678294573643
13538.0	282.18819188191884
13613.0	304.88198757763973
13688.0	297.83388157894734
13763.0	275.24307036247336
13838.0	287.7422222222222
13913.0	295.35324675324676
13988.0	277.5523520485584
14063.0	260.23765432098764
14138.0	290.003937007874
14213.0	302.541015625
14288.0	254.4082191780822
14363.0	226.06930693069307
14438.0	427.8181818181818
14513.0	421.77777777777777
14588.0	287.2732316227462
14663.0	274.1497584541063
14738.0	235.85625
14813.0	268.41379310344826
14888.0	289.13145539906105
14963.0	241.5744680851064
15038.0	451.76
15113.0	443.24657534246575
15188.0	261.289817232376
15263.0	233.02857142857144
15338.0	210.90825688073394
15413.0	2965.25
15488.0	297.37610619469024
15563.0	295.3421052631579
15638.0	280.0146627565982
15713.0	303.7793427230047
15788.0	334.25563909774434
15863.0	306.76421052631576
15938.0	278.74082073434124
16013.0	288.35207823960883
16088.0	319.44106463878325
16163.0	314.3844884488449
16238.0	287.05648535564853
16313.0	300.3728813559322
16388.0	367.7866666666667
16463.0	333.55555555555554
16538.0	340.2684824902724
16613.0	343.8529411764706
16688.0	343.1433333333333
16763.0	304.54223968565816
16838.0	256.650623885918
16913.0	220.4448669201521
16988.0	233.75647668393782
17063.0	327.1230425055928
17138.0	252.7310924369748
17213.0	235.38832487309645
17288.0	162.1788617886179
17363.0	305.6732026143791
17438.0	334.0890410958904
17513.0	358.21931589537223
17588.0	333.34017595307915
17663.0	329.71635610766043
17738.0	334.19977037887486
17813.0	316.1754068716094
17888.0	313.01202749140896
17963.0	298.17248062015506
18038.0	269.0248447204969
18113.0	290.6981818181818
18188.0	261.05494505494505
18263.0	306.4548802946593
18338.0	299.7640918580376
18413.0	237.13853904282115
18488.0	217.06896551724137
18563.0	592.6
18638.0	272.9011406844106
18713.0	241.32876712328766
18788.0	261.9537037037037
18863.0	279.35897435897436
18938.0	281.793059125964
19013.0	237.6184971098266
19088.0	181.67875647668393
19163.0	543.2972972972973
19238.0	304.0
19313.0	280.0
19388.0	250.0
19463.0	276.0
19538.0	297.012987012987
19613.0	263.99700598802394
19688.0	210.765
19763.0	170.25925925925927
19838.0	314.3521126760563
19913.0	380.209375
19988.0	369.2631578947368
20063.0	350.31111111111113
20138.0	360.5668202764977
20213.0	320.1894273127753
20288.0	330.25
20363.0	324.21264367816093
20438.0	315.7305389221557
20513.0	293.51231527093597
20588.0	263.38213399503724
20663.0	225.67980295566502
20738.0	283.25333333333333
20813.0	296.71976967370443
20888.0	302.15862068965515
20963.0	298.38655462184875
21038.0	328.31320754716984
21113.0	394.57377049180326
21188.0	341.44827586206895
21263.0	315.7564102564103
21338.0	310.1638418079096
21413.0	280.5572289156627
21488.0	266.47486033519556
21563.0	293.5
21638.0	306.5
21713.0	339.7511961722488
21788.0	302.39367816091954
21863.0	318.09722222222223
21938.0	281.359756097561
22013.0	249.85454545454544
22088.0	226.62
22163.0	527.9722222222222
22238.0	1013.2542372881356
22313.0	344.2088607594937
22388.0	243.74324324324326
22463.0	230.9268292682927
22538.0	272.7176470588235
22613.0	250.73711340206185
22688.0	247.5958904109589
22763.0	258.2068965517241
22838.0	299.8894348894349
22913.0	296.21067415730334
22988.0	302.8095238095238
23063.0	334.8828828828829
23138.0	320.6068181818182
23213.0	270.71875
23288.0	253.34059945504086
23363.0	306.8363636363636
23438.0	276.6801801801802
23513.0	254.7874251497006
23588.0	219.05633802816902
23663.0	204.3793103448276
23738.0	343.1111111111111
23813.0	323.5687203791469
23888.0	294.44736842105266
23963.0	300.2849162011173
24038.0	310.3818181818182
24113.0	303.0833333333333
24188.0	301.87759336099583
24263.0	312.9761904761905
24338.0	301.46875
24413.0	308.5759493670886
24488.0	280.15909090909093
24563.0	269.47938144329896
24638.0	307.73059360730593
24713.0	310.6988764044944
24788.0	302.15675675675675
24863.0	328.1972972972973
24938.0	324.00205761316874
25013.0	292.0972818311874
25088.0	264.54086538461536
25163.0	250.3030303030303
25238.0	287.60215053763443
25313.0	277.61421319796955
25388.0	243.36160714285714
25463.0	199.49382716049382
25538.0	351.8615384615385
25613.0	305.2853107344633
25688.0	280.24468085106383
25763.0	265.02597402597405
25838.0	302.78195488721803
25913.0	294.58868894601545
25988.0	312.2055921052632
26063.0	297.07706093189967
26138.0	287.6517857142857
26213.0	292.91321499013804
26288.0	316.6211812627291
26363.0	280.59102244389027
26438.0	290.0691489361702
26513.0	322.1289134438306
26588.0	301.22627737226276
26663.0	295.2382271468144
26738.0	302.3879781420765
26813.0	304.76666666666665
26888.0	297.650808753568
26963.0	261.3421487603306
27038.0	255.91411042944785
27113.0	295.59659090909093
27188.0	282.0233990147783
27263.0	238.468671679198
27338.0	224.91056910569105
27413.0	370.5
27488.0	343.80898876404495
27563.0	333.59615384615387
27638.0	343.4901960784314
27713.0	334.83516483516485
27788.0	284.6777777777778
27863.0	249.29545454545453
27938.0	214.07142857142858
28013.0	283.0892857142857
28088.0	279.7348484848485
28163.0	246.0027700831025
28238.0	215.21264367816093
28313.0	200.07792207792207
28388.0	292.86915887850466
28463.0	286.35340314136124
28538.0	283.58169934640523
28613.0	303.24870466321244
28688.0	285.48729792147805
28763.0	285.0227848101266
28838.0	262.46478873239437
28913.0	307.6043956043956
28988.0	274.01805054151623
29063.0	275.08676789587855
29138.0	228.78313253012047
29213.0	257.9263157894737
29288.0	288.873417721519
29363.0	271.9259259259259
29438.0	251.1090909090909
29513.0	240.8
29588.0	202.51807228915663
29663.0	168.05882352941177
29738.0	121.0
29813.0	0.0
29877.0	0.0
