#Position (bp)	Coverage
38.0	197.48
113.0	825.16
188.0	907.52
263.0	791.4133333333333
338.0	1244.9733333333334
413.0	1342.24
488.0	1253.5733333333333
563.0	1211.0133333333333
638.0	1135.0
713.0	1438.8666666666666
788.0	1286.12
863.0	1216.5333333333333
938.0	1634.9866666666667
1013.0	2164.653333333333
1088.0	2184.6266666666666
1163.0	2216.9733333333334
1238.0	1969.0533333333333
1313.0	1215.3466666666666
1388.0	694.08
1463.0	741.64
1538.0	735.5733333333334
1613.0	933.2533333333333
1688.0	838.6933333333334
1763.0	784.4
1838.0	846.9333333333333
1913.0	2445.48
1988.0	3611.76
2063.0	3689.2
2138.0	3400.5333333333333
2213.0	2346.52
2288.0	857.12
2363.0	812.5733333333334
2438.0	987.52
2513.0	1900.2
2588.0	4517.826666666667
2663.0	4795.346666666666
2738.0	4529.986666666667
2813.0	4268.946666666667
2888.0	2288.76
2963.0	1157.96
3038.0	1133.4666666666667
3113.0	1148.56
3188.0	1258.6666666666667
3263.0	1114.28
3338.0	1113.88
3413.0	1137.3333333333333
3488.0	1113.5866666666666
3563.0	886.9733333333334
3638.0	845.7466666666667
3713.0	885.3466666666667
3788.0	1256.3733333333332
3863.0	1416.0
3938.0	1536.4533333333334
4013.0	1511.5733333333333
4088.0	2787.28
4163.0	3380.346666666667
4238.0	3363.64
4313.0	3602.173333333333
4388.0	3303.6133333333332
4463.0	2249.306666666667
4538.0	2085.9866666666667
4613.0	2031.8666666666666
4688.0	1997.68
4763.0	1742.7466666666667
4838.0	1821.8666666666666
4913.0	1854.44
4988.0	1835.0133333333333
5063.0	1456.5333333333333
5138.0	1425.8
5213.0	1465.0933333333332
5288.0	2151.84
5363.0	2685.04
5438.0	2486.3866666666668
5513.0	2421.786666666667
5588.0	2832.266666666667
5663.0	2265.9333333333334
5738.0	2449.5733333333333
5813.0	2051.48
5888.0	2209.8
5963.0	1290.3066666666666
6038.0	1065.4933333333333
6113.0	1132.92
6188.0	2201.36
6263.0	3055.3333333333335
6338.0	2561.84
6413.0	2434.32
6488.0	2286.48
6563.0	1143.2266666666667
6638.0	1068.4533333333334
6713.0	1224.5333333333333
6788.0	1943.0
6863.0	1435.2666666666667
6938.0	1096.6266666666668
7013.0	1354.0266666666666
7088.0	1049.44
7163.0	757.0533333333333
7238.0	731.0266666666666
7313.0	876.8133333333334
7388.0	1323.3333333333333
7463.0	1203.3333333333333
7538.0	1259.4666666666667
7613.0	1312.5733333333333
7688.0	1379.0933333333332
7763.0	1307.8933333333334
7838.0	1209.8533333333332
7913.0	1415.4266666666667
7988.0	2283.2533333333336
8063.0	1748.4666666666667
8138.0	1905.04
8213.0	1907.16
8288.0	1936.9066666666668
8363.0	1021.5733333333334
8438.0	928.2133333333334
8513.0	946.2133333333334
8588.0	1222.44
8663.0	2273.8533333333335
8738.0	2440.6
8813.0	2409.346666666667
8888.0	2395.693333333333
8963.0	1941.44
9038.0	1136.0533333333333
9113.0	1184.28
9188.0	1222.2133333333334
9263.0	1604.8533333333332
9338.0	1716.2
9413.0	1828.9866666666667
9488.0	2553.733333333333
9563.0	3222.64
9638.0	2475.0533333333333
9713.0	2431.9866666666667
9788.0	2228.6133333333332
9863.0	1220.2933333333333
9938.0	1047.6533333333334
10013.0	925.12
10088.0	1360.2933333333333
10163.0	2037.5733333333333
10238.0	2000.4133333333334
10313.0	1995.8266666666666
10388.0	2416.08
10463.0	1685.64
10538.0	1446.7333333333333
10613.0	1472.6933333333334
10688.0	1783.7866666666666
10763.0	1670.5333333333333
10838.0	1576.5733333333333
10913.0	1503.6666666666667
10988.0	1741.5066666666667
11063.0	3553.9333333333334
11138.0	3801.306666666667
11213.0	3893.7066666666665
11288.0	2197.24
11363.0	4204.413333333333
11438.0	2503.64
11513.0	2615.3733333333334
11588.0	3457.4933333333333
11663.0	3351.786666666667
11738.0	2215.346666666667
11813.0	2068.866666666667
11888.0	2253.84
11963.0	1870.8533333333332
12038.0	1692.48
12113.0	2030.08
12188.0	3195.2266666666665
12263.0	2407.0133333333333
12338.0	2483.866666666667
12413.0	3147.6266666666666
12488.0	4055.9066666666668
12563.0	3824.306666666667
12638.0	3507.4666666666667
12713.0	4231.893333333333
12788.0	4042.92
12863.0	3149.826666666667
12938.0	3221.76
13013.0	4223.2
13088.0	6493.426666666666
13163.0	8215.72
13238.0	8376.333333333334
13313.0	8531.706666666667
13388.0	4057.2
13463.0	2594.32
13538.0	2387.6666666666665
13613.0	3228.1466666666665
13688.0	5187.8
13763.0	5490.373333333333
13838.0	5512.213333333333
13913.0	4613.493333333333
13988.0	2721.4533333333334
14063.0	2232.32
14138.0	2319.36
14213.0	2479.4533333333334
14288.0	2536.306666666667
14363.0	2277.92
14438.0	2288.266666666667
14513.0	2323.4933333333333
14588.0	2490.306666666667
14663.0	2443.346666666667
14738.0	2456.733333333333
14813.0	2453.8533333333335
14888.0	2480.693333333333
14963.0	2107.8933333333334
15038.0	2108.48
15113.0	2066.5733333333333
15188.0	3319.8
15263.0	4750.026666666667
15338.0	4853.906666666667
15413.0	4803.2266666666665
15488.0	4924.306666666666
15563.0	4734.946666666667
15638.0	4451.56
15713.0	4512.7733333333335
15788.0	4377.706666666667
15863.0	3623.4133333333334
15938.0	2641.786666666667
16013.0	2582.8133333333335
16088.0	2736.84
16163.0	3007.3866666666668
16238.0	2534.12
16313.0	2552.32
16388.0	2538.5466666666666
16463.0	2680.9466666666667
16538.0	2110.5733333333333
16613.0	2062.306666666667
16688.0	2152.4666666666667
16763.0	3011.9333333333334
16838.0	4931.2
16913.0	5209.386666666666
16988.0	5389.066666666667
17063.0	5606.666666666667
17138.0	4442.866666666667
17213.0	3616.72
17288.0	3316.5333333333333
17363.0	3506.693333333333
17438.0	2901.7466666666664
17513.0	2276.4133333333334
17588.0	2232.786666666667
17663.0	2369.9866666666667
17738.0	2723.9866666666667
17813.0	2482.5333333333333
17888.0	2573.5733333333333
17963.0	2510.04
18038.0	2871.1066666666666
18113.0	2812.6
18188.0	2769.786666666667
18263.0	2997.5466666666666
18338.0	2813.0
18413.0	2397.2933333333335
18488.0	2489.4
18563.0	2451.8533333333335
18638.0	3191.6
18713.0	2943.0
18788.0	3009.7733333333335
18863.0	2962.36
18938.0	3199.92
19013.0	2680.826666666667
19088.0	2833.213333333333
19163.0	2548.68
19238.0	2577.9333333333334
19313.0	1534.0133333333333
19388.0	1471.0533333333333
19463.0	1471.4666666666667
19538.0	1502.2666666666667
19613.0	2019.3066666666666
19688.0	2093.3733333333334
19763.0	2175.6133333333332
19838.0	2331.64
19913.0	2309.68
19988.0	1937.6666666666667
20063.0	2002.0933333333332
20138.0	2000.28
20213.0	2023.0133333333333
20288.0	1762.2266666666667
20363.0	1782.4266666666667
20438.0	1790.6
20513.0	2495.84
20588.0	2131.24
20663.0	2201.826666666667
20738.0	2136.826666666667
20813.0	2783.6133333333332
20888.0	2569.4133333333334
20963.0	2331.9066666666668
21038.0	2347.0266666666666
21113.0	2296.6666666666665
21188.0	1514.8
21263.0	1501.3866666666668
21338.0	1523.84
21413.0	1646.1866666666667
21488.0	1717.7866666666666
21563.0	1716.8933333333334
21638.0	1787.6266666666668
21713.0	2226.12
21788.0	1803.6533333333334
21863.0	2282.8
21938.0	2096.8
22013.0	2108.4933333333333
22088.0	2505.6
22163.0	2325.0933333333332
22238.0	2372.7066666666665
22313.0	1946.2533333333333
22388.0	1379.1733333333334
22463.0	1370.1466666666668
22538.0	1610.9733333333334
22613.0	1894.1333333333334
22688.0	2042.0933333333332
22763.0	1935.3066666666666
22838.0	2368.92
22913.0	2167.52
22988.0	2205.2933333333335
23063.0	2263.653333333333
23138.0	2371.0933333333332
23213.0	2488.56
23288.0	2415.88
23363.0	2501.6133333333332
23438.0	2557.653333333333
23513.0	2440.8933333333334
23588.0	2292.16
23663.0	2211.0933333333332
23738.0	2357.3333333333335
23813.0	2743.76
23888.0	3153.6666666666665
23963.0	2889.306666666667
24038.0	3191.8533333333335
24113.0	3487.56
24188.0	2800.9733333333334
24263.0	2869.733333333333
24338.0	2622.44
24413.0	2840.2933333333335
24488.0	2151.4266666666667
24563.0	2109.16
24638.0	2194.5333333333333
24713.0	2520.6
24788.0	2201.8
24863.0	1990.6666666666667
24938.0	2066.0133333333333
25013.0	2543.8533333333335
25088.0	2218.693333333333
25163.0	2179.2933333333335
25238.0	2144.96
25313.0	2092.0133333333333
25388.0	2204.693333333333
25463.0	2144.6133333333332
25538.0	2159.3866666666668
25613.0	2825.213333333333
25688.0	3169.8933333333334
25763.0	2886.5333333333333
25838.0	3378.0933333333332
25913.0	2936.5733333333333
25988.0	2464.213333333333
26063.0	2487.0533333333333
26138.0	1854.2
26213.0	2269.3866666666668
26288.0	1852.5733333333333
26363.0	767.04
26438.0	871.7866666666666
26513.0	1413.6
26588.0	2475.4933333333333
26663.0	2374.7066666666665
26738.0	2356.4933333333333
26813.0	2542.8933333333334
26888.0	3619.1466666666665
26963.0	3712.4666666666667
27038.0	3930.32
27113.0	4166.893333333333
27188.0	4140.64
27263.0	3161.84
27338.0	2450.52
27413.0	2823.12
27488.0	1969.84
27563.0	230.70666666666668
27638.0	297.2133333333333
27713.0	319.36
27788.0	419.7733333333333
27863.0	488.05333333333334
27938.0	505.6
28013.0	563.8933333333333
28088.0	716.6533333333333
28163.0	1035.0533333333333
28238.0	661.4266666666666
28313.0	502.96
28388.0	1138.68
28463.0	1063.3866666666668
28538.0	750.1466666666666
28613.0	841.2
28688.0	786.7866666666666
28763.0	390.82666666666665
28838.0	107.14666666666666
28913.0	82.81333333333333
28988.0	386.18666666666667
29063.0	1468.0666666666666
29138.0	1870.24
29213.0	1735.0533333333333
29288.0	1705.0133333333333
29363.0	884.2266666666667
29438.0	391.97333333333336
29513.0	570.76
29588.0	819.3866666666667
29663.0	616.3733333333333
29738.0	330.0
29813.0	208.2
29877.0	2.0
