#Position (bp)	Coverage
38.0	0.0
113.0	0.0
188.0	0.0
263.0	0.0
338.0	781.2933333333333
413.0	3866.1866666666665
488.0	5495.333333333333
563.0	4959.24
638.0	3085.2933333333335
713.0	552.5466666666666
788.0	0.0
863.0	1.76
938.0	48.84
1013.0	504.96
1088.0	867.8266666666667
1163.0	799.8
1238.0	609.9333333333333
1313.0	212.53333333333333
1388.0	0.0
1463.0	0.0
1538.0	0.0
1613.0	1861.5066666666667
1688.0	4772.506666666667
1763.0	5857.6
1838.0	4977.72
1913.0	2160.8933333333334
1988.0	537.0133333333333
2063.0	504.64
2138.0	419.84
2213.0	203.62666666666667
2288.0	146.45333333333335
2363.0	198.04
2438.0	196.85333333333332
2513.0	136.50666666666666
2588.0	28.2
2663.0	0.0
2738.0	0.0
2813.0	26.533333333333335
2888.0	348.41333333333336
2963.0	575.7333333333333
3038.0	593.68
3113.0	437.6
3188.0	756.72
3263.0	1566.5066666666667
3338.0	1887.68
3413.0	1655.4266666666667
3488.0	670.5866666666667
3563.0	173.97333333333333
3638.0	237.24
3713.0	194.10666666666665
3788.0	88.29333333333334
3863.0	8.986666666666666
3938.0	0.0
4013.0	0.0
4088.0	600.9466666666667
4163.0	2135.84
4238.0	2544.6666666666665
4313.0	1821.56
4388.0	700.8133333333334
4463.0	0.0
4538.0	0.0
4613.0	10.586666666666666
4688.0	1377.24
4763.0	3431.2
4838.0	3959.68
4913.0	3051.8933333333334
4988.0	979.3866666666667
5063.0	0.0
5138.0	0.0
5213.0	0.0
5288.0	893.7333333333333
5363.0	2760.9733333333334
5438.0	3683.6666666666665
5513.0	3448.9866666666667
5588.0	1510.52
5663.0	38.92
5738.0	0.0
5813.0	0.0
5888.0	95.64
5963.0	318.02666666666664
6038.0	451.5733333333333
6113.0	461.73333333333335
6188.0	892.3466666666667
6263.0	2235.9466666666667
6338.0	3016.346666666667
6413.0	2795.5866666666666
6488.0	1760.68
6563.0	1415.6
6638.0	1783.16
6713.0	1685.12
6788.0	1158.6
6863.0	282.2
6938.0	0.0
7013.0	1.3466666666666667
7088.0	32.38666666666666
7163.0	58.026666666666664
7238.0	52.45333333333333
7313.0	167.13333333333333
7388.0	831.88
7463.0	1265.8533333333332
7538.0	1233.1733333333334
7613.0	773.9866666666667
7688.0	105.72
7763.0	0.0
7838.0	0.0
7913.0	0.0
7988.0	0.96
8063.0	1.7733333333333334
8138.0	1.0533333333333332
8213.0	0.22666666666666666
8288.0	14.346666666666666
8363.0	42.346666666666664
8438.0	56.2
8513.0	58.88
8588.0	50.18666666666667
8663.0	11.96
8738.0	0.0
8813.0	0.0
8888.0	46.25333333333333
8963.0	615.84
9038.0	1110.64
9113.0	1169.8933333333334
9188.0	858.48
9263.0	346.58666666666664
9338.0	335.1333333333333
9413.0	372.44
9488.0	623.4266666666666
9563.0	2100.1066666666666
9638.0	2907.3866666666668
9713.0	2444.2933333333335
9788.0	1324.12
9863.0	235.25333333333333
9938.0	135.46666666666667
10013.0	159.89333333333335
10088.0	519.3733333333333
10163.0	2138.7066666666665
10238.0	3221.9066666666668
10313.0	3103.2266666666665
10388.0	2075.733333333333
10463.0	1197.2133333333334
10538.0	1366.96
10613.0	1278.3066666666666
10688.0	1291.7333333333333
10763.0	2054.0266666666666
10838.0	2797.0133333333333
10913.0	2814.8533333333335
10988.0	2110.3866666666668
11063.0	3036.0666666666666
11138.0	4825.586666666667
11213.0	4994.96
11288.0	3868.9066666666668
11363.0	1367.8133333333333
11438.0	211.77333333333334
11513.0	184.42666666666668
11588.0	144.41333333333333
11663.0	57.13333333333333
11738.0	0.0
11813.0	0.0
11888.0	467.53333333333336
11963.0	1855.0533333333333
12038.0	2560.1866666666665
12113.0	2356.9866666666667
12188.0	1648.6266666666668
12263.0	746.24
12338.0	597.8
12413.0	390.0933333333333
12488.0	45.46666666666667
12563.0	0.0
12638.0	0.0
12713.0	222.89333333333335
12788.0	1782.7866666666666
12863.0	2765.8
12938.0	2757.32
13013.0	2772.0133333333333
13088.0	5179.173333333333
13163.0	7419.96
13238.0	7317.026666666667
13313.0	4247.546666666667
13388.0	494.3333333333333
13463.0	0.0
13538.0	0.0
13613.0	600.9866666666667
13688.0	3545.3333333333335
13763.0	4977.2266666666665
13838.0	4920.16
13913.0	3105.866666666667
13988.0	339.3066666666667
14063.0	0.0
14138.0	0.0
14213.0	552.2266666666667
14288.0	2902.12
14363.0	4665.8133333333335
14438.0	4903.866666666667
14513.0	3257.0
14588.0	698.9466666666667
14663.0	0.0
14738.0	0.0
14813.0	0.0
14888.0	0.6933333333333334
14963.0	1.9733333333333334
15038.0	0.0
15113.0	0.0
15188.0	0.0
15263.0	0.0
15338.0	0.0
15413.0	0.0
15488.0	0.0
15563.0	0.0
15638.0	0.0
15713.0	0.0
15788.0	0.0
15863.0	274.6
15938.0	744.32
16013.0	907.8666666666667
16088.0	808.8533333333334
16163.0	352.52
16238.0	69.13333333333334
16313.0	69.61333333333333
16388.0	51.36
16463.0	22.773333333333333
16538.0	0.0
16613.0	0.4666666666666667
16688.0	2.0
16763.0	216.89333333333335
16838.0	1116.96
16913.0	1515.1333333333334
16988.0	1459.3866666666668
17063.0	1268.6533333333334
17138.0	1607.0533333333333
17213.0	2594.0933333333332
17288.0	2883.5733333333333
17363.0	2151.826666666667
17438.0	1954.0133333333333
17513.0	2972.84
17588.0	3120.64
17663.0	2238.0
17738.0	584.9866666666667
17813.0	0.0
17888.0	0.0
17963.0	0.0
18038.0	0.0
18113.0	0.0
18188.0	0.0
18263.0	203.16
18338.0	1242.88
18413.0	1888.36
18488.0	1920.2666666666667
18563.0	1626.0133333333333
18638.0	2589.04
18713.0	5939.946666666667
18788.0	7520.413333333333
18863.0	6041.88
18938.0	3084.306666666667
19013.0	1782.4533333333334
19088.0	1904.6933333333334
19163.0	1888.72
19238.0	981.8533333333334
19313.0	41.56
19388.0	0.0
19463.0	0.0
19538.0	0.0
19613.0	0.0
19688.0	0.0
19763.0	0.0
19838.0	0.0
19913.0	0.0
19988.0	0.0
20063.0	0.0
20138.0	0.0
20213.0	0.0
20288.0	0.0
20363.0	0.0
20438.0	0.0
20513.0	758.1866666666666
20588.0	1757.3733333333332
20663.0	2015.2666666666667
20738.0	2187.7733333333335
20813.0	1388.6
20888.0	279.06666666666666
20963.0	169.64
21038.0	167.38666666666666
21113.0	109.48
21188.0	3.88
21263.0	0.0
21338.0	0.0
21413.0	0.0
21488.0	0.0
21563.0	0.0
21638.0	13.56
21713.0	199.33333333333334
21788.0	427.6533333333333
21863.0	517.7333333333333
21938.0	375.06666666666666
22013.0	128.77333333333334
22088.0	23.106666666666666
22163.0	16.68
22238.0	7.8
22313.0	2.8533333333333335
22388.0	0.0
22463.0	0.0
22538.0	0.0
22613.0	0.0
22688.0	0.0
22763.0	0.0
22838.0	0.0
22913.0	0.0
22988.0	0.0
23063.0	0.0
23138.0	0.0
23213.0	0.0
23288.0	0.0
23363.0	0.0
23438.0	42.093333333333334
23513.0	356.64
23588.0	589.56
23663.0	736.36
23738.0	645.1466666666666
23813.0	157.49333333333334
23888.0	0.0
23963.0	0.0
24038.0	0.0
24113.0	0.0
24188.0	0.0
24263.0	0.0
24338.0	0.0
24413.0	0.0
24488.0	0.0
24563.0	0.0
24638.0	0.0
24713.0	603.9866666666667
24788.0	2589.5066666666667
24863.0	3437.786666666667
24938.0	3098.44
25013.0	1661.44
25088.0	113.56
25163.0	1.08
25238.0	1.0
25313.0	0.16
25388.0	0.2
25463.0	1.1333333333333333
25538.0	1.6133333333333333
25613.0	0.6266666666666667
25688.0	0.0
25763.0	0.0
25838.0	0.0
25913.0	0.0
25988.0	0.0
26063.0	0.0
26138.0	0.0
26213.0	0.0
26288.0	0.0
26363.0	0.0
26438.0	0.0
26513.0	0.0
26588.0	0.0
26663.0	0.0
26738.0	0.0
26813.0	0.0
26888.0	0.4266666666666667
26963.0	1.0
27038.0	1.0933333333333333
27113.0	1.0
27188.0	0.9066666666666666
27263.0	1.9866666666666666
27338.0	1.2
27413.0	0.013333333333333334
27488.0	0.0
27563.0	0.0
27638.0	0.0
27713.0	0.0
27788.0	0.0
27863.0	0.0
27938.0	0.0
28013.0	0.0
28088.0	0.0
28163.0	0.0
28238.0	0.0
28313.0	0.0
28388.0	87.28
28463.0	890.0533333333333
28538.0	1593.6666666666667
28613.0	1493.4266666666667
28688.0	975.1466666666666
28763.0	270.12
28838.0	28.12
28913.0	16.733333333333334
28988.0	11.64
29063.0	2.0
29138.0	1.0
29213.0	0.6666666666666666
29288.0	0.0
29363.0	0.4666666666666667
29438.0	2.9466666666666668
29513.0	16.746666666666666
29588.0	48.6
29663.0	56.76
29738.0	39.54666666666667
29813.0	17.386666666666667
29877.0	6.962264150943396
