#Position (bp)	Coverage
38.0	53.61333333333334
113.0	212.94666666666666
188.0	254.21333333333334
263.0	218.16
338.0	281.94666666666666
413.0	88.46666666666667
488.0	38.54666666666667
563.0	56.18666666666667
638.0	86.4
713.0	405.96
788.0	463.14666666666665
863.0	431.74666666666667
938.0	437.0933333333333
1013.0	184.8
1088.0	94.78666666666666
1163.0	87.06666666666666
1238.0	85.16
1313.0	69.92
1388.0	44.70666666666666
1463.0	54.013333333333335
1538.0	37.093333333333334
1613.0	133.38666666666666
1688.0	120.37333333333333
1763.0	108.46666666666667
1838.0	85.84
1913.0	169.10666666666665
1988.0	91.24
2063.0	78.22666666666667
2138.0	71.54666666666667
2213.0	143.05333333333334
2288.0	241.57333333333332
2363.0	253.56
2438.0	363.05333333333334
2513.0	280.0933333333333
2588.0	140.09333333333333
2663.0	68.12
2738.0	64.92
2813.0	111.68
2888.0	426.29333333333335
2963.0	364.04
3038.0	400.64
3113.0	459.50666666666666
3188.0	374.7733333333333
3263.0	325.92
3338.0	394.53333333333336
3413.0	369.62666666666667
3488.0	262.0
3563.0	26.14666666666667
3638.0	23.773333333333333
3713.0	17.586666666666666
3788.0	27.013333333333332
3863.0	24.226666666666667
3938.0	32.56
4013.0	29.96
4088.0	68.96
4163.0	93.73333333333333
4238.0	100.8
4313.0	138.58666666666667
4388.0	158.70666666666668
4463.0	137.13333333333333
4538.0	107.68
4613.0	98.41333333333333
4688.0	61.92
4763.0	40.4
4838.0	48.093333333333334
4913.0	51.82666666666667
4988.0	53.46666666666667
5063.0	56.333333333333336
5138.0	46.70666666666666
5213.0	60.86666666666667
5288.0	70.6
5363.0	72.93333333333334
5438.0	81.34666666666666
5513.0	82.29333333333334
5588.0	176.65333333333334
5663.0	234.02666666666667
5738.0	294.3333333333333
5813.0	231.28
5888.0	232.66666666666666
5963.0	66.56
6038.0	43.29333333333334
6113.0	50.42666666666667
6188.0	633.1333333333333
6263.0	1202.64
6338.0	1098.2
6413.0	1089.2533333333333
6488.0	984.8666666666667
6563.0	258.37333333333333
6638.0	162.28
6713.0	195.28
6788.0	168.57333333333332
6863.0	100.62666666666667
6938.0	41.013333333333335
7013.0	49.626666666666665
7088.0	33.89333333333333
7163.0	25.96
7238.0	26.946666666666665
7313.0	73.36
7388.0	260.84
7463.0	250.57333333333332
7538.0	207.30666666666667
7613.0	245.98666666666668
7688.0	426.28
7763.0	382.64
7838.0	390.50666666666666
7913.0	424.44
7988.0	522.1066666666667
8063.0	238.26666666666668
8138.0	285.6533333333333
8213.0	264.36
8288.0	255.78666666666666
8363.0	113.13333333333334
8438.0	106.14666666666666
8513.0	101.48
8588.0	116.64
8663.0	92.78666666666666
8738.0	69.22666666666667
8813.0	87.72
8888.0	163.32
8963.0	931.7466666666667
9038.0	1040.8533333333332
9113.0	1164.3066666666666
9188.0	1054.24
9263.0	307.1333333333333
9338.0	51.22666666666667
9413.0	68.14666666666666
9488.0	345.6
9563.0	1055.9866666666667
9638.0	910.0933333333334
9713.0	813.5066666666667
9788.0	746.0
9863.0	148.52
9938.0	38.08
10013.0	27.906666666666666
10088.0	162.12
10163.0	481.14666666666665
10238.0	502.44
10313.0	469.3066666666667
10388.0	563.68
10463.0	295.8666666666667
10538.0	213.38666666666666
10613.0	223.08
10688.0	277.62666666666667
10763.0	165.02666666666667
10838.0	124.38666666666667
10913.0	118.77333333333333
10988.0	166.21333333333334
11063.0	457.1333333333333
11138.0	441.82666666666665
11213.0	414.9866666666667
11288.0	398.0133333333333
11363.0	478.96
11438.0	142.92
11513.0	140.58666666666667
11588.0	394.88
11663.0	464.5466666666667
11738.0	318.2
11813.0	233.36
11888.0	622.3066666666666
11963.0	1079.2533333333333
12038.0	1059.8133333333333
12113.0	1060.7333333333333
12188.0	1216.9466666666667
12263.0	550.12
12338.0	474.02666666666664
12413.0	679.0266666666666
12488.0	332.93333333333334
12563.0	227.90666666666667
12638.0	153.82666666666665
12713.0	303.72
12788.0	632.48
12863.0	707.1733333333333
12938.0	601.3733333333333
13013.0	867.5866666666667
13088.0	1153.84
13163.0	1284.1733333333334
13238.0	1166.9733333333334
13313.0	1339.84
13388.0	367.29333333333335
13463.0	86.38666666666667
13538.0	86.18666666666667
13613.0	247.10666666666665
13688.0	844.2
13763.0	911.1066666666667
13838.0	1001.4
13913.0	892.2266666666667
13988.0	1274.5066666666667
14063.0	1064.3866666666668
14138.0	1237.0666666666666
14213.0	1090.4666666666667
14288.0	807.3066666666666
14363.0	617.4133333333333
14438.0	639.88
14513.0	601.72
14588.0	509.16
14663.0	478.7733333333333
14738.0	498.73333333333335
14813.0	477.17333333333335
14888.0	402.97333333333336
14963.0	223.36
15038.0	195.05333333333334
15113.0	195.28
15188.0	355.3333333333333
15263.0	572.8933333333333
15338.0	625.4266666666666
15413.0	629.2133333333334
15488.0	844.12
15563.0	859.4
15638.0	737.1333333333333
15713.0	736.1333333333333
15788.0	724.8533333333334
15863.0	1094.0666666666666
15938.0	1115.6
16013.0	1071.2533333333333
16088.0	1074.8266666666666
16163.0	739.4666666666667
16238.0	92.2
16313.0	96.17333333333333
16388.0	95.16
16463.0	135.17333333333335
16538.0	154.04
16613.0	143.24
16688.0	143.30666666666667
16763.0	156.29333333333332
16838.0	134.46666666666667
16913.0	117.81333333333333
16988.0	142.61333333333334
17063.0	610.3866666666667
17138.0	2701.693333333333
17213.0	4327.64
17288.0	3645.9866666666667
17363.0	3905.9066666666668
17438.0	2310.6
17513.0	1049.7733333333333
17588.0	1043.32
17663.0	1184.6133333333332
17738.0	630.9333333333333
17813.0	146.82666666666665
17888.0	142.0
17963.0	164.66666666666666
18038.0	259.7866666666667
18113.0	283.36
18188.0	247.2
18263.0	303.12
18338.0	339.5733333333333
18413.0	268.6533333333333
18488.0	272.84
18563.0	234.72
18638.0	1363.52
18713.0	1755.32
18788.0	2159.346666666667
18863.0	1833.36
18938.0	1637.8266666666666
19013.0	666.9866666666667
19088.0	683.52
19163.0	571.6133333333333
19238.0	572.28
19313.0	123.53333333333333
19388.0	85.64
19463.0	90.52
19538.0	94.0
19613.0	134.66666666666666
19688.0	147.74666666666667
19763.0	165.90666666666667
19838.0	195.70666666666668
19913.0	193.58666666666667
19988.0	120.46666666666667
20063.0	108.26666666666667
20138.0	100.76
20213.0	108.84
20288.0	104.12
20363.0	99.10666666666667
20438.0	104.74666666666667
20513.0	402.88
20588.0	276.49333333333334
20663.0	382.0933333333333
20738.0	305.3333333333333
20813.0	690.6533333333333
20888.0	886.0933333333334
20963.0	981.4266666666666
21038.0	869.4
21113.0	836.1866666666666
21188.0	111.84
21263.0	88.65333333333334
21338.0	86.73333333333333
21413.0	88.56
21488.0	88.14666666666666
21563.0	86.13333333333334
21638.0	88.88
21713.0	98.25333333333333
21788.0	101.37333333333333
21863.0	100.36
21938.0	96.21333333333334
22013.0	89.73333333333333
22088.0	103.98666666666666
22163.0	104.41333333333333
22238.0	103.86666666666666
22313.0	95.56
22388.0	83.0
22463.0	83.6
22538.0	116.01333333333334
22613.0	160.33333333333334
22688.0	220.86666666666667
22763.0	200.42666666666668
22838.0	223.32
22913.0	96.62666666666667
22988.0	83.42666666666666
23063.0	85.4
23138.0	427.96
23213.0	1039.56
23288.0	1200.5466666666666
23363.0	1193.9866666666667
23438.0	1215.24
23513.0	761.92
23588.0	403.08
23663.0	415.06666666666666
23738.0	469.37333333333333
23813.0	295.05333333333334
23888.0	179.96
23963.0	166.34666666666666
24038.0	179.77333333333334
24113.0	261.12
24188.0	277.70666666666665
24263.0	271.0
24338.0	268.72
24413.0	329.49333333333334
24488.0	220.89333333333335
24563.0	196.54666666666665
24638.0	220.57333333333332
24713.0	602.96
24788.0	986.44
24863.0	876.1733333333333
24938.0	868.4133333333333
25013.0	1105.64
25088.0	603.2533333333333
25163.0	496.50666666666666
25238.0	400.9066666666667
25313.0	334.44
25388.0	179.89333333333335
25463.0	187.46666666666667
25538.0	223.0
25613.0	242.02666666666667
25688.0	139.65333333333334
25763.0	121.36
25838.0	133.48
25913.0	80.38666666666667
25988.0	28.213333333333335
26063.0	35.666666666666664
26138.0	31.733333333333334
26213.0	94.52
26288.0	294.70666666666665
26363.0	103.10666666666667
26438.0	102.81333333333333
26513.0	186.12
26588.0	279.2133333333333
26663.0	287.72
26738.0	322.46666666666664
26813.0	300.37333333333333
26888.0	265.84
26963.0	38.77333333333333
27038.0	47.53333333333333
27113.0	65.61333333333333
27188.0	520.4133333333333
27263.0	628.1733333333333
27338.0	503.5466666666667
27413.0	511.5733333333333
27488.0	322.25333333333333
27563.0	6.12
27638.0	7.253333333333333
27713.0	6.493333333333333
27788.0	42.88
27863.0	151.65333333333334
27938.0	145.05333333333334
28013.0	188.84
28088.0	543.9733333333334
28163.0	1329.2933333333333
28238.0	754.8666666666667
28313.0	1275.9866666666667
28388.0	1728.2666666666667
28463.0	931.24
28538.0	552.7733333333333
28613.0	622.56
28688.0	607.8133333333334
28763.0	235.93333333333334
28838.0	5.92
28913.0	6.693333333333333
28988.0	30.08
29063.0	76.06666666666666
29138.0	84.13333333333334
29213.0	68.42666666666666
29288.0	72.85333333333334
29363.0	41.373333333333335
29438.0	21.173333333333332
29513.0	44.54666666666667
29588.0	51.733333333333334
29663.0	52.653333333333336
29738.0	32.70666666666666
29813.0	18.653333333333332
29877.0	0.07547169811320754
