#Read position (bp)	Clipping profile
0.0	13.467116093125341
1.0	13.467116093125341
2.0	9.814219644116957
3.0	5.813801572992605
4.0	3.2269864910767945
5.0	0.9667894750594443
6.0	0.0
7.0	0.0
8.0	0.0
9.0	0.0
10.0	0.0
11.0	0.0
12.0	0.0
13.0	0.0
14.0	0.0
15.0	0.0
16.0	0.0
17.0	0.0
18.0	0.0
19.0	0.0
20.0	0.0
21.0	0.0
22.0	0.0
23.0	0.0
24.0	0.0
25.0	0.0
26.0	0.0
27.0	0.0
28.0	0.0
29.0	0.0
30.0	2.1635180685114057
31.0	5.2833738339735055
32.0	9.777638420736327
33.0	12.513391340701837
34.0	14.222257061482585
35.0	9.283791905097855
