#Read position (bp)	Clipping profile
0.0	15.204981837052415
1.0	15.204981837052415
2.0	11.779968863518423
3.0	9.21120913336793
4.0	4.436948624805397
5.0	0.9340944473274521
6.0	0.0
7.0	0.0
8.0	0.0
9.0	0.0
10.0	0.0
11.0	0.0
12.0	0.0
13.0	0.0
14.0	0.0
15.0	0.0
16.0	0.0
17.0	0.0
18.0	0.0
19.0	0.0
20.0	0.0
21.0	0.0
22.0	0.0
23.0	0.0
24.0	0.0
25.0	0.0
26.0	0.0
27.0	0.0
28.0	0.0
29.0	0.0
30.0	2.6466009340944474
31.0	4.852101712506487
32.0	6.538661131292164
33.0	8.51063829787234
34.0	11.157239231966788
35.0	9.522573949143746
