#Read position (bp)	Clipping profile
0.0	3.504167507859141
1.0	0.146127149847624
2.0	0.11824762783722205
3.0	0.10671127390188331
4.0	0.10574991107393841
5.0	0.10286582259010373
6.0	0.10094309693421395
7.0	0.09902037127832415
8.0	0.09709764562243436
9.0	0.09613628279448948
10.0	0.09517491996654458
11.0	0.09132946865476499
12.0	0.08844538017093032
13.0	0.08075447754737115
14.0	0.07498630057970178
15.0	0.06344994664436306
16.0	0.058643132504638575
17.0	0.055759044020803894
18.0	0.05383631836491411
19.0	0.05383631836491411
20.0	0.049990867053134526
21.0	0.04422269008546516
22.0	0.03845451311779579
23.0	0.03749315028985089
24.0	0.03749315028985089
25.0	0.036531787461906
26.0	0.0355704246339611
27.0	0.0355704246339611
28.0	0.0355704246339611
29.0	0.0355704246339611
30.0	0.0355704246339611
31.0	0.41242465318835986
32.0	0.1422816985358444
33.0	0.1413203357078995
34.0	0.4114632903604149
35.0	0.13362943308434036
36.0	0.02403407069862237
37.0	0.2364952556744441
38.0	0.15958622943885253
39.0	0.7988925100222075
40.0	1.2757284726828753
41.0	0.09613628279448948
42.0	0.01634316807506321
43.0	0.015381805247118314
44.0	1.0988377123410145
45.0	55.79173035695402
46.0	8.798392601351676
47.0	10.982608946442477
48.0	0.8229265807208298
49.0	0.15093396398734846
50.0	0.013459079591228527
51.0	0.013459079591228527
52.0	0.13843624722406483
53.0	0.013459079591228527
54.0	0.013459079591228527
55.0	0.012497716763283631
56.0	0.2855247598996337
57.0	10.227939126505735
58.0	0.009613628279448947
59.0	0.009613628279448947
60.0	0.009613628279448947
61.0	0.008652265451504052
62.0	0.008652265451504052
63.0	0.007690902623559157
64.0	0.007690902623559157
65.0	0.09036810582682009
66.0	0.006729539795614263
67.0	0.006729539795614263
68.0	0.006729539795614263
69.0	0.005768176967669368
70.0	0.08171584037531605
71.0	0.006729539795614263
72.0	0.006729539795614263
73.0	0.006729539795614263
74.0	0.006729539795614263
75.0	0.006729539795614263
76.0	0.006729539795614263
77.0	0.006729539795614263
78.0	0.006729539795614263
79.0	0.006729539795614263
80.0	0.006729539795614263
81.0	0.006729539795614263
82.0	0.006729539795614263
83.0	0.007690902623559157
84.0	0.008652265451504052
85.0	0.007690902623559157
86.0	0.007690902623559157
87.0	0.007690902623559157
88.0	0.007690902623559157
89.0	0.007690902623559157
90.0	0.007690902623559157
91.0	0.007690902623559157
92.0	0.006729539795614263
93.0	0.006729539795614263
94.0	0.006729539795614263
95.0	0.006729539795614263
96.0	0.007690902623559157
97.0	0.006729539795614263
98.0	0.008652265451504052
99.0	0.008652265451504052
100.0	0.008652265451504052
101.0	0.009613628279448947
102.0	0.11247945086955269
103.0	0.009613628279448947
104.0	0.009613628279448947
105.0	0.009613628279448947
106.0	0.008652265451504052
107.0	0.008652265451504052
108.0	0.008652265451504052
109.0	0.008652265451504052
110.0	0.009613628279448947
111.0	0.008652265451504052
112.0	0.008652265451504052
113.0	0.008652265451504052
114.0	0.008652265451504052
115.0	0.008652265451504052
116.0	0.005768176967669368
117.0	0.005768176967669368
118.0	0.005768176967669368
119.0	0.004806814139724474
120.0	0.005768176967669368
121.0	0.005768176967669368
122.0	0.005768176967669368
123.0	0.005768176967669368
124.0	0.005768176967669368
125.0	0.005768176967669368
126.0	0.006729539795614263
127.0	0.007690902623559157
128.0	0.011536353935338736
129.0	0.011536353935338736
130.0	0.010574991107393841
131.0	0.009613628279448947
132.0	0.009613628279448947
133.0	0.009613628279448947
134.0	0.009613628279448947
135.0	0.010574991107393841
136.0	0.011536353935338736
137.0	0.011536353935338736
138.0	0.011536353935338736
139.0	0.012497716763283631
140.0	0.012497716763283631
141.0	0.013459079591228527
142.0	0.013459079591228527
143.0	0.014420442419173419
144.0	0.014420442419173419
145.0	0.013459079591228527
146.0	0.012497716763283631
147.0	0.012497716763283631
148.0	0.013459079591228527
149.0	0.014420442419173419
150.0	0.015381805247118314
151.0	0.014420442419173419
152.0	0.014420442419173419
153.0	0.018265893730953
154.0	0.019227256558897895
155.0	0.018265893730953
156.0	0.02018861938684279
157.0	0.02018861938684279
158.0	0.02018861938684279
159.0	0.019227256558897895
160.0	0.02018861938684279
161.0	0.021149982214787682
162.0	0.021149982214787682
163.0	0.02018861938684279
164.0	0.021149982214787682
165.0	0.021149982214787682
166.0	0.02211134504273258
167.0	0.02211134504273258
168.0	0.02211134504273258
169.0	0.021149982214787682
170.0	0.021149982214787682
171.0	0.02018861938684279
172.0	0.018265893730953
173.0	0.018265893730953
174.0	0.019227256558897895
175.0	0.01634316807506321
176.0	0.017304530903008104
177.0	0.01634316807506321
178.0	0.018265893730953
179.0	0.02018861938684279
180.0	0.019227256558897895
181.0	0.019227256558897895
182.0	0.019227256558897895
183.0	0.02018861938684279
184.0	0.02018861938684279
185.0	0.02018861938684279
186.0	0.018265893730953
187.0	0.019227256558897895
188.0	0.02018861938684279
189.0	0.02018861938684279
190.0	0.019227256558897895
191.0	0.018265893730953
192.0	0.018265893730953
193.0	0.018265893730953
194.0	0.018265893730953
195.0	0.02018861938684279
196.0	0.02211134504273258
197.0	0.025956796354512156
198.0	0.03268633615012642
199.0	0.030763610494236628
200.0	0.021149982214787682
201.0	0.0038454513117795784
202.0	0.0038454513117795784
203.0	0.0038454513117795784
204.0	0.004806814139724474
205.0	0.004806814139724474
206.0	0.004806814139724474
207.0	0.004806814139724474
208.0	0.004806814139724474
209.0	0.004806814139724474
210.0	0.004806814139724474
211.0	0.005768176967669368
212.0	0.005768176967669368
213.0	0.004806814139724474
214.0	0.0038454513117795784
215.0	0.0038454513117795784
216.0	0.0038454513117795784
217.0	0.0038454513117795784
218.0	0.0038454513117795784
219.0	0.0038454513117795784
220.0	0.0019227256558897892
