# Position (bp)	A	C	G	T	N
0.0	58.462532299741596	10.65891472868217	15.568475452196381	15.310077519379844	0.0
1.0	14.405684754521964	51.22739018087855	22.35142118863049	12.015503875968992	0.0
2.0	18.45275840202917	47.17818642993025	17.564996829422956	16.80405833861763	0.0
3.0	59.72309628697295	11.831340465701699	11.768407803650094	16.677155443675268	0.0
4.0	58.0503144654088	12.767295597484276	10.314465408805033	18.867924528301888	0.0
5.0	19.83678593848085	46.64155681104833	10.420590081607031	23.10106716886378	0.0
6.0	20.37617554858934	44.76489028213167	11.786833855799372	23.072100313479623	0.0
7.0	58.296806512210395	13.08703819661866	12.147777082028805	16.46837820914214	0.0
8.0	54.22138836772983	17.698561601000627	12.757973733583489	15.322076297686055	0.0
9.0	17.5625	45.0625	12.875	24.5	0.0
10.0	17.11430356027483	10.430980637101811	12.429731417863835	60.02498438475953	0.0
11.0	17.445482866043612	12.087227414330219	17.009345794392523	53.45794392523364	0.0
12.0	17.101990049751244	11.691542288557214	13.432835820895523	57.77363184079603	0.0
13.0	18.254950495049506	45.66831683168317	17.388613861386137	18.68811881188119	0.0
14.0	17.13933415536375	11.89889025893958	47.78051787916153	23.181257706535142	0.0
15.0	52.63157894736842	12.851897184822523	14.443084455324357	20.0734394124847	0.0
16.0	15.924344112263574	11.653447223917022	13.483831604636972	58.93837705918242	0.0
17.0	19.792935444579783	43.057247259439706	17.113276492082825	20.036540803897683	0.0
18.0	18.18734793187348	17.822384428223845	14.051094890510948	49.93917274939172	0.0
19.0	18.552311435523112	48.722627737226276	12.652068126520682	20.072992700729927	0.0
20.0	16.444174757281555	14.987864077669903	16.322815533980584	52.245145631067956	0.0
21.0	16.868198307134218	20.072551390568318	13.482466747279323	49.57678355501814	0.0
22.0	18.55421686746988	10.843373493975903	45.903614457831324	24.69879518072289	0.0
23.0	19.867549668874172	11.860325105358218	16.435881998795907	51.8362432269717	0.0
24.0	57.314870559903675	10.897049969897651	12.040939193257074	19.747140276941604	0.0
25.0	18.531889290012032	17.14801444043321	44.88567990373045	19.43441636582431	0.0
26.0	51.29284425736621	15.694527961515334	11.06434155141311	21.948286229705353	0.0
27.0	14.792543595911004	19.603126879134095	11.665664461815997	53.9386650631389	0.0
28.0	16.71677690920024	46.96331930246542	9.20024052916416	27.119663259170174	0.0
29.0	20.986169573060735	9.26037282020445	14.431749849669274	55.32170775706554	0.0
30.0	18.220084185207455	15.995189416716777	43.836440168370416	21.948286229705353	0.0
31.0	21.265060240963855	8.6144578313253	12.951807228915662	57.168674698795186	0.0
32.0	23.930078360458108	10.427968655816757	11.874623267028332	53.76732971669681	0.0
33.0	18.998793727382388	45.23522316043426	11.158021712907116	24.60796139927624	0.0
34.0	19.879518072289155	11.325301204819278	18.313253012048193	50.48192771084338	0.0
35.0	18.84406983744732	50.03010234798314	10.41541240216737	20.710415412402167	0.0
36.0	21.814903846153847	12.079326923076923	11.959134615384617	54.14663461538461	0.0
37.0	49.42874323511725	17.498496692723993	12.627781118460613	20.444978953698136	0.0
38.0	51.413108839446785	13.349368610944076	13.890559230306676	21.346963319302464	0.0
39.0	51.78032589016295	17.320458660229328	8.388654194327097	22.510561255280628	0.0
40.0	18.242424242424242	45.151515151515156	12.484848484848484	24.12121212121212	0.0
41.0	17.807389460932768	9.509388249545731	51.72622652937614	20.956995760145368	0.0
42.0	52.45305875227135	13.809812235009087	13.809812235009087	19.92731677771048	0.0
43.0	52.723970944309926	11.743341404358354	12.469733656174334	23.062953995157383	0.0
44.0	20.498783454987834	44.28223844282238	10.888077858880779	24.330900243309003	0.0
45.0	28.400954653937948	18.77486077963405	15.83134447096261	36.9928400954654	0.0
46.0	26.99490662139219	13.412563667232597	17.062818336162987	42.52971137521222	0.0
47.0	29.0528233151184	14.389799635701275	24.134790528233154	32.42258652094718	0.0
48.0	24.31192660550459	15.59633027522936	25.871559633027523	34.22018348623853	0.0
49.0	25.068870523415974	17.17171717171717	17.17171717171717	40.58769513314967	0.0
50.0	29.201101928374655	21.57943067033976	17.81450872359963	31.40495867768595	0.0
51.0	33.79247015610652	15.151515151515152	17.447199265381084	33.608815426997246	0.0
52.0	24.724264705882355	16.360294117647058	19.852941176470587	39.0625	0.0
53.0	27.297794117647058	25.09191176470588	17.830882352941178	29.77941176470588	0.0
54.0	26.5625	19.209558823529413	17.830882352941178	36.39705882352941	0.0
55.0	37.20073664825046	15.745856353591158	17.495395948434624	29.55801104972376	0.0
56.0	24.195032198712052	18.58325666973321	18.675252989880406	38.546458141674336	0.0
57.0	30.009871668311945	18.85488647581441	22.8035538005923	28.33168805528134	0.0
58.0	30.276134122287967	18.639053254437872	17.06114398422091	34.023668639053255	0.0
59.0	27.344521224086872	18.36130306021718	22.50740375123396	31.786771964461995	0.0
60.0	25.271470878578477	17.077986179664364	21.816386969397826	35.834155972359326	0.0
61.0	28.16205533596838	18.774703557312254	21.83794466403162	31.225296442687743	0.0
62.0	27.4703557312253	17.490118577075098	23.81422924901186	31.225296442687743	0.0
63.0	32.379072063178675	17.275419545903258	23.198420533070088	27.14708785784798	0.0
64.0	31.88548864758144	18.657453109575517	19.2497532082922	30.207305034550842	0.0
65.0	29.545454545454547	19.76284584980237	20.948616600790515	29.74308300395257	0.0
66.0	32.675222112537014	15.49851924975321	21.520236920039487	30.306021717670284	0.0
67.0	26.456071076011845	18.26258637709773	20.138203356367228	35.1431391905232	0.0
68.0	24.086870681145115	20.533070088845015	20.927936821322803	34.45212240868707	0.0
69.0	25.04930966469428	20.710059171597635	23.37278106508876	30.867850098619332	0.0
70.0	27.44323790720632	22.8035538005923	19.545903257650544	30.207305034550842	0.0
71.0	26.48221343873518	21.936758893280633	19.76284584980237	31.818181818181817	0.0
72.0	26.58102766798419	17.588932806324113	20.55335968379447	35.276679841897234	0.0
73.0	31.126482213438734	17.292490118577074	19.861660079051383	31.719367588932805	0.0
74.0	30.92885375494071	16.50197628458498	21.936758893280633	30.632411067193676	0.0
75.0	28.754940711462453	23.221343873517785	19.66403162055336	28.3596837944664	0.0
76.0	28.458498023715418	20.8498023715415	17.687747035573125	33.00395256916996	0.0
77.0	29.940711462450594	19.565217391304348	18.181818181818183	32.31225296442688	0.0
78.0	28.55731225296443	21.73913043478261	19.367588932806324	30.335968379446644	0.0
79.0	28.458498023715418	19.268774703557312	20.55335968379447	31.719367588932805	0.0
80.0	29.545454545454547	15.909090909090908	19.76284584980237	34.78260869565217	0.0
81.0	27.27272727272727	17.391304347826086	21.047430830039527	34.28853754940712	0.0
82.0	31.620553359683797	18.379446640316203	21.83794466403162	28.16205533596838	0.0
83.0	29.277942631058355	19.881305637982198	21.364985163204746	29.475766567754697	0.0
84.0	26.435643564356436	19.207920792079207	21.980198019801982	32.37623762376238	0.0
85.0	33.03659742828882	17.11177052423343	21.068249258160236	28.783382789317507	0.0
86.0	31.03103103103103	17.117117117117118	24.124124124124123	27.72772772772773	0.0
87.0	32.732732732732735	19.11911911911912	21.32132132132132	26.826826826826828	0.0
88.0	34.83483483483483	16.616616616616618	19.71971971971972	28.82882882882883	0.0
89.0	29.52952952952953	17.117117117117118	21.32132132132132	32.032032032032035	0.0
90.0	30.430430430430434	16.616616616616618	19.11911911911912	33.83383383383383	0.0
91.0	29.02902902902903	19.91991991991992	17.917917917917915	33.133133133133136	0.0
92.0	29.599999999999998	20.7	17.599999999999998	32.1	0.0
93.0	31.2	16.5	20.5	31.8	0.0
94.0	29.7	17.2	20.9	32.2	0.0
95.0	31.6	15.5	20.3	32.6	0.0
96.0	28.72872872872873	19.01901901901902	17.71771771771772	34.53453453453454	0.0
97.0	30.4	18.2	18.8	32.6	0.0
98.0	30.961923847695388	19.839679358717436	17.835671342685373	31.362725450901802	0.0
99.0	31.162324649298593	18.236472945891784	17.535070140280563	33.06613226452906	0.0
100.0	32.730923694779115	14.357429718875503	17.9718875502008	34.93975903614458	0.0
101.0	30.846774193548388	18.548387096774192	20.866935483870968	29.73790322580645	0.0
102.0	32.69230769230769	13.765182186234817	22.06477732793522	31.477732793522268	0.0
103.0	26.774847870182555	17.951318458417852	20.689655172413794	34.5841784989858	0.0
104.0	26.192893401015226	19.18781725888325	21.116751269035532	33.50253807106599	0.0
105.0	29.13705583756345	19.796954314720814	18.781725888324875	32.28426395939086	0.0
106.0	32.454361054766736	17.647058823529413	19.776876267748477	30.121703853955374	0.0
107.0	32.69035532994924	19.086294416243653	18.68020304568528	29.543147208121827	0.0
108.0	35.881753312945975	17.635066258919473	15.494393476044852	30.988786952089704	0.0
109.0	29.009193054136873	20.633299284984677	19.30541368743616	31.05209397344229	0.0
110.0	25.743589743589745	18.76923076923077	21.23076923076923	34.256410256410255	0.0
111.0	30.76923076923077	16.512820512820515	19.48717948717949	33.23076923076923	0.0
112.0	27.31006160164271	20.944558521560573	19.917864476386036	31.82751540041068	0.0
113.0	27.440904419321686	19.013360739979447	22.302158273381295	31.243576567317575	0.0
114.0	28.630278063851698	16.27188465499485	21.421215242018537	33.67662203913491	0.0
115.0	26.494845360824744	18.65979381443299	19.896907216494846	34.94845360824742	0.0
116.0	28.645294725956568	17.166494312306103	20.682523267838675	33.50568769389866	0.0
117.0	29.81366459627329	18.426501035196686	19.047619047619047	32.71221532091098	0.0
118.0	26.70807453416149	17.494824016563147	21.428571428571427	34.368530020703936	0.0
119.0	22.717842323651453	21.473029045643152	27.178423236514522	28.63070539419087	0.0
120.0	25.833333333333336	24.479166666666664	21.979166666666668	27.708333333333336	0.0
121.0	30.416666666666664	18.854166666666668	17.604166666666668	33.125	0.0
122.0	30.48016701461378	17.22338204592902	21.29436325678497	31.002087682672236	0.0
123.0	32.42677824267782	19.351464435146443	16.736401673640167	31.485355648535563	0.0
124.0	28.541448058761805	19.20251836306401	19.412381951731376	32.84365162644281	0.0
125.0	26.99579831932773	18.277310924369747	20.063025210084035	34.66386554621849	0.0
126.0	31.789473684210527	18.63157894736842	19.68421052631579	29.894736842105264	0.0
127.0	29.989440337909183	17.95142555438226	21.647307286166843	30.41182682154171	0.0
128.0	32.59023354564756	16.348195329087048	19.21443736730361	31.84713375796178	0.0
129.0	28.055260361317746	19.766206163655685	18.703506907545165	33.4750265674814	0.0
130.0	32.51859723698193	18.49096705632306	16.790648246546226	32.19978746014878	0.0
131.0	31.243358129649305	20.297555791710945	19.44739638682253	29.011689691817217	0.0
132.0	27.20510095642933	18.91604675876727	22.422954303931988	31.455897980871413	0.0
133.0	26.943556975505857	21.405750798722046	20.02129925452609	31.629392971246006	0.0
134.0	25.0	20.726495726495727	21.581196581196583	32.69230769230769	0.0
135.0	26.04501607717042	18.327974276527332	21.007502679528404	34.61950696677385	0.0
136.0	24.382384532760472	16.648764769065522	22.019334049409238	36.94951664876477	0.0
137.0	28.047464940668824	16.073354908306364	21.035598705501616	34.84358144552319	0.0
138.0	30.08658008658009	18.073593073593074	19.155844155844157	32.683982683982684	0.0
139.0	30.184581976112923	18.349619978284473	18.241042345276874	33.22475570032573	0.0
140.0	29.347826086956523	15.869565217391305	22.282608695652172	32.5	0.0
141.0	32.96943231441048	15.611353711790393	20.52401746724891	30.89519650655022	0.0
142.0	32.09200438116101	14.129244249726177	20.810514786418402	32.968236582694416	0.0
143.0	32.22958057395143	20.309050772626932	19.426048565121413	28.03532008830022	0.0
144.0	33.25966850828729	18.011049723756905	17.900552486187845	30.82872928176796	0.0
145.0	28.017718715393137	18.49390919158361	20.930232558139537	32.55813953488372	0.0
146.0	29.3007769145394	18.978912319644838	20.42175360710322	31.29855715871254	0.0
147.0	29.03225806451613	19.243604004449388	17.686318131256954	34.03781979977753	0.0
148.0	27.690582959641258	19.170403587443946	20.067264573991032	33.07174887892377	0.0
149.0	29.617117117117115	18.806306306306304	17.22972972972973	34.346846846846844	0.0
150.0	27.313769751693002	21.21896162528217	18.623024830699777	32.84424379232506	0.0
151.0	28.57142857142857	18.70748299319728	21.31519274376417	31.405895691609974	0.0
152.0	28.036322360953463	18.955732122587968	17.707150964812712	35.30079455164586	0.0
153.0	31.536697247706424	18.11926605504587	19.03669724770642	31.30733944954128	0.0
154.0	29.88505747126437	17.93103448275862	18.04597701149425	34.13793103448276	0.0
155.0	31.524249422632796	18.937644341801384	17.090069284064665	32.44803695150115	0.0
156.0	32.25058004640371	14.153132250580047	20.533642691415313	33.06264501160093	0.0
157.0	30.930232558139537	18.023255813953487	21.744186046511626	29.30232558139535	0.0
158.0	29.13752913752914	19.34731934731935	17.24941724941725	34.26573426573427	0.0
159.0	35.58926487747958	15.28588098016336	19.1365227537923	29.98833138856476	0.0
160.0	26.260257913247365	18.522860492379838	24.03282532239156	31.18405627198124	0.0
161.0	28.352941176470587	18.941176470588236	22.235294117647058	30.470588235294116	0.0
162.0	29.515938606847698	19.244391971664697	21.605667060212514	29.634002361275087	0.0
163.0	28.5207100591716	19.053254437869825	16.80473372781065	35.62130177514793	0.0
164.0	29.620853080568722	16.587677725118482	21.32701421800948	32.46445497630332	0.0
165.0	31.391200951248514	20.214030915576693	20.80856123662307	27.586206896551722	0.0
166.0	26.340882002383793	18.474374255065555	21.93087008343266	33.253873659118	0.0
167.0	27.565632458233893	18.138424821002385	23.031026252983295	31.26491646778043	0.0
168.0	28.60576923076923	19.831730769230766	18.509615384615387	33.05288461538461	0.0
169.0	24.96984318455971	17.249698431845598	21.109770808202654	36.67068757539204	0.0
170.0	28.208232445520583	18.64406779661017	18.28087167070218	34.866828087167065	0.0
171.0	29.77941176470588	16.544117647058822	17.524509803921568	36.15196078431372	0.0
172.0	31.32678132678133	20.39312039312039	14.864864864864865	33.415233415233416	0.0
173.0	30.25830258302583	16.482164821648215	19.557195571955717	33.702337023370234	0.0
174.0	32.7970297029703	19.43069306930693	19.306930693069308	28.465346534653463	0.0
175.0	26.361386138613863	18.564356435643564	21.65841584158416	33.415841584158414	0.0
176.0	29.601990049751244	17.66169154228856	20.64676616915423	32.08955223880597	0.0
177.0	26.932668329177055	24.064837905236907	17.830423940149625	31.17206982543641	0.0
178.0	28.211586901763226	20.151133501259448	20.906801007556673	30.730478589420656	0.0
179.0	24.936708860759495	20.253164556962027	23.037974683544306	31.772151898734176	0.0
180.0	28.880407124681934	16.030534351145036	22.137404580152673	32.95165394402035	0.0
181.0	27.261146496815286	19.10828025477707	19.872611464968156	33.75796178343949	0.0
182.0	32.35294117647059	17.902813299232736	20.716112531969312	29.028132992327365	0.0
183.0	29.268292682926827	23.36328626444159	19.768934531450576	27.599486521181	0.0
184.0	27.741935483870968	23.612903225806452	19.483870967741936	29.161290322580648	0.0
185.0	27.756160830090792	20.233463035019454	24.38391699092088	27.626459143968873	0.0
186.0	28.943937418513688	18.252933507170795	22.164276401564535	30.63885267275098	0.0
187.0	31.40604467805519	21.419185282522996	16.819973718791065	30.35479632063075	0.0
188.0	29.482071713147413	19.654714475431607	21.38114209827357	29.482071713147413	0.0
189.0	30.655957161981256	19.67871485943775	17.670682730923694	31.994645247657296	0.0
190.0	30.469798657718123	15.838926174496645	21.20805369127517	32.48322147651007	0.0
191.0	27.39541160593792	18.75843454790823	22.402159244264507	31.44399460188934	0.0
192.0	29.56403269754768	20.435967302452315	19.618528610354225	30.381471389645775	0.0
193.0	28.688524590163933	19.12568306010929	19.94535519125683	32.240437158469945	0.0
194.0	27.64786795048143	21.8707015130674	21.8707015130674	28.61072902338377	0.0
195.0	27.662517289073307	20.193637621023512	20.055325034578146	32.088520055325034	0.0
196.0	26.00834492350487	20.027816411682892	21.001390820584145	32.962447844228095	0.0
197.0	28.02275960170697	21.62162162162162	20.76813655761024	29.58748221906117	0.0
198.0	27.65647743813683	25.181950509461426	20.66957787481805	26.4919941775837	0.0
199.0	27.28658536585366	24.695121951219512	17.835365853658537	30.182926829268293	0.0
200.0	27.66726943942134	15.732368896925857	20.976491862567812	35.62386980108499	0.0
201.0	32.83208020050125	20.551378446115287	15.538847117794486	31.07769423558897	0.0
202.0	41.3265306122449	17.091836734693878	15.561224489795919	26.02040816326531	0.0
203.0	34.1025641025641	19.48717948717949	18.974358974358974	27.435897435897438	0.0
204.0	34.883720930232556	18.087855297157624	24.031007751937985	22.997416020671835	0.0
205.0	35.751295336787564	15.803108808290157	26.42487046632124	22.020725388601036	0.0
206.0	31.16883116883117	21.298701298701296	19.480519480519483	28.05194805194805	0.0
207.0	24.47368421052632	26.31578947368421	17.63157894736842	31.57894736842105	0.0
208.0	22.872340425531913	22.340425531914892	22.606382978723406	32.180851063829785	0.0
209.0	23.262032085561497	21.92513368983957	18.983957219251337	35.82887700534759	0.0
210.0	26.005361930294907	20.91152815013405	16.0857908847185	36.99731903485255	0.0
211.0	30.62330623306233	19.78319783197832	19.241192411924118	30.35230352303523	0.0
212.0	28.882833787465938	13.896457765667575	23.43324250681199	33.787465940054496	0.0
213.0	25.683060109289617	18.852459016393443	18.30601092896175	37.15846994535519	0.0
214.0	29.508196721311474	22.6775956284153	15.027322404371585	32.78688524590164	0.0
215.0	27.595628415300546	22.6775956284153	16.120218579234972	33.60655737704918	0.0
216.0	32.5068870523416	19.834710743801654	16.2534435261708	31.40495867768595	0.0
217.0	26.81564245810056	18.71508379888268	24.022346368715084	30.446927374301673	0.0
218.0	24.641833810888254	17.765042979942695	17.765042979942695	39.82808022922636	0.0
219.0	19.335347432024168	22.054380664652566	26.283987915407852	32.3262839879154	0.0
220.0	0.0	27.85388127853881	26.027397260273972	46.118721461187214	0.0
