# Position (bp)	A	C	G	T	N
0.0	26.261134053710183	24.097128140535133	23.997508616853846	25.644229188900837	0.0
1.0	26.821672885241643	20.236681398884564	15.879535560891819	37.06211015498197	0.0
2.0	29.03245436264306	19.305698504674844	18.13308133272615	33.52876579995595	0.0
3.0	23.27374944571719	22.55704290051092	14.970070126211525	39.19913752756037	0.0
4.0	34.38649632771631	13.000191762701762	14.939857514162766	37.673454395419164	0.0
5.0	35.08397909922101	14.731109356348624	23.420750095002017	26.764161449428347	0.0
6.0	31.673031631645664	17.169184201203322	21.02488736521752	30.13289680193349	0.0
7.0	35.12527192380242	17.097032652991413	20.21402648903121	27.563668934174963	0.0
8.0	22.546620978884324	27.064868534714297	22.98075999705312	27.407750489348253	0.0
9.0	27.983822580975133	18.510594841108404	15.454863862862423	38.05071871505404	0.0
10.0	26.716832898065203	16.262605699390985	25.573509224811325	31.447052177732495	0.0
11.0	28.24394378081938	18.21079811529513	19.861094295500052	33.68416380838543	0.0
12.0	26.150307974422983	19.614052939381857	21.291414334681452	32.944224751513715	0.0
13.0	26.75375830304567	20.79673911670362	19.060876163952376	33.38862641629834	0.0
14.0	31.05515993686348	18.163867188831915	20.466847570966817	30.314125303337786	0.0
15.0	29.86837093676611	18.62996797897745	20.17591607256787	31.32574501168857	0.0
16.0	30.183483377027837	17.550411338726477	18.941860765398914	33.32424451884677	0.0
17.0	30.695866691127094	17.682048227507895	19.610050730788757	32.01203435057626	0.0
18.0	31.693065033318383	17.71739734362907	19.171820069197963	31.41771755385458	0.0
19.0	30.198799091476292	18.39894663658526	20.027454256600375	31.37480001533807	0.0
20.0	29.971220989996606	18.07456651217918	19.933525327552264	32.02068717027195	0.0
21.0	29.40846350852163	18.529331437762135	20.313623350360608	31.748581703355626	0.0
22.0	30.062712819957294	19.02936156612012	22.623758518807193	28.284167095115393	0.0
23.0	30.09354547721922	20.25068358952499	21.195998551602948	28.459772381652847	0.0
24.0	33.03240749280525	19.407659712996928	18.096791067159856	29.46314172703797	0.0
25.0	29.749880967832414	21.00780531289837	19.594097793184417	29.6482159260848	0.0
26.0	32.57108028665204	16.60231271759913	22.117300262122306	28.709306733626523	0.0
27.0	26.531177372630548	21.151761849360224	25.07931471903881	27.23774605897042	0.0
28.0	26.903628717568278	19.65707109208087	18.73669726791131	34.702602922439546	0.0
29.0	28.063274247095688	20.289498305265887	17.467918888423455	34.17930855921497	0.0
30.0	26.809377820156705	18.956359025291118	16.10756462005639	38.12669853449579	0.0
31.0	34.70161203927583	14.249589495029705	18.36367722073156	32.68512124496291	0.0
32.0	34.71654688897786	15.622275175019862	22.597170590980614	27.06400734502166	0.0
33.0	31.517545783856693	17.68514852304725	20.984005139546316	29.813300553549745	0.0
34.0	33.50653194912809	16.656359088195643	22.129337336775396	27.70777162590087	0.0
35.0	26.610022837746932	20.166498559687504	26.043414232787903	27.18006436977766	0.0
