#Position (bp)	Coverage
38.0	450.48
113.0	38.92
188.0	41.586666666666666
263.0	40.653333333333336
338.0	53.54666666666667
413.0	43.08
488.0	31.893333333333334
563.0	30.14666666666667
638.0	41.986666666666665
713.0	45.68
788.0	25.906666666666666
863.0	29.706666666666667
938.0	38.48
1013.0	57.72
1088.0	39.89333333333333
1163.0	48.48
1238.0	55.17333333333333
1313.0	68.90666666666667
1388.0	39.733333333333334
1463.0	43.42666666666667
1538.0	42.14666666666667
1613.0	65.10666666666667
1688.0	24.293333333333333
1763.0	23.293333333333333
1838.0	20.04
1913.0	47.413333333333334
1988.0	34.693333333333335
2063.0	42.86666666666667
2138.0	37.946666666666665
2213.0	53.89333333333333
2288.0	28.173333333333332
2363.0	18.906666666666666
2438.0	16.986666666666668
2513.0	43.653333333333336
2588.0	51.12
2663.0	42.22666666666667
2738.0	42.92
2813.0	49.96
2888.0	67.42666666666666
2963.0	48.88
3038.0	50.333333333333336
3113.0	53.53333333333333
3188.0	73.28
3263.0	33.70666666666666
3338.0	40.38666666666666
3413.0	35.70666666666666
3488.0	49.36
3563.0	18.973333333333333
3638.0	19.36
3713.0	15.84
3788.0	28.373333333333335
3863.0	20.653333333333332
3938.0	13.173333333333334
4013.0	14.786666666666667
4088.0	23.453333333333333
4163.0	15.92
4238.0	13.173333333333334
4313.0	29.186666666666667
4388.0	34.13333333333333
4463.0	28.92
4538.0	23.84
4613.0	29.906666666666666
4688.0	39.693333333333335
4763.0	29.84
4838.0	46.18666666666667
4913.0	41.56
4988.0	59.04
5063.0	29.773333333333333
5138.0	37.44
5213.0	28.093333333333334
5288.0	25.866666666666667
5363.0	4.0
5438.0	4.56
5513.0	4.226666666666667
5588.0	21.84
5663.0	22.69333333333333
5738.0	26.866666666666667
5813.0	20.453333333333333
5888.0	30.946666666666665
5963.0	22.426666666666666
6038.0	17.106666666666666
6113.0	15.973333333333333
6188.0	33.36
6263.0	33.45333333333333
6338.0	32.21333333333333
6413.0	26.733333333333334
6488.0	51.666666666666664
6563.0	45.2
6638.0	43.4
6713.0	60.04
6788.0	87.78666666666666
6863.0	74.37333333333333
6938.0	63.42666666666667
7013.0	60.89333333333333
7088.0	96.97333333333333
7163.0	66.12
7238.0	83.66666666666667
7313.0	91.16
7388.0	108.12
7463.0	66.06666666666666
7538.0	58.12
7613.0	58.653333333333336
7688.0	38.84
7763.0	11.066666666666666
7838.0	13.386666666666667
7913.0	13.266666666666667
7988.0	41.0
8063.0	30.533333333333335
8138.0	32.693333333333335
8213.0	31.586666666666666
8288.0	60.666666666666664
8363.0	38.10666666666667
8438.0	31.92
8513.0	30.12
8588.0	40.68
8663.0	31.426666666666666
8738.0	20.066666666666666
8813.0	21.866666666666667
8888.0	30.4
8963.0	48.586666666666666
9038.0	31.426666666666666
9113.0	33.81333333333333
9188.0	43.6
9263.0	58.733333333333334
9338.0	47.48
9413.0	57.6
9488.0	68.42666666666666
9563.0	67.73333333333333
9638.0	48.053333333333335
9713.0	45.346666666666664
9788.0	54.12
9863.0	46.81333333333333
9938.0	34.48
10013.0	35.2
10088.0	53.76
10163.0	55.52
10238.0	48.21333333333333
10313.0	44.85333333333333
10388.0	59.49333333333333
10463.0	44.77333333333333
10538.0	36.82666666666667
10613.0	33.78666666666667
10688.0	44.78666666666667
10763.0	35.18666666666667
10838.0	22.266666666666666
10913.0	23.133333333333333
10988.0	39.986666666666665
11063.0	72.38666666666667
11138.0	55.21333333333333
11213.0	60.946666666666665
11288.0	63.08
11363.0	74.30666666666667
11438.0	34.92
11513.0	28.933333333333334
11588.0	39.89333333333333
11663.0	40.72
11738.0	30.906666666666666
11813.0	38.06666666666667
11888.0	65.04
11963.0	49.346666666666664
12038.0	42.42666666666667
12113.0	50.12
12188.0	72.16
12263.0	53.24
12338.0	31.706666666666667
12413.0	35.76
12488.0	37.626666666666665
12563.0	25.893333333333334
12638.0	24.786666666666665
12713.0	32.72
12788.0	34.026666666666664
12863.0	19.706666666666667
12938.0	24.533333333333335
13013.0	41.88
13088.0	47.29333333333334
13163.0	34.413333333333334
13238.0	29.6
13313.0	50.24
13388.0	54.28
13463.0	56.25333333333333
13538.0	54.06666666666667
13613.0	53.21333333333333
13688.0	34.54666666666667
13763.0	16.69333333333333
13838.0	13.36
13913.0	22.88
13988.0	32.093333333333334
14063.0	34.32
14138.0	37.77333333333333
14213.0	42.53333333333333
14288.0	40.96
14363.0	26.56
14438.0	29.85333333333333
14513.0	30.026666666666667
14588.0	63.666666666666664
14663.0	50.61333333333334
14738.0	64.21333333333334
14813.0	50.906666666666666
14888.0	57.57333333333333
14963.0	16.986666666666668
15038.0	20.906666666666666
15113.0	16.133333333333333
15188.0	44.08
15263.0	29.066666666666666
15338.0	22.36
15413.0	19.44
15488.0	30.013333333333332
15563.0	30.2
15638.0	24.28
15713.0	26.186666666666667
15788.0	23.0
15863.0	61.92
15938.0	33.266666666666666
16013.0	43.36
16088.0	33.92
16163.0	79.61333333333333
16238.0	59.86666666666667
16313.0	72.45333333333333
16388.0	57.586666666666666
16463.0	82.22666666666667
16538.0	42.026666666666664
16613.0	38.29333333333334
16688.0	34.346666666666664
16763.0	49.82666666666667
16838.0	35.22666666666667
16913.0	22.786666666666665
16988.0	21.706666666666667
17063.0	38.0
17138.0	48.88
17213.0	34.57333333333333
17288.0	36.28
17363.0	42.266666666666666
17438.0	64.62666666666667
17513.0	47.72
17588.0	58.22666666666667
17663.0	54.16
17738.0	63.36
17813.0	31.933333333333334
17888.0	39.93333333333333
17963.0	50.24
18038.0	71.0
18113.0	60.25333333333333
18188.0	60.50666666666667
18263.0	62.906666666666666
18338.0	53.346666666666664
18413.0	32.42666666666667
18488.0	34.46666666666667
18563.0	36.17333333333333
18638.0	55.85333333333333
18713.0	24.8
18788.0	31.64
18863.0	25.413333333333334
18938.0	48.38666666666666
19013.0	22.946666666666665
19088.0	23.32
19163.0	20.346666666666668
19238.0	46.973333333333336
19313.0	39.78666666666667
19388.0	33.18666666666667
19463.0	31.8
19538.0	43.76
19613.0	46.013333333333335
19688.0	33.986666666666665
19763.0	34.733333333333334
19838.0	34.56
19913.0	35.64
19988.0	15.346666666666666
20063.0	15.28
20138.0	15.973333333333333
20213.0	50.70666666666666
20288.0	40.46666666666667
20363.0	47.32
20438.0	37.72
20513.0	42.44
20588.0	13.733333333333333
20663.0	4.213333333333333
20738.0	5.933333333333334
20813.0	30.013333333333332
20888.0	34.92
20963.0	43.306666666666665
21038.0	31.84
21113.0	69.78666666666666
21188.0	47.49333333333333
21263.0	55.61333333333334
21338.0	48.38666666666666
21413.0	92.50666666666666
21488.0	66.28
21563.0	76.73333333333333
21638.0	69.36
21713.0	89.62666666666667
21788.0	46.973333333333336
21863.0	60.4
21938.0	53.21333333333333
22013.0	92.29333333333334
22088.0	62.17333333333333
22163.0	74.88
22238.0	66.89333333333333
22313.0	109.70666666666666
22388.0	81.65333333333334
22463.0	105.34666666666666
22538.0	96.36
22613.0	110.09333333333333
22688.0	64.81333333333333
22763.0	67.52
22838.0	88.02666666666667
22913.0	58.413333333333334
22988.0	40.61333333333334
23063.0	36.52
23138.0	53.46666666666667
23213.0	43.8
23288.0	29.013333333333332
23363.0	27.986666666666668
23438.0	33.45333333333333
23513.0	37.306666666666665
23588.0	23.6
23663.0	27.293333333333333
23738.0	23.826666666666668
23813.0	35.986666666666665
23888.0	16.106666666666666
23963.0	17.346666666666668
24038.0	12.506666666666666
24113.0	24.266666666666666
24188.0	16.906666666666666
24263.0	13.973333333333333
24338.0	14.573333333333334
24413.0	33.68
24488.0	33.21333333333333
24563.0	33.38666666666666
24638.0	33.86666666666667
24713.0	46.54666666666667
24788.0	40.28
24863.0	34.14666666666667
24938.0	25.88
25013.0	41.57333333333333
25088.0	24.733333333333334
25163.0	16.12
25238.0	16.093333333333334
25313.0	39.52
25388.0	32.45333333333333
25463.0	32.16
25538.0	28.346666666666668
25613.0	39.48
25688.0	25.413333333333334
25763.0	24.226666666666667
25838.0	29.466666666666665
25913.0	42.6
25988.0	41.78666666666667
26063.0	30.6
26138.0	30.30666666666667
26213.0	138.82666666666665
26288.0	66.36
26363.0	48.973333333333336
26438.0	44.906666666666666
26513.0	73.24
26588.0	77.62666666666667
26663.0	53.56
26738.0	50.946666666666665
26813.0	57.666666666666664
26888.0	74.34666666666666
26963.0	43.29333333333334
27038.0	54.53333333333333
27113.0	48.08
27188.0	71.98666666666666
27263.0	39.42666666666667
27338.0	51.10666666666667
27413.0	45.84
27488.0	87.56
27563.0	57.45333333333333
27638.0	63.306666666666665
27713.0	62.88
27788.0	72.37333333333333
27863.0	44.693333333333335
27938.0	22.426666666666666
28013.0	26.026666666666667
28088.0	48.50666666666667
28163.0	72.78666666666666
28238.0	76.82666666666667
28313.0	94.41333333333333
28388.0	88.29333333333334
28463.0	53.14666666666667
28538.0	17.186666666666667
28613.0	21.253333333333334
28688.0	38.54666666666667
28763.0	47.81333333333333
28838.0	44.17333333333333
28913.0	36.18666666666667
28988.0	44.85333333333333
29063.0	28.733333333333334
29138.0	18.426666666666666
29213.0	16.173333333333332
29288.0	27.373333333333335
29363.0	33.64
29438.0	23.6
29513.0	50.306666666666665
29588.0	53.986666666666665
29663.0	60.77333333333333
29738.0	43.626666666666665
29813.0	36.013333333333335
29877.0	9.60377358490566
