# Position (bp)	A	C	G	T	N
0.0	26.795906578410435	23.448405611230942	25.014971408584312	24.740186440408493	5.29961365816432E-4
1.0	26.46932432040537	19.985921694036758	15.715238579831112	37.82951540572676	0.0
2.0	27.426194683759025	20.362731170880675	17.681503441140865	34.529308121932715	2.6258228672410217E-4
3.0	24.288791580402084	21.088255540345653	15.207519218135324	39.41333975464651	0.002093906470432732
4.0	33.48387618285219	14.773364345855683	14.711304533756106	37.02936889343183	0.002086044104187473
5.0	35.06285012502374	14.496509482810211	22.06064106867329	28.376876982361377	0.003122341131380309
6.0	31.51905896521473	17.293227228131375	20.946952590077814	30.24024211089136	5.191056847263534E-4
7.0	34.627147041077656	17.67325873770946	20.00952945715758	27.68902895349469	0.0010358105606065706
8.0	24.391006832511692	26.30064602522575	21.23274745558092	28.075341173185947	2.5851349569704286E-4
9.0	27.83713356731308	18.555936913275122	16.42506837322094	37.18108637881476	7.747673760953273E-4
10.0	26.89852514681446	17.07795357669959	24.994323518180224	31.027133583098532	0.0020641752071915865
11.0	27.76040283510936	18.834810275079864	19.967977393380448	33.43680949643033	0.0
12.0	26.5126957704815	20.47118907859679	20.760560912384495	32.25503888353492	5.153550022933298E-4
13.0	26.8352037741874	21.78784616890107	18.391695551629834	32.985254505281695	0.0
14.0	30.809225333614886	18.925530873862414	19.81010604601336	30.454880228264177	2.575182451676701E-4
15.0	28.89792491798044	18.41615978492076	19.349148387163233	33.33676690993557	0.0
16.0	30.208435267638713	17.430122424173753	19.239445614721802	33.12173917522057	2.575182451676701E-4
17.0	29.71554534638779	18.48491715638053	20.446691148067842	31.352073794428335	7.725547355030103E-4
18.0	32.406868526635115	17.860177893603762	17.891595119514218	31.841100942001745	2.575182451676701E-4
19.0	30.740210443909948	18.346114822235155	19.561600939426558	31.352073794428335	0.0
20.0	30.117016290604187	17.501712496330367	20.761635961907903	31.61860517817687	0.0010300729806706804
21.0	29.40291819675424	17.260932937098595	19.365114518363626	33.9697467565577	0.0012875912258383507
22.0	28.51087499549343	18.831279196131046	20.361195090672172	32.29665071770335	0.0
23.0	29.98104665715566	17.623003589804338	19.477649991501895	32.91726968855743	0.0010300729806706804
24.0	30.514624461143068	17.713907530348525	18.681146059198294	33.09006443106494	2.575182451676701E-4
25.0	28.882731341515544	17.997950154768468	18.88510050937109	34.2334454396094	7.725547355030103E-4
26.0	30.14791848002431	16.964786955155773	20.967908076287205	31.919128970287545	2.575182451676701E-4
27.0	28.856464480508443	18.084476285144802	19.993716554817908	33.06534267952884	0.0
28.0	29.737691915472208	17.74300709205247	20.408835966028192	32.11020750820195	2.575182451676701E-4
29.0	29.105817094620175	18.44994218700508	18.68814717720649	33.755836022259935	2.575189083258438E-4
30.0	29.69977285954891	17.817133909854597	19.10220290183515	33.38011774219301	7.725865683249808E-4
31.0	30.281615781815375	17.98091657116368	19.395047579804015	32.34061731415547	0.0018027530614610026
32.0	28.47124391230108	19.097925997275183	18.959109721517553	33.47069019246271	0.0010301764434703555
33.0	29.873923066026194	17.304864071293352	19.33523071177448	33.485982150905976	0.0
34.0	29.404234494127344	18.453276323923344	19.00396661858644	33.13723470018545	0.0012878631774160313
35.0	30.336861075466487	17.168631926281464	19.619892024755302	32.873582211711	0.0010327617857484037
36.0	30.846020497531462	17.78665929506473	18.640507813811936	32.72629569252153	5.167010703462673E-4
37.0	28.514884761055313	19.337392226057055	19.489923863445405	32.657540621243264	2.5852819896330195E-4
38.0	30.87834236360155	18.008010805272228	18.979605566164178	32.13326502414109	7.762408209522922E-4
39.0	30.06288688910712	18.23693872738909	19.12543952157251	32.574216634579756	5.18227351521386E-4
40.0	29.102030307679904	19.183767941059443	19.436288596520885	32.27635277993774	0.001560374802027447
41.0	29.01557786976222	18.093832834963372	20.50220022720447	32.38734444981262	0.0010446182573155922
42.0	28.248648224034774	18.624788887288723	20.334114504916144	32.792186538537074	2.6184522328851417E-4
43.0	30.080803680385888	18.175710607877768	20.33082533125835	31.412660380478	0.0
44.0	29.106606271080835	19.095590999550453	19.726800234501724	32.07021381194119	7.886829258033393E-4
45.0	29.526722141880622	18.699572477339718	19.89047201346578	31.882706537171817	5.268301420597478E-4
46.0	29.79846613708735	17.32995992539105	19.76688660653277	33.10468733098883	0.0
47.0	30.37884070833862	18.598643337137062	19.045845484130002	31.975085583872193	0.001584886522125016
48.0	30.182147098262103	18.174508927508786	18.721981692722313	32.91924644473302	0.002115836773772087
49.0	28.063906936583066	19.083085904081322	20.550180241505075	32.30282691783054	0.0
50.0	29.437208746564703	18.805114111602343	18.727579293955205	33.02930125728549	7.965905922651052E-4
51.0	30.097726642639312	18.00372139643002	19.025772536307606	32.87277942462306	0.0
52.0	28.95236973548259	18.513274052025505	20.059905885124174	32.47445032736773	0.0
53.0	30.967398636391728	17.98651441409725	19.166032878170174	31.87978532710205	2.6874423879538084E-4
54.0	30.09587283099852	19.055399182546616	18.86586431136562	31.982324457817036	5.392172722076633E-4
55.0	29.31871472345351	18.67469716597657	18.46564094797394	33.54094716259598	0.0
56.0	30.2780286572119	17.945338117671948	20.64642815491059	31.129391407175966	8.136630295929244E-4
57.0	28.054440115600965	19.102434090865838	19.035553005978517	33.807572787554676	0.0
58.0	30.858346641666984	17.272400242002735	21.9879107642163	29.881342352113982	0.0
59.0	28.456617560658355	21.21286648467111	21.025952129156728	29.304563825513807	0.0
60.0	31.341191444771482	19.117045993817015	19.762226751410648	29.778987186907656	5.486230931918617E-4
61.0	28.88906034295099	21.00526578288221	19.342865566850094	30.76170610263179	0.0011022046849210134
62.0	30.774220733857465	16.70778767146073	21.191825329060446	31.325889045364324	2.772202570386223E-4
63.0	26.252627523888485	20.760858338427866	24.812479238025052	28.17375574705424	2.7915260435422233E-4
64.0	26.240407338614276	20.882285996892133	17.83033739754012	35.046407265554095	5.620013993834845E-4
65.0	27.242726902542756	18.989231743733598	18.80457650891322	34.962899285132565	5.655596778572074E-4
66.0	27.443381166608333	18.797538051782865	17.803311621977695	35.952639082147456	0.003130077483645345
67.0	33.031162931729895	14.415787998237894	18.11163046152262	34.4391301611639	0.002288447345687135
68.0	34.37226552313621	15.649755164720542	22.678990525309302	27.296091327905426	0.002897458928519688
69.0	31.743999241198196	16.943807169491425	20.087202926129457	31.224990663180918	0.0
70.0	31.705484838216773	16.44748198679138	23.33182024512029	28.514573596823794	6.39333047764572E-4
71.0	25.822417129481256	19.830506411790715	24.704359855415234	29.642716603312792	0.0
