#Position (bp)	Coverage
38.0	2317.5466666666666
113.0	3836.4666666666667
188.0	3973.4266666666667
263.0	3663.36
338.0	11111.413333333334
413.0	11181.346666666666
488.0	10883.24
563.0	11843.666666666666
638.0	10757.973333333333
713.0	15360.506666666666
788.0	10278.013333333334
863.0	8556.826666666666
938.0	11062.72
1013.0	11741.986666666666
1088.0	5171.026666666667
1163.0	6292.6
1238.0	5849.253333333333
1313.0	5248.346666666666
1388.0	1659.2533333333333
1463.0	1724.7066666666667
1538.0	1772.2933333333333
1613.0	7202.28
1688.0	5343.893333333333
1763.0	5503.173333333333
1838.0	6446.626666666667
1913.0	17690.773333333334
1988.0	12978.946666666667
2063.0	15262.173333333334
2138.0	12611.866666666667
2213.0	11776.64
2288.0	1160.36
2363.0	259.1066666666667
2438.0	292.82666666666665
2513.0	7837.8533333333335
2588.0	11218.72
2663.0	13906.933333333332
2738.0	12670.2
2813.0	13977.36
2888.0	17125.12
2963.0	8378.853333333333
3038.0	6618.8
3113.0	7879.973333333333
3188.0	11422.426666666666
3263.0	5211.973333333333
3338.0	6406.733333333334
3413.0	4926.426666666666
3488.0	8268.693333333333
3563.0	2819.2
3638.0	2557.346666666667
3713.0	3018.24
3788.0	8021.56
3863.0	3959.16
3938.0	5552.2266666666665
4013.0	4758.653333333334
4088.0	17209.946666666667
4163.0	21006.133333333335
4238.0	16428.333333333332
4313.0	26801.16
4388.0	21104.906666666666
4463.0	18104.173333333332
4538.0	12759.32
4613.0	14282.226666666667
4688.0	18263.293333333335
4763.0	7522.68
4838.0	11170.293333333333
4913.0	7815.2
4988.0	9960.88
5063.0	1086.48
5138.0	1240.1466666666668
5213.0	1199.2533333333333
5288.0	9668.8
5363.0	10311.066666666668
5438.0	11049.066666666668
5513.0	10717.12
5588.0	20325.453333333335
5663.0	9755.386666666667
5738.0	12749.12
5813.0	9615.786666666667
5888.0	10782.773333333333
5963.0	3540.6
6038.0	1254.48
6113.0	1561.7333333333333
6188.0	16854.093333333334
6263.0	18037.2
6338.0	17127.36
6413.0	15956.386666666667
6488.0	24359.866666666665
6563.0	8082.386666666666
6638.0	7287.56
6713.0	7930.706666666667
6788.0	5825.066666666667
6863.0	5586.293333333333
6938.0	226.74666666666667
7013.0	700.32
7088.0	6480.906666666667
7163.0	5036.106666666667
7238.0	4507.293333333333
7313.0	6343.413333333333
7388.0	10259.32
7463.0	6044.133333333333
7538.0	6142.32
7613.0	7226.04
7688.0	7418.306666666666
7763.0	5133.36
7838.0	4698.453333333333
7913.0	4123.666666666667
7988.0	16249.24
8063.0	6011.386666666666
8138.0	8332.386666666667
8213.0	6481.173333333333
8288.0	12791.106666666667
8363.0	3313.5866666666666
8438.0	2883.8933333333334
8513.0	3419.52
8588.0	3597.5066666666667
8663.0	9160.213333333333
8738.0	6660.7733333333335
8813.0	7466.6
8888.0	7487.386666666666
8963.0	15567.546666666667
9038.0	6588.306666666666
9113.0	8344.866666666667
9188.0	13294.186666666666
9263.0	41918.37333333334
9338.0	34207.41333333333
9413.0	43385.17333333333
9488.0	48635.933333333334
9563.0	52150.05333333334
9638.0	40674.14666666667
9713.0	36656.50666666667
9788.0	41276.346666666665
9863.0	43639.17333333333
9938.0	31791.493333333332
10013.0	29668.08
10088.0	36312.706666666665
10163.0	21921.44
10238.0	8087.493333333333
10313.0	9558.386666666667
10388.0	16439.666666666668
10463.0	11916.786666666667
10538.0	9611.493333333334
10613.0	8843.693333333333
10688.0	15947.266666666666
10763.0	13267.4
10838.0	8543.12
10913.0	11046.4
10988.0	11648.68
11063.0	19040.72
11138.0	11804.4
11213.0	14347.24
11288.0	13936.306666666667
11363.0	23809.013333333332
11438.0	8686.96
11513.0	9807.026666666667
11588.0	14962.573333333334
11663.0	13421.68
11738.0	6535.253333333333
11813.0	5604.893333333333
11888.0	12019.906666666666
11963.0	7974.173333333333
12038.0	6937.52
12113.0	11424.013333333334
12188.0	15885.16
12263.0	8687.04
12338.0	9220.973333333333
12413.0	12549.506666666666
12488.0	17119.653333333332
12563.0	11031.013333333334
12638.0	10992.32
12713.0	15808.08
12788.0	18565.853333333333
12863.0	10297.0
12938.0	10695.586666666666
13013.0	30439.933333333334
13088.0	33159.50666666667
13163.0	44913.72
13238.0	32755.48
13313.0	35718.54666666667
13388.0	30380.213333333333
13463.0	10748.693333333333
13538.0	13540.16
13613.0	15302.2
13688.0	17895.76
13763.0	16644.933333333334
13838.0	15369.786666666667
13913.0	16678.506666666668
13988.0	13003.613333333333
14063.0	6843.346666666666
14138.0	7496.333333333333
14213.0	12732.906666666666
14288.0	11816.666666666666
14363.0	11072.573333333334
14438.0	7181.786666666667
14513.0	9831.52
14588.0	16649.226666666666
14663.0	7136.026666666667
14738.0	9182.586666666666
14813.0	8179.92
14888.0	13389.04
14963.0	4758.333333333333
15038.0	4965.28
15113.0	5768.266666666666
15188.0	12307.04
15263.0	9148.786666666667
15338.0	9842.493333333334
15413.0	9680.946666666667
15488.0	15007.6
15563.0	10234.226666666667
15638.0	9315.333333333334
15713.0	8761.106666666667
15788.0	6941.72
15863.0	16196.8
15938.0	9995.08
16013.0	10457.626666666667
16088.0	9520.52
16163.0	16020.146666666667
16238.0	5863.12
16313.0	5460.76
16388.0	5129.386666666666
16463.0	7044.04
16538.0	1258.4933333333333
16613.0	1253.9066666666668
16688.0	1591.6933333333334
16763.0	10547.2
16838.0	17983.8
16913.0	17666.04
16988.0	20064.4
17063.0	20084.81333333333
17138.0	27665.746666666666
17213.0	14753.266666666666
17288.0	14933.853333333333
17363.0	8958.746666666666
17438.0	20666.04
17513.0	7321.493333333333
17588.0	6671.8133333333335
17663.0	7213.026666666667
17738.0	12703.426666666666
17813.0	4621.04
17888.0	6307.933333333333
17963.0	8045.253333333333
18038.0	10024.533333333333
18113.0	10091.146666666667
18188.0	8292.293333333333
18263.0	12882.653333333334
18338.0	13785.946666666667
18413.0	10764.8
18488.0	11336.44
18563.0	8707.826666666666
18638.0	21439.0
18713.0	10999.946666666667
18788.0	11617.48
18863.0	9270.76
18938.0	18083.493333333332
19013.0	7037.8
19088.0	9921.84
19163.0	6939.373333333333
19238.0	9606.413333333334
19313.0	937.6266666666667
19388.0	11.68
19463.0	17.586666666666666
19538.0	374.5466666666667
19613.0	3142.653333333333
19688.0	2985.24
19763.0	2682.5466666666666
19838.0	3067.5466666666666
19913.0	3874.5066666666667
19988.0	904.36
20063.0	1388.3066666666666
20138.0	959.5733333333334
20213.0	1132.68
20288.0	596.7733333333333
20363.0	525.8666666666667
20438.0	589.04
20513.0	11011.773333333333
20588.0	8314.76
20663.0	9289.866666666667
20738.0	8104.333333333333
20813.0	16491.56
20888.0	9395.493333333334
20963.0	7152.16
21038.0	8622.733333333334
21113.0	8419.093333333334
21188.0	463.02666666666664
21263.0	72.98666666666666
21338.0	97.65333333333334
21413.0	631.7466666666667
21488.0	461.9066666666667
21563.0	400.38666666666666
21638.0	1497.7333333333333
21713.0	7680.8533333333335
21788.0	8047.293333333333
21863.0	6621.706666666667
21938.0	6800.8533333333335
22013.0	8780.76
22088.0	4498.946666666667
22163.0	4080.52
22238.0	4395.693333333334
22313.0	4214.36
22388.0	357.62666666666667
22463.0	487.18666666666667
22538.0	3993.0266666666666
22613.0	4383.266666666666
22688.0	6256.8533333333335
22763.0	5151.373333333333
22838.0	12970.186666666666
22913.0	9212.56
22988.0	8085.053333333333
23063.0	9804.533333333333
23138.0	12601.92
23213.0	11635.36
23288.0	9380.16
23363.0	9533.426666666666
23438.0	9659.24
23513.0	13197.973333333333
23588.0	6615.8133333333335
23663.0	6907.28
23738.0	7025.96
23813.0	6962.786666666667
23888.0	4388.626666666667
23963.0	3146.693333333333
24038.0	3693.6666666666665
24113.0	8195.386666666667
24188.0	5526.786666666667
24263.0	5723.84
24338.0	4376.666666666667
24413.0	9929.706666666667
24488.0	4508.8533333333335
24563.0	5172.4
24638.0	4711.986666666667
24713.0	13645.32
24788.0	9929.973333333333
24863.0	8459.453333333333
24938.0	10315.866666666667
25013.0	17022.266666666666
25088.0	8881.293333333333
25163.0	8824.826666666666
25238.0	9317.706666666667
25313.0	14194.8
25388.0	8434.0
25463.0	7351.306666666666
25538.0	6331.64
25613.0	17282.066666666666
25688.0	7396.426666666666
25763.0	8412.133333333333
25838.0	9890.146666666667
25913.0	10552.12
25988.0	10417.48
26063.0	9606.12
26138.0	6301.413333333333
26213.0	11378.946666666667
26288.0	12242.92
26363.0	7101.8533333333335
26438.0	6471.386666666666
26513.0	10213.56
26588.0	13956.786666666667
26663.0	8634.706666666667
26738.0	8614.4
26813.0	10351.56
26888.0	25047.88
26963.0	14987.266666666666
27038.0	13337.146666666667
27113.0	15050.026666666667
27188.0	23336.36
27263.0	9605.16
27338.0	9315.226666666667
27413.0	9901.533333333333
27488.0	10319.4
27563.0	135.04
27638.0	150.46666666666667
27713.0	121.58666666666667
27788.0	1085.5066666666667
27863.0	1914.48
27938.0	1819.6
28013.0	2184.1866666666665
28088.0	6766.36
28163.0	9071.28
28238.0	8235.106666666667
28313.0	8764.2
28388.0	14880.506666666666
28463.0	14267.786666666667
28538.0	9210.24
28613.0	11517.186666666666
28688.0	11470.4
28763.0	8795.48
28838.0	3593.88
28913.0	3547.8933333333334
28988.0	6583.026666666667
29063.0	9695.906666666666
29138.0	8392.866666666667
29213.0	7887.12
29288.0	7431.16
29363.0	5935.066666666667
29438.0	249.32
29513.0	1274.92
29588.0	2031.56
29663.0	2109.173333333333
29738.0	1758.32
29813.0	1609.8533333333332
29877.0	26.169811320754718
