#Insert size (bp)	insert size
2.0	1.0
8.0	1.0
11.0	5.0
12.0	3.0
13.0	1.0
14.0	1.0
15.0	1.0
16.0	7.0
17.0	9.0
18.0	3.0
19.0	3.0
20.0	4.0
21.0	5.0
22.0	8.0
23.0	3.0
24.0	4.0
25.0	1.0
26.0	2.0
27.0	5.0
28.0	7.0
29.0	12.0
30.0	10.0
31.0	9.0
32.0	13.0
33.0	11.0
34.0	12.0
35.0	17.0
36.0	10.0
37.0	10.0
38.0	6.0
39.0	6.0
40.0	15.0
41.0	3.0
42.0	5.0
43.0	6.0
44.0	13.0
45.0	9.0
46.0	6.0
47.0	7.0
48.0	9.0
49.0	5.0
50.0	9.0
51.0	6.0
52.0	7.0
53.0	6.0
54.0	10.0
55.0	9.0
56.0	15.0
57.0	14.0
58.0	11.0
59.0	14.0
60.0	17.0
61.0	11.0
62.0	8.0
63.0	11.0
64.0	21.0
65.0	17.0
66.0	14.0
67.0	15.0
68.0	13.0
69.0	20.0
70.0	16.0
71.0	18.0
72.0	36.0
73.0	20.0
74.0	20.0
75.0	24.0
76.0	16.0
77.0	35.0
78.0	30.0
79.0	30.0
80.0	38.0
81.0	39.0
82.0	28.0
83.0	37.0
84.0	46.0
85.0	38.0
86.0	31.0
87.0	42.0
88.0	27.0
89.0	35.0
90.0	39.0
91.0	52.0
92.0	54.0
93.0	37.0
94.0	46.0
95.0	47.0
96.0	53.0
97.0	58.0
98.0	45.0
99.0	54.0
100.0	218.0
101.0	232.0
102.0	205.0
103.0	240.0
104.0	246.0
105.0	213.0
106.0	226.0
107.0	253.0
108.0	242.0
109.0	243.0
110.0	248.0
111.0	243.0
112.0	269.0
113.0	238.0
114.0	261.0
115.0	256.0
116.0	237.0
117.0	272.0
118.0	279.0
119.0	239.0
120.0	255.0
121.0	271.0
122.0	269.0
123.0	291.0
124.0	282.0
125.0	300.0
126.0	262.0
127.0	287.0
128.0	272.0
129.0	281.0
130.0	288.0
131.0	281.0
132.0	248.0
133.0	323.0
134.0	298.0
135.0	301.0
136.0	299.0
137.0	270.0
138.0	285.0
139.0	277.0
140.0	311.0
141.0	288.0
142.0	262.0
143.0	289.0
144.0	308.0
145.0	291.0
146.0	310.0
147.0	326.0
148.0	338.0
149.0	313.0
150.0	299.0
151.0	288.0
152.0	300.0
153.0	293.0
154.0	305.0
155.0	296.0
156.0	290.0
157.0	333.0
158.0	283.0
159.0	302.0
160.0	289.0
161.0	280.0
162.0	282.0
163.0	305.0
164.0	294.0
165.0	290.0
166.0	284.0
167.0	298.0
168.0	287.0
169.0	265.0
170.0	281.0
171.0	254.0
172.0	288.0
173.0	272.0
174.0	261.0
175.0	274.0
176.0	294.0
177.0	267.0
178.0	286.0
179.0	254.0
180.0	254.0
181.0	248.0
182.0	247.0
183.0	248.0
184.0	264.0
185.0	278.0
186.0	260.0
187.0	264.0
188.0	232.0
189.0	267.0
190.0	238.0
191.0	252.0
192.0	248.0
193.0	261.0
194.0	231.0
195.0	268.0
196.0	232.0
197.0	218.0
198.0	241.0
199.0	221.0
200.0	251.0
201.0	223.0
202.0	242.0
203.0	232.0
204.0	241.0
205.0	223.0
206.0	229.0
207.0	246.0
208.0	238.0
209.0	226.0
210.0	237.0
211.0	230.0
212.0	237.0
213.0	205.0
214.0	205.0
215.0	235.0
216.0	187.0
217.0	206.0
218.0	224.0
219.0	200.0
220.0	181.0
221.0	182.0
222.0	205.0
223.0	195.0
224.0	196.0
225.0	184.0
226.0	188.0
227.0	199.0
228.0	188.0
229.0	187.0
230.0	192.0
231.0	177.0
232.0	194.0
233.0	183.0
234.0	194.0
235.0	183.0
236.0	187.0
237.0	171.0
238.0	185.0
239.0	173.0
240.0	179.0
241.0	193.0
242.0	170.0
243.0	179.0
244.0	164.0
245.0	157.0
246.0	151.0
247.0	157.0
248.0	178.0
249.0	168.0
250.0	146.0
251.0	148.0
252.0	165.0
253.0	156.0
254.0	149.0
255.0	172.0
256.0	133.0
257.0	158.0
258.0	163.0
259.0	143.0
260.0	155.0
261.0	140.0
262.0	139.0
263.0	143.0
264.0	136.0
265.0	129.0
266.0	148.0
267.0	123.0
268.0	150.0
269.0	132.0
270.0	139.0
271.0	129.0
272.0	136.0
273.0	129.0
274.0	112.0
275.0	110.0
276.0	140.0
277.0	97.0
278.0	120.0
279.0	113.0
280.0	102.0
281.0	105.0
282.0	112.0
283.0	124.0
284.0	118.0
285.0	115.0
286.0	114.0
287.0	109.0
288.0	112.0
289.0	97.0
290.0	114.0
291.0	91.0
292.0	108.0
293.0	99.0
294.0	107.0
295.0	103.0
296.0	86.0
297.0	100.0
298.0	101.0
299.0	108.0
300.0	86.0
301.0	107.0
302.0	105.0
303.0	87.0
304.0	105.0
305.0	110.0
306.0	87.0
307.0	110.0
308.0	82.0
309.0	72.0
310.0	83.0
311.0	91.0
312.0	92.0
313.0	69.0
314.0	71.0
315.0	95.0
316.0	74.0
317.0	99.0
318.0	93.0
319.0	68.0
320.0	92.0
321.0	86.0
322.0	68.0
323.0	73.0
324.0	75.0
325.0	87.0
326.0	71.0
327.0	76.0
328.0	69.0
329.0	77.0
330.0	71.0
331.0	74.0
332.0	74.0
333.0	83.0
334.0	84.0
335.0	68.0
336.0	64.0
337.0	69.0
338.0	77.0
339.0	63.0
340.0	86.0
341.0	79.0
342.0	68.0
343.0	51.0
344.0	56.0
345.0	59.0
346.0	64.0
347.0	64.0
348.0	58.0
349.0	52.0
350.0	50.0
351.0	42.0
352.0	68.0
353.0	48.0
354.0	58.0
355.0	50.0
356.0	60.0
357.0	42.0
358.0	48.0
359.0	65.0
360.0	53.0
361.0	59.0
362.0	47.0
363.0	47.0
364.0	37.0
365.0	37.0
366.0	53.0
367.0	43.0
368.0	49.0
369.0	38.0
370.0	45.0
371.0	40.0
372.0	39.0
373.0	40.0
374.0	39.0
375.0	47.0
376.0	43.0
377.0	46.0
378.0	42.0
379.0	35.0
380.0	49.0
381.0	36.0
382.0	32.0
383.0	27.0
384.0	50.0
385.0	50.0
386.0	42.0
387.0	39.0
388.0	44.0
389.0	35.0
390.0	46.0
391.0	37.0
392.0	35.0
393.0	34.0
394.0	39.0
395.0	33.0
396.0	31.0
397.0	34.0
398.0	38.0
399.0	30.0
400.0	29.0
401.0	30.0
402.0	36.0
403.0	34.0
404.0	24.0
405.0	35.0
406.0	25.0
407.0	26.0
408.0	27.0
409.0	33.0
410.0	33.0
411.0	34.0
412.0	28.0
413.0	30.0
414.0	30.0
415.0	25.0
416.0	23.0
417.0	28.0
418.0	27.0
419.0	31.0
420.0	27.0
421.0	31.0
422.0	22.0
423.0	28.0
424.0	26.0
425.0	27.0
426.0	20.0
427.0	25.0
428.0	32.0
429.0	20.0
430.0	21.0
431.0	15.0
432.0	18.0
433.0	28.0
434.0	19.0
435.0	29.0
436.0	26.0
437.0	21.0
438.0	22.0
439.0	27.0
440.0	23.0
441.0	17.0
442.0	35.0
443.0	21.0
444.0	20.0
445.0	25.0
446.0	26.0
447.0	24.0
448.0	33.0
449.0	19.0
450.0	26.0
451.0	15.0
452.0	23.0
453.0	13.0
454.0	14.0
455.0	16.0
456.0	16.0
457.0	13.0
458.0	23.0
459.0	10.0
460.0	25.0
461.0	27.0
462.0	16.0
463.0	14.0
464.0	11.0
465.0	16.0
466.0	14.0
467.0	13.0
468.0	16.0
469.0	16.0
470.0	14.0
471.0	12.0
472.0	15.0
473.0	18.0
474.0	14.0
475.0	20.0
476.0	13.0
477.0	18.0
478.0	15.0
479.0	21.0
480.0	15.0
481.0	7.0
482.0	5.0
483.0	12.0
484.0	9.0
485.0	11.0
486.0	11.0
487.0	11.0
488.0	12.0
489.0	11.0
490.0	13.0
491.0	14.0
492.0	11.0
493.0	13.0
494.0	11.0
495.0	10.0
496.0	11.0
497.0	11.0
498.0	11.0
499.0	11.0
500.0	8.0
501.0	10.0
502.0	11.0
503.0	2.0
504.0	8.0
505.0	9.0
506.0	7.0
507.0	10.0
508.0	9.0
509.0	13.0
510.0	11.0
511.0	6.0
512.0	12.0
513.0	15.0
514.0	13.0
515.0	10.0
516.0	6.0
517.0	6.0
518.0	11.0
519.0	10.0
520.0	5.0
521.0	10.0
522.0	8.0
