# Position (bp)	A	C	G	T	N
0.0	26.106016248724302	23.891779956902358	24.02618393494355	25.976019859429794	0.0
1.0	26.22295474417575	20.002901754187345	15.502445882009619	38.27169761962729	0.0
2.0	28.436438541512356	19.1120113307225	18.4416234372232	34.00992669054195	0.0
3.0	22.790713158300097	22.251772134069338	15.439776447091752	39.517738260538806	0.0
4.0	34.020266006021956	13.19574247115822	14.833076953413407	37.95091456940642	0.0
5.0	34.50401673896618	14.949527280619884	22.982994228817645	27.563461751596297	0.0
6.0	30.570774008824703	17.355645221168913	21.280552661974745	30.79302810803164	0.0
7.0	34.969636805937846	16.927777248121906	20.063311938653257	28.03927400728699	0.0
8.0	22.71167794540776	26.636453582448304	22.460174393955302	28.19169407818863	0.0
9.0	27.720770208482804	18.596566687652754	15.76703640551801	37.915626698346436	0.0
10.0	26.143265860056914	16.378726696545115	25.321601187288316	32.156406256109655	0.0
11.0	28.159281335576342	17.92944192967742	19.590465930703733	34.32081080404251	0.0
12.0	26.047839933992673	19.398142269862937	21.357548028193705	33.19646976795069	0.0
13.0	26.606731833377196	20.630485507956333	18.707424637902108	34.055358020764366	0.0
14.0	30.73317821494646	18.22515466073491	20.16310935626602	30.878557768052612	0.0
15.0	29.834133748310165	18.319965502561168	19.87074663757611	31.975154111552555	0.0
16.0	29.704548679743652	17.494840980953917	18.741825420640733	34.0587849186617	0.0
17.0	30.329232625298154	17.836157814799016	19.573518163217873	32.26109139668496	0.0
18.0	31.099614649724906	17.403973268439017	18.778477851036264	32.71793423079982	0.0
19.0	29.77027482403099	18.15714391784935	20.01346814808241	32.05911311003725	0.0
20.0	29.721793005701393	17.67235868549469	19.77902220058688	32.82682610821704	0.0
21.0	29.216446385962726	18.13551711669598	19.749080778573628	32.89895571876767	0.0
22.0	29.636581871446516	19.055068052480745	22.260326934846322	29.048023141226416	0.0
23.0	29.723495471002952	20.05273468648937	21.078980770269993	29.144789072237693	0.0
24.0	32.27853342829062	19.335085151822557	18.21897086741376	30.167410552473058	0.0
25.0	29.104479087355585	21.134678844748784	19.464351694622977	30.296490373272654	0.0
26.0	32.058212450974494	16.68264421199142	21.62192441405538	29.637218922978715	0.0
27.0	26.126296125276845	20.947484547106885	24.931407123817774	27.994812203798496	0.0
28.0	26.269456981667417	19.649382213784826	18.6086816504116	35.47247915413615	0.0
29.0	27.564187335327674	19.92123846332626	17.563697464666706	34.95087673667936	0.0
30.0	26.472615647013605	19.02561660915733	16.35083284947456	38.150934894354506	0.0
31.0	33.98892843387713	14.379399122295599	18.219333789146006	33.412338654681264	0.0
32.0	34.115331649937524	15.681825302981245	22.415878912834156	27.78696413424708	0.0
33.0	31.150502275741992	17.818042946577457	20.669475901254692	30.36197887642586	0.0
34.0	33.6186901004172	16.48062627509763	21.619157585700382	28.281526038784786	0.0
35.0	26.35360751913941	20.393940359496806	25.14332698915013	28.10912513221366	0.0
