#Position (bp)	Coverage
38.0	131.89333333333335
113.0	615.24
188.0	696.0666666666667
263.0	567.56
338.0	1020.3066666666666
413.0	1361.2533333333333
488.0	1237.6933333333334
563.0	1180.4533333333334
638.0	1224.2933333333333
713.0	1847.5333333333333
788.0	1739.44
863.0	1620.7066666666667
938.0	1813.5333333333333
1013.0	1627.0533333333333
1088.0	1529.0933333333332
1163.0	1607.36
1238.0	1366.12
1313.0	942.12
1388.0	643.8933333333333
1463.0	679.0533333333333
1538.0	661.2133333333334
1613.0	1086.5333333333333
1688.0	1094.52
1763.0	987.6666666666666
1838.0	1045.4533333333334
1913.0	1979.7733333333333
1988.0	2036.6933333333334
2063.0	1971.9733333333334
2138.0	1781.5466666666666
2213.0	1436.6266666666668
2288.0	1141.6133333333332
2363.0	1124.5466666666666
2438.0	1532.08
2513.0	1353.2
2588.0	1743.76
2663.0	1740.3066666666666
2738.0	1750.7466666666667
2813.0	1835.2933333333333
2888.0	2022.2
2963.0	1482.92
3038.0	1473.9866666666667
3113.0	1480.5066666666667
3188.0	1275.7866666666666
3263.0	1100.7733333333333
3338.0	1231.6666666666667
3413.0	1125.48
3488.0	984.6133333333333
3563.0	555.6133333333333
3638.0	553.4933333333333
3713.0	572.6533333333333
3788.0	759.3333333333334
3863.0	884.3733333333333
3938.0	1229.3066666666666
4013.0	1281.4133333333334
4088.0	1973.9466666666667
4163.0	2216.2533333333336
4238.0	2310.5733333333333
4313.0	2602.693333333333
4388.0	2427.5066666666667
4463.0	1851.6933333333334
4538.0	1615.5866666666666
4613.0	1540.7466666666667
4688.0	1361.8666666666666
4763.0	1211.2
4838.0	1276.8933333333334
4913.0	1246.4933333333333
4988.0	1183.8
5063.0	1001.4666666666667
5138.0	1033.7466666666667
5213.0	968.5466666666666
5288.0	1444.0133333333333
5363.0	1853.1333333333334
5438.0	1897.68
5513.0	2014.92
5588.0	2779.306666666667
5663.0	3253.68
5738.0	3680.48
5813.0	2873.5866666666666
5888.0	2894.9466666666667
5963.0	1411.2266666666667
6038.0	1095.7733333333333
6113.0	1276.4933333333333
6188.0	2043.4266666666667
6263.0	2799.16
6338.0	2470.5733333333333
6413.0	2477.44
6488.0	2595.8
6563.0	1751.0
6638.0	1661.92
6713.0	1894.0533333333333
6788.0	2126.8933333333334
6863.0	1575.7066666666667
6938.0	1172.68
7013.0	1417.12
7088.0	1077.0266666666666
7163.0	898.1333333333333
7238.0	864.08
7313.0	1051.7466666666667
7388.0	1609.4
7463.0	1550.8
7538.0	1525.88
7613.0	1630.84
7688.0	1712.8533333333332
7763.0	1639.72
7838.0	1512.36
7913.0	1691.76
7988.0	2876.0
8063.0	2214.9066666666668
8138.0	2409.6133333333332
8213.0	2487.3733333333334
8288.0	2591.693333333333
8363.0	1465.0666666666666
8438.0	1292.0133333333333
8513.0	1301.3733333333332
8588.0	1348.16
8663.0	1402.7333333333333
8738.0	1335.6266666666668
8813.0	1344.5333333333333
8888.0	1395.16
8963.0	2304.4666666666667
9038.0	2216.2266666666665
9113.0	2341.64
9188.0	2281.52
9263.0	1818.72
9338.0	1617.9866666666667
9413.0	1701.4133333333334
9488.0	2530.7466666666664
9563.0	3568.3733333333334
9638.0	3025.4666666666667
9713.0	2904.8133333333335
9788.0	2679.4533333333334
9863.0	1288.76
9938.0	1105.5733333333333
10013.0	1012.5333333333333
10088.0	1606.76
10163.0	2886.1066666666666
10238.0	2844.2933333333335
10313.0	2784.6
10388.0	3237.3333333333335
10463.0	2211.786666666667
10538.0	1995.88
10613.0	2007.56
10688.0	2420.16
10763.0	2170.4
10838.0	2019.76
10913.0	2027.1333333333334
10988.0	2410.3733333333334
11063.0	3642.4533333333334
11138.0	3507.1066666666666
11213.0	3645.7733333333335
11288.0	3927.1066666666666
11363.0	4001.64
11438.0	2527.88
11513.0	2610.213333333333
11588.0	3735.92
11663.0	3961.7733333333335
11738.0	3019.8933333333334
11813.0	2655.826666666667
11888.0	2979.1466666666665
11963.0	2802.04
12038.0	2627.346666666667
12113.0	3036.5733333333333
12188.0	4471.933333333333
12263.0	3263.9733333333334
12338.0	3191.84
12413.0	4104.88
12488.0	3985.56
12563.0	3583.84
12638.0	3326.3733333333334
12713.0	4057.1466666666665
12788.0	4577.653333333334
12863.0	4220.1866666666665
12938.0	4122.493333333333
13013.0	4725.906666666667
13088.0	6694.546666666667
13163.0	8128.8133333333335
13238.0	7719.866666666667
13313.0	7928.8
13388.0	3223.0266666666666
13463.0	1510.3866666666668
13538.0	1511.6266666666668
13613.0	2302.3733333333334
13688.0	4825.68
13763.0	5279.946666666667
13838.0	5389.653333333334
13913.0	4639.053333333333
13988.0	3057.9466666666667
14063.0	2594.08
14138.0	2744.3866666666668
14213.0	3033.1866666666665
14288.0	3206.8
14363.0	2933.28
14438.0	2903.2933333333335
14513.0	2882.7066666666665
14588.0	3071.2533333333336
14663.0	2855.866666666667
14738.0	2873.2266666666665
14813.0	2676.44
14888.0	2567.28
14963.0	1949.7866666666666
15038.0	1886.36
15113.0	1884.3333333333333
15188.0	3317.0666666666666
15263.0	5286.1466666666665
15338.0	5738.013333333333
15413.0	5589.573333333334
15488.0	5923.573333333334
15563.0	5570.173333333333
15638.0	4881.333333333333
15713.0	4797.866666666667
15788.0	4544.506666666667
15863.0	4252.253333333333
15938.0	3057.0533333333333
16013.0	3015.6266666666666
16088.0	3117.5333333333333
16163.0	2591.173333333333
16238.0	1501.0666666666666
16313.0	1488.2933333333333
16388.0	1516.1866666666667
16463.0	1818.6266666666668
16538.0	1745.2
16613.0	1752.0
16688.0	1867.8933333333334
16763.0	2167.36
16838.0	2641.6666666666665
16913.0	2699.8133333333335
16988.0	2774.4
17063.0	3206.826666666667
17138.0	4519.093333333333
17213.0	4988.24
17288.0	4366.106666666667
17363.0	4599.72
17438.0	3747.72
17513.0	2597.6266666666666
17588.0	2537.0133333333333
17663.0	2748.52
17738.0	2338.68
17813.0	1763.5866666666666
17888.0	1681.4533333333334
17963.0	1622.3733333333332
18038.0	2046.6533333333334
18113.0	2317.24
18188.0	2301.3733333333334
18263.0	2641.4666666666667
18338.0	2657.7733333333335
18413.0	2266.76
18488.0	2308.826666666667
18563.0	2178.3333333333335
18638.0	3260.6266666666666
18713.0	2776.84
18788.0	2954.12
18863.0	2794.8133333333335
18938.0	3081.16
19013.0	2366.5466666666666
19088.0	2432.36
19163.0	2264.9333333333334
19238.0	2306.8133333333335
19313.0	966.92
19388.0	880.2133333333334
19463.0	874.3066666666666
19538.0	908.5333333333333
19613.0	1361.2933333333333
19688.0	1425.8266666666666
19763.0	1539.0
19838.0	1611.9866666666667
19913.0	1518.2
19988.0	1149.1866666666667
20063.0	1171.6133333333332
20138.0	1187.64
20213.0	1156.64
20288.0	1021.6533333333333
20363.0	1016.68
20438.0	1040.88
20513.0	2341.2533333333336
20588.0	1980.9066666666668
20663.0	2208.92
20738.0	2134.786666666667
20813.0	2940.48
20888.0	2488.8933333333334
20963.0	2273.96
21038.0	2149.2533333333336
21113.0	2117.0
21188.0	940.4666666666667
21263.0	902.64
21338.0	892.28
21413.0	986.3066666666666
21488.0	1067.1866666666667
21563.0	1049.2266666666667
21638.0	1095.96
21713.0	985.5066666666667
21788.0	826.4133333333333
21863.0	826.56
21938.0	827.7466666666667
22013.0	839.7466666666667
22088.0	1071.36
22163.0	966.0666666666667
22238.0	956.0133333333333
22313.0	930.3333333333334
22388.0	826.7066666666667
22463.0	829.56
22538.0	1166.2933333333333
22613.0	1559.3866666666668
22688.0	1849.0133333333333
22763.0	1728.1466666666668
22838.0	1875.7866666666666
22913.0	1029.3466666666666
22988.0	905.7866666666666
23063.0	923.88
23138.0	1386.0266666666666
23213.0	2207.0933333333332
23288.0	2334.5466666666666
23363.0	2431.1466666666665
23438.0	2482.28
23513.0	2420.9066666666668
23588.0	1968.88
23663.0	2034.8
23738.0	2202.0
23813.0	2264.8
23888.0	2537.173333333333
23963.0	2245.3866666666668
24038.0	2458.4266666666667
24113.0	2802.4933333333333
24188.0	2292.173333333333
24263.0	2350.36
24338.0	2035.5066666666667
24413.0	2350.68
24488.0	1462.6933333333334
24563.0	1420.3733333333332
24638.0	1483.2133333333334
24713.0	1984.28
24788.0	1950.3866666666668
24863.0	1786.2
24938.0	1801.04
25013.0	2583.1066666666666
25088.0	1973.4266666666667
25163.0	2024.6933333333334
25238.0	1901.0133333333333
25313.0	2469.8933333333334
25388.0	3028.4666666666667
25463.0	2961.2933333333335
25538.0	2890.0133333333333
25613.0	3151.9733333333334
25688.0	2486.8133333333335
25763.0	2176.0666666666666
25838.0	2411.5866666666666
25913.0	1977.8933333333334
25988.0	1413.4533333333334
26063.0	1708.2533333333333
26138.0	1244.6133333333332
26213.0	1666.44
26288.0	1889.5066666666667
26363.0	1000.5466666666666
26438.0	1313.8133333333333
26513.0	2211.0133333333333
26588.0	2959.9733333333334
26663.0	2707.8133333333335
26738.0	2776.786666666667
26813.0	2681.5866666666666
26888.0	2465.5333333333333
26963.0	1566.0533333333333
27038.0	1613.7866666666666
27113.0	1655.8933333333334
27188.0	3390.36
27263.0	3739.5333333333333
27338.0	2839.24
27413.0	3252.84
27488.0	1998.4533333333334
27563.0	96.62666666666667
27638.0	102.94666666666667
27713.0	87.0
27788.0	317.0
27863.0	903.28
27938.0	939.0
28013.0	1031.3333333333333
28088.0	1284.24
28163.0	1481.04
28238.0	610.0
28313.0	1590.44
28388.0	2271.24
28463.0	1755.68
28538.0	1274.1333333333334
28613.0	1386.4533333333334
28688.0	1288.76
28763.0	474.93333333333334
28838.0	98.41333333333333
28913.0	88.74666666666667
28988.0	457.44
29063.0	1902.5066666666667
29138.0	2316.4533333333334
29213.0	2065.346666666667
29288.0	1883.56
29363.0	963.84
29438.0	322.6
29513.0	667.7066666666667
29588.0	1025.1866666666667
29663.0	880.9066666666666
29738.0	616.6266666666667
29813.0	344.16
29877.0	3.0943396226415096
