#Insert size (bp)	insert size
17.0	1.0
59.0	1.0
62.0	1.0
63.0	1.0
67.0	2.0
68.0	4.0
74.0	9.0
75.0	2.0
77.0	1.0
78.0	1.0
79.0	1.0
83.0	1.0
84.0	1.0
85.0	2.0
86.0	1.0
87.0	4.0
88.0	3.0
89.0	1.0
90.0	1.0
92.0	2.0
93.0	2.0
94.0	1.0
96.0	1.0
97.0	1.0
98.0	2.0
100.0	1.0
101.0	1.0
102.0	1.0
103.0	2.0
106.0	1.0
107.0	1.0
108.0	1.0
109.0	1.0
110.0	1.0
111.0	2.0
114.0	1.0
115.0	1.0
116.0	3.0
117.0	1.0
118.0	4.0
119.0	1.0
120.0	3.0
123.0	4.0
124.0	1.0
125.0	1.0
126.0	2.0
127.0	1.0
128.0	2.0
129.0	4.0
130.0	1.0
131.0	3.0
132.0	1.0
133.0	1.0
136.0	1.0
137.0	7.0
138.0	2.0
140.0	1.0
141.0	2.0
142.0	2.0
143.0	1.0
144.0	2.0
145.0	1.0
146.0	3.0
148.0	2.0
149.0	1.0
154.0	3.0
158.0	2.0
159.0	3.0
160.0	3.0
161.0	2.0
163.0	2.0
165.0	2.0
166.0	2.0
167.0	3.0
168.0	1.0
169.0	3.0
170.0	2.0
171.0	3.0
172.0	5.0
174.0	1.0
175.0	4.0
177.0	1.0
178.0	2.0
179.0	4.0
181.0	2.0
182.0	2.0
183.0	8.0
185.0	1.0
187.0	1.0
189.0	1.0
190.0	1.0
191.0	2.0
192.0	4.0
193.0	5.0
194.0	3.0
195.0	1.0
196.0	1.0
199.0	1.0
201.0	2.0
202.0	1.0
203.0	1.0
204.0	2.0
205.0	1.0
206.0	2.0
207.0	2.0
209.0	2.0
210.0	13.0
211.0	3.0
212.0	1.0
213.0	1.0
214.0	5.0
215.0	20.0
216.0	26.0
217.0	1.0
220.0	3.0
221.0	4.0
224.0	3.0
225.0	1.0
226.0	20.0
227.0	1.0
229.0	3.0
230.0	2.0
231.0	2.0
232.0	3.0
233.0	4.0
234.0	1.0
235.0	2.0
237.0	1.0
238.0	1.0
241.0	1.0
242.0	4.0
243.0	1.0
244.0	1.0
248.0	2.0
250.0	1.0
251.0	1.0
252.0	3.0
253.0	1.0
255.0	1.0
256.0	2.0
258.0	1.0
260.0	1.0
261.0	5.0
262.0	1.0
263.0	2.0
264.0	2.0
269.0	2.0
270.0	2.0
272.0	1.0
274.0	1.0
276.0	5.0
277.0	2.0
278.0	2.0
279.0	3.0
280.0	3.0
281.0	1.0
282.0	1.0
287.0	1.0
288.0	1.0
290.0	1.0
291.0	1.0
292.0	1.0
295.0	1.0
296.0	1.0
297.0	4.0
298.0	1.0
299.0	3.0
301.0	1.0
303.0	1.0
305.0	1.0
306.0	1.0
309.0	1.0
310.0	2.0
312.0	1.0
313.0	1.0
314.0	2.0
316.0	1.0
318.0	3.0
320.0	1.0
323.0	1.0
324.0	1.0
327.0	2.0
331.0	1.0
332.0	1.0
334.0	1.0
335.0	1.0
338.0	1.0
339.0	1.0
341.0	1.0
343.0	1.0
344.0	1.0
345.0	1.0
349.0	1.0
351.0	4.0
352.0	2.0
353.0	2.0
354.0	2.0
355.0	2.0
357.0	2.0
358.0	2.0
359.0	1.0
360.0	2.0
361.0	2.0
362.0	6.0
363.0	3.0
364.0	1.0
365.0	1.0
366.0	3.0
367.0	4.0
368.0	12.0
369.0	5.0
370.0	4.0
371.0	1.0
373.0	6.0
374.0	7.0
375.0	7.0
376.0	13.0
377.0	9.0
378.0	11.0
379.0	32.0
380.0	41.0
381.0	34.0
382.0	24.0
383.0	24.0
384.0	25.0
385.0	27.0
386.0	30.0
387.0	53.0
388.0	29.0
389.0	17.0
390.0	16.0
391.0	19.0
392.0	29.0
393.0	32.0
394.0	24.0
395.0	15.0
396.0	12.0
397.0	20.0
398.0	10.0
399.0	14.0
400.0	17.0
401.0	12.0
402.0	6.0
403.0	4.0
404.0	10.0
405.0	6.0
406.0	10.0
407.0	11.0
408.0	5.0
409.0	17.0
410.0	6.0
411.0	3.0
412.0	5.0
413.0	1.0
414.0	4.0
415.0	2.0
416.0	6.0
417.0	8.0
418.0	5.0
419.0	3.0
421.0	1.0
426.0	1.0
430.0	1.0
433.0	1.0
444.0	1.0
447.0	1.0
449.0	1.0
450.0	5.0
451.0	1.0
464.0	4.0
465.0	1.0
466.0	1.0
470.0	1.0
477.0	1.0
481.0	1.0
486.0	1.0
488.0	2.0
494.0	1.0
497.0	4.0
498.0	1.0
509.0	2.0
519.0	1.0
523.0	1.0
536.0	1.0
547.0	1.0
567.0	1.0
576.0	1.0
578.0	1.0
581.0	1.0
585.0	1.0
589.0	1.0
598.0	1.0
613.0	1.0
615.0	1.0
621.0	1.0
628.0	1.0
629.0	1.0
630.0	4.0
637.0	1.0
641.0	1.0
642.0	1.0
645.0	2.0
647.0	4.0
648.0	1.0
652.0	1.0
654.0	1.0
657.0	3.0
658.0	1.0
661.0	1.0
665.0	1.0
668.0	1.0
670.0	2.0
672.0	1.0
673.0	1.0
684.0	1.0
753.0	2.0
795.0	1.0
825.0	14.0
854.0	10.0
878.0	2.0
888.0	1.0
891.0	1.0
897.0	1.0
918.0	1.0
949.0	1.0
950.0	3.0
967.0	2.0
973.0	1.0
976.0	1.0
984.0	1.0
986.0	1.0
989.0	1.0
992.0	1.0
997.0	12.0
998.0	4.0
1006.0	1.0
1016.0	2.0
1021.0	1.0
1025.0	1.0
1029.0	1.0
1032.0	1.0
1035.0	1.0
1036.0	3.0
1381.0	1.0
1397.0	1.0
1407.0	1.0
1576.0	1.0
1579.0	1.0
1587.0	2.0
1590.0	2.0
1653.0	1.0
1667.0	1.0
1712.0	1.0
1971.0	1.0
2051.0	1.0
2119.0	1.0
2168.0	2.0
2237.0	1.0
2273.0	1.0
2561.0	2.0
2618.0	2.0
2677.0	1.0
2685.0	1.0
2872.0	26.0
3227.0	1.0
3300.0	1.0
3318.0	1.0
3322.0	1.0
3354.0	1.0
3501.0	2.0
3863.0	1.0
3927.0	1.0
3949.0	2.0
4003.0	1.0
4134.0	3.0
4501.0	1.0
4508.0	27.0
4523.0	7.0
4659.0	35.0
4968.0	1.0
5002.0	1.0
5031.0	1.0
5241.0	1.0
5278.0	2.0
5680.0	1.0
5720.0	2.0
5834.0	1.0
5927.0	12.0
6217.0	9.0
6400.0	10.0
6471.0	1.0
6518.0	1.0
7087.0	2.0
7265.0	1.0
7470.0	1.0
7543.0	1.0
7653.0	1.0
7664.0	8.0
7741.0	1.0
8311.0	10.0
8940.0	1.0
9017.0	1.0
9411.0	1.0
9577.0	3.0
9954.0	3.0
10077.0	1.0
10141.0	9.0
10167.0	3.0
10569.0	7.0
10702.0	1.0
10733.0	14.0
10744.0	1.0
11347.0	1.0
11364.0	16.0
11684.0	1.0
11996.0	1.0
12320.0	3.0
12460.0	5.0
12634.0	1.0
12894.0	6.0
12896.0	2.0
13066.0	22.0
14209.0	2.0
15583.0	1.0
15584.0	1.0
16054.0	1.0
16179.0	5.0
16194.0	2.0
16217.0	2.0
16354.0	1.0
17329.0	1.0
17484.0	4.0
19267.0	8.0
19869.0	1.0
19909.0	5.0
19910.0	1.0
20981.0	3.0
21139.0	14.0
21159.0	1.0
21713.0	115.0
22162.0	11.0
22316.0	13.0
22873.0	1.0
22975.0	1.0
24139.0	4.0
25339.0	5.0
25592.0	2.0
25593.0	55.0
25805.0	1.0
25964.0	46.0
26393.0	317.0
26427.0	3.0
26432.0	3.0
26559.0	4.0
26560.0	491.0
26612.0	1.0
26967.0	2.0
27169.0	2.0
27184.0	2.0
27185.0	394.0
27186.0	1.0
27655.0	2.0
27684.0	5.0
27685.0	1.0
27718.0	1.0
27824.0	24.0
28432.0	1.0
28433.0	11.0
28434.0	1344.0
28435.0	1.0
28451.0	1.0
29058.0	1.0
