#Position (bp)	insert size
38.0	25757.699507389163
113.0	0.0
188.0	0.0
263.0	0.0
338.0	405.25
413.0	0.0
488.0	0.0
563.0	0.0
638.0	358.8
713.0	0.0
788.0	0.0
863.0	0.0
938.0	385.4
1013.0	0.0
1088.0	0.0
1163.0	0.0
1238.0	402.26666666666665
1313.0	327.0
1388.0	0.0
1463.0	0.0
1538.0	389.6666666666667
1613.0	388.3333333333333
1688.0	0.0
1763.0	0.0
1838.0	391.9166666666667
1913.0	387.0
1988.0	0.0
2063.0	0.0
2138.0	160.0
2213.0	408.6666666666667
2288.0	0.0
2363.0	0.0
2438.0	0.0
2513.0	394.61538461538464
2588.0	0.0
2663.0	0.0
2738.0	0.0
2813.0	381.42857142857144
2888.0	0.0
2963.0	0.0
3038.0	0.0
3113.0	386.2857142857143
3188.0	375.0
3263.0	0.0
3338.0	0.0
3413.0	0.0
3488.0	390.44444444444446
3563.0	0.0
3638.0	0.0
3713.0	0.0
3788.0	390.0
3863.0	0.0
3938.0	0.0
4013.0	378.3333333333333
4088.0	0.0
4163.0	0.0
4238.0	0.0
4313.0	313.2
4388.0	0.0
4463.0	0.0
4538.0	0.0
4613.0	378.09090909090907
4688.0	0.0
4763.0	0.0
4838.0	0.0
4913.0	380.5
4988.0	0.0
5063.0	0.0
5138.0	0.0
5213.0	0.0
5288.0	385.0
5363.0	0.0
5438.0	0.0
5513.0	0.0
5588.0	392.55555555555554
5663.0	0.0
5738.0	0.0
5813.0	0.0
5888.0	397.09090909090907
5963.0	330.0
6038.0	0.0
6113.0	0.0
6188.0	378.625
6263.0	0.0
6338.0	0.0
6413.0	0.0
6488.0	399.7
6563.0	320.0
6638.0	0.0
6713.0	383.45454545454544
6788.0	0.0
6863.0	0.0
6938.0	0.0
7013.0	379.3333333333333
7088.0	0.0
7163.0	0.0
7238.0	0.0
7313.0	1315.8666666666666
7388.0	0.0
7463.0	0.0
7538.0	166.0
7613.0	390.5
7688.0	0.0
7763.0	0.0
7838.0	0.0
7913.0	395.8333333333333
7988.0	385.5
8063.0	0.0
8138.0	210.0
8213.0	409.75
8288.0	410.3333333333333
8363.0	0.0
8438.0	0.0
8513.0	0.0
8588.0	386.6666666666667
8663.0	0.0
8738.0	0.0
8813.0	0.0
8888.0	380.875
8963.0	0.0
9038.0	0.0
9113.0	0.0
9188.0	380.3333333333333
9263.0	0.0
9338.0	0.0
9413.0	0.0
9488.0	1763.5454545454545
9563.0	0.0
9638.0	0.0
9713.0	144.0
9788.0	384.5
9863.0	0.0
9938.0	0.0
10013.0	0.0
10088.0	385.2
10163.0	0.0
10238.0	0.0
10313.0	0.0
10388.0	392.57142857142856
10463.0	0.0
10538.0	0.0
10613.0	0.0
10688.0	403.4
10763.0	0.0
10838.0	0.0
10913.0	0.0
10988.0	3361.2
11063.0	0.0
11138.0	0.0
11213.0	0.0
11288.0	5369.666666666667
11363.0	0.0
11438.0	0.0
11513.0	169.0
11588.0	393.22222222222223
11663.0	0.0
11738.0	0.0
11813.0	407.0
11888.0	391.57142857142856
11963.0	0.0
12038.0	0.0
12113.0	378.5
12188.0	0.0
12263.0	0.0
12338.0	0.0
12413.0	381.44444444444446
12488.0	0.0
12563.0	0.0
12638.0	0.0
12713.0	383.0
12788.0	0.0
12863.0	0.0
12938.0	0.0
13013.0	3494.0
13088.0	0.0
13163.0	0.0
13238.0	0.0
13313.0	380.5
13388.0	0.0
13463.0	0.0
13538.0	158.0
13613.0	381.0
13688.0	0.0
13763.0	0.0
13838.0	0.0
13913.0	380.25
13988.0	0.0
14063.0	0.0
14138.0	0.0
14213.0	392.6666666666667
14288.0	0.0
14363.0	0.0
14438.0	0.0
14513.0	631.4
14588.0	371.5
14663.0	0.0
14738.0	0.0
14813.0	0.0
14888.0	379.22222222222223
14963.0	0.0
15038.0	0.0
15113.0	0.0
15188.0	385.3333333333333
15263.0	0.0
15338.0	0.0
15413.0	0.0
15488.0	399.90909090909093
15563.0	0.0
15638.0	0.0
15713.0	0.0
15788.0	433.0
15863.0	373.3333333333333
15938.0	0.0
16013.0	0.0
16088.0	390.6666666666667
16163.0	0.0
16238.0	0.0
16313.0	0.0
16388.0	409.6363636363636
16463.0	0.0
16538.0	0.0
16613.0	0.0
16688.0	180.0
16763.0	395.42857142857144
16838.0	0.0
16913.0	0.0
16988.0	431.0
17063.0	360.9166666666667
17138.0	2694.0
17213.0	0.0
17288.0	0.0
17363.0	377.22222222222223
17438.0	341.0
17513.0	0.0
17588.0	0.0
17663.0	384.125
17738.0	316.0
17813.0	0.0
17888.0	188.0
17963.0	383.8888888888889
18038.0	322.0
18113.0	0.0
18188.0	0.0
18263.0	415.5833333333333
18338.0	0.0
18413.0	0.0
18488.0	0.0
18563.0	379.0
18638.0	1361.0
18713.0	0.0
18788.0	0.0
18863.0	381.1818181818182
18938.0	389.5
19013.0	0.0
19088.0	0.0
19163.0	0.0
19238.0	407.14285714285717
19313.0	0.0
19388.0	0.0
19463.0	0.0
19538.0	1347.3846153846155
19613.0	343.0
19688.0	0.0
19763.0	0.0
19838.0	374.2352941176471
19913.0	379.0
19988.0	242.0
20063.0	164.0
20138.0	408.75
20213.0	395.0
20288.0	0.0
20363.0	233.0
20438.0	416.5
20513.0	0.0
20588.0	0.0
20663.0	0.0
20738.0	181.0
20813.0	378.8888888888889
20888.0	0.0
20963.0	0.0
21038.0	0.0
21113.0	1350.7
21188.0	0.0
21263.0	0.0
21338.0	2347.4615384615386
21413.0	0.0
21488.0	0.0
21563.0	0.0
21638.0	379.42857142857144
21713.0	0.0
21788.0	0.0
21863.0	0.0
21938.0	382.1111111111111
22013.0	0.0
22088.0	0.0
22163.0	0.0
22238.0	582.4166666666666
22313.0	2634.0
22388.0	0.0
22463.0	584.0
22538.0	379.6666666666667
22613.0	155.0
22688.0	0.0
22763.0	374.90909090909093
22838.0	0.0
22913.0	0.0
22988.0	0.0
23063.0	0.0
23138.0	386.06666666666666
23213.0	324.0
23288.0	0.0
23363.0	170.0
23438.0	517.6666666666666
23513.0	0.0
23588.0	0.0
23663.0	0.0
23738.0	0.0
23813.0	374.42857142857144
23888.0	0.0
23963.0	0.0
24038.0	107.0
24113.0	383.90909090909093
24188.0	0.0
24263.0	0.0
24338.0	0.0
24413.0	390.90909090909093
24488.0	0.0
24563.0	0.0
24638.0	0.0
24713.0	378.0
24788.0	0.0
24863.0	216.0
24938.0	0.0
25013.0	1003.8571428571429
25088.0	0.0
25163.0	0.0
25238.0	404.0
25313.0	384.0
25388.0	0.0
25463.0	0.0
25538.0	0.0
25613.0	386.85714285714283
25688.0	0.0
25763.0	0.0
25838.0	0.0
25913.0	409.2142857142857
25988.0	365.0
26063.0	0.0
26138.0	0.0
26213.0	382.0
26288.0	0.0
26363.0	0.0
26438.0	0.0
26513.0	392.14285714285717
26588.0	345.5
26663.0	0.0
26738.0	0.0
26813.0	368.8
26888.0	0.0
26963.0	0.0
27038.0	0.0
27113.0	600.875
27188.0	383.0
27263.0	0.0
27338.0	0.0
27413.0	406.0
27488.0	556.3333333333334
27563.0	0.0
27638.0	217.0
27713.0	0.0
27788.0	339.9
27863.0	0.0
27938.0	0.0
28013.0	0.0
28088.0	382.1818181818182
28163.0	0.0
28238.0	0.0
28313.0	172.0
28388.0	506.5
28463.0	0.0
28538.0	0.0
28613.0	177.0
28688.0	464.25
28763.0	0.0
28838.0	0.0
28913.0	0.0
28988.0	390.0
29063.0	0.0
29138.0	226.0
29213.0	0.0
29288.0	403.4166666666667
29363.0	0.0
29438.0	0.0
29513.0	379.4
29588.0	0.0
29663.0	0.0
29738.0	0.0
29813.0	0.0
29877.0	0.0
