#Position (bp)	Coverage
38.0	1276.9866666666667
113.0	27.16
188.0	5.466666666666667
263.0	6.24
338.0	22.14666666666667
413.0	32.68
488.0	27.706666666666667
563.0	15.226666666666667
638.0	17.466666666666665
713.0	74.36
788.0	8.026666666666667
863.0	15.106666666666667
938.0	37.86666666666667
1013.0	45.08
1088.0	21.6
1163.0	18.30666666666667
1238.0	26.76
1313.0	41.626666666666665
1388.0	25.64
1463.0	16.186666666666667
1538.0	13.573333333333334
1613.0	18.68
1688.0	8.36
1763.0	11.986666666666666
1838.0	14.266666666666667
1913.0	25.24
1988.0	12.453333333333333
2063.0	11.653333333333334
2138.0	13.706666666666667
2213.0	26.066666666666666
2288.0	18.88
2363.0	20.106666666666666
2438.0	11.026666666666667
2513.0	17.466666666666665
2588.0	18.986666666666668
2663.0	9.266666666666667
2738.0	20.626666666666665
2813.0	31.4
2888.0	38.49333333333333
2963.0	15.36
3038.0	15.28
3113.0	18.786666666666665
3188.0	32.973333333333336
3263.0	23.293333333333333
3338.0	12.986666666666666
3413.0	8.506666666666666
3488.0	43.74666666666667
3563.0	32.306666666666665
3638.0	28.36
3713.0	12.986666666666666
3788.0	17.346666666666668
3863.0	19.08
3938.0	12.266666666666667
4013.0	15.706666666666667
4088.0	32.25333333333333
4163.0	21.626666666666665
4238.0	12.253333333333334
4313.0	21.0
4388.0	22.69333333333333
4463.0	13.88
4538.0	11.2
4613.0	17.946666666666665
4688.0	43.29333333333334
4763.0	13.36
4838.0	20.4
4913.0	21.773333333333333
4988.0	37.93333333333333
5063.0	11.586666666666666
5138.0	12.706666666666667
5213.0	7.733333333333333
5288.0	26.32
5363.0	14.173333333333334
5438.0	20.44
5513.0	26.506666666666668
5588.0	61.06666666666667
5663.0	21.706666666666667
5738.0	11.226666666666667
5813.0	10.333333333333334
5888.0	19.706666666666667
5963.0	17.026666666666667
6038.0	13.893333333333333
6113.0	11.973333333333333
6188.0	20.026666666666667
6263.0	19.48
6338.0	12.52
6413.0	9.84
6488.0	19.906666666666666
6563.0	17.866666666666667
6638.0	12.173333333333334
6713.0	23.533333333333335
6788.0	30.093333333333334
6863.0	22.053333333333335
6938.0	11.106666666666667
7013.0	11.573333333333334
7088.0	21.426666666666666
7163.0	20.106666666666666
7238.0	28.013333333333332
7313.0	30.85333333333333
7388.0	36.04
7463.0	11.893333333333333
7538.0	18.36
7613.0	31.84
7688.0	34.06666666666667
7763.0	9.013333333333334
7838.0	14.866666666666667
7913.0	18.626666666666665
7988.0	32.693333333333335
8063.0	12.28
8138.0	15.373333333333333
8213.0	16.133333333333333
8288.0	40.026666666666664
8363.0	22.28
8438.0	18.64
8513.0	20.72
8588.0	41.44
8663.0	62.46666666666667
8738.0	16.053333333333335
8813.0	11.746666666666666
8888.0	37.21333333333333
8963.0	54.026666666666664
9038.0	30.706666666666667
9113.0	29.24
9188.0	29.88
9263.0	26.346666666666668
9338.0	8.533333333333333
9413.0	7.28
9488.0	20.453333333333333
9563.0	30.213333333333335
9638.0	17.906666666666666
9713.0	15.026666666666667
9788.0	14.84
9863.0	16.533333333333335
9938.0	9.106666666666667
10013.0	24.613333333333333
10088.0	53.24
10163.0	38.653333333333336
10238.0	15.533333333333333
10313.0	14.186666666666667
10388.0	29.72
10463.0	29.813333333333333
10538.0	21.08
10613.0	16.52
10688.0	40.693333333333335
10763.0	24.733333333333334
10838.0	16.773333333333333
10913.0	19.506666666666668
10988.0	26.626666666666665
11063.0	26.906666666666666
11138.0	13.373333333333333
11213.0	17.133333333333333
11288.0	24.426666666666666
11363.0	37.04
11438.0	19.52
11513.0	20.066666666666666
11588.0	28.32
11663.0	31.066666666666666
11738.0	18.013333333333332
11813.0	20.506666666666668
11888.0	33.373333333333335
11963.0	18.706666666666667
12038.0	13.786666666666667
12113.0	28.68
12188.0	64.69333333333333
12263.0	45.026666666666664
12338.0	20.346666666666668
12413.0	33.2
12488.0	45.77333333333333
12563.0	28.946666666666665
12638.0	29.12
12713.0	32.733333333333334
12788.0	34.973333333333336
12863.0	9.346666666666666
12938.0	11.213333333333333
13013.0	21.626666666666665
13088.0	24.96
13163.0	14.92
13238.0	12.613333333333333
13313.0	24.16
13388.0	26.186666666666667
13463.0	17.573333333333334
13538.0	13.253333333333334
13613.0	13.96
13688.0	11.653333333333334
13763.0	8.346666666666666
13838.0	13.56
13913.0	20.106666666666666
13988.0	22.0
14063.0	16.4
14138.0	16.85333333333333
14213.0	28.466666666666665
14288.0	31.773333333333333
14363.0	10.986666666666666
14438.0	14.76
14513.0	14.6
14588.0	26.786666666666665
14663.0	21.373333333333335
14738.0	23.466666666666665
14813.0	17.346666666666668
14888.0	21.56
14963.0	8.813333333333333
15038.0	12.666666666666666
15113.0	22.88
15188.0	37.8
15263.0	20.173333333333332
15338.0	12.413333333333334
15413.0	14.946666666666667
15488.0	16.666666666666668
15563.0	13.64
15638.0	9.626666666666667
15713.0	13.68
15788.0	22.173333333333332
15863.0	24.84
15938.0	6.64
16013.0	6.453333333333333
16088.0	7.773333333333333
16163.0	18.44
16238.0	12.986666666666666
16313.0	17.666666666666668
16388.0	26.533333333333335
16463.0	61.53333333333333
16538.0	29.826666666666668
16613.0	22.30666666666667
16688.0	17.013333333333332
16763.0	23.666666666666668
16838.0	20.84
16913.0	13.92
16988.0	20.32
17063.0	36.89333333333333
17138.0	33.36
17213.0	8.04
17288.0	13.866666666666667
17363.0	25.213333333333335
17438.0	46.17333333333333
17513.0	16.026666666666667
17588.0	14.346666666666666
17663.0	14.413333333333334
17738.0	15.64
17813.0	8.12
17888.0	9.666666666666666
17963.0	23.333333333333332
18038.0	34.013333333333335
18113.0	18.8
18188.0	30.253333333333334
18263.0	37.96
18338.0	31.32
18413.0	11.32
18488.0	17.733333333333334
18563.0	19.12
18638.0	50.68
18713.0	16.893333333333334
18788.0	26.026666666666667
18863.0	20.173333333333332
18938.0	28.92
19013.0	14.093333333333334
19088.0	19.493333333333332
19163.0	29.386666666666667
19238.0	47.666666666666664
19313.0	22.48
19388.0	12.293333333333333
19463.0	11.0
19538.0	25.16
19613.0	37.4
19688.0	18.706666666666667
19763.0	14.226666666666667
19838.0	30.973333333333333
19913.0	50.053333333333335
19988.0	23.386666666666667
20063.0	18.586666666666666
20138.0	18.4
20213.0	33.86666666666667
20288.0	14.76
20363.0	12.72
20438.0	10.4
20513.0	33.22666666666667
20588.0	23.92
20663.0	17.48
20738.0	16.12
20813.0	27.133333333333333
20888.0	21.88
20963.0	14.493333333333334
21038.0	11.293333333333333
21113.0	23.706666666666667
21188.0	18.426666666666666
21263.0	32.733333333333334
21338.0	48.32
21413.0	77.04
21488.0	14.386666666666667
21563.0	18.453333333333333
21638.0	25.48
21713.0	38.2
21788.0	6.026666666666666
21863.0	15.533333333333333
21938.0	21.213333333333335
22013.0	25.453333333333333
22088.0	8.386666666666667
22163.0	18.0
22238.0	28.253333333333334
22313.0	77.44
22388.0	31.706666666666667
22463.0	18.24
22538.0	25.106666666666666
22613.0	22.333333333333332
22688.0	10.76
22763.0	6.586666666666667
22838.0	24.053333333333335
22913.0	14.733333333333333
22988.0	13.053333333333333
23063.0	13.36
23138.0	38.16
23213.0	24.72
23288.0	20.946666666666665
23363.0	20.573333333333334
23438.0	24.586666666666666
23513.0	35.22666666666667
23588.0	14.013333333333334
23663.0	13.32
23738.0	21.373333333333335
23813.0	29.213333333333335
23888.0	10.026666666666667
23963.0	13.173333333333334
24038.0	8.853333333333333
24113.0	40.026666666666664
24188.0	26.026666666666667
24263.0	27.85333333333333
24338.0	20.76
24413.0	36.413333333333334
24488.0	23.6
24563.0	13.053333333333333
24638.0	13.346666666666666
24713.0	28.066666666666666
24788.0	32.84
24863.0	25.72
24938.0	23.826666666666668
25013.0	48.74666666666667
25088.0	26.053333333333335
25163.0	12.186666666666667
25238.0	6.773333333333333
25313.0	28.453333333333333
25388.0	36.21333333333333
25463.0	35.78666666666667
25538.0	34.72
25613.0	71.12
25688.0	40.2
25763.0	13.52
25838.0	34.026666666666664
25913.0	62.946666666666665
25988.0	51.54666666666667
26063.0	30.386666666666667
26138.0	35.21333333333333
26213.0	64.28
26288.0	82.06666666666666
26363.0	17.72
26438.0	18.68
26513.0	75.66666666666667
26588.0	74.30666666666667
26663.0	52.45333333333333
26738.0	65.58666666666667
26813.0	52.70666666666666
26888.0	63.413333333333334
26963.0	14.906666666666666
27038.0	25.133333333333333
27113.0	37.16
27188.0	79.46666666666667
27263.0	30.52
27338.0	29.72
27413.0	50.08
27488.0	88.76
27563.0	34.70666666666666
27638.0	33.45333333333333
27713.0	33.53333333333333
27788.0	156.90666666666667
27863.0	120.74666666666667
27938.0	22.533333333333335
28013.0	42.64
28088.0	53.093333333333334
28163.0	44.0
28238.0	15.586666666666666
28313.0	26.2
28388.0	50.89333333333333
28463.0	70.2
28538.0	35.13333333333333
28613.0	30.826666666666668
28688.0	61.04
28763.0	73.0
28838.0	52.4
28913.0	32.88
28988.0	92.08
29063.0	86.56
29138.0	80.17333333333333
29213.0	38.89333333333333
29288.0	61.04
29363.0	72.38666666666667
29438.0	16.573333333333334
29513.0	79.30666666666667
29588.0	85.53333333333333
29663.0	62.85333333333333
29738.0	26.573333333333334
29813.0	39.6
29877.0	17.830188679245282
