#Position (bp)	mapping quality
38.0	59.975982792066404
113.0	59.9994637183091
188.0	59.991981376099325
263.0	59.98111739042076
338.0	59.95986452532436
413.0	59.98965167079938
488.0	59.9870646252356
563.0	59.998538999579964
638.0	59.9967081376773
713.0	59.988932043608116
788.0	59.995364226938065
863.0	59.98791785020045
938.0	59.98520207639394
1013.0	59.997895569216645
1088.0	59.99448951836045
1163.0	59.99826137351492
1238.0	59.99211086278656
1313.0	59.984772636095656
1388.0	59.99861937394884
1463.0	60.0
1538.0	59.99624298388557
1613.0	59.98502369133574
1688.0	59.98817683028209
1763.0	59.991575359918464
1838.0	56.90835573295802
1913.0	52.7214386817463
1988.0	59.99106440652083
2063.0	59.99768661914811
2138.0	59.97374889250907
2213.0	59.97568944339487
2288.0	59.980229322052764
2363.0	60.0
2438.0	60.0
2513.0	59.998499756210386
2588.0	59.99847675233927
2663.0	59.98771846353919
2738.0	59.9783794926517
2813.0	59.96050720126178
2888.0	33.14557285197759
2963.0	59.9769038974673
3038.0	59.91028267103646
3113.0	59.99613240081219
3188.0	59.99342277220511
3263.0	59.99743821668938
3338.0	59.990732477994406
3413.0	59.98823089220722
3488.0	59.99006283025316
3563.0	59.99092617203611
3638.0	60.0
3713.0	60.0
3788.0	59.99216238642782
3863.0	59.98913611601239
3938.0	59.993909433372
4013.0	59.99069610661522
4088.0	59.98638849543275
4163.0	58.653257041472614
4238.0	59.986356370525456
4313.0	59.861733494869284
4388.0	59.990081272236885
4463.0	59.99809043496003
4538.0	59.99590293194519
4613.0	59.973989055281486
4688.0	59.89796822072247
4763.0	59.987138022658364
4838.0	59.98994806286814
4913.0	59.9969276057649
4988.0	59.99817648505498
5063.0	60.0
5138.0	59.99608201645553
5213.0	59.99608546729734
5288.0	59.98581297703712
5363.0	59.99668289416786
5438.0	59.99919928255717
5513.0	59.99709697768769
5588.0	59.988242243111436
5663.0	59.992865783678155
5738.0	59.995406390168235
5813.0	59.9769501433168
5888.0	59.97271499387323
5963.0	59.95150042635704
6038.0	59.9808684843408
6113.0	59.97009152188514
6188.0	59.9879487871134
6263.0	59.99549396816332
6338.0	59.978098541746505
6413.0	59.99250797418589
6488.0	59.98968353810575
6563.0	59.99169367040533
6638.0	59.9897767027497
6713.0	59.99350451011247
6788.0	59.99748294240706
6863.0	59.98981049056312
6938.0	59.947618646920226
7013.0	59.97711158439598
7088.0	59.98194165766322
7163.0	59.98554391037224
7238.0	59.99733001067996
7313.0	59.986130513874514
7388.0	59.983460470524555
7463.0	60.0
7538.0	59.9976954923652
7613.0	59.99352783390984
7688.0	59.994420864765964
7763.0	59.990403058278524
7838.0	59.98701406058602
7913.0	59.97049612996745
7988.0	59.991115318608216
8063.0	59.98765769331542
8138.0	59.998936597584894
8213.0	59.991859970758114
8288.0	59.991267200596745
8363.0	59.98344945017228
8438.0	59.99510179311939
8513.0	59.98689121646928
8588.0	59.9888945752303
8663.0	59.98970242394947
8738.0	59.985179101413024
8813.0	59.99922207239913
8888.0	59.98301864214408
8963.0	59.959639820154436
9038.0	59.99660362954634
9113.0	59.99954771141979
9188.0	59.994872478845274
9263.0	59.98114471775221
9338.0	59.98942565642245
9413.0	59.98763721663276
9488.0	59.98250034637667
9563.0	59.97475316467176
9638.0	59.98358349313605
9713.0	59.98250213723079
9788.0	59.9746341892662
9863.0	56.559954546822794
9938.0	59.99886784685056
10013.0	59.98979055120234
10088.0	59.9891826720402
10163.0	59.9875092991431
10238.0	59.9951198286821
10313.0	59.997276222534474
10388.0	59.99088722984365
10463.0	59.992448473312216
10538.0	59.99731736713191
10613.0	59.997399557924844
10688.0	58.362866528115674
10763.0	59.98861849895305
10838.0	59.99223025505361
10913.0	59.99434633635269
10988.0	59.98523292092523
11063.0	59.95672800689479
11138.0	59.98124578355493
11213.0	59.996492451989226
11288.0	59.97756249331237
11363.0	59.97078223465179
11438.0	59.98936621889452
11513.0	59.99230077403873
11588.0	59.99196059559531
11663.0	59.14032825723893
11738.0	59.99087999033642
11813.0	59.995390021660725
11888.0	59.98987962539364
11963.0	59.994329680507995
12038.0	59.98517676277107
12113.0	59.98656839807602
12188.0	59.983042928555534
12263.0	59.988605370622444
12338.0	59.989466652812204
12413.0	59.988922960084686
12488.0	59.98502987665429
12563.0	59.996566501902585
12638.0	59.991707409160426
12713.0	59.991411763231234
12788.0	59.99386542355014
12863.0	59.99676252757375
12938.0	59.97530073884399
13013.0	59.98828405479764
13088.0	59.994135566565305
13163.0	59.99624737316121
13238.0	59.996009179211484
13313.0	59.98802760080574
13388.0	59.981072801801844
13463.0	59.990430808421365
13538.0	59.997741930850225
13613.0	59.9929335986632
13688.0	59.99433214476901
13763.0	59.996285546426286
13838.0	59.99200372815427
13913.0	59.99379814500404
13988.0	59.974004280188396
14063.0	59.99954848298345
14138.0	59.98532607129478
14213.0	59.99366572063793
14288.0	59.99082893036079
14363.0	59.98151138261498
14438.0	59.96189039898981
14513.0	59.98381250856877
14588.0	57.42552318561723
14663.0	59.985612821734
14738.0	59.997078380967736
14813.0	59.9943911281276
14888.0	59.98866002929044
14963.0	59.99404252240084
15038.0	59.99272642256887
15113.0	59.99127619090009
15188.0	59.98632434405363
15263.0	59.990278551640564
15338.0	59.994812574179406
15413.0	59.98683054971259
15488.0	59.983267897647046
15563.0	59.970478608108046
15638.0	59.98715468565421
15713.0	59.98969335627211
15788.0	59.95568037111151
15863.0	57.62354274483076
15938.0	59.983542788749254
16013.0	59.986186602489724
16088.0	59.98000596531943
16163.0	59.98682734828423
16238.0	59.99744288051196
16313.0	59.99125908006496
16388.0	59.99924122188569
16463.0	59.97531267070082
16538.0	59.97536828876632
16613.0	59.99568848911132
16688.0	59.99986258073382
16763.0	59.97318692975675
16838.0	59.99076419795352
16913.0	59.99492397104508
16988.0	59.98317585695479
17063.0	59.98996061365577
17138.0	59.988237148352816
17213.0	59.9849130038384
17288.0	59.98929452466907
17363.0	59.98924401602607
17438.0	59.994474069324006
17513.0	59.99699663867253
17588.0	59.986087409074955
17663.0	59.984997246330025
17738.0	59.98577230839829
17813.0	59.986315470784135
17888.0	59.98008300181298
17963.0	59.992180283796145
18038.0	59.99234459421091
18113.0	59.996091983922014
18188.0	59.99228170318255
18263.0	59.992956917644875
18338.0	59.98325773392056
18413.0	59.949892158075386
18488.0	59.98635050163696
18563.0	59.9843767758789
18638.0	59.982823438291284
18713.0	59.99666146870764
18788.0	59.99828861425129
18863.0	59.988613702155035
18938.0	59.9936449832714
19013.0	59.98867718396162
19088.0	59.99053896573484
19163.0	59.996108319533434
19238.0	59.988549976821204
19313.0	59.97742864193469
19388.0	60.0
19463.0	60.0
19538.0	59.57261090834319
19613.0	59.938709230251305
19688.0	59.99238475234357
19763.0	59.9970883935266
19838.0	59.98545986561665
19913.0	59.97004029739231
19988.0	59.99758517296198
20063.0	59.99830647209913
20138.0	60.0
20213.0	59.97623184376955
20288.0	59.9735454629544
20363.0	60.0
20438.0	60.0
20513.0	59.98424177745484
20588.0	59.99686796780336
20663.0	59.99604659033391
20738.0	59.98670740942768
20813.0	59.98166936703714
20888.0	59.975326729978356
20963.0	59.99148748327607
21038.0	59.990749441158435
21113.0	59.987559145649385
21188.0	59.984288245717664
21263.0	59.98947122133833
21338.0	59.99542352468888
21413.0	59.94640388817051
21488.0	59.98670912363284
21563.0	60.0
21638.0	59.997164952512954
21713.0	59.998572855715715
21788.0	59.99759609881178
21863.0	59.99734262430613
21938.0	59.987731395752135
22013.0	59.97174681353103
22088.0	59.98749334459397
22163.0	59.97335965614675
22238.0	59.99397459052127
22313.0	59.99126027486273
22388.0	59.99921433060968
22463.0	59.995845465520915
22538.0	59.98663040769672
22613.0	59.97500923679329
22688.0	59.96464286241312
22763.0	59.988656361064145
22838.0	59.95875338929272
22913.0	59.993386135263
22988.0	59.99225870649563
23063.0	59.98503028399286
23138.0	59.98362572479515
23213.0	59.97998838267772
23288.0	59.98895722113292
23363.0	59.996256164468676
23438.0	59.99016731736275
23513.0	59.98013300256416
23588.0	59.975739460927485
23663.0	59.994985594580925
23738.0	59.99854686932371
23813.0	59.98178046759883
23888.0	59.99801022915239
23963.0	59.99307128950231
24038.0	59.98952342113034
24113.0	59.98830265469235
24188.0	59.99519809111746
24263.0	59.99775247228049
24338.0	59.996820054306866
24413.0	59.99231782586932
24488.0	59.98980316900495
24563.0	59.998478466482204
24638.0	59.99775360542333
24713.0	59.98486480773062
24788.0	59.987712108718696
24863.0	59.98680255272341
24938.0	59.99172553415603
25013.0	59.99333169103219
25088.0	59.99730567726245
25163.0	59.99137592353141
25238.0	59.84003638739766
25313.0	59.735590229725986
25388.0	59.96056709036915
25463.0	59.995773528857676
25538.0	59.9967983729978
25613.0	58.14456085958452
25688.0	59.99083725214525
25763.0	59.99445739183301
25838.0	59.99708296060052
25913.0	59.9973531635997
25988.0	59.997338335572515
26063.0	59.99681582034523
26138.0	59.992413294797686
26213.0	59.99655986301158
26288.0	59.92756577853033
26363.0	59.99289249236601
26438.0	59.997407908395985
26513.0	59.99423567639014
26588.0	59.996342415134315
26663.0	59.991048322589755
26738.0	59.986908499228356
26813.0	59.998412170467525
26888.0	59.99431097515482
26963.0	59.99464374924905
27038.0	59.987155041328116
27113.0	59.99138518008358
27188.0	59.95630929144541
27263.0	59.99360331836482
27338.0	59.98669140320558
27413.0	59.99243355741224
27488.0	59.96890002695477
27563.0	59.9968878053841
27638.0	59.98015544898297
27713.0	59.993506493506494
27788.0	59.99550258601304
27863.0	59.99791967006697
27938.0	59.99894589457881
28013.0	59.999115622528045
28088.0	59.99403859583383
28163.0	59.98367799548867
28238.0	59.996821880203306
28313.0	59.993940374019616
28388.0	59.98220185622729
28463.0	59.99565178363046
28538.0	59.99689836870642
28613.0	59.97931418569496
28688.0	59.98853415961657
28763.0	59.985167863704696
28838.0	60.0
28913.0	59.98030855786559
28988.0	59.655257621996384
29063.0	59.99260895596342
29138.0	59.982501452688744
29213.0	59.98953991973472
29288.0	59.996499936214875
29363.0	59.993989910067995
29438.0	60.0
29513.0	60.0
29588.0	59.98435258834268
29663.0	59.987797437461865
29738.0	60.0
29813.0	59.921363040629096
29877.0	15.48186077643909
