# Position (bp)	A	C	G	T	N
0.0	28.51017097635505	22.743753431892394	21.3068646231101	27.439210968642456	0.0
1.0	26.808006078875074	19.43277749480206	15.071101128098933	38.688115298223934	0.0
2.0	28.091192037548684	19.97395226523751	17.394976864951232	34.53987883226258	0.0
3.0	24.75654467633299	21.001028567636617	15.81381266797173	38.42778459802913	8.294900295298452E-4
4.0	32.990559955031664	14.818473390976575	14.918081571246713	37.27123183493974	0.0016532478053135383
5.0	34.88553461195656	14.890816360215231	21.368385435579178	28.844122404515893	0.011141187733139669
6.0	31.719309805213523	17.658032368323518	20.02841494049335	30.590124778651735	0.004118107317876704
7.0	34.62221783546365	16.89203638816233	19.883942818602048	28.600157923308494	0.0016450344634720098
8.0	25.354559680619047	25.25146732054331	20.611489664066767	28.780840428634214	0.001642906136665147
9.0	29.101097783101686	18.640160154903924	17.0960437144123	35.162288114733926	4.1023284816461825E-4
10.0	26.947020708931518	17.27042102286466	24.143343674821004	31.63880475899689	4.0983438592464785E-4
11.0	28.499600794316947	18.509632116609005	20.05691239994268	32.93180748050034	0.0020472086310315885
12.0	26.236704303714614	19.780723285877926	21.27597774504991	32.700867288496156	0.0057273768613974796
13.0	28.224969138073398	20.665636573222475	18.23878547077723	32.87020005068714	4.087672397583368E-4
14.0	30.757690955616052	18.296421651583156	19.77983796466616	31.165231893655115	8.175344795166736E-4
15.0	28.95461866104203	19.055911183054146	19.130715587929924	32.85793703349439	8.175344795166736E-4
16.0	30.443757715481652	17.053769242717813	18.72562725332941	33.775210719512096	0.0016350689590333472
17.0	30.034581708483554	18.14068133323523	19.80845167144924	32.01219761443439	0.004087672397583369
18.0	31.553560771425538	17.586801723362683	18.672896279400582	32.179792182735305	0.006949043075891725
19.0	29.675684071975734	18.437446349299783	19.617966137721858	32.26890344100262	0.0
20.0	29.363385900800367	17.891333316982642	19.899197998675593	32.8460827835414	0.0
21.0	29.526075262224182	16.898846458849402	19.51700062950155	34.057668882185105	4.087672397583368E-4
22.0	29.07316116057195	18.101848445458188	19.706259861509658	33.11791299798069	8.175344795166736E-4
23.0	29.990026079349896	16.697324209648542	19.8186708524432	33.492752556839086	0.0012263017192750104
24.0	30.378763724360073	17.755622593382874	18.547813504034533	33.315756342023725	0.0020438361987916843
25.0	29.71083805459495	17.29453314693547	19.11927010521669	33.87454115877337	8.175344795166736E-4
26.0	30.881956196502585	17.404082767190708	20.174707118272714	31.538845150794238	4.087672397583368E-4
27.0	28.58631937801977	18.29029014298678	19.77493275778906	33.34804895396463	4.087672397583368E-4
28.0	29.58534651198914	17.888063179064577	19.90737334347076	32.615129293077935	0.004087672397583369
29.0	29.61845665840957	18.3205389187289	18.8503012614557	33.2090680924468	0.0016350689590333472
30.0	29.910029962761154	18.18653760469594	18.997943892379322	32.90385346452091	0.00163507564268692
31.0	30.531767475892853	18.22455311338841	19.180663595449584	32.061380739626465	0.00163507564268692
32.0	29.789034365202323	18.053687708727626	19.17943728871757	32.977840637352486	0.0
33.0	30.07844275395791	17.307275677841048	19.692033502699918	32.92183929659046	4.0876891067173E-4
34.0	29.80211497034382	17.902443211779083	19.102179964600612	33.192853084365815	4.0876891067173E-4
35.0	30.186450170261995	16.869223253741474	19.419269651668078	33.52505692432845	0.0
36.0	30.66995347772409	16.88415217444627	19.35702780707564	33.0880489260631	8.176146909007662E-4
37.0	28.481662121887304	18.770006909154834	19.500578488407747	33.24734365482026	4.088257298561343E-4
38.0	30.224666271439375	17.79585829057383	18.91326123842427	33.06376106466055	0.002453134901976818
39.0	30.465664025123285	17.975988943137303	19.1879912003075	32.370355831431915	0.0
40.0	29.90878972555115	18.65720479365209	19.016319685876724	32.41359564808376	0.004090146836271422
41.0	29.753868309726624	17.768040520084117	20.10170933876656	32.374336189050084	0.0020456423726178496
42.0	28.99115304978353	18.406321354622758	19.467382497606167	33.133097087299184	0.002046010688359836
43.0	29.49405322222859	18.186171388345464	20.50226329532525	31.815465714963942	0.002046379136755425
44.0	29.52424227538439	18.613990273615954	19.810548378117275	32.05121907288238	0.0
45.0	29.706513372312028	18.959530945478964	19.319019309192747	32.01493637301626	0.0
46.0	30.42527488277811	17.094944613935585	18.949200434079323	33.529761051618586	8.190175884027109E-4
47.0	29.30218078744286	18.266757328002882	19.174872609899563	33.254141202300396	0.002048072354300133
48.0	30.11423233250295	17.524092041431754	19.066310475940735	33.294955421528776	4.097285957781565E-4
49.0	29.576985659071998	17.66200658231791	19.753101599675393	33.00708644313017	8.197158045305692E-4
50.0	29.70748530865159	18.0581584656204	19.19040725689048	33.04353888235029	4.1008648724015896E-4
51.0	30.54161520248505	17.791355658871467	19.623959260885442	32.043069877758036	0.0
52.0	30.45411985018727	18.392716341415337	19.417340166896643	31.735823641500755	0.0
53.0	31.108005918132502	18.303879664639158	19.097073812263684	31.48158803222094	0.009452572743711984
54.0	29.91870520459396	18.224097307032803	19.32159760515484	32.53272146355304	0.0028784196653631536
55.0	29.561324461891065	18.564192455982255	18.35598513745386	33.51767499084464	8.229538281754702E-4
56.0	29.354946290128005	17.751225919079047	20.669551505070427	32.22386455807212	4.117276503938175E-4
57.0	28.470906184598654	19.00779460474927	19.809089860422194	32.71138539623947	8.239539904091756E-4
58.0	30.561339132944404	18.07664557092498	21.682574367643117	29.679440928487498	0.0
59.0	28.63105485441102	20.164476536084518	20.671860227971745	30.525177212733723	0.00743116879899927
60.0	30.099886257884396	18.98087064419398	20.458277323958228	30.460965773963395	0.0
61.0	28.86656031821666	20.635604632372743	19.589798835691642	30.908036213718947	0.0
62.0	30.407464930275825	17.120835859571606	20.811358520967087	31.659094873051334	0.0012458161341494813
63.0	26.626614949400683	19.996417010036538	24.345166921503356	29.030551238839614	0.001249880219812268
64.0	27.344487810585612	19.670213032686185	17.48221941781652	35.50057248878006	0.0025072501316306317
65.0	28.398937151095538	18.696668957771035	18.730197314378636	34.16832911434846	0.005867462406330154
66.0	27.21028094351282	18.861428385257927	18.136684084631973	35.78614157736982	0.005465009227457888
67.0	32.89530856489586	14.622293281135967	18.00429447076343	34.476838122076025	0.0012655611287117853
68.0	34.17629132628237	15.173243873082537	22.192629772849497	28.457835027785606	0.0
69.0	32.12809062193661	16.64263152162074	20.359002287332533	30.870275569110117	0.0
70.0	33.8770010647219	14.945209222564568	22.231958617180656	28.94583109553288	0.0
71.0	26.952264526454417	18.92824028961371	23.963408512422564	30.156086671509307	0.0
