# Position (bp)	A	C	G	T	N
0.0	29.57406230133503	18.74125874125874	19.47870311506675	32.20597584233948	0.0
1.0	23.763509218054672	24.704386522568342	23.776223776223777	27.755880483153213	0.0
2.0	29.101735715190674	19.574306347396426	18.459394400101356	32.86456353731154	0.0
3.0	30.848101265822788	20.68354430379747	19.82278481012658	28.645569620253163	0.0
4.0	30.807186234817813	19.116902834008098	19.496457489878544	30.579453441295545	0.0
5.0	31.731984829329964	18.963337547408344	18.053097345132745	31.251580278128948	0.0
6.0	32.36000505625079	18.859815446846167	20.237643787131844	28.542535709771204	0.0
7.0	30.739102969046115	20.25268477574226	19.7094125078964	29.298799747315226	0.0
8.0	31.224747474747478	18.952020202020204	19.04040404040404	30.782828282828284	0.0
9.0	27.922241858116635	20.28528149457208	17.987881848018176	33.804594799293106	0.0
10.0	26.694433926542978	17.392401867979302	21.885649375236653	34.02751483024107	0.0
11.0	26.44794952681388	18.902208201892744	20.264984227129336	34.38485804416404	0.0
12.0	27.529649255614437	19.88392631844562	18.64748927580116	33.93893515013878	0.0
13.0	30.083249243188696	19.992431886982846	18.680625630676083	31.24369323915237	0.0
14.0	28.612862547288774	19.861286254728878	20.05044136191677	31.475409836065577	0.0
15.0	26.916288451840646	19.440242057488653	21.87342410489158	31.77004538577912	0.0
16.0	28.598437106125534	18.628686664986134	21.212503150995715	31.560373077892613	0.0
17.0	29.023314429741653	18.034026465028354	19.848771266540645	33.09388783868935	0.0
18.0	27.3277056822477	20.246944689429256	21.242282978455336	31.18306664986771	0.0
19.0	27.61964735516373	21.876574307304786	22.040302267002517	28.463476070528966	0.0
20.0	26.90080563947633	21.71450151057402	18.78147029204431	32.60322255790534	0.0
21.0	25.58520010067959	20.67707022401208	20.73999496602064	32.99773470928769	0.0
22.0	28.966557706814182	20.178526527533318	19.738496354035707	31.116419411616796	0.0
23.0	29.334170854271356	21.695979899497488	17.374371859296485	31.59547738693467	0.0
24.0	29.77521034785885	18.04596257691825	16.739922139897022	35.43890493532588	0.0
25.0	28.354462156395133	18.9155265470064	17.723107819756496	35.00690347684197	0.0
26.0	31.17078679884553	17.894340569707616	16.51399171790689	34.42088091353997	0.0
27.0	27.52823086574655	19.836888331242157	18.318695106649937	34.31618569636136	0.0
28.0	29.431689875799776	18.956216284029605	16.948939907163467	34.66315393300715	0.0
29.0	29.16980185603211	17.205919237521947	16.980185603210433	36.644093303235515	0.0
30.0	30.60993975903614	17.319277108433734	17.758534136546185	34.312248995983936	0.0
31.0	30.401409336856677	16.761041902604756	18.44721278469863	34.39033597583994	0.0
32.0	28.87545649162574	19.027830248079585	19.115980355119003	32.98073290517567	0.0
33.0	28.038795818113112	18.843683083511777	20.040307343494142	33.077213754880965	0.0
34.0	33.32913465171936	15.682075828189948	19.675022043078474	31.313767477012217	0.0
35.0	30.847713817861194	18.024940168787	19.637233908552716	31.490112104799096	0.0
36.0	31.238191207960703	16.68975941554352	17.67225091321325	34.39979846328253	0.0
37.0	29.428823603580884	19.177909469171606	19.959651998486947	31.433614928760562	0.0
38.0	28.25072518602598	19.13229915500063	18.66565771219574	33.95131794677766	0.0
39.0	29.930599369085176	17.526813880126184	17.817034700315457	34.72555205047318	0.0
40.0	27.2784650340823	18.240343347639485	20.33577379449634	34.14541782378187	0.0
41.0	27.172814552804446	16.87721071248105	22.612430520464883	33.33754421424962	0.0
42.0	32.42355319686631	15.63052817791256	20.166793025018954	31.779125600202175	0.0
43.0	30.271979759645795	17.267552182163186	20.695762175838077	31.76470588235294	0.0
44.0	31.028368794326237	19.87082066869301	17.1225937183384	31.978216818642352	0.0
45.0	32.006106093372345	16.346520798880547	18.2292329220201	33.418140185727005	0.0
46.0	31.019108280254777	15.414012738853502	20.67515923566879	32.89171974522293	0.0
47.0	33.32058148431523	16.59015557255802	19.153277225197655	30.9359857179291	0.0
48.0	28.668027558050525	18.244450114825213	20.03062005613677	33.0569022709875	0.0
49.0	28.996424923391217	19.20326864147089	18.781920326864146	33.01838610827375	0.0
50.0	28.878098645540508	18.872987477638638	19.371326348070532	32.87758752875032	0.0
51.0	29.21621276051656	17.97724076205089	18.808336529855517	33.99820994757704	0.0
52.0	28.50562947799386	17.75844421699079	20.81627430910952	32.91965199590584	0.0
53.0	30.422535211267604	20.38412291933419	18.84763124199744	30.34571062740077	0.0
54.0	30.55448841080804	20.015366884364195	18.70918171340761	30.72096299142016	0.0
55.0	28.91736066623959	18.41127482383088	18.821268417680972	33.85009609224856	0.0
56.0	27.30650948231676	18.7980522808816	20.06663249615582	33.82880574064583	0.0
57.0	30.36286703423516	17.707398384408258	19.925631491216823	32.004103090139765	0.0
58.0	28.32221652129297	19.68958440225757	19.74089276552078	32.24730631092868	0.0
59.0	27.429084841483764	19.471184700295215	20.79322294955718	32.30650750866385	0.0
60.0	30.35553844179181	18.020793222949557	19.663714542420742	31.959953792837894	0.0
61.0	28.80441761910877	18.325414151791446	21.317580583022988	31.552587646076795	0.0
62.0	28.84664782943745	20.870793732340097	19.881839198561522	30.40071923966093	0.0
63.0	29.51304124373635	18.334832326866245	20.776050366182705	31.376076063214697	0.0
64.0	28.964276535594962	19.853508095605243	20.36751477769211	30.814700591107684	0.0
65.0	29.01234567901235	20.46039094650206	18.63425925925926	31.893004115226336	0.0
66.0	30.207127235301684	18.937347227582656	19.284703460697287	31.57082207641837	0.0
67.0	30.2753474009264	20.059186824498198	18.39938239835306	31.266083376222337	0.0
68.0	28.06949806949807	20.566280566280568	19.69111969111969	31.673101673101673	0.0
69.0	29.40646324192095	20.432599459250675	19.299600875498907	30.861336423329472	0.0
70.0	29.68830499742401	21.136012364760433	18.096342091705306	31.079340546110252	0.0
71.0	29.232156660654468	21.231641329554236	20.56171089925277	28.97449111053852	0.0
72.0	29.116207163102292	18.3715537232672	21.66967276475135	30.842566348879153	0.0
73.0	30.060559206287852	16.724648885452904	22.020358201262724	31.19443370699652	0.0
74.0	30.204976150573675	18.035322934124018	20.394482402990846	31.36521851231146	0.0
75.0	30.754352030947775	18.89103803997421	21.521598968407478	28.833010960670535	0.0
76.0	30.113489811710085	20.905339179778178	18.45499097240134	30.526180036110397	0.0
77.0	31.11455108359133	20.123839009287924	18.26625386996904	30.495356037151705	0.0
78.0	29.067217133273125	17.55902464198168	21.700425751515933	31.67333247322926	0.0
79.0	30.825806451612902	20.012903225806454	17.93548387096774	31.225806451612904	0.0
80.0	32.64489479798632	17.529366206273398	19.259068026332773	30.56667096940751	0.0
81.0	30.16651607073706	17.387375758358072	20.13682715890022	32.30928101200465	0.0
82.0	32.54132231404959	16.257747933884296	21.642561983471072	29.55836776859504	0.0
83.0	31.71078114912847	17.275661717236925	19.948353776630086	31.065203357004517	0.0
84.0	28.676565526145904	17.056165267914782	20.8005164622337	33.46675274370562	0.0
85.0	29.604753293722553	17.42443812968225	21.13149057091191	31.839318005683285	0.0
86.0	29.031007751937988	19.780361757105943	19.470284237726098	31.718346253229974	0.0
87.0	31.757105943152453	16.77002583979328	20.03875968992248	31.434108527131784	0.0
88.0	31.99431671402738	18.109015758202016	19.361921983983464	30.534745543787135	0.0
89.0	31.214470284237727	16.886304909560724	18.036175710594314	33.86304909560723	0.0
90.0	29.476405946994184	16.535229476405945	19.715578539107952	34.27278603749192	0.0
91.0	31.20796689084325	17.602172788411796	16.90377651319193	34.28608380755303	0.0
92.0	30.979174751002457	18.587504850601473	16.336825766395034	34.09649463200103	0.0
93.0	32.2463768115942	16.95134575569358	19.966356107660456	30.835921325051757	0.0
94.0	29.891304347826086	17.119565217391305	18.982919254658384	34.006211180124225	0.0
95.0	30.76226219748932	16.20292480911091	19.943056813769896	33.09175617962987	0.0
96.0	29.47722567287785	17.31366459627329	19.42287784679089	33.78623188405797	0.0
97.0	29.580745341614907	17.45600414078675	19.707556935817806	33.25569358178054	0.0
98.0	30.61594202898551	20.21221532091097	17.326604554865423	31.845238095238095	0.0
99.0	30.3740132004659	19.56774944998059	17.742979163970492	32.31525818558302	0.0
100.0	32.40129449838188	17.462783171521036	19.88349514563107	30.25242718446602	0.0
101.0	30.63973063973064	20.9013209013209	19.166019166019165	29.292929292929294	0.0
102.0	29.996114492941327	18.572723740448126	19.259163320813364	32.17199844579718	0.0
103.0	29.369089260266872	19.83417541132271	21.324005700220237	29.47272962819018	0.0
104.0	28.430737333160554	17.791888039393548	20.34469353375664	33.43268109368926	0.0
105.0	29.845715026578507	18.94204589653831	18.527161934396474	32.68507714248671	0.0
106.0	32.25262611853197	19.673194138244064	17.948385423421087	30.12579431980288	0.0
107.0	31.145414450642107	20.223115838630175	18.329225580490334	30.302244130237384	0.0
108.0	31.51271406331085	18.344577062791906	19.2008303061754	30.941878567721847	0.0
109.0	29.064486830154408	19.294148176981967	18.76216426625146	32.879200726612176	0.0
110.0	28.441676398079668	19.81315687037758	17.892824704813805	33.85234202672895	0.0
111.0	31.221601973257172	18.668051408542127	18.87576268986109	31.23458392833961	0.0
112.0	28.44346358561599	19.498896533817994	19.20031156692198	32.85732831364403	0.0
113.0	30.74425250032472	17.677620470190934	19.690868944018703	31.887258085465646	0.0
114.0	31.583051728619704	16.246425786327006	18.014036911879387	34.1564855731739	0.0
115.0	27.49382234360775	18.871114579269086	16.803225386916374	36.83183769020679	0.0
116.0	30.39177404659638	18.104906937394247	17.037615514772874	34.4657035012365	0.0
117.0	32.58661109663975	17.426413128418858	17.738994529825476	32.247981245115916	0.0
118.0	30.075579880114674	18.82981495960386	20.0416992442012	31.05290591608027	0.0
119.0	25.492241491719913	20.445951232233668	22.649628373973137	31.412178902073286	0.0
120.0	29.24060542797495	19.846033402922757	21.268267223382047	29.64509394572025	0.0
121.0	31.47181628392484	19.58507306889353	18.802192066805844	30.140918580375782	0.0
122.0	29.656702780315886	19.20114867510769	19.331679937344994	31.810468607231435	0.0
123.0	31.622257053291534	16.967084639498434	18.638975966562175	32.77168234064786	0.0
124.0	32.6055693554713	17.335599424761405	18.773695907961823	31.285135311805462	0.0
125.0	30.830608240680185	18.600392413342053	18.194898626553304	32.37410071942446	0.0
126.0	31.919905771495877	17.968852244470618	20.115168171705275	29.996073812328227	0.0
127.0	29.414844874983636	19.046995680062835	19.518261552559235	32.0198978923943	0.0
128.0	31.503079543965406	17.19302843664002	18.346219368365876	32.957672651028695	0.0
129.0	31.510621557828483	18.90899554156832	19.997377393128772	29.58300550747443	0.0
130.0	31.579637890317503	18.249803201259514	18.236683285226974	31.933875623196013	0.0
131.0	30.581441134007086	18.78199238745242	20.22575141094632	30.41081506759417	0.0
132.0	28.125	18.264180672268907	21.88813025210084	31.72268907563025	0.0
133.0	28.147174770039424	18.699080157687252	20.105124835742444	33.04862023653088	0.0
134.0	25.749211356466876	20.517875920084123	21.608832807570977	32.12407991587802	0.0
135.0	28.45303867403315	18.28466193107077	21.836358852933436	31.425940541962643	0.0
136.0	30.31060805475125	18.54435377730982	19.268228481179257	31.87680968675967	0.0
137.0	29.660347551342813	18.088467614533965	19.181147972617165	33.07003686150606	0.0
138.0	28.04476629361422	18.48584595128374	20.013166556945357	33.45622119815668	0.0
139.0	30.799631142142008	17.441707284942694	18.653668818337504	33.104992754577786	0.0
140.0	28.803058265225417	18.059583443184817	21.46058528868969	31.676773002900077	0.0
141.0	28.545046827595304	17.2272787231236	22.081519588444795	32.146154860836305	0.0
142.0	32.04011612562682	17.986276062285565	19.622591712852998	30.351016099234627	0.0
143.0	32.132013201320134	19.036303630363037	19.194719471947195	29.63696369636964	0.0
144.0	30.489898322989568	19.41106562788855	18.55275320216559	31.54628284695629	0.0
145.0	31.972519487382744	16.673272559122736	17.558462148236227	33.79574580525829	0.0
146.0	29.8955440962581	17.294724315747718	18.40539468464895	34.40433690334523	0.0
147.0	28.973816450674423	19.17482147580005	20.27241470510447	31.57894736842105	0.0
148.0	29.074074074074076	19.193121693121693	19.378306878306876	32.354497354497354	0.0
149.0	29.072383220854835	19.028715098584094	19.094878920206433	32.80402276035464	0.0
150.0	29.736528531709254	17.277902820071496	19.66106182973653	33.324506818482725	0.0
151.0	28.8041319030592	19.33518739239836	19.82518871672626	32.03549198781619	0.0
152.0	28.63010068892422	20.098039215686274	19.01165871754107	32.26020137784843	0.0
153.0	31.195335276967928	19.772064670023852	16.684336072091174	32.34826398091704	0.0
154.0	30.863051836139466	16.452339917804586	18.65305581333687	34.031552432719074	0.0
155.0	29.636508357654552	18.333775537277795	20.40328999734678	31.626426107720878	0.0
156.0	30.922362309223622	16.602521566025217	20.424684804246848	32.050431320504316	0.0
157.0	30.752888062674277	18.789005444164122	20.156685699110344	30.301420794051253	0.0
158.0	30.972628222163166	19.638586234387457	18.921073611480203	30.46771193196917	0.0
159.0	30.86944961446424	16.32544536027652	22.081893113533635	30.723211911725606	0.0
160.0	28.094668262199175	18.162478393830607	22.470416168062755	31.27243717590746	0.0
161.0	29.405506051336616	16.983641441681073	22.316797446468943	31.294055060513365	0.0
162.0	29.373420247439135	18.411600372489026	22.309431954237063	29.905547425834772	0.0
163.0	29.894848928523892	16.717689338479968	20.87049114867563	32.51697058432051	0.0
164.0	31.842385516506923	16.906283280085198	21.72523961661342	29.52609158679446	0.0
165.0	30.976161939006523	16.71327740045279	21.880410174457317	30.430150486083367	0.0
166.0	30.846102598267823	19.053964023984012	20.133244503664223	29.966688874083946	0.0
167.0	29.15222607304719	18.355105305251936	20.2079445481205	32.28472407358038	0.0
168.0	28.226666666666667	18.573333333333334	20.293333333333333	32.906666666666666	0.0
169.0	28.5752401280683	17.689434364994664	19.943970117395946	33.79135538954109	0.0
170.0	29.458088627869728	15.843566470902296	19.847837693539777	34.8505072076882	0.0
171.0	28.588596608358923	17.465616237147817	19.29496595006009	34.65082120443317	0.0
172.0	29.433760683760685	20.15224358974359	18.830128205128204	31.58386752136752	0.0
173.0	27.901696273540804	17.764124482436223	18.712434887137704	35.621744356885266	0.0
174.0	29.105973540024056	18.000801817452896	19.43070960844581	33.46251503407724	0.0
175.0	29.2741612083946	19.008153990108273	20.42507686138217	31.29260794011496	0.0
176.0	29.823387744179826	16.564088841316565	17.808402461867807	35.804120952635806	0.0
177.0	28.999866113268176	19.26630070959968	19.908957022359083	31.82487615477306	0.0
178.0	30.84650415215644	18.269488347173855	19.193678006964905	31.690329493704795	0.0
179.0	26.417370325693607	19.085913416432113	21.686101058839295	32.810615199034984	0.0
180.0	31.272629743864826	16.306825801260562	18.787716239774706	33.632828215099906	0.0
181.0	29.519849785407725	18.776824034334762	18.6024678111588	33.10085836909871	0.0
182.0	33.07392996108949	18.62337313833356	19.06614785992218	29.23654904065477	0.0
183.0	31.47153598281418	21.683673469387756	18.058539205155746	28.786251342642323	0.0
184.0	31.757119828049436	20.849005910800646	18.404083825900052	28.98979043524987	0.0
185.0	30.886109990587602	20.841737259647708	19.792927255613822	28.479225494150867	0.0
186.0	33.346785041700294	17.271993543179985	20.782889426957222	28.598331988162496	0.0
187.0	30.586968228325258	20.96122778675283	18.834141087775983	29.617662897145934	0.0
188.0	30.525606469002696	18.679245283018865	19.838274932614556	30.956873315363882	0.0
189.0	32.17367853290183	18.54099244875944	18.648867313915858	30.636461704422867	0.0
190.0	34.48089644930471	17.280950452274876	18.226002430133658	30.012150668286758	0.0
191.0	31.054977711738484	18.397946778333107	18.15480210725382	32.39227340267459	0.0
192.0	32.25152129817444	17.97160243407708	18.417849898580123	31.359026369168358	0.0
193.0	29.53837823202924	17.55787193718695	20.90158386354406	32.00216596723974	0.0
194.0	28.999051875931194	19.531355817418394	20.912908031965326	30.556684274685086	0.0
195.0	31.096651755456143	19.465907550494784	18.449234106005154	30.98820658804392	0.0
196.0	31.32546465879799	18.925518925518926	17.813051146384478	31.935965269298606	0.0
197.0	31.722546491109	18.772906203339215	20.14388489208633	29.360662413465455	0.0
198.0	32.93909733550843	18.325176726481786	17.33278955954323	31.402936378466556	0.0
199.0	29.144566843465253	18.78144974840201	19.896640826873384	32.17734258125935	0.0
200.0	27.906343588347397	17.832834195480533	21.222433977674925	33.03838823849714	0.0
201.0	30.41700735895339	16.13518669937313	20.128100299809212	33.31970564186427	0.0
202.0	31.19203491543917	17.580469176213857	20.049099836333877	31.178396072013093	0.0
203.0	32.12725286728564	16.452758055707264	20.65811032222829	30.76187875477881	0.0
204.0	30.210325047801145	18.35564053537285	19.994537011745425	31.43949740508058	0.0
205.0	32.736712665664705	16.149747233228585	21.41002869244432	29.703511408662386	0.0
206.0	30.604155276107164	17.29086932750137	19.35483870967742	32.75013668671405	0.0
207.0	30.848153214774282	18.303693570451436	18.755129958960328	32.093023255813954	0.0
208.0	28.984118291347205	18.058598028477547	21.919496166484116	31.03778751369113	0.0
209.0	29.79860254829429	17.084532127688725	19.61912590765858	33.49773941635841	0.0
210.0	30.14806690430491	17.397861255826708	20.660817109953385	31.793254729915	0.0
211.0	29.691146190803018	17.213452299245024	22.525737817433082	30.569663692518873	0.0
212.0	29.562946673996706	17.111050027487632	21.742715777899946	31.58328752061572	0.0
213.0	30.971381397908644	18.175564116675837	19.77160154100165	31.08145294441387	0.0
214.0	29.11845730027548	20.358126721763085	20.99173553719008	29.531680440771353	0.0
215.0	32.983859842736926	20.499379224720652	19.037108566698855	27.479652365843567	0.0
216.0	34.80243161094225	18.126554296767065	18.77590494611771	28.295109146172976	0.0
217.0	29.36617769166897	18.696374204262387	19.817326321616385	32.12012178245225	0.0
218.0	27.593849563651474	17.994182019670315	20.349078819781134	34.06288959689708	0.0
219.0	27.91019955654102	19.332039911308204	22.034368070953438	30.723392461197342	0.0
220.0	29.893189069219034	19.336939936190873	20.696351782494105	30.073519212095988	0.0
221.0	30.284920083391242	19.235580264072272	17.70674079221682	32.77275886031967	0.0
222.0	30.388200918324753	18.923055516905524	19.88312230416029	30.805621260609435	0.0
223.0	32.929546087440826	18.49067112225007	18.574213311055416	30.00556947925369	0.0
224.0	34.164692768566255	16.803678417165948	19.283823324508848	29.74780548975895	0.0
225.0	35.37538375662852	17.764443204018978	19.257605358638013	27.602567680714486	0.0
226.0	32.354175409148134	18.995663729192895	18.520072737445798	30.130088124213177	0.0
227.0	31.548703573931324	16.720392431674842	18.458304134548005	33.27259985984583	0.0
228.0	29.95230078563412	17.662738496071828	18.925364758698095	33.45959595959596	0.0
229.0	31.646992692523888	20.446880269814503	17.03204047217538	30.87408656548623	0.0
230.0	31.11986494091165	21.792346651660104	16.024198086662917	31.063590320765332	0.0
231.0	30.788732394366196	19.676056338028168	17.577464788732396	31.95774647887324	0.0
232.0	29.619181946403383	17.517630465444288	17.983074753173483	34.880112834978846	0.0
233.0	29.58462842610907	18.93190166713761	19.708957332579825	31.774512574173496	0.0
234.0	26.758171784349795	18.834017263336637	22.102731003254565	32.30507994905901	0.0
235.0	27.320391101034435	18.52061782627179	21.198809692503897	32.96018138018989	0.0
236.0	28.0788876276958	18.246311010215663	21.22587968217934	32.44892167990919	0.0
237.0	29.684390105203303	19.050326983224338	19.945976684674438	31.319306226897925	0.0
238.0	30.235210263720596	15.310049893086244	20.270848182466146	34.183891660727014	0.0
239.0	27.62462505356378	17.097557491786887	19.940008570204256	35.337808884445074	0.0
240.0	27.55116645198225	16.945756404751684	19.8940890224703	35.608988120795765	0.0
241.0	28.364626630356888	16.941378816110074	22.975490898667047	31.718503654865987	0.0
242.0	28.663793103448278	16.436781609195403	21.982758620689655	32.916666666666664	0.0
243.0	28.384405121565244	15.825061142281685	21.72349302258668	34.06704071356639	0.0
244.0	26.833837728779365	17.509727626459142	20.13258394581352	35.523850698947975	0.0
245.0	28.91583658149271	18.146383715894327	21.062509022664937	31.87527067994803	0.0
246.0	27.835648148148145	16.478587962962962	20.500578703703702	35.18518518518518	0.0
247.0	26.534165095023937	18.13433918468011	22.06586391991876	33.26563180037719	0.0
248.0	26.377781009160973	17.245892104115164	22.640686345790314	33.735640540933545	0.0
249.0	27.926616191030867	18.331391962725686	18.506115317414093	35.23587652882935	0.0
250.0	25.273443196733265	18.258713723202565	21.846288464343008	34.62155461572116	0.0
251.0	27.331189710610932	17.772581116632562	20.92955276235019	33.966676410406315	0.0
252.0	28.600732600732602	19.897435897435898	19.736263736263737	31.765567765567766	0.0
253.0	31.600587371512486	15.814977973568281	19.251101321585903	33.33333333333333	0.0
254.0	31.158886761890734	17.4348402297158	20.497717567368575	30.908555441024888	0.0
255.0	30.292294065544727	18.438145851786242	19.161499852376735	32.108060230292296	0.0
256.0	28.588357280402903	19.271219078655015	19.93778699451933	32.20263664642275	0.0
257.0	29.368968077208613	17.98069784706756	17.87676317743133	34.7735708982925	0.0
258.0	31.09656301145663	18.79184645142092	17.46763874423449	32.64395179288797	0.0
259.0	31.461515423779574	18.493560946391135	16.89128481581312	33.153638814016176	0.0
260.0	30.64661654135338	18.857142857142858	17.42857142857143	33.06766917293233	0.0
261.0	30.410504074856625	18.472683368548143	18.56323573800181	32.55357681859342	0.0
262.0	30.887035633055344	16.133434420015163	19.984836997725548	32.99469294920394	0.0
263.0	30.785594894392947	20.726333383984198	16.27412247378818	32.21394924783468	0.0
264.0	30.34324942791762	19.78642257818459	18.093058733790997	31.777269260106788	0.0
265.0	31.098867462503826	19.9418426691154	17.569635751453934	31.389654116926845	0.0
266.0	31.934194341943417	19.18819188191882	19.00369003690037	29.87392373923739	0.0
267.0	31.55699721964782	17.979610750695088	19.045412418906395	31.417979610750695	0.0
268.0	31.126034671247854	17.07012337966578	21.068249258160236	30.73559269092613	0.0
269.0	30.975533249686322	19.996863237139273	19.479297365119198	29.548306148055207	0.0
270.0	31.80245360176156	20.509594212016356	16.51462724127084	31.17332494495124	0.0
271.0	32.74909205747671	18.72730143691773	17.306174009158376	31.217432496447184	0.0
272.0	30.367321089297022	17.827739075364153	18.666877770740975	33.13806206459785	0.0
273.0	31.643356643356647	16.274634456452638	18.62682771773681	33.455181182453906	0.0
274.0	30.698119222186804	18.473063436404207	20.369780044628627	30.459037296780362	0.0
275.0	29.49847780804358	18.85915718634834	20.74987982695081	30.892485178657264	0.0
276.0	31.361517440925894	18.887638643304935	20.07715801318116	29.67368590258801	0.0
277.0	28.956283271495405	19.583803839328922	19.406355863849008	32.05355702532667	0.0
278.0	27.966239246875507	20.49991884434345	21.1978574906671	30.33598441811394	0.0
279.0	30.999020568070517	21.221025138752854	19.572314724126674	28.207639569049952	0.0
280.0	30.510421795503035	20.728705071393403	20.482520925652388	28.278352207451174	0.0
281.0	30.35449299258038	18.087386644682603	20.610057708161584	30.94806265457543	0.0
282.0	29.414690764384016	18.653622948101475	21.52213563256508	30.40955065494943	0.0
283.0	28.961839693384434	19.596733877687054	21.646392267955342	29.79503416097317	0.0
284.0	26.919208850150856	21.739859202145492	21.304056319141804	30.036875628561848	0.0
285.0	29.122452417045647	18.713154791982483	21.003874010442985	31.160518780528886	0.0
286.0	28.12182741116751	17.529610829103216	21.928934010152286	32.41962774957699	0.0
287.0	27.87806539509537	19.192779291553133	22.138964577656676	30.79019073569482	0.0
288.0	25.355247389145696	19.63704845060777	22.307824002739256	32.69988015750728	0.0
289.0	29.107819497071997	18.274199104374787	20.220461591457113	32.39751980709611	0.0
290.0	29.961898164184277	16.22791825424316	21.3197090405265	32.49047454104607	0.0
291.0	30.073221757322177	16.928172942817294	21.75732217573222	31.241283124128312	0.0
292.0	28.168273444347065	18.94829097283085	22.92725679228747	29.956178790534622	0.0
293.0	28.596583905617184	18.3130832893115	20.760697305863708	32.32963549920761	0.0
294.0	30.956614509246087	18.58108108108108	19.221194879089616	31.241109530583216	0.0
295.0	31.489437880415323	17.830290010741138	21.607590404582886	29.07268170426065	0.0
296.0	29.749684855033316	18.080316945795065	22.060147667927247	30.10985053124437	0.0
297.0	29.425663395129042	18.229734641948383	21.792075608869503	30.55252635405307	0.0
298.0	26.59870250231696	20.778498609823913	23.262279888785915	29.360518999073214	0.0
299.0	29.361448179828926	17.76407400039785	21.344738412572113	31.529739407201113	0.0
300.0	34.51638065522621	7.956318252730108	21.29485179407176	36.23244929797192	0.0
