#Read position (bp)	Clipping profile
0.0	11.379999570160546
1.0	9.658492553031444
2.0	8.235723957102023
3.0	7.034322680478841
4.0	5.332158438823099
5.0	4.526209460766404
6.0	3.2366910958756905
7.0	1.4012766231812417
8.0	1.0445098755614777
9.0	0.743622257086978
10.0	0.47067420318511033
11.0	0.2987384211996819
12.0	0.14614541468761416
13.0	0.0
14.0	0.0
15.0	0.0
16.0	0.0
17.0	0.0
18.0	0.0
19.0	0.0
20.0	0.0
21.0	0.0
22.0	0.0
23.0	0.0
24.0	0.0
25.0	0.0
26.0	0.0
27.0	0.0
28.0	0.0
29.0	0.012895183648907132
30.0	0.06232672096971781
31.0	0.08596789099271422
32.0	0.12465344193943562
33.0	0.1547422037868856
34.0	0.178383373809882
35.0	0.09241548281716779
36.0	0.10101227191643922
37.0	0.12680263921425347
38.0	0.11390745556534634
39.0	0.10745986374089277
40.0	0.09241548281716779
41.0	0.0773711018934428
42.0	0.0580283264200821
43.0	0.05587912914526424
44.0	0.05587912914526424
45.0	0.05158073459562853
46.0	0.049431537320810674
47.0	0.05587912914526424
48.0	0.06662511551935352
49.0	0.07307270734380708
50.0	0.08381869371789637
51.0	0.09026628554234993
52.0	0.08166949644307851
53.0	0.06232672096971781
54.0	0.06877431279417137
55.0	0.09241548281716779
56.0	0.09241548281716779
57.0	0.12680263921425347
58.0	0.1977261492832427
59.0	0.5566420941778245
60.0	1.025167100088117
61.0	1.3754862558834275
62.0	1.6140471533882095
63.0	2.035289819252509
64.0	2.740226525392766
65.0	3.4902963743041973
66.0	3.976014958413033
67.0	4.266156590513443
68.0	5.162371854112489
69.0	5.852264179329021
70.0	6.305744804315588
71.0	5.398783554342454
