#Coverage	Number of genomic locations
0.0	334.0
1.0	408.0
2.0	267.0
3.0	252.0
4.0	184.0
5.0	189.0
6.0	194.0
7.0	194.0
8.0	248.0
9.0	171.0
10.0	227.0
11.0	198.0
12.0	210.0
13.0	163.0
14.0	195.0
15.0	118.0
16.0	117.0
17.0	156.0
18.0	98.0
19.0	107.0
20.0	59.0
21.0	91.0
22.0	71.0
23.0	98.0
24.0	75.0
25.0	50.0
26.0	50.0
27.0	64.0
28.0	119.0
29.0	75.0
30.0	98.0
31.0	111.0
32.0	111.0
33.0	88.0
34.0	98.0
35.0	93.0
36.0	89.0
37.0	81.0
38.0	109.0
39.0	74.0
40.0	72.0
41.0	80.0
42.0	57.0
43.0	78.0
44.0	59.0
45.0	25.0
46.0	42.0
47.0	33.0
48.0	35.0
49.0	39.0
50.0	42.0
51.0	62.0
52.0	39.0
53.0	53.0
54.0	51.0
55.0	55.0
56.0	57.0
57.0	59.0
58.0	48.0
59.0	35.0
60.0	36.0
61.0	44.0
62.0	44.0
63.0	48.0
64.0	43.0
65.0	43.0
66.0	47.0
67.0	37.0
68.0	51.0
69.0	70.0
70.0	75.0
71.0	83.0
72.0	48.0
73.0	51.0
74.0	47.0
75.0	37.0
76.0	44.0
77.0	41.0
78.0	49.0
79.0	36.0
80.0	36.0
81.0	52.0
82.0	42.0
83.0	67.0
84.0	50.0
85.0	44.0
86.0	53.0
87.0	45.0
88.0	62.0
89.0	63.0
90.0	60.0
91.0	39.0
92.0	53.0
93.0	46.0
94.0	54.0
95.0	73.0
96.0	66.0
97.0	74.0
98.0	49.0
99.0	53.0
100.0	56.0
101.0	42.0
102.0	57.0
103.0	67.0
104.0	62.0
105.0	44.0
106.0	56.0
107.0	84.0
108.0	48.0
109.0	81.0
110.0	95.0
111.0	72.0
112.0	55.0
113.0	60.0
114.0	60.0
115.0	67.0
116.0	53.0
117.0	71.0
118.0	51.0
119.0	74.0
120.0	65.0
121.0	71.0
122.0	86.0
123.0	60.0
124.0	65.0
125.0	71.0
126.0	83.0
127.0	60.0
128.0	60.0
129.0	63.0
130.0	67.0
131.0	76.0
132.0	65.0
133.0	38.0
134.0	50.0
135.0	62.0
136.0	47.0
137.0	37.0
138.0	56.0
139.0	69.0
140.0	41.0
141.0	54.0
142.0	57.0
143.0	41.0
144.0	51.0
145.0	39.0
146.0	48.0
147.0	38.0
148.0	41.0
149.0	56.0
150.0	51.0
151.0	48.0
152.0	52.0
153.0	52.0
154.0	42.0
155.0	52.0
156.0	55.0
157.0	44.0
158.0	57.0
159.0	54.0
160.0	62.0
161.0	60.0
162.0	64.0
163.0	63.0
164.0	50.0
165.0	57.0
166.0	42.0
167.0	45.0
168.0	60.0
169.0	40.0
170.0	45.0
171.0	42.0
172.0	44.0
173.0	47.0
174.0	42.0
175.0	36.0
176.0	39.0
177.0	47.0
178.0	43.0
179.0	42.0
180.0	40.0
181.0	31.0
182.0	37.0
183.0	50.0
184.0	47.0
185.0	39.0
186.0	52.0
187.0	40.0
188.0	32.0
189.0	46.0
190.0	47.0
191.0	40.0
192.0	39.0
193.0	35.0
194.0	34.0
195.0	30.0
196.0	28.0
197.0	35.0
198.0	23.0
199.0	18.0
200.0	21.0
201.0	23.0
202.0	21.0
203.0	19.0
204.0	29.0
205.0	40.0
206.0	35.0
207.0	27.0
208.0	26.0
209.0	25.0
210.0	21.0
211.0	35.0
212.0	26.0
213.0	28.0
214.0	28.0
215.0	25.0
216.0	25.0
217.0	15.0
218.0	22.0
219.0	25.0
220.0	21.0
221.0	10.0
222.0	20.0
223.0	28.0
224.0	34.0
225.0	32.0
226.0	20.0
227.0	13.0
228.0	24.0
229.0	18.0
230.0	19.0
231.0	25.0
232.0	19.0
233.0	27.0
234.0	13.0
235.0	16.0
236.0	17.0
237.0	22.0
238.0	28.0
239.0	23.0
240.0	21.0
241.0	19.0
242.0	31.0
243.0	18.0
244.0	31.0
245.0	27.0
246.0	23.0
247.0	29.0
248.0	37.0
249.0	25.0
250.0	22.0
251.0	25.0
252.0	32.0
253.0	29.0
254.0	27.0
255.0	33.0
256.0	28.0
257.0	42.0
258.0	29.0
259.0	40.0
260.0	52.0
261.0	35.0
262.0	27.0
263.0	31.0
264.0	28.0
265.0	37.0
266.0	29.0
267.0	34.0
268.0	30.0
269.0	38.0
270.0	23.0
271.0	27.0
272.0	22.0
273.0	38.0
274.0	47.0
275.0	32.0
276.0	48.0
277.0	25.0
278.0	34.0
279.0	32.0
280.0	38.0
281.0	26.0
282.0	24.0
283.0	18.0
284.0	19.0
285.0	27.0
286.0	20.0
287.0	24.0
288.0	15.0
289.0	28.0
290.0	23.0
291.0	33.0
292.0	23.0
293.0	25.0
294.0	18.0
295.0	18.0
296.0	16.0
297.0	35.0
298.0	28.0
299.0	25.0
300.0	25.0
301.0	11.0
302.0	24.0
303.0	27.0
304.0	22.0
305.0	28.0
306.0	23.0
307.0	21.0
308.0	18.0
309.0	24.0
310.0	18.0
311.0	20.0
312.0	22.0
313.0	22.0
314.0	21.0
315.0	19.0
316.0	27.0
317.0	26.0
318.0	32.0
319.0	30.0
320.0	30.0
321.0	31.0
322.0	33.0
323.0	31.0
324.0	36.0
325.0	36.0
326.0	42.0
327.0	27.0
328.0	37.0
329.0	30.0
330.0	44.0
331.0	43.0
332.0	35.0
333.0	21.0
334.0	30.0
335.0	23.0
336.0	23.0
337.0	27.0
338.0	22.0
339.0	32.0
340.0	23.0
341.0	26.0
342.0	26.0
343.0	26.0
344.0	30.0
345.0	34.0
346.0	31.0
347.0	32.0
348.0	31.0
349.0	34.0
350.0	32.0
351.0	28.0
352.0	25.0
353.0	19.0
354.0	34.0
355.0	22.0
356.0	30.0
357.0	24.0
358.0	25.0
359.0	37.0
360.0	23.0
361.0	28.0
362.0	18.0
363.0	29.0
364.0	28.0
365.0	30.0
366.0	38.0
367.0	23.0
368.0	34.0
369.0	31.0
370.0	36.0
371.0	45.0
372.0	32.0
373.0	19.0
374.0	32.0
375.0	21.0
376.0	28.0
377.0	11.0
378.0	18.0
379.0	19.0
380.0	24.0
381.0	20.0
382.0	26.0
383.0	23.0
384.0	23.0
385.0	17.0
386.0	33.0
387.0	31.0
388.0	20.0
389.0	18.0
390.0	23.0
391.0	18.0
392.0	29.0
393.0	22.0
394.0	28.0
395.0	21.0
396.0	20.0
397.0	18.0
398.0	23.0
399.0	32.0
400.0	27.0
401.0	28.0
402.0	18.0
403.0	26.0
404.0	15.0
405.0	25.0
406.0	18.0
407.0	19.0
408.0	21.0
409.0	20.0
410.0	23.0
411.0	26.0
412.0	25.0
413.0	15.0
414.0	18.0
415.0	15.0
416.0	23.0
417.0	21.0
418.0	24.0
419.0	24.0
420.0	27.0
421.0	14.0
422.0	26.0
423.0	21.0
424.0	24.0
425.0	24.0
426.0	23.0
427.0	22.0
428.0	19.0
429.0	18.0
430.0	16.0
431.0	23.0
432.0	17.0
433.0	21.0
434.0	13.0
435.0	18.0
436.0	20.0
437.0	19.0
438.0	22.0
439.0	22.0
440.0	26.0
441.0	15.0
442.0	19.0
443.0	23.0
444.0	21.0
445.0	20.0
446.0	25.0
447.0	21.0
448.0	19.0
449.0	18.0
450.0	14.0
451.0	15.0
452.0	18.0
453.0	22.0
454.0	20.0
455.0	21.0
456.0	22.0
457.0	12.0
458.0	11.0
459.0	19.0
460.0	9.0
461.0	20.0
462.0	9.0
463.0	18.0
464.0	18.0
465.0	18.0
466.0	23.0
467.0	18.0
468.0	19.0
469.0	13.0
470.0	14.0
471.0	14.0
472.0	29.0
473.0	18.0
474.0	20.0
475.0	18.0
476.0	27.0
477.0	19.0
478.0	21.0
479.0	25.0
480.0	21.0
481.0	18.0
482.0	29.0
483.0	25.0
484.0	35.0
485.0	24.0
486.0	16.0
487.0	26.0
488.0	19.0
489.0	24.0
490.0	28.0
491.0	19.0
492.0	17.0
493.0	18.0
494.0	20.0
495.0	15.0
496.0	21.0
497.0	30.0
498.0	21.0
499.0	15.0
500.0	26.0
501.0	16.0
502.0	16.0
503.0	19.0
504.0	18.0
505.0	17.0
506.0	15.0
507.0	10.0
508.0	17.0
509.0	19.0
510.0	18.0
511.0	19.0
512.0	16.0
513.0	15.0
514.0	18.0
515.0	14.0
516.0	22.0
517.0	9.0
518.0	19.0
519.0	17.0
520.0	16.0
521.0	12.0
522.0	21.0
523.0	21.0
524.0	15.0
525.0	17.0
526.0	28.0
527.0	22.0
528.0	10.0
529.0	20.0
530.0	19.0
531.0	26.0
532.0	22.0
533.0	13.0
534.0	39.0
535.0	32.0
536.0	29.0
537.0	17.0
538.0	16.0
539.0	20.0
540.0	19.0
541.0	20.0
542.0	20.0
543.0	12.0
544.0	20.0
545.0	16.0
546.0	19.0
547.0	18.0
548.0	26.0
549.0	22.0
550.0	15.0
551.0	12.0
552.0	22.0
553.0	22.0
554.0	15.0
555.0	23.0
556.0	25.0
557.0	13.0
558.0	15.0
559.0	22.0
560.0	11.0
561.0	21.0
562.0	21.0
563.0	15.0
564.0	21.0
565.0	23.0
566.0	16.0
567.0	10.0
568.0	17.0
569.0	12.0
570.0	13.0
571.0	21.0
572.0	24.0
573.0	20.0
574.0	15.0
575.0	14.0
576.0	16.0
577.0	14.0
578.0	17.0
579.0	15.0
580.0	32.0
581.0	24.0
582.0	18.0
583.0	19.0
584.0	16.0
585.0	34.0
586.0	21.0
587.0	23.0
588.0	23.0
589.0	20.0
590.0	17.0
591.0	15.0
592.0	16.0
593.0	24.0
594.0	10.0
595.0	13.0
596.0	22.0
597.0	16.0
598.0	11.0
599.0	15.0
600.0	13.0
601.0	16.0
602.0	18.0
603.0	21.0
604.0	22.0
605.0	17.0
606.0	20.0
607.0	11.0
608.0	20.0
609.0	15.0
610.0	15.0
611.0	16.0
612.0	15.0
613.0	13.0
614.0	17.0
615.0	18.0
616.0	17.0
617.0	30.0
618.0	17.0
619.0	16.0
620.0	14.0
621.0	17.0
622.0	25.0
623.0	19.0
624.0	24.0
625.0	28.0
626.0	25.0
627.0	20.0
628.0	24.0
629.0	22.0
630.0	24.0
631.0	17.0
632.0	16.0
633.0	15.0
634.0	15.0
635.0	17.0
636.0	13.0
637.0	14.0
638.0	19.0
639.0	22.0
640.0	16.0
641.0	14.0
642.0	8.0
643.0	25.0
644.0	19.0
645.0	10.0
646.0	13.0
647.0	17.0
648.0	11.0
649.0	16.0
650.0	14.0
651.0	14.0
652.0	20.0
653.0	12.0
654.0	13.0
655.0	10.0
656.0	19.0
657.0	16.0
658.0	16.0
659.0	10.0
660.0	12.0
661.0	15.0
662.0	19.0
663.0	18.0
664.0	10.0
665.0	11.0
666.0	16.0
667.0	16.0
668.0	19.0
669.0	19.0
670.0	12.0
671.0	12.0
672.0	15.0
673.0	16.0
674.0	12.0
675.0	12.0
676.0	15.0
677.0	12.0
678.0	10.0
679.0	14.0
680.0	13.0
681.0	10.0
682.0	18.0
683.0	19.0
684.0	11.0
685.0	16.0
686.0	5.0
687.0	5.0
688.0	11.0
689.0	14.0
690.0	15.0
691.0	14.0
692.0	12.0
693.0	14.0
694.0	11.0
695.0	14.0
696.0	6.0
697.0	16.0
698.0	12.0
699.0	13.0
700.0	18.0
701.0	16.0
702.0	8.0
703.0	8.0
704.0	13.0
705.0	10.0
706.0	8.0
707.0	10.0
708.0	12.0
709.0	10.0
710.0	8.0
711.0	19.0
712.0	12.0
713.0	12.0
714.0	9.0
715.0	9.0
716.0	19.0
717.0	2.0
718.0	18.0
719.0	11.0
720.0	17.0
721.0	8.0
722.0	16.0
723.0	12.0
724.0	8.0
725.0	11.0
726.0	5.0
727.0	9.0
728.0	12.0
729.0	10.0
730.0	7.0
731.0	15.0
732.0	14.0
733.0	10.0
734.0	9.0
735.0	8.0
736.0	15.0
737.0	12.0
738.0	11.0
739.0	11.0
740.0	13.0
741.0	7.0
742.0	7.0
743.0	15.0
744.0	11.0
745.0	7.0
746.0	14.0
747.0	12.0
748.0	9.0
749.0	11.0
750.0	6.0
751.0	9.0
752.0	7.0
753.0	6.0
754.0	5.0
755.0	7.0
756.0	4.0
757.0	14.0
758.0	14.0
759.0	11.0
760.0	4.0
761.0	3.0
762.0	8.0
763.0	6.0
764.0	8.0
765.0	13.0
766.0	11.0
767.0	10.0
768.0	8.0
769.0	11.0
770.0	14.0
771.0	11.0
772.0	6.0
773.0	12.0
774.0	11.0
775.0	8.0
776.0	8.0
777.0	13.0
778.0	4.0
779.0	12.0
780.0	7.0
781.0	3.0
782.0	11.0
783.0	12.0
784.0	8.0
785.0	11.0
786.0	4.0
787.0	2.0
788.0	11.0
789.0	5.0
790.0	12.0
791.0	8.0
792.0	10.0
793.0	5.0
794.0	8.0
795.0	8.0
796.0	12.0
797.0	7.0
798.0	4.0
799.0	4.0
800.0	5.0
801.0	8.0
802.0	8.0
803.0	12.0
804.0	6.0
805.0	9.0
806.0	7.0
807.0	7.0
808.0	8.0
809.0	4.0
810.0	8.0
811.0	10.0
812.0	3.0
813.0	5.0
815.0	6.0
816.0	10.0
817.0	5.0
818.0	8.0
819.0	10.0
820.0	4.0
821.0	3.0
822.0	6.0
823.0	6.0
824.0	3.0
825.0	8.0
826.0	9.0
827.0	7.0
828.0	4.0
829.0	1.0
830.0	5.0
831.0	9.0
832.0	5.0
833.0	7.0
834.0	11.0
835.0	6.0
836.0	10.0
837.0	3.0
838.0	4.0
839.0	6.0
840.0	6.0
841.0	2.0
842.0	5.0
843.0	5.0
844.0	8.0
845.0	1.0
846.0	5.0
847.0	4.0
848.0	3.0
849.0	4.0
850.0	6.0
851.0	10.0
852.0	12.0
853.0	4.0
854.0	11.0
855.0	2.0
856.0	4.0
857.0	5.0
858.0	4.0
859.0	4.0
860.0	10.0
861.0	10.0
862.0	4.0
863.0	8.0
864.0	6.0
865.0	7.0
866.0	5.0
867.0	10.0
868.0	10.0
869.0	7.0
870.0	4.0
871.0	3.0
872.0	7.0
873.0	8.0
874.0	7.0
875.0	11.0
876.0	8.0
877.0	4.0
878.0	3.0
879.0	4.0
880.0	6.0
881.0	13.0
882.0	6.0
883.0	7.0
884.0	5.0
885.0	3.0
886.0	7.0
887.0	8.0
888.0	6.0
889.0	8.0
890.0	5.0
891.0	4.0
892.0	5.0
893.0	8.0
894.0	13.0
895.0	11.0
896.0	13.0
897.0	4.0
898.0	5.0
899.0	6.0
900.0	7.0
901.0	8.0
902.0	11.0
903.0	10.0
904.0	9.0
905.0	6.0
906.0	9.0
907.0	6.0
908.0	2.0
909.0	6.0
910.0	6.0
911.0	12.0
912.0	6.0
913.0	3.0
914.0	5.0
915.0	7.0
916.0	13.0
917.0	12.0
918.0	5.0
919.0	6.0
920.0	7.0
921.0	2.0
922.0	7.0
923.0	8.0
924.0	7.0
925.0	12.0
926.0	10.0
927.0	4.0
928.0	7.0
929.0	4.0
930.0	10.0
931.0	7.0
932.0	4.0
933.0	5.0
934.0	9.0
935.0	8.0
936.0	4.0
937.0	7.0
938.0	8.0
939.0	10.0
940.0	4.0
941.0	6.0
942.0	8.0
943.0	11.0
944.0	13.0
945.0	8.0
946.0	10.0
947.0	12.0
948.0	9.0
949.0	7.0
950.0	12.0
951.0	8.0
952.0	10.0
953.0	4.0
954.0	5.0
955.0	5.0
956.0	6.0
957.0	13.0
958.0	5.0
959.0	7.0
960.0	9.0
961.0	11.0
962.0	9.0
963.0	3.0
964.0	8.0
965.0	8.0
966.0	2.0
967.0	6.0
968.0	11.0
969.0	7.0
970.0	6.0
971.0	7.0
972.0	2.0
973.0	9.0
974.0	9.0
975.0	5.0
976.0	7.0
977.0	5.0
978.0	4.0
979.0	3.0
980.0	5.0
981.0	7.0
982.0	7.0
983.0	5.0
984.0	4.0
985.0	1.0
986.0	10.0
987.0	6.0
988.0	5.0
989.0	6.0
990.0	7.0
991.0	7.0
992.0	4.0
993.0	6.0
994.0	5.0
995.0	12.0
996.0	8.0
997.0	2.0
998.0	5.0
999.0	5.0
1000.0	7.0
1001.0	4.0
1002.0	7.0
1003.0	7.0
1004.0	1.0
1005.0	1.0
1006.0	8.0
1007.0	4.0
1008.0	1.0
1009.0	7.0
1010.0	6.0
1011.0	10.0
1012.0	7.0
1013.0	3.0
1014.0	4.0
1015.0	4.0
1016.0	6.0
1017.0	4.0
1018.0	7.0
1019.0	6.0
1020.0	3.0
1021.0	4.0
1022.0	8.0
1023.0	3.0
1024.0	12.0
1025.0	2.0
1026.0	2.0
1027.0	5.0
1028.0	5.0
1029.0	4.0
1030.0	5.0
1031.0	3.0
1032.0	2.0
1033.0	1.0
1034.0	8.0
1035.0	3.0
1036.0	3.0
1037.0	1.0
1038.0	5.0
1039.0	3.0
1040.0	3.0
1041.0	2.0
1042.0	5.0
1043.0	2.0
1044.0	5.0
1045.0	9.0
1046.0	5.0
1047.0	9.0
1048.0	6.0
1049.0	5.0
1050.0	3.0
1051.0	4.0
1052.0	6.0
1053.0	7.0
1054.0	6.0
1055.0	4.0
1056.0	4.0
1057.0	8.0
1058.0	9.0
1059.0	3.0
1060.0	7.0
1061.0	4.0
1062.0	5.0
1063.0	9.0
1064.0	3.0
1065.0	10.0
1066.0	7.0
1067.0	9.0
1068.0	1.0
1069.0	5.0
1070.0	3.0
1071.0	4.0
1072.0	7.0
1073.0	5.0
1074.0	2.0
1075.0	6.0
1076.0	6.0
1077.0	8.0
1078.0	6.0
1079.0	11.0
1080.0	6.0
1081.0	9.0
1082.0	5.0
1083.0	4.0
1084.0	3.0
1085.0	1.0
1086.0	9.0
1087.0	3.0
1088.0	5.0
1089.0	9.0
1090.0	1.0
1091.0	7.0
1092.0	3.0
1093.0	4.0
1094.0	4.0
1095.0	4.0
1096.0	4.0
1097.0	2.0
1099.0	2.0
1100.0	1.0
1101.0	2.0
1102.0	2.0
1103.0	4.0
1104.0	2.0
1105.0	6.0
1106.0	2.0
1107.0	4.0
1108.0	3.0
1109.0	1.0
1110.0	2.0
1111.0	3.0
1112.0	6.0
1113.0	8.0
1114.0	6.0
1115.0	3.0
1116.0	4.0
1117.0	6.0
1118.0	3.0
1119.0	1.0
1120.0	5.0
1121.0	6.0
1122.0	2.0
1123.0	4.0
1124.0	2.0
1125.0	4.0
1126.0	3.0
1127.0	6.0
1128.0	4.0
1129.0	4.0
1130.0	2.0
1131.0	4.0
1132.0	3.0
1133.0	3.0
1134.0	2.0
1135.0	8.0
1136.0	2.0
1137.0	6.0
1138.0	4.0
1139.0	3.0
1140.0	3.0
1141.0	8.0
1142.0	4.0
1143.0	6.0
1144.0	1.0
1145.0	5.0
1146.0	8.0
1147.0	1.0
1148.0	5.0
1149.0	3.0
1150.0	7.0
1151.0	4.0
1152.0	5.0
1153.0	5.0
1154.0	5.0
1155.0	5.0
1156.0	8.0
1157.0	7.0
1158.0	4.0
1159.0	5.0
1160.0	3.0
1161.0	7.0
1162.0	5.0
1163.0	3.0
1164.0	5.0
1165.0	4.0
1166.0	5.0
1167.0	3.0
1168.0	3.0
1169.0	3.0
1170.0	5.0
1171.0	7.0
1172.0	5.0
1173.0	6.0
1174.0	6.0
1175.0	4.0
1176.0	6.0
1177.0	2.0
1178.0	3.0
1179.0	3.0
1180.0	6.0
1181.0	3.0
1182.0	4.0
1183.0	7.0
1184.0	6.0
1185.0	4.0
1186.0	7.0
1187.0	5.0
1188.0	4.0
1189.0	3.0
1190.0	7.0
1191.0	3.0
1192.0	4.0
1193.0	5.0
1194.0	6.0
1195.0	4.0
1196.0	6.0
1197.0	1.0
1198.0	3.0
1199.0	4.0
1200.0	6.0
1201.0	1.0
1202.0	4.0
1203.0	6.0
1204.0	5.0
1205.0	5.0
1206.0	2.0
1207.0	1.0
1208.0	5.0
1209.0	6.0
1210.0	4.0
1211.0	9.0
1212.0	3.0
1213.0	1.0
1214.0	2.0
1215.0	2.0
1216.0	5.0
1217.0	3.0
1218.0	5.0
1219.0	4.0
1220.0	3.0
1221.0	2.0
1223.0	4.0
1224.0	5.0
1225.0	7.0
1226.0	7.0
1227.0	3.0
1228.0	1.0
1229.0	10.0
1230.0	6.0
1231.0	5.0
1232.0	3.0
1233.0	7.0
1234.0	3.0
1235.0	1.0
1236.0	6.0
1237.0	4.0
1238.0	6.0
1239.0	7.0
1240.0	4.0
1241.0	4.0
1242.0	3.0
1243.0	2.0
1244.0	2.0
1245.0	2.0
1246.0	1.0
1247.0	2.0
1248.0	1.0
1249.0	2.0
1250.0	4.0
1251.0	4.0
1252.0	2.0
1253.0	3.0
1254.0	2.0
1255.0	1.0
1256.0	4.0
1257.0	1.0
1258.0	2.0
1259.0	3.0
1260.0	7.0
1261.0	5.0
1262.0	5.0
1263.0	5.0
1264.0	4.0
1265.0	3.0
1266.0	5.0
1267.0	2.0
1268.0	1.0
1269.0	3.0
1270.0	5.0
1271.0	5.0
1272.0	1.0
1273.0	2.0
1274.0	4.0
1275.0	5.0
1276.0	2.0
1277.0	4.0
1278.0	4.0
1279.0	6.0
1280.0	2.0
1281.0	5.0
1282.0	4.0
1283.0	3.0
1284.0	2.0
1285.0	2.0
1286.0	4.0
1287.0	4.0
1288.0	2.0
1289.0	1.0
1290.0	6.0
1291.0	3.0
1292.0	3.0
1293.0	2.0
1294.0	3.0
1295.0	4.0
1296.0	2.0
1297.0	7.0
1298.0	7.0
1299.0	8.0
1300.0	5.0
1301.0	5.0
1302.0	9.0
1303.0	3.0
1304.0	5.0
1305.0	5.0
1306.0	7.0
1307.0	3.0
1308.0	2.0
1309.0	8.0
1310.0	4.0
1311.0	6.0
1312.0	6.0
1313.0	4.0
1314.0	6.0
1315.0	3.0
1316.0	10.0
1317.0	6.0
1318.0	4.0
1319.0	3.0
1320.0	4.0
1321.0	1.0
1322.0	3.0
1323.0	4.0
1324.0	3.0
1325.0	3.0
1326.0	7.0
1327.0	4.0
1328.0	5.0
1329.0	3.0
1330.0	3.0
1331.0	3.0
1332.0	2.0
1333.0	5.0
1334.0	7.0
1335.0	1.0
1336.0	6.0
1337.0	6.0
1338.0	8.0
1339.0	3.0
1340.0	3.0
1341.0	4.0
1342.0	7.0
1343.0	5.0
1344.0	3.0
1345.0	6.0
1346.0	7.0
1347.0	2.0
1348.0	6.0
1349.0	5.0
1350.0	1.0
1351.0	4.0
1352.0	7.0
1353.0	2.0
1354.0	3.0
1355.0	7.0
1356.0	1.0
1357.0	7.0
1358.0	3.0
1359.0	3.0
1360.0	5.0
1361.0	2.0
1362.0	5.0
1363.0	5.0
1364.0	7.0
1365.0	4.0
1366.0	9.0
1367.0	11.0
1368.0	8.0
1369.0	3.0
1370.0	3.0
1371.0	2.0
1372.0	4.0
1374.0	2.0
1375.0	12.0
1376.0	6.0
1377.0	3.0
1379.0	1.0
1380.0	1.0
1381.0	6.0
1383.0	4.0
1384.0	4.0
1385.0	1.0
1386.0	3.0
1387.0	5.0
1388.0	3.0
1389.0	3.0
1390.0	7.0
1391.0	4.0
1392.0	6.0
1393.0	6.0
1394.0	3.0
1395.0	5.0
1396.0	4.0
1397.0	1.0
1398.0	3.0
1399.0	5.0
1400.0	3.0
1401.0	5.0
1402.0	5.0
1403.0	1.0
1404.0	1.0
1405.0	3.0
1406.0	3.0
1407.0	5.0
1408.0	3.0
1409.0	5.0
1410.0	4.0
1411.0	3.0
1412.0	4.0
1413.0	2.0
1414.0	2.0
1415.0	2.0
1416.0	10.0
1417.0	4.0
1418.0	8.0
1419.0	11.0
1420.0	4.0
1421.0	2.0
1422.0	2.0
1423.0	3.0
1424.0	1.0
1425.0	3.0
1426.0	3.0
1427.0	3.0
1428.0	3.0
1429.0	7.0
1430.0	3.0
1431.0	2.0
1432.0	3.0
1433.0	5.0
1434.0	3.0
1435.0	4.0
1436.0	3.0
1437.0	2.0
1438.0	3.0
1439.0	2.0
1440.0	7.0
1441.0	3.0
1442.0	8.0
1443.0	4.0
1444.0	7.0
1445.0	5.0
1446.0	6.0
1447.0	5.0
1448.0	6.0
1449.0	5.0
1450.0	4.0
1451.0	5.0
1452.0	7.0
1453.0	2.0
1454.0	4.0
1455.0	5.0
1456.0	3.0
1457.0	4.0
1458.0	1.0
1459.0	4.0
1461.0	3.0
1462.0	1.0
1463.0	1.0
1464.0	2.0
1465.0	5.0
1466.0	3.0
1467.0	1.0
1468.0	2.0
1469.0	2.0
1470.0	2.0
1471.0	3.0
1472.0	2.0
1473.0	2.0
1474.0	3.0
1476.0	1.0
1477.0	2.0
1478.0	3.0
1479.0	2.0
1480.0	1.0
1481.0	1.0
1483.0	3.0
1484.0	3.0
1485.0	3.0
1486.0	6.0
1487.0	4.0
1488.0	3.0
1489.0	3.0
1490.0	4.0
1491.0	3.0
1492.0	5.0
1493.0	2.0
1494.0	4.0
1495.0	2.0
1496.0	4.0
1497.0	6.0
1498.0	1.0
1499.0	2.0
1501.0	1.0
1502.0	4.0
1503.0	2.0
1504.0	3.0
1505.0	4.0
1506.0	3.0
1507.0	2.0
1508.0	4.0
1509.0	3.0
1510.0	5.0
1511.0	5.0
1512.0	5.0
1513.0	4.0
1514.0	3.0
1515.0	4.0
1516.0	1.0
1517.0	2.0
1518.0	3.0
1519.0	4.0
1520.0	1.0
1521.0	4.0
1524.0	2.0
1525.0	3.0
1526.0	3.0
1527.0	4.0
1528.0	1.0
1529.0	2.0
1531.0	4.0
1532.0	1.0
1533.0	1.0
1534.0	2.0
1535.0	1.0
1536.0	2.0
1537.0	2.0
1539.0	2.0
1540.0	4.0
1541.0	2.0
1542.0	1.0
1543.0	1.0
1544.0	3.0
1545.0	4.0
1546.0	2.0
1548.0	4.0
1549.0	1.0
1550.0	3.0
1551.0	4.0
1552.0	2.0
1553.0	4.0
1554.0	1.0
1555.0	5.0
1557.0	2.0
1558.0	2.0
1559.0	1.0
1560.0	4.0
1561.0	2.0
1562.0	4.0
1563.0	3.0
1564.0	5.0
1565.0	1.0
1567.0	2.0
1568.0	3.0
1569.0	2.0
1570.0	2.0
1571.0	1.0
1572.0	5.0
1573.0	3.0
1574.0	2.0
1575.0	1.0
1576.0	5.0
1578.0	3.0
1579.0	4.0
1581.0	3.0
1582.0	2.0
1584.0	3.0
1585.0	3.0
1586.0	4.0
1587.0	5.0
1588.0	1.0
1590.0	1.0
1591.0	2.0
1592.0	3.0
1593.0	2.0
1594.0	3.0
1595.0	5.0
1596.0	2.0
1597.0	2.0
1598.0	1.0
1599.0	4.0
1600.0	5.0
1601.0	1.0
1602.0	1.0
1603.0	2.0
1604.0	1.0
1605.0	2.0
1607.0	5.0
1608.0	3.0
1609.0	3.0
1610.0	3.0
1612.0	1.0
1613.0	3.0
1614.0	3.0
1615.0	2.0
1616.0	3.0
1617.0	1.0
1618.0	3.0
1620.0	1.0
1621.0	2.0
1623.0	1.0
1624.0	1.0
1625.0	1.0
1627.0	2.0
1628.0	2.0
1629.0	2.0
1630.0	3.0
1631.0	2.0
1635.0	1.0
1636.0	1.0
1638.0	3.0
1639.0	3.0
1641.0	2.0
1642.0	3.0
1643.0	3.0
1644.0	1.0
1645.0	4.0
1646.0	5.0
1648.0	3.0
1649.0	2.0
1651.0	2.0
1652.0	2.0
1653.0	4.0
1654.0	4.0
1655.0	1.0
1656.0	1.0
1658.0	5.0
1660.0	2.0
1661.0	1.0
1663.0	2.0
1664.0	2.0
1665.0	1.0
1666.0	4.0
1668.0	3.0
1669.0	1.0
1670.0	1.0
1671.0	2.0
1672.0	1.0
1673.0	1.0
1674.0	3.0
1675.0	4.0
1677.0	1.0
1678.0	1.0
1680.0	1.0
1682.0	1.0
1684.0	1.0
1685.0	1.0
1687.0	1.0
1688.0	1.0
1689.0	4.0
1691.0	3.0
1692.0	3.0
1694.0	3.0
1695.0	3.0
1696.0	1.0
1697.0	1.0
1699.0	3.0
1701.0	5.0
1702.0	1.0
1703.0	1.0
1705.0	1.0
1708.0	2.0
1709.0	3.0
1712.0	1.0
1713.0	3.0
1714.0	1.0
1716.0	1.0
1717.0	2.0
1718.0	1.0
1719.0	2.0
1720.0	1.0
1724.0	1.0
1725.0	2.0
1726.0	3.0
1727.0	2.0
1731.0	4.0
1732.0	3.0
1736.0	1.0
1737.0	1.0
1739.0	1.0
1740.0	2.0
1741.0	3.0
1744.0	2.0
1745.0	2.0
1746.0	2.0
1747.0	2.0
1748.0	2.0
1749.0	1.0
1750.0	1.0
1751.0	1.0
1752.0	2.0
1753.0	1.0
1756.0	1.0
1758.0	3.0
1759.0	1.0
1760.0	1.0
1761.0	1.0
1763.0	1.0
1766.0	2.0
1768.0	2.0
1769.0	1.0
1770.0	1.0
1771.0	1.0
1772.0	1.0
1773.0	2.0
1774.0	1.0
1775.0	1.0
1776.0	1.0
1779.0	1.0
1780.0	2.0
1782.0	2.0
1783.0	1.0
1784.0	2.0
1786.0	1.0
1787.0	1.0
1789.0	1.0
1792.0	1.0
1795.0	1.0
1796.0	2.0
1797.0	1.0
1799.0	1.0
1806.0	3.0
1809.0	1.0
1814.0	1.0
1819.0	1.0
1823.0	1.0
1824.0	1.0
1825.0	1.0
1826.0	1.0
1832.0	1.0
1833.0	3.0
1835.0	2.0
1842.0	1.0
1843.0	1.0
1844.0	1.0
1849.0	1.0
1852.0	1.0
1853.0	1.0
1855.0	2.0
1857.0	1.0
1858.0	1.0
1867.0	1.0
1868.0	1.0
1903.0	1.0
1905.0	1.0
1907.0	1.0
1910.0	1.0
1920.0	1.0
1921.0	1.0
1924.0	1.0
1927.0	1.0
1930.0	1.0
1936.0	1.0
1945.0	1.0
1951.0	2.0
1952.0	1.0
1954.0	3.0
1956.0	1.0
1957.0	2.0
1959.0	1.0
1960.0	2.0
1961.0	4.0
1962.0	1.0
1966.0	1.0
1967.0	2.0
1968.0	1.0
1970.0	1.0
1971.0	1.0
1973.0	1.0
1976.0	1.0
1978.0	1.0
1979.0	2.0
1980.0	1.0
1985.0	1.0
1986.0	1.0
1987.0	1.0
1988.0	1.0
1989.0	1.0
1990.0	1.0
1991.0	1.0
1993.0	1.0
1994.0	1.0
1996.0	1.0
1997.0	1.0
1998.0	1.0
2000.0	1.0
2001.0	1.0
2002.0	1.0
2003.0	1.0
2004.0	1.0
2005.0	1.0
2007.0	1.0
2008.0	3.0
2009.0	1.0
2010.0	6.0
2011.0	2.0
2012.0	1.0
2013.0	2.0
2014.0	2.0
2015.0	1.0
2017.0	2.0
2019.0	4.0
2020.0	2.0
2023.0	1.0
2024.0	1.0
2028.0	1.0
2033.0	1.0
2046.0	1.0
2047.0	1.0
2051.0	1.0
2052.0	1.0
2053.0	4.0
2056.0	1.0
2057.0	1.0
2059.0	1.0
2060.0	1.0
2062.0	1.0
2063.0	1.0
2068.0	1.0
2070.0	1.0
2077.0	2.0
2078.0	1.0
2079.0	1.0
2080.0	1.0
2081.0	1.0
2083.0	1.0
2090.0	1.0
2095.0	1.0
2096.0	1.0
2099.0	1.0
2102.0	1.0
2106.0	1.0
2107.0	1.0
2110.0	1.0
2112.0	1.0
2116.0	1.0
2120.0	3.0
2121.0	2.0
2122.0	2.0
2124.0	2.0
2126.0	2.0
2127.0	1.0
2128.0	1.0
2129.0	1.0
2131.0	1.0
2134.0	1.0
2136.0	1.0
2137.0	1.0
2138.0	1.0
2141.0	1.0
2143.0	1.0
2153.0	1.0
2156.0	1.0
2157.0	1.0
2160.0	1.0
2161.0	1.0
2165.0	1.0
2167.0	1.0
2169.0	1.0
2170.0	4.0
2172.0	1.0
2173.0	1.0
2174.0	2.0
2177.0	1.0
2178.0	1.0
2180.0	1.0
2183.0	1.0
2185.0	2.0
2188.0	1.0
2190.0	1.0
2191.0	2.0
2192.0	1.0
2197.0	1.0
2203.0	1.0
2205.0	2.0
2216.0	1.0
2223.0	1.0
2224.0	3.0
2228.0	1.0
2233.0	2.0
2234.0	2.0
2237.0	1.0
2241.0	1.0
2255.0	1.0
2256.0	1.0
2258.0	1.0
2263.0	1.0
2294.0	1.0
2317.0	1.0
2356.0	1.0
