#Position (bp)	mapping quality
38.0	58.04417756808921
113.0	56.60298254969384
188.0	56.629311918233256
263.0	55.99192129780442
338.0	57.627901605266196
413.0	58.186060190177436
488.0	58.0545050407155
563.0	57.950221570652715
638.0	57.83733761289491
713.0	58.52225020990764
788.0	58.43050242285131
863.0	58.33552430174137
938.0	58.658361284139914
1013.0	58.68807003715798
1088.0	58.50571442120738
1163.0	58.58007085384892
1238.0	58.40136514158275
1313.0	57.53635652853792
1388.0	55.02954849893625
1463.0	55.28490170641653
1538.0	55.424159546917735
1613.0	56.96984272040787
1688.0	56.55668866226755
1763.0	55.99635647255704
1838.0	56.341435095595635
1913.0	58.59763826806325
1988.0	58.776492197049556
2063.0	58.84035590852269
2138.0	58.72114826855886
2213.0	58.13207211832777
2288.0	55.65700808625337
2363.0	55.7483226794865
2438.0	56.538093164997825
2513.0	57.72617743702081
2588.0	58.889896354987656
2663.0	58.893820891096446
2738.0	58.637953283985205
2813.0	58.59248606866799
2888.0	58.13551876906086
2963.0	57.042211887119656
3038.0	52.39880059970015
3113.0	52.72273045231974
3188.0	51.01010101010101
3263.0	48.42479410489813
3338.0	48.7792120610324
3413.0	48.70541722745626
3488.0	48.00607242256917
3563.0	42.03491872366045
3638.0	41.613367116345955
3713.0	41.858516700074325
3788.0	47.281913633851744
3863.0	48.651641076207916
3938.0	50.9388330926069
4013.0	51.16286468772868
4088.0	55.061863687782804
4163.0	51.593237462311954
4238.0	46.74038835049414
4313.0	47.75279694700595
4388.0	46.29104259668739
4463.0	39.64183636321387
4538.0	37.989280629763
4613.0	38.20063865964418
4688.0	38.80992695080064
4763.0	37.08393645035838
4838.0	38.34077834737172
4913.0	38.097992315962294
4988.0	36.49320214669052
5063.0	30.997535720994993
5138.0	30.39000956240608
5213.0	30.927033158618222
5288.0	39.85737183209831
5363.0	43.61705611891415
5438.0	44.724610460040736
5513.0	46.2394224510326
5588.0	49.711118417962325
5663.0	49.90185105911114
5738.0	50.82904757890004
5813.0	48.333661083004095
5888.0	48.56243319178266
5963.0	38.76675777691006
6038.0	32.43215839799468
6113.0	35.76710277134829
6188.0	46.26529853625008
6263.0	44.04283295662562
6338.0	41.06805022637378
6413.0	40.78091909942475
6488.0	41.158876853383326
6563.0	31.45046223358402
6638.0	29.580394671226045
6713.0	32.397061041563425
6788.0	38.37838735387885
6863.0	30.515189789270757
6938.0	21.834088692559234
7013.0	27.890030824205454
7088.0	22.47052407905376
7163.0	15.675117433454377
7238.0	14.267123366134742
7313.0	18.986206260944364
7388.0	30.19378460439364
7463.0	30.321428571428573
7538.0	30.37718740852331
7613.0	28.88400118534128
7688.0	29.841261736227686
7763.0	27.940889106008793
7838.0	26.349509308188644
7913.0	29.3585977472132
7988.0	37.93468667255075
8063.0	32.90977262564067
8138.0	33.63632813153828
8213.0	34.477469254160205
8288.0	38.763876606148884
8363.0	29.605677513577653
8438.0	26.64507968631419
8513.0	26.238798327216866
8588.0	29.238498149127444
8663.0	33.967335179472336
8738.0	33.92450072101614
8813.0	34.23195044505752
8888.0	34.136302778956995
8963.0	36.86275655369443
9038.0	33.79491523180561
9113.0	34.38484376111718
9188.0	35.77960441818649
9263.0	35.2133092984828
9338.0	34.876072903516395
9413.0	35.12777837094353
9488.0	42.54468043845228
9563.0	46.013413342746205
9638.0	42.611311619911326
9713.0	42.23342474592676
9788.0	41.92820840075666
9863.0	25.619140946814323
9938.0	19.49839096899423
10013.0	16.839034161423065
10088.0	30.248457912054143
10163.0	41.86759397673825
10238.0	41.23593862756288
10313.0	41.240981921404796
10388.0	43.47710170927393
10463.0	37.42133938706016
10538.0	33.98891097395125
10613.0	33.70099351537866
10688.0	38.60562910702186
10763.0	37.34009284839509
10838.0	35.84965615941589
10913.0	35.3999147606194
10988.0	38.31404022694356
11063.0	45.78853928258219
11138.0	45.03974658269466
11213.0	45.07014515760664
11288.0	35.033688165309954
11363.0	47.7913171269365
11438.0	41.35460067617805
11513.0	40.8481756873595
11588.0	46.44793550229087
11663.0	45.95063460230297
11738.0	39.48954841101859
11813.0	37.80304296940311
11888.0	40.10967277957569
11963.0	37.83998531056471
12038.0	36.041508752932685
12113.0	39.767941599313176
12188.0	45.914991506228766
12263.0	40.69622561678411
12338.0	41.40198476286863
12413.0	45.101443401112384
12488.0	47.0150526532466
12563.0	45.53504541069836
12638.0	43.41634812799413
12713.0	46.489687952618304
12788.0	46.44897710481819
12863.0	42.6284217641095
12938.0	42.215299608733886
13013.0	45.15455277618452
13088.0	48.42650947196844
13163.0	50.58977403819915
13238.0	50.56497537596468
13313.0	52.206195153135354
13388.0	44.641783621411335
13463.0	18.945573397754725
13538.0	16.80004784975178
13613.0	31.987926108820144
13688.0	46.361024839829405
13763.0	47.5510826120712
13838.0	47.42928643385309
13913.0	44.510631600034344
13988.0	34.97575102458424
14063.0	29.665760412579182
14138.0	32.0203717587446
14213.0	34.66107895183522
14288.0	36.64719304775622
14363.0	33.99435367611725
14438.0	33.21466357308584
14513.0	35.03837809258145
14588.0	37.220751900108574
14663.0	34.339124949825106
14738.0	34.52688393710527
14813.0	34.018976291676196
14888.0	34.18167678640864
14963.0	28.48368886519488
15038.0	27.397709416173093
15113.0	27.037373683366305
15188.0	40.403047833549785
15263.0	46.78876671401283
15338.0	47.074125430134735
15413.0	47.27297389745344
15488.0	47.98155429564365
15563.0	48.171802545466505
15638.0	47.151026276327144
15713.0	47.135745571601966
15788.0	47.26399897835684
15863.0	44.24626011035681
15938.0	35.801050123543945
16013.0	34.959966672183256
16088.0	36.08750388306656
16163.0	36.31085363812568
16238.0	25.797002034500768
16313.0	25.513994450950648
16388.0	26.919887211809588
16463.0	30.189963719375484
16538.0	24.33397590361446
16613.0	23.961753911531776
16688.0	26.21137229747576
16763.0	36.694945707366614
16838.0	44.78185288124292
16913.0	45.581735666120856
16988.0	46.225389063722076
17063.0	46.64959667672364
17138.0	45.72336788971774
17213.0	43.33820481083257
17288.0	41.691986234021634
17363.0	43.01462539528095
17438.0	39.484954899125526
17513.0	32.88758372973498
17588.0	31.401546180626664
17663.0	34.15598686036828
17738.0	33.38665586716614
17813.0	28.431270045353717
17888.0	28.239383062653257
17963.0	28.14113486806927
18038.0	37.48961098490382
18113.0	39.43940885792898
18188.0	39.22112223498394
18263.0	39.97140564984918
18338.0	37.51924257211563
18413.0	31.790818645522954
18488.0	31.254052802223253
18563.0	32.088543553484655
18638.0	41.185173334231514
18713.0	39.21266214890025
18788.0	40.822473261457844
18863.0	41.25871422388254
18938.0	40.90777663378519
19013.0	34.74388682730793
19088.0	34.73569888638537
19163.0	32.680774983640276
19238.0	32.565564825571165
19313.0	5.777746880322569
19388.0	2.269262082747391
19463.0	1.8741849344842576
19538.0	3.667396904114206
19613.0	21.789502045215176
19688.0	23.659616101379054
19763.0	25.670232527404753
19838.0	27.800282359422884
19913.0	25.561693477108008
19988.0	17.31306491372227
20063.0	18.02010588737434
20138.0	19.1113607789637
20213.0	18.57461628106565
20288.0	12.949312538477324
20363.0	13.405811826864458
20438.0	13.695243865495305
20513.0	33.58648136522545
20588.0	29.42161776188029
20663.0	30.262122687439142
20738.0	30.49952996020759
20813.0	37.753951489547674
20888.0	33.833746473081185
20963.0	31.132254273909254
21038.0	30.894358012880193
21113.0	30.265067844745978
21188.0	4.7268249780123135
21263.0	3.499305122921359
21338.0	4.281005210364016
21413.0	7.599915556493817
21488.0	10.015792095473286
21563.0	12.231564524165421
21638.0	16.999442275515896
21713.0	30.266712896029727
21788.0	19.666326485335226
21863.0	30.600547186774378
21938.0	28.113595386590525
22013.0	26.98515677355881
22088.0	34.57070127835744
22163.0	32.07502887616426
22238.0	31.882748892573435
22313.0	23.69989426127079
22388.0	0.33967480745178064
22463.0	0.5478805053725351
22538.0	14.319095958628616
22613.0	24.152262821070618
22688.0	26.276205431231443
22763.0	25.23864316288489
22838.0	28.094346264873618
22913.0	14.762817441303307
22988.0	12.586345801726393
23063.0	14.85774625438317
23138.0	23.143554290361937
23213.0	30.77088788844313
23288.0	31.885969538108384
23363.0	32.07976616894172
23438.0	34.029732626198786
23513.0	33.313993264564715
23588.0	30.747584894613585
23663.0	29.90771817423369
23738.0	31.13673986744449
23813.0	30.99480682111156
23888.0	33.735431267820125
23963.0	31.095913873256666
24038.0	34.75297197659819
24113.0	38.70143578223744
24188.0	37.04576962072462
24263.0	37.583999757510846
24338.0	34.37698499774793
24413.0	37.357011635027554
24488.0	28.738550855339177
24563.0	27.899264232435993
24638.0	28.947548899541623
24713.0	34.739754413330225
24788.0	31.556213700526943
24863.0	28.321946413655738
24938.0	28.898094797493375
25013.0	36.74696964138791
25088.0	32.17246245022107
25163.0	32.15904527657866
25238.0	31.234384622864738
25313.0	38.74871456566872
25388.0	41.9800005768272
25463.0	41.28720884918613
25538.0	41.54286703805851
25613.0	47.36569127761054
25688.0	47.33163339036067
25763.0	45.27214514407684
25838.0	46.752926196189826
25913.0	52.22341201179633
25988.0	56.32449082696788
26063.0	56.52067258373846
26138.0	55.42418561049918
26213.0	56.098544830230196
26288.0	56.398753894081
26363.0	52.67307511663588
26438.0	54.66235009803474
26513.0	57.27125474083439
26588.0	58.739180095504146
26663.0	58.69199617392463
26738.0	58.67528598493065
26813.0	58.70041738834152
26888.0	58.83595535326446
26963.0	59.474635919970446
27038.0	59.49541482960975
27113.0	59.55583215958597
27188.0	59.70749903333662
27263.0	59.97890625895624
27338.0	59.97536983728699
27413.0	59.9942535675768
27488.0	59.99824135626605
27563.0	60.0
27638.0	59.995857783914396
27713.0	59.996001599360255
27788.0	59.99167360532889
27863.0	59.997739261492086
27938.0	59.997882402767
28013.0	60.0
28088.0	59.998429504377754
28163.0	59.99741804998225
28238.0	59.9815438248714
28313.0	60.0
28388.0	59.99856742646123
28463.0	60.0
28538.0	59.999221416243856
28613.0	59.99859075535513
28688.0	59.99858278317764
28763.0	59.86393415084831
28838.0	58.56733524355301
28913.0	57.48743718592965
28988.0	59.704616588419405
29063.0	59.99764445386663
29138.0	59.99691720776093
29213.0	59.99478344032111
29288.0	59.997504765205335
29363.0	59.99775050613612
29438.0	59.99821077115763
29513.0	59.99740882295783
29588.0	59.99816681943172
29663.0	59.998749270407735
29738.0	60.0
29813.0	60.0
29877.0	60.0
