#Read position (bp)	Clipping profile
0.0	3.3555179866892075
1.0	0.22255986646408013
2.0	0.1733398959960624
3.0	0.158359904984057
4.0	0.15621990626805624
5.0	0.15621990626805624
6.0	0.15621990626805624
7.0	0.1519399088360547
8.0	0.14979991012005395
9.0	0.14765991140405316
10.0	0.14123991525605084
11.0	0.13695991782404932
12.0	0.12625992424404545
13.0	0.11983992809604316
14.0	0.11127993323204007
15.0	0.09629994222003467
16.0	0.08773994735603159
17.0	0.08345994992403005
18.0	0.0791799524920285
19.0	0.07703995377602774
20.0	0.07275995634402618
21.0	0.06847995891202466
22.0	0.06847995891202466
23.0	0.057779965332020795
24.0	0.05349996790001926
25.0	0.04921997046801772
26.0	0.04921997046801772
27.0	0.04921997046801772
28.0	0.04707997175201695
29.0	0.04707997175201695
30.0	0.9587194247683453
31.0	1.3781591731044962
32.0	0.04065997560401464
33.0	1.0785593528643884
34.0	0.9244794453123327
35.0	0.9629994222003467
36.0	1.8682188790686727
37.0	0.7168995698602582
38.0	0.6569796058122365
39.0	11.113013332192
40.0	0.014979991012005395
41.0	0.36593978043613173
42.0	0.23325986004408397
43.0	0.014979991012005395
44.0	0.2589398446360932
45.0	47.59785144128914
46.0	3.9675576194654285
47.0	15.679770592137645
48.0	0.2589398446360932
49.0	0.012839992296004622
50.0	0.012839992296004622
51.0	0.012839992296004622
52.0	0.012839992296004622
53.0	0.012839992296004622
54.0	0.012839992296004622
55.0	0.012839992296004622
56.0	0.012839992296004622
57.0	0.017119989728006164
58.0	0.017119989728006164
59.0	0.017119989728006164
60.0	0.017119989728006164
61.0	0.017119989728006164
62.0	0.017119989728006164
63.0	0.017119989728006164
64.0	0.017119989728006164
65.0	0.014979991012005395
66.0	0.847439491536305
67.0	0.010699993580003852
68.0	0.010699993580003852
69.0	0.010699993580003852
70.0	0.010699993580003852
71.0	0.010699993580003852
72.0	0.010699993580003852
73.0	0.006419996148002311
74.0	0.006419996148002311
75.0	0.006419996148002311
76.0	0.006419996148002311
77.0	0.006419996148002311
78.0	0.006419996148002311
79.0	0.006419996148002311
80.0	0.006419996148002311
81.0	0.008559994864003082
82.0	0.008559994864003082
83.0	0.008559994864003082
84.0	0.008559994864003082
85.0	0.008559994864003082
86.0	0.008559994864003082
87.0	0.008559994864003082
88.0	0.008559994864003082
89.0	0.010699993580003852
90.0	0.012839992296004622
91.0	0.014979991012005395
92.0	0.014979991012005395
93.0	0.014979991012005395
94.0	0.014979991012005395
95.0	0.017119989728006164
96.0	0.017119989728006164
97.0	0.017119989728006164
98.0	0.019259988444006934
99.0	0.021399987160007704
100.0	0.021399987160007704
101.0	0.019259988444006934
102.0	0.019259988444006934
103.0	0.014979991012005395
104.0	0.014979991012005395
105.0	0.017119989728006164
106.0	0.017119989728006164
107.0	0.021399987160007704
108.0	0.023539985876008473
109.0	0.021399987160007704
110.0	1.6713389971966017
111.0	0.014979991012005395
112.0	0.017119989728006164
113.0	0.017119989728006164
114.0	0.017119989728006164
115.0	0.017119989728006164
116.0	0.014979991012005395
117.0	0.012839992296004622
118.0	0.012839992296004622
119.0	0.012839992296004622
120.0	0.014979991012005395
121.0	0.019259988444006934
122.0	0.017119989728006164
123.0	0.014979991012005395
124.0	0.012839992296004622
125.0	0.012839992296004622
126.0	0.012839992296004622
127.0	0.014979991012005395
128.0	0.012839992296004622
129.0	0.014979991012005395
130.0	0.014979991012005395
131.0	0.014979991012005395
132.0	0.014979991012005395
133.0	0.014979991012005395
134.0	0.012839992296004622
135.0	0.010699993580003852
136.0	0.010699993580003852
137.0	0.010699993580003852
138.0	0.010699993580003852
139.0	0.012839992296004622
140.0	0.012839992296004622
141.0	0.012839992296004622
142.0	0.012839992296004622
143.0	0.012839992296004622
144.0	0.014979991012005395
145.0	0.019259988444006934
146.0	0.021399987160007704
147.0	0.019259988444006934
148.0	0.019259988444006934
149.0	0.021399987160007704
150.0	0.023539985876008473
151.0	0.021399987160007704
152.0	0.021399987160007704
153.0	0.017119989728006164
154.0	0.019259988444006934
155.0	0.021399987160007704
156.0	0.021399987160007704
157.0	0.021399987160007704
158.0	0.019259988444006934
159.0	0.019259988444006934
160.0	0.019259988444006934
161.0	0.019259988444006934
162.0	0.017119989728006164
163.0	0.017119989728006164
164.0	0.021399987160007704
165.0	0.023539985876008473
166.0	0.025679984592009243
167.0	0.025679984592009243
168.0	0.025679984592009243
169.0	0.027819983308010016
170.0	0.025679984592009243
171.0	0.025679984592009243
172.0	0.025679984592009243
173.0	0.025679984592009243
174.0	0.023539985876008473
175.0	0.023539985876008473
176.0	0.025679984592009243
177.0	0.027819983308010016
178.0	0.03423997945601233
179.0	0.03423997945601233
180.0	0.03423997945601233
181.0	0.03423997945601233
182.0	0.03423997945601233
183.0	0.03851997688801387
184.0	0.04279997432001541
185.0	0.04065997560401464
186.0	0.03851997688801387
187.0	0.03851997688801387
188.0	0.03851997688801387
189.0	0.03851997688801387
190.0	0.03637997817201309
191.0	0.03637997817201309
192.0	0.03637997817201309
193.0	0.03637997817201309
194.0	0.03423997945601233
195.0	0.03851997688801387
196.0	0.03851997688801387
197.0	0.04279997432001541
198.0	0.04921997046801772
199.0	0.05349996790001926
200.0	0.03851997688801387
201.0	0.0
202.0	0.0
203.0	0.0
204.0	0.0021399987160007706
205.0	0.0021399987160007706
206.0	0.0021399987160007706
207.0	0.0021399987160007706
208.0	0.0021399987160007706
209.0	0.0021399987160007706
210.0	0.0021399987160007706
211.0	0.0021399987160007706
212.0	0.0021399987160007706
213.0	0.0021399987160007706
214.0	0.0021399987160007706
215.0	0.0021399987160007706
216.0	0.0021399987160007706
217.0	0.0021399987160007706
218.0	0.0021399987160007706
219.0	0.0021399987160007706
220.0	0.0021399987160007706
