#Position (bp)	Coverage
38.0	1556.84
113.0	19.746666666666666
188.0	8.56
263.0	10.826666666666666
338.0	15.72
413.0	12.173333333333334
488.0	6.44
563.0	6.28
638.0	10.613333333333333
713.0	11.413333333333334
788.0	5.586666666666667
863.0	9.106666666666667
938.0	11.88
1013.0	15.373333333333333
1088.0	6.32
1163.0	10.306666666666667
1238.0	12.453333333333333
1313.0	23.8
1388.0	7.0
1463.0	7.92
1538.0	9.64
1613.0	18.946666666666665
1688.0	9.053333333333333
1763.0	10.026666666666667
1838.0	9.4
1913.0	16.986666666666668
1988.0	9.466666666666667
2063.0	10.933333333333334
2138.0	10.0
2213.0	17.226666666666667
2288.0	9.773333333333333
2363.0	7.8933333333333335
2438.0	7.64
2513.0	10.306666666666667
2588.0	8.213333333333333
2663.0	4.0
2738.0	4.76
2813.0	5.8533333333333335
2888.0	8.76
2963.0	5.8133333333333335
3038.0	6.493333333333333
3113.0	6.626666666666667
3188.0	12.773333333333333
3263.0	8.0
3338.0	10.88
3413.0	7.946666666666666
3488.0	13.173333333333334
3563.0	6.506666666666667
3638.0	6.506666666666667
3713.0	6.346666666666667
3788.0	8.866666666666667
3863.0	6.08
3938.0	3.32
4013.0	3.6666666666666665
4088.0	8.0
4163.0	5.8533333333333335
4238.0	6.2
4313.0	8.013333333333334
4388.0	9.92
4463.0	4.8
4538.0	4.906666666666666
4613.0	5.933333333333334
4688.0	7.546666666666667
4763.0	5.24
4838.0	8.506666666666666
4913.0	7.786666666666667
4988.0	13.56
5063.0	8.0
5138.0	10.893333333333333
5213.0	8.0
5288.0	12.92
5363.0	6.0
5438.0	7.16
5513.0	5.8933333333333335
5588.0	10.813333333333333
5663.0	7.306666666666667
5738.0	6.586666666666667
5813.0	5.773333333333333
5888.0	11.853333333333333
5963.0	9.2
6038.0	5.16
6113.0	5.1466666666666665
6188.0	12.773333333333333
6263.0	12.36
6338.0	10.466666666666667
6413.0	9.293333333333333
6488.0	14.226666666666667
6563.0	10.32
6638.0	7.68
6713.0	11.44
6788.0	14.0
6863.0	11.0
6938.0	6.786666666666667
7013.0	7.4
7088.0	22.653333333333332
7163.0	7.08
7238.0	8.24
7313.0	11.4
7388.0	14.106666666666667
7463.0	9.88
7538.0	11.04
7613.0	11.12
7688.0	12.48
7763.0	8.0
7838.0	8.32
7913.0	8.64
7988.0	15.293333333333333
8063.0	8.0
8138.0	10.493333333333334
8213.0	10.04
8288.0	15.773333333333333
8363.0	8.013333333333334
8438.0	6.053333333333334
8513.0	9.32
8588.0	11.986666666666666
8663.0	9.653333333333334
8738.0	4.76
8813.0	5.92
8888.0	12.893333333333333
8963.0	17.32
9038.0	9.84
9113.0	14.893333333333333
9188.0	14.226666666666667
9263.0	15.853333333333333
9338.0	9.306666666666667
9413.0	11.266666666666667
9488.0	17.69333333333333
9563.0	20.84
9638.0	10.253333333333334
9713.0	8.773333333333333
9788.0	13.146666666666667
9863.0	8.626666666666667
9938.0	4.213333333333333
10013.0	5.133333333333334
10088.0	10.346666666666666
10163.0	10.666666666666666
10238.0	8.16
10313.0	8.52
10388.0	14.146666666666667
10463.0	10.52
10538.0	8.026666666666667
10613.0	7.44
10688.0	15.2
10763.0	12.733333333333333
10838.0	7.2
10913.0	9.08
10988.0	13.293333333333333
11063.0	15.16
11138.0	7.973333333333334
11213.0	6.373333333333333
11288.0	10.026666666666667
11363.0	16.266666666666666
11438.0	8.8
11513.0	9.76
11588.0	15.933333333333334
11663.0	20.226666666666667
11738.0	6.666666666666667
11813.0	5.506666666666667
11888.0	12.56
11963.0	9.4
12038.0	6.76
12113.0	11.213333333333333
12188.0	16.52
12263.0	9.6
12338.0	5.8133333333333335
12413.0	8.146666666666667
12488.0	8.106666666666667
12563.0	5.0
12638.0	7.413333333333333
12713.0	9.226666666666667
12788.0	11.453333333333333
12863.0	9.293333333333333
12938.0	10.44
13013.0	14.88
13088.0	13.506666666666666
13163.0	8.84
13238.0	10.0
13313.0	14.053333333333333
13388.0	13.96
13463.0	8.066666666666666
13538.0	10.64
13613.0	11.186666666666667
13688.0	9.053333333333333
13763.0	5.533333333333333
13838.0	6.026666666666666
13913.0	7.56
13988.0	9.893333333333333
14063.0	7.8933333333333335
14138.0	10.6
14213.0	12.106666666666667
14288.0	12.946666666666667
14363.0	7.84
14438.0	9.853333333333333
14513.0	13.16
14588.0	33.88
14663.0	8.706666666666667
14738.0	11.186666666666667
14813.0	7.0
14888.0	13.48
14963.0	6.093333333333334
15038.0	7.44
15113.0	7.573333333333333
15188.0	17.626666666666665
15263.0	10.026666666666667
15338.0	9.106666666666667
15413.0	9.386666666666667
15488.0	11.306666666666667
15563.0	10.88
15638.0	7.28
15713.0	7.32
15788.0	7.92
15863.0	12.293333333333333
15938.0	5.92
16013.0	6.173333333333333
16088.0	6.626666666666667
16163.0	13.0
16238.0	7.72
16313.0	9.106666666666667
16388.0	7.933333333333334
16463.0	16.106666666666666
16538.0	11.986666666666666
16613.0	9.026666666666667
16688.0	8.52
16763.0	18.013333333333332
16838.0	29.04
16913.0	9.706666666666667
16988.0	8.84
17063.0	12.44
17138.0	18.706666666666667
17213.0	8.066666666666666
17288.0	11.44
17363.0	11.146666666666667
17438.0	14.08
17513.0	8.0
17588.0	11.853333333333333
17663.0	10.013333333333334
17738.0	12.906666666666666
17813.0	6.946666666666666
17888.0	7.213333333333333
17963.0	10.893333333333333
18038.0	15.906666666666666
18113.0	9.28
18188.0	15.52
18263.0	17.88
18338.0	17.08
18413.0	9.0
18488.0	8.32
18563.0	9.64
18638.0	18.24
18713.0	5.1066666666666665
18788.0	8.133333333333333
18863.0	7.293333333333333
18938.0	13.133333333333333
19013.0	7.293333333333333
19088.0	7.96
19163.0	5.826666666666667
19238.0	12.613333333333333
19313.0	9.0
19388.0	7.733333333333333
19463.0	7.026666666666666
19538.0	8.426666666666666
19613.0	7.76
19688.0	4.0
19763.0	5.573333333333333
19838.0	8.386666666666667
19913.0	14.0
19988.0	8.213333333333333
20063.0	7.026666666666666
20138.0	10.08
20213.0	25.506666666666668
20288.0	15.08
20363.0	5.36
20438.0	23.4
20513.0	18.026666666666667
20588.0	6.026666666666666
20663.0	4.44
20738.0	7.093333333333334
20813.0	16.453333333333333
20888.0	13.306666666666667
20963.0	9.36
21038.0	7.08
21113.0	11.96
21188.0	5.826666666666667
21263.0	5.133333333333334
21338.0	5.12
21413.0	10.28
21488.0	6.466666666666667
21563.0	13.066666666666666
21638.0	15.853333333333333
21713.0	25.586666666666666
21788.0	5.4
21863.0	4.52
21938.0	3.88
22013.0	7.493333333333333
22088.0	3.7066666666666666
22163.0	3.24
22238.0	5.306666666666667
22313.0	10.28
22388.0	6.0
22463.0	5.986666666666666
22538.0	11.426666666666666
22613.0	12.96
22688.0	6.466666666666667
22763.0	7.68
22838.0	21.186666666666667
22913.0	8.2
22988.0	4.013333333333334
23063.0	4.88
23138.0	11.56
23213.0	10.933333333333334
23288.0	7.2
23363.0	8.493333333333334
23438.0	10.693333333333333
23513.0	12.146666666666667
23588.0	30.266666666666666
23663.0	7.36
23738.0	5.88
23813.0	11.4
23888.0	7.0
23963.0	9.693333333333333
24038.0	7.733333333333333
24113.0	14.36
24188.0	9.68
24263.0	10.066666666666666
24338.0	7.52
24413.0	13.933333333333334
24488.0	9.813333333333333
24563.0	9.093333333333334
24638.0	8.96
24713.0	11.626666666666667
24788.0	10.133333333333333
24863.0	7.253333333333333
24938.0	7.373333333333333
25013.0	8.853333333333333
25088.0	4.506666666666667
25163.0	2.44
25238.0	2.0
25313.0	6.706666666666667
25388.0	7.68
25463.0	11.053333333333333
25538.0	9.16
25613.0	12.04
25688.0	7.1466666666666665
25763.0	4.906666666666666
25838.0	6.733333333333333
25913.0	13.933333333333334
25988.0	14.893333333333333
26063.0	9.453333333333333
26138.0	9.906666666666666
26213.0	15.893333333333333
26288.0	16.133333333333333
26363.0	6.426666666666667
26438.0	6.8133333333333335
26513.0	17.333333333333332
26588.0	22.293333333333333
26663.0	14.626666666666667
26738.0	10.933333333333334
26813.0	10.44
26888.0	15.533333333333333
26963.0	8.253333333333334
27038.0	15.546666666666667
27113.0	15.133333333333333
27188.0	21.413333333333334
27263.0	8.506666666666666
27338.0	8.786666666666667
27413.0	11.773333333333333
27488.0	19.453333333333333
27563.0	9.026666666666667
27638.0	8.48
27713.0	8.853333333333333
27788.0	16.733333333333334
27863.0	11.293333333333333
27938.0	4.133333333333334
28013.0	6.733333333333333
28088.0	10.613333333333333
28163.0	11.546666666666667
28238.0	10.506666666666666
28313.0	24.573333333333334
28388.0	28.813333333333333
28463.0	18.866666666666667
28538.0	7.773333333333333
28613.0	6.56
28688.0	12.946666666666667
28763.0	16.426666666666666
28838.0	14.813333333333333
28913.0	15.653333333333334
28988.0	17.373333333333335
29063.0	14.213333333333333
29138.0	11.533333333333333
29213.0	10.466666666666667
29288.0	11.253333333333334
29363.0	12.506666666666666
29438.0	5.0
29513.0	11.946666666666667
29588.0	12.946666666666667
29663.0	13.4
29738.0	6.653333333333333
29813.0	7.0
29877.0	2.1132075471698113
