#Read position (bp)	Clipping profile
0.0	57.3695128615505
1.0	0.027965746724796754
2.0	0.027634300837688048
3.0	0.027385716422356522
4.0	0.02692997832758206
5.0	0.026722824648139118
6.0	0.026515670968696177
7.0	0.02601850213803313
8.0	0.025852779194478773
9.0	0.02564562551503584
10.0	0.025438471835592898
11.0	0.025231318156149957
12.0	0.024817010797264078
13.0	0.024526995646043964
14.0	0.024154119023046674
15.0	0.023656950192383622
16.0	0.023408365777052093
17.0	0.02295262768227763
18.0	0.022331166643948814
19.0	0.021958290020951524
20.0	0.021378259718511296
21.0	0.02092252162373683
22.0	0.020383922057185186
23.0	0.019845322490633546
24.0	0.019306722924081907
25.0	0.019182430716416142
26.0	0.018933846301084616
27.0	0.01835381599864439
28.0	0.01789807790386992
29.0	0.017318047601429694
30.0	0.773097531681048
31.0	1.7356992493164964
32.0	1.1030933430336498
33.0	0.895815371383045
34.0	1.658969526450832
35.0	1.3271507627191323
36.0	0.26354091098730686
37.0	1.4533487842357706
38.0	2.8836620793174865
39.0	0.8987983843670232
40.0	2.1193064329089304
41.0	1.010578509794433
42.0	0.48436673327347973
43.0	2.881673403994834
44.0	2.026998753349157
45.0	0.24933016857752124
46.0	2.706628544865551
47.0	0.4635270731215201
48.0	1.0571466569332058
49.0	0.9084931765649529
50.0	0.3858858740663066
51.0	0.3553514217164174
52.0	1.6618282472271446
53.0	1.5735807797844523
54.0	0.45702244758701177
55.0	1.4925422603863747
56.0	0.43249545194096783
57.0	0.7625326940294581
58.0	0.6555585339651244
59.0	0.23810243915171397
60.0	1.8918516928805837
61.0	0.4235464129890329
62.0	1.0245406677888873
63.0	0.028048608196573926
64.0	0.5018090730825752
65.0	0.1834967292505553
66.0	0.41671034156741593
67.0	0.05597292418548209
68.0	0.35792012734150985
69.0	0.03438751078752786
70.0	0.12760666653685035
71.0	0.3466923979157025
72.0	0.07403672503290636
73.0	0.27737877677409517
74.0	0.10390828560857815
75.0	0.2634166187796411
76.0	0.18929703227495756
77.0	0.006421764062731106
78.0	0.021171106039068355
79.0	0.003314458871087022
80.0	0.003273028135198435
81.0	0.0063803333268425185
82.0	0.054274264014049986
83.0	0.0038944891735272517
84.0	0.0038944891735272517
85.0	0.004018781381193015
86.0	0.004060212117081603
87.0	0.00410164285297019
88.0	0.0043087965324131285
89.0	0.00447451947596748
90.0	0.00468167315541042
91.0	0.0048059653630761826
92.0	0.0050959805142962965
93.0	0.005385995665516411
94.0	0.0054274264014049995
95.0	0.005468857137293587
96.0	0.005841733760290877
97.0	0.006131748911510991
98.0	0.0063803333268425185
99.0	0.0066703484780626324
100.0	0.0068360714216169835
101.0	0.006960363629282747
102.0	0.007208948044614273
103.0	0.007333240252280037
104.0	0.007540393931722976
105.0	0.007540393931722976
106.0	0.007788978347054503
107.0	0.00803756276238603
108.0	0.008244716441828968
109.0	0.00820328570594038
110.0	0.008451870121271906
111.0	0.008659023800714847
112.0	0.008907608216046373
113.0	0.009031900423712136
114.0	0.009156192631377898
115.0	0.00932191557493225
116.0	0.009611930726152365
117.0	0.009611930726152365
118.0	0.00969479219792954
119.0	0.010109099556815418
120.0	0.010233391764481181
121.0	0.010399114708035532
122.0	0.010523406915701297
123.0	0.01064769912336706
124.0	0.010896283538698585
125.0	0.011103437218141525
126.0	0.011517744577027403
127.0	0.011600606048804578
128.0	0.011807759728247517
129.0	0.01213920561535622
130.0	0.012346359294799159
131.0	0.012594943710130684
132.0	0.012843528125462212
133.0	0.012967820333127975
134.0	0.01309211254079374
135.0	0.013174974012570914
136.0	0.013216404748459502
137.0	0.013506419899679616
138.0	0.013589281371456792
139.0	0.013755004315011142
140.0	0.013920727258565494
141.0	0.014045019466231257
142.0	0.014210742409785608
143.0	0.014500757561005724
144.0	0.01474934197633725
145.0	0.015039357127557364
146.0	0.015536525958220417
147.0	0.0166137250913237
148.0	0.018229523790978624
149.0	0.014542188296894309
