# Position (bp)	A	C	G	T	N
0.0	54.72395023328149	9.311819595645412	14.502332814930016	21.461897356143076	0.0
1.0	16.56298600311042	51.74961119751167	16.932348367029547	14.755054432348366	0.0
2.0	20.622342481638963	48.12524159257828	11.42249710088906	19.8299188248937	0.0
3.0	53.22673858601426	14.005008668849934	15.430552879984589	17.337699865151222	0.0
4.0	54.8710050057759	13.226800154023874	12.22564497497112	19.67654986522911	0.0
5.0	20.869397961146376	46.50894402769764	12.617811117522601	20.003846893633394	0.0
6.0	18.374014991351142	47.818566211800885	11.704785700557371	22.102633096290603	0.0
7.0	55.91005189313858	12.358254852969441	11.647126657697482	20.084566596194502	0.0
8.0	53.696946418283076	13.731515267908584	13.020933358939887	19.550604954868447	0.0
9.0	18.24985607369027	46.09479946267511	15.390520053732489	20.26482440990213	0.0
10.0	19.6510736196319	10.966257668711657	14.493865030674847	54.88880368098159	0.0
11.0	17.89272030651341	15.306513409961687	11.762452107279692	55.03831417624521	0.0
12.0	19.180704441041346	10.011485451761102	11.810872894333842	58.996937212863706	0.0
13.0	20.279051987767584	46.57874617737003	12.327981651376147	20.81422018348624	0.0
14.0	17.958015267175572	13.797709923664122	49.54198473282443	18.702290076335878	0.0
15.0	53.542857142857144	14.076190476190476	12.895238095238096	19.485714285714288	0.0
16.0	16.929807875214	13.810157884725127	15.198782575613468	54.061251664447404	0.0
17.0	20.900627018810564	45.63936918107544	11.020330609918298	22.439673190195705	0.0
18.0	17.230243161094226	14.266717325227962	14.019756838905776	54.483282674772035	0.0
19.0	20.185922974767596	49.041927527983304	12.084993359893758	18.68715613735534	0.0
20.0	18.944980147475892	14.312724522594063	13.518623558328608	53.22367177160143	0.0
21.0	19.105153860675856	14.649801774589392	14.2155937323013	52.02945063243345	0.0
22.0	18.449349179400112	12.431616676098848	46.576117713638936	22.5429164308621	0.0
23.0	17.405242315670375	14.821798981708467	12.63435791061663	55.138600792004524	0.0
24.0	51.395173453996975	14.743589743589745	12.952488687782807	20.90874811463047	0.0
25.0	19.664404223227752	12.141779788838612	44.36274509803921	23.83107088989442	0.0
26.0	54.070863173765545	11.779117979645685	14.323407463249152	19.826611383339614	0.0
27.0	15.963855421686745	15.681475903614459	9.713855421686747	58.64081325301205	0.0
28.0	18.22113576532531	45.468221135765326	10.586686724332456	25.723956374576908	0.0
29.0	18.779342723004692	11.643192488262912	9.708920187793426	59.86854460093897	0.0
30.0	19.485433219825957	13.374952705259174	45.02459326522891	22.115020809685962	0.0
31.0	20.490867579908674	12.081430745814307	10.787671232876713	56.6400304414003	0.0
32.0	18.849168419040335	11.967119097686867	10.877461288472567	58.30625119480023	0.0
33.0	19.842640568029168	46.305891383611595	13.279600844367684	20.571867203991555	0.0
34.0	21.653696498054476	11.78988326848249	13.385214007782102	53.17120622568093	0.0
35.0	19.669848846459825	47.215592680986475	11.356404136833731	21.75815433571997	0.0
36.0	16.2016739736947	13.830211239537665	11.717815862893582	58.250298923874055	0.0
37.0	52.729454109178164	15.376924615076984	12.09758048390322	19.796040791841634	0.0
38.0	53.32398878654385	14.116940328394072	11.133360032038446	21.425710853023627	0.0
39.0	54.48524984948826	12.181416817178405	9.251454946819186	24.08187838651415	0.0
40.0	17.839707078925958	48.026851098454024	12.794955248169243	21.338486574450773	0.0
41.0	17.063574238972873	10.561192793539036	51.79126113066887	20.583971836819217	0.0
42.0	56.41399416909621	10.974593919200332	12.224073302790504	20.387338608912952	0.0
43.0	57.70124656665963	12.909359814071413	11.240228185083456	18.149165434185505	0.0
44.0	20.203951561504145	49.56447843637136	10.091353303590397	20.140216698534097	0.0
45.0	27.659574468085108	12.056737588652481	13.857064920894707	46.4266230223677	0.0
46.0	28.84238064094179	18.705035971223023	18.93394375408764	33.51863963374755	0.0
47.0	29.35528120713306	18.51851851851852	18.484224965706446	33.641975308641975	0.0
48.0	26.629680998613036	20.07628294036061	19.729542302357835	33.56449375866852	0.0
49.0	27.47214484679666	20.856545961002784	20.12534818941504	31.545961002785518	0.0
50.0	26.088495575221238	24.460176991150444	18.230088495575224	31.221238938053098	0.0
51.0	28.093525179856115	22.26618705035971	15.50359712230216	34.13669064748201	0.0
52.0	30.028839221341023	17.051189617880315	20.331651045421772	32.588320115356886	0.0
53.0	31.098223994200797	21.34831460674157	20.58716926422617	26.96629213483146	0.0
54.0	31.683168316831683	20.60872753942061	16.905023835716907	30.803080308030808	0.0
55.0	29.11111111111111	20.0	19.74074074074074	31.148148148148145	0.0
56.0	26.691449814126393	21.71003717472119	19.96282527881041	31.635687732342006	0.0
57.0	32.76119402985075	15.149253731343284	20.410447761194032	31.67910447761194	0.0
58.0	28.25840574234983	20.85379675103891	18.738194182092936	32.149603324518324	0.0
59.0	27.203647416413375	20.554711246200608	20.212765957446805	32.02887537993921	0.0
60.0	26.37025680337294	18.244538137217326	21.272518206209277	34.11268685320046	0.0
61.0	27.840687231550177	19.796954314720814	22.33502538071066	30.027333073018355	0.0
62.0	28.153065208902774	21.0464662241312	19.757907067551738	31.04256149941429	0.0
63.0	32.88854003139717	18.24960753532182	18.642072213500786	30.21978021978022	0.0
64.0	27.917981072555204	19.12460567823344	21.41167192429022	31.545741324921135	0.0
65.0	30.78749505342303	16.58092599920855	21.844083893945392	30.78749505342303	0.0
66.0	29.179936305732486	17.794585987261147	22.730891719745223	30.294585987261147	0.0
67.0	27.71325590708851	17.1005206247497	19.823788546255507	35.362434921906285	0.0
68.0	26.570048309178745	19.806763285024154	18.51851851851852	35.10466988727858	0.0
69.0	26.472962066182404	20.419693301049232	22.800645682001612	30.306698950766748	0.0
70.0	27.79578606158833	23.3387358184765	19.73257698541329	29.132901134521884	0.0
71.0	30.057330057330056	19.86076986076986	19.123669123669124	30.95823095823096	0.0
72.0	28.893442622950822	19.795081967213115	20.327868852459016	30.983606557377048	0.0
73.0	28.74845105328377	19.785212722015697	21.396117306897978	30.07021891780256	0.0
74.0	29.701739850869924	15.410107705053852	21.375310687655343	33.51284175642088	0.0
75.0	27.219674864526887	20.50854522717799	21.550646102542725	30.721133805752398	0.0
76.0	30.037546933667088	20.108468919482686	18.439716312056735	31.414267834793492	0.0
77.0	31.70731707317073	20.311185870479395	17.283431455004205	30.698065601345668	0.0
78.0	31.420068027210885	20.195578231292515	17.261904761904763	31.122448979591837	0.0
79.0	30.46100818612667	20.465316673847482	19.73287376130978	29.34080137871607	0.0
80.0	29.865041358293425	19.198955158902915	21.94166303874619	28.994340444057464	0.0
81.0	26.45641699518178	20.41173893999124	17.696014016644764	35.43583004818222	0.0
82.0	34.179431072210065	16.411378555798688	20.568927789934357	28.84026258205689	0.0
83.0	29.2693661971831	20.158450704225352	19.93838028169014	30.633802816901408	0.0
84.0	27.06766917293233	18.13356921716055	22.379478107032284	32.41928350287483	0.0
85.0	33.48115299334812	17.02882483370288	19.51219512195122	29.977827050997785	0.0
86.0	30.0	19.375	22.098214285714285	28.52678571428571	0.0
87.0	32.54146122814881	18.15329448677723	21.60466158673241	27.700582698341552	0.0
88.0	35.8974358974359	17.723796671165093	17.00404858299595	29.37471884840306	0.0
89.0	30.27564392227745	17.30682331676457	16.719385449615906	35.69814731134207	0.0
90.0	32.24785165083672	16.734509271822702	19.49344188150158	31.524197195838987	0.0
91.0	29.805517865219354	20.126639529624605	16.960651289009498	33.10719131614654	0.0
92.0	28.21330902461258	18.6873290793072	17.00091157702826	36.09845031905196	0.0
93.0	33.68324965769055	16.795983569146507	18.16522136010954	31.3555454130534	0.0
94.0	29.876089949518125	16.108306562643413	18.586507572280865	35.429095915557596	0.0
95.0	30.39667896678967	17.112546125461257	20.66420664206642	31.82656826568266	0.0
96.0	28.127896200185358	18.628359592215013	20.25023169601483	32.9935125115848	0.0
97.0	32.32276119402985	17.723880597014926	17.397388059701495	32.55597014925373	0.0
98.0	29.7246850209986	22.025198320111993	18.805412972468503	29.444703686420905	0.0
99.0	31.197380729653883	18.007483629560337	19.22357343311506	31.571562207670723	0.0
100.0	32.769158439116126	13.587212035731078	18.899858956276447	34.74377056887635	0.0
101.0	33.206470028544246	16.65080875356803	20.12369172216936	30.019029495718364	0.0
102.0	31.96564885496183	15.124045801526718	22.089694656488547	30.820610687022903	0.0
103.0	28.194044188280497	17.723342939481267	20.2209414024976	33.861671469740635	0.0
104.0	26.3996138996139	17.905405405405407	21.476833976833976	34.21814671814672	0.0
105.0	28.592162554426704	20.0774068698597	19.3033381712627	32.0270924044509	0.0
106.0	30.053842388644153	17.81693587860989	19.138521781693587	32.99069995105237	0.0
107.0	32.28346456692913	18.946850393700785	17.322834645669293	31.446850393700785	0.0
108.0	34.00689995071463	18.235584031542633	16.46131099063578	31.29620502710695	0.0
109.0	29.96051332675222	19.49654491609082	18.70681145113524	31.836130306021715	0.0
110.0	27.885091629519565	20.108964834076275	19.266963843486877	32.73897969291728	0.0
111.0	30.357142857142854	18.154761904761905	19.692460317460316	31.795634920634917	0.0
112.0	26.56405163853029	19.81132075471698	19.910625620655413	33.71400198609732	0.0
113.0	29.7713717693837	19.532803180914513	18.63817097415507	32.05765407554672	0.0
114.0	31.2874251497006	17.465069860279442	19.960079840319363	31.2874251497006	0.0
115.0	28.750627195183142	19.919719016557952	18.063221274460613	33.26643251379829	0.0
116.0	30.36701860231272	18.954248366013072	18.350930115635997	32.32780291603821	0.0
117.0	29.879275653923543	19.869215291750503	18.51106639839034	31.740442655935613	0.0
118.0	29.1183879093199	16.070528967254408	21.8639798488665	32.94710327455919	0.0
119.0	23.115832068791097	21.44663631765301	26.858877086494687	28.578654527061204	0.0
120.0	27.33265720081136	21.247464503042597	22.97160243407708	28.448275862068968	0.0
121.0	30.59360730593607	18.975139523084728	18.011161846778283	32.42009132420091	0.0
122.0	29.608938547486037	17.420010157440323	22.549517521584562	30.421533773489077	0.0
123.0	33.94495412844037	18.04281345565749	18.195718654434252	29.81651376146789	0.0
124.0	31.63265306122449	16.98979591836735	20.51020408163265	30.86734693877551	0.0
125.0	28.39632277834525	19.867211440245146	19.050051072522983	32.686414708886616	0.0
126.0	30.568356374807987	18.791602662570405	19.35483870967742	31.285202252944188	0.0
127.0	27.94871794871795	18.615384615384613	21.743589743589745	31.692307692307693	0.0
128.0	31.652084405558416	16.00617601646938	20.277920741121978	32.06381883685023	0.0
129.0	29.97416020671835	20.155038759689923	17.10594315245478	32.76485788113695	0.0
130.0	30.984455958549223	18.860103626943005	15.854922279792746	34.30051813471503	0.0
131.0	29.9429164504411	19.09704203425013	18.889465490399584	32.07057602490919	0.0
132.0	28.497139885595423	17.264690587623505	22.984919396775872	31.2532501300052	0.0
133.0	28.660760812923396	22.303282959874934	18.759770713913497	30.276185513288173	0.0
134.0	26.03240982749608	20.386826973340302	21.223209618400418	32.357553580763195	0.0
135.0	28.33158447009444	17.733473242392446	20.30430220356768	33.63064008394544	0.0
136.0	25.748817656332108	18.654755648975303	20.809248554913296	34.78717813977929	0.0
137.0	28.39831401475237	15.806111696522656	21.180189673340358	34.61538461538461	0.0
138.0	28.64693446088795	16.649048625792812	21.881606765327696	32.82241014799154	0.0
139.0	27.566137566137566	19.15343915343915	20.423280423280424	32.857142857142854	0.0
140.0	28.154825026511134	18.23966065747614	20.890774125132555	32.71474019088017	0.0
141.0	31.153641679957467	18.341307814992025	19.03242955874535	31.472620946305156	0.0
142.0	33.04904051172708	15.511727078891258	16.471215351812365	34.9680170575693	0.0
143.0	32.19251336898395	20.641711229946523	17.914438502673796	29.251336898395724	0.0
144.0	30.059044551798173	18.357487922705314	18.679549114331724	32.90391841116479	0.0
145.0	28.540656973613356	18.093699515347332	18.901453957996768	34.46418955304254	0.0
146.0	29.45945945945946	18.324324324324323	19.783783783783786	32.432432432432435	0.0
147.0	29.778018408229563	17.81266919328641	17.975094748240387	34.43421765024364	0.0
148.0	27.30245231607629	20.054495912806537	19.891008174386922	32.752043596730246	0.0
149.0	29.000546149645	19.279082468596396	18.186783178590936	33.53358820316767	0.0
150.0	28.95457033388068	19.64969896004379	18.88341543513957	32.51231527093596	0.0
151.0	28.399122807017545	20.010964912280702	20.12061403508772	31.469298245614034	0.0
152.0	26.68863261943987	19.549697968149367	16.474464579901152	37.287204832509616	0.0
153.0	29.80132450331126	19.757174392935983	18.046357615894042	32.39514348785872	0.0
154.0	31.785516860143726	16.473189607517966	19.900497512437813	31.8407960199005	0.0
155.0	30.121816168327797	20.653377630121817	18.161683277962346	31.06312292358804	0.0
156.0	31.92436040044494	16.46273637374861	18.298109010011125	33.31479421579533	0.0
157.0	30.919220055710305	17.77158774373259	20.835654596100277	30.473537604456823	0.0
158.0	28.299776286353467	22.762863534675613	16.21923937360179	32.718120805369125	0.0
159.0	35.347261434217955	14.680971202710333	18.690005646527386	31.281761716544327	0.0
160.0	26.68938103350369	18.96649630891539	23.850085178875638	30.494037478705284	0.0
161.0	30.165054069436543	19.237336368810475	21.172453044963007	29.425156516789986	0.0
162.0	30.457142857142856	18.0	21.2	30.342857142857145	0.0
163.0	31.521739130434785	17.505720823798626	15.102974828375288	35.869565217391305	0.0
164.0	29.512893982808023	15.415472779369626	21.948424068767906	33.12320916905444	0.0
165.0	30.937320299022424	17.36630247268545	22.656699252443932	29.03967797584819	0.0
166.0	29.147465437788018	18.60599078341014	19.00921658986175	33.23732718894009	0.0
167.0	27.835648148148145	19.90740740740741	22.627314814814813	29.629629629629626	0.0
168.0	27.674418604651162	18.8953488372093	20.058139534883722	33.372093023255815	0.0
169.0	26.907396622015145	17.763541059988352	19.91846243447874	35.41059988351776	0.0
170.0	29.49766355140187	15.712616822429906	20.327102803738317	34.46261682242991	0.0
171.0	30.656506447831184	18.99179366940211	15.943728018757328	34.407971864009376	0.0
172.0	31.60682754561507	20.011771630370806	16.068275456150676	32.31312536786345	0.0
173.0	29.522687094873305	17.56040070713023	20.035356511490864	32.8815556865056	0.0
174.0	30.21880544056771	19.455943228858665	19.278533412182142	31.046717918391487	0.0
175.0	27.72159428911362	19.036287923854847	20.285544318857823	32.95657346817371	0.0
176.0	29.718394248052725	17.914919113241464	18.933493109646495	33.43319352905932	0.0
177.0	28.725961538461537	22.596153846153847	18.209134615384613	30.46875	0.0
178.0	26.844014510278114	20.072551390568318	19.89117291414752	33.192261185006046	0.0
179.0	24.148418491484186	19.34306569343066	23.905109489051096	32.60340632603406	0.0
180.0	30.238240684178376	15.94379963347587	20.830788026878437	32.98717165546732	0.0
181.0	29.2817679558011	20.74892572130141	18.47759361571516	31.491712707182316	0.0
182.0	33.395061728395056	16.604938271604937	18.703703703703702	31.296296296296294	0.0
183.0	28.111455108359134	21.30030959752322	22.35294117647059	28.235294117647058	0.0
184.0	28.48258706467662	20.024875621890548	18.59452736318408	32.898009950248756	0.0
185.0	27.92004996876952	21.486570893191757	22.79825109306683	27.795128044971896	0.0
186.0	30.92848180677541	18.130489335006274	22.271016311166875	28.670012547051442	0.0
187.0	31.568998109640834	20.163831127914303	18.021424070573406	30.245746691871457	0.0
188.0	28.724747474747474	20.32828282828283	20.075757575757574	30.87121212121212	0.0
189.0	28.653113087674715	19.949174078780178	19.123252858958068	32.27445997458704	0.0
190.0	28.935627788400254	17.463352453792226	19.949012109623965	33.652007648183556	0.0
191.0	29.158638407193322	19.26782273603083	19.524727039177904	32.048811817597944	0.0
192.0	32.085216268560366	18.657198192382182	20.01291155584248	29.244673983214973	0.0
193.0	30.039011703511054	17.425227568270483	21.65149544863459	30.88426527958388	0.0
194.0	28.878748370273794	20.990873533246415	23.272490221642762	26.857887874837026	0.0
195.0	28.6745406824147	19.619422572178475	20.078740157480315	31.627296587926505	0.0
196.0	29.683377308707126	18.073878627968337	20.91029023746702	31.33245382585752	0.0
197.0	28.381079280479682	19.586942038640906	21.91872085276482	30.11325782811459	0.0
198.0	28.269754768392367	21.798365122615802	21.59400544959128	28.337874659400548	0.0
199.0	26.748377793799566	24.369142033165105	17.73612112472963	31.146359048305694	0.0
200.0	28.739495798319325	15.378151260504202	20.588235294117645	35.294117647058826	0.0
201.0	29.784688995215312	16.507177033492823	18.301435406698566	35.406698564593306	0.0
202.0	35.456730769230774	14.903846153846153	19.71153846153846	29.927884615384613	0.0
203.0	34.93975903614458	16.867469879518072	20.722891566265062	27.469879518072286	0.0
204.0	34.93975903614458	16.987951807228914	23.97590361445783	24.096385542168676	0.0
205.0	34.582829504232166	15.598548972188633	24.30471584038694	25.513905683192263	0.0
206.0	29.004854368932037	20.024271844660195	20.145631067961165	30.8252427184466	0.0
207.0	26.61782661782662	23.931623931623932	15.75091575091575	33.6996336996337	0.0
208.0	28.957055214723926	18.03680981595092	20.858895705521473	32.14723926380368	0.0
209.0	23.34152334152334	20.76167076167076	19.533169533169534	36.36363636363637	0.0
210.0	26.75709001233046	16.152897657213316	18.002466091245374	39.08754623921085	0.0
211.0	30.56930693069307	19.05940594059406	20.173267326732674	30.198019801980198	0.0
212.0	25.74626865671642	16.044776119402986	24.75124378109453	33.45771144278607	0.0
213.0	28.428927680798004	19.70074812967581	18.453865336658353	33.416458852867834	0.0
214.0	31.446540880503143	24.27672955974843	18.61635220125786	25.660377358490567	0.0
215.0	29.67171717171717	21.71717171717172	18.81313131313131	29.797979797979796	0.0
216.0	28.045685279187815	16.370558375634516	20.685279187817258	34.89847715736041	0.0
217.0	25.86427656850192	17.285531370038413	25.096030729833547	31.75416133162612	0.0
218.0	25.49019607843137	18.823529411764707	18.69281045751634	36.993464052287585	0.0
219.0	20.166898470097358	20.86230876216968	24.756606397774686	34.21418636995828	0.0
220.0	0.0	27.878787878787882	24.04040404040404	48.08080808080808	0.0
