#Read position (bp)	Clipping profile
0.0	29.06399726214921
1.0	1.2234770704996578
2.0	1.066050650239562
3.0	0.9907597535934293
4.0	0.9428473648186174
5.0	0.8812457221081451
6.0	0.8538672142368241
7.0	0.8418891170431212
8.0	0.8350444900752908
9.0	0.8196440793976729
10.0	0.8093771389459276
11.0	0.7905544147843943
12.0	0.7802874743326489
13.0	0.7665982203969883
14.0	0.756331279945243
15.0	0.7255304585900069
16.0	0.67419575633128
17.0	0.5578370978781656
18.0	0.49110198494182067
19.0	0.4620123203285421
20.0	0.4243668720054757
21.0	0.39014373716632444
22.0	0.36960985626283366
23.0	0.33709787816564
24.0	0.31485284052019163
25.0	0.297741273100616
26.0	0.29431895961670085
27.0	0.2806297056810404
28.0	0.2720739219712526
29.0	0.26351813826146475
30.0	1.28507871321013
31.0	0.6536618754277892
32.0	2.0071868583162216
33.0	3.116016427104723
34.0	0.7991101984941821
35.0	0.9787816563997261
36.0	0.5698151950718685
37.0	1.5314852840520192
38.0	1.5109514031485285
39.0	1.9798083504449009
40.0	1.28507871321013
41.0	0.7221081451060917
42.0	0.5030800821355236
43.0	0.6861738535249828
44.0	0.49281314168377827
45.0	1.3723477070499657
46.0	0.9428473648186174
47.0	0.2926078028747433
48.0	0.10609171800136892
49.0	0.6211498973305956
50.0	0.27036276522929503
51.0	0.8726899383983572
52.0	1.2320328542094456
53.0	0.4072553045859001
54.0	0.41067761806981523
55.0	0.5646817248459959
56.0	0.5578370978781656
57.0	1.351813826146475
58.0	0.5390143737166324
59.0	0.06331279945242985
60.0	0.36960985626283366
61.0	0.2087611225188227
62.0	0.35249828884325807
63.0	0.04962354551676934
64.0	0.34394250513347024
65.0	0.039356605065023954
66.0	0.4140999315537303
67.0	0.30971937029431895
68.0	0.16427104722792607
69.0	0.7032854209445585
70.0	0.7067077344284737
71.0	0.1540041067761807
72.0	0.0188227241615332
73.0	0.15229295003422313
74.0	0.5355920602327173
75.0	0.26865160848733743
76.0	0.1437371663244353
77.0	0.017111567419575632
78.0	0.15229295003422313
79.0	0.029089664613278575
80.0	0.034223134839151265
81.0	0.0376454483230664
82.0	0.0376454483230664
83.0	0.04277891854893908
84.0	0.04449007529089665
85.0	0.04791238877481177
86.0	0.04791238877481177
87.0	0.04962354551676934
88.0	0.05646817248459959
89.0	0.05989048596851471
90.0	0.06673511293634497
91.0	0.07186858316221766
92.0	0.07186858316221766
93.0	0.08042436687200548
94.0	0.08213552361396304
95.0	0.08726899383983572
96.0	0.09069130732375086
97.0	0.09753593429158111
98.0	0.10266940451745381
99.0	0.11293634496919917
100.0	0.1266255989048597
101.0	0.13175906913073238
102.0	0.1300479123887748
103.0	0.13175906913073238
104.0	0.13860369609856263
105.0	0.14544832306639288
106.0	0.148870636550308
107.0	0.15229295003422313
108.0	0.1591375770020534
109.0	0.16940451745379878
110.0	0.18138261464750172
111.0	0.19336071184120465
112.0	0.19678302532511976
113.0	0.19849418206707736
114.0	0.20191649555099245
115.0	0.20533880903490762
116.0	0.21218343600273784
117.0	0.215605749486653
118.0	0.21218343600273784
119.0	0.2275838466803559
120.0	0.22587268993839835
121.0	0.2344284736481862
122.0	0.23956194387405885
123.0	0.24811772758384668
124.0	0.24982888432580425
125.0	0.25496235455167693
126.0	0.26351813826146475
127.0	0.27720739219712526
128.0	0.3336755646817248
129.0	0.3661875427789185
130.0	0.3986995208761122
131.0	0.4534565366187543
132.0	0.47741273100616016
133.0	0.4808350444900753
134.0	0.49281314168377827
135.0	0.501368925393566
136.0	0.5167693360711841
137.0	0.5458590006844627
138.0	0.5441478439425051
139.0	0.5475701574264202
140.0	0.5595482546201233
141.0	0.5663928815879534
142.0	0.5783709787816564
143.0	0.5817932922655715
144.0	0.6040383299110198
145.0	0.6297056810403833
146.0	0.6639288158795346
147.0	0.74435318275154
148.0	0.8008213552361396
149.0	0.7802874743326489
150.0	0.6006160164271047
