#Position (bp)	Coverage
38.0	54.013333333333335
113.0	359.5733333333333
188.0	585.4
263.0	503.04
338.0	599.1866666666666
413.0	603.6
488.0	641.7066666666667
563.0	663.24
638.0	610.7466666666667
713.0	521.4533333333334
788.0	507.14666666666665
863.0	601.0
938.0	582.12
1013.0	803.1466666666666
1088.0	851.5066666666667
1163.0	698.2666666666667
1238.0	740.8933333333333
1313.0	401.16
1388.0	260.73333333333335
1463.0	252.82666666666665
1538.0	202.85333333333332
1613.0	393.06666666666666
1688.0	758.1066666666667
1763.0	776.8133333333334
1838.0	728.84
1913.0	552.1866666666666
1988.0	685.4666666666667
2063.0	626.6133333333333
2138.0	639.1733333333333
2213.0	503.24
2288.0	470.02666666666664
2363.0	450.37333333333333
2438.0	350.92
2513.0	345.05333333333334
2588.0	135.09333333333333
2663.0	76.53333333333333
2738.0	74.4
2813.0	110.0
2888.0	367.73333333333335
2963.0	540.72
3038.0	611.4266666666666
3113.0	505.06666666666666
3188.0	406.32
3263.0	559.2533333333333
3338.0	556.12
3413.0	611.7866666666666
3488.0	441.2266666666667
3563.0	437.18666666666667
3638.0	423.49333333333334
3713.0	478.56
3788.0	363.4266666666667
3863.0	321.74666666666667
3938.0	352.5733333333333
4013.0	394.97333333333336
4088.0	544.9466666666667
4163.0	450.14666666666665
4238.0	414.48
4313.0	469.5733333333333
4388.0	527.7466666666667
4463.0	148.82666666666665
4538.0	102.85333333333334
4613.0	120.70666666666666
4688.0	240.8
4763.0	594.3866666666667
4838.0	690.68
4913.0	798.8133333333334
4988.0	474.9866666666667
5063.0	367.4266666666667
5138.0	318.3333333333333
5213.0	322.88
5288.0	342.92
5363.0	587.2
5438.0	556.9733333333334
5513.0	641.8933333333333
5588.0	579.12
5663.0	690.7866666666666
5738.0	723.5066666666667
5813.0	768.52
5888.0	632.9733333333334
5963.0	498.82666666666665
6038.0	553.9333333333333
6113.0	600.6666666666666
6188.0	762.76
6263.0	762.88
6338.0	660.6133333333333
6413.0	593.8
6488.0	620.4266666666666
6563.0	715.2266666666667
6638.0	800.4133333333333
6713.0	794.3866666666667
6788.0	945.7333333333333
6863.0	494.81333333333333
6938.0	326.50666666666666
7013.0	478.08
7088.0	307.0133333333333
7163.0	235.61333333333334
7238.0	224.32
7313.0	257.5466666666667
7388.0	591.4
7463.0	635.28
7538.0	609.1866666666666
7613.0	477.6666666666667
7688.0	575.12
7763.0	802.44
7838.0	805.2
7913.0	957.5466666666666
7988.0	808.16
8063.0	709.2933333333333
8138.0	607.4266666666666
8213.0	689.1866666666666
8288.0	798.7866666666666
8363.0	780.3733333333333
8438.0	805.2
8513.0	770.1466666666666
8588.0	596.12
8663.0	421.6933333333333
8738.0	593.7733333333333
8813.0	447.36
8888.0	465.73333333333335
8963.0	776.2666666666667
9038.0	883.3333333333334
9113.0	793.16
9188.0	788.92
9263.0	528.8
9338.0	503.41333333333336
9413.0	501.9866666666667
9488.0	735.44
9563.0	1317.3333333333333
9638.0	1228.0933333333332
9713.0	1179.52
9788.0	792.3466666666667
9863.0	537.8266666666667
9938.0	623.5866666666667
10013.0	644.6533333333333
10088.0	745.2666666666667
10163.0	607.32
10238.0	682.4
10313.0	706.1066666666667
10388.0	784.24
10463.0	588.5466666666666
10538.0	496.26666666666665
10613.0	517.8933333333333
10688.0	466.84
10763.0	554.6933333333334
10838.0	723.0133333333333
10913.0	660.3466666666667
10988.0	628.7866666666666
11063.0	666.5066666666667
11138.0	735.92
11213.0	676.8
11288.0	675.6933333333334
11363.0	676.0
11438.0	734.0666666666667
11513.0	679.8533333333334
11588.0	683.52
11663.0	603.28
11738.0	400.97333333333336
11813.0	485.72
11888.0	465.70666666666665
11963.0	656.8
12038.0	776.9066666666666
12113.0	737.7733333333333
12188.0	1113.2666666666667
12263.0	707.2133333333334
12338.0	723.7733333333333
12413.0	693.44
12488.0	781.7466666666667
12563.0	904.9733333333334
12638.0	836.9333333333333
12713.0	882.5866666666667
12788.0	685.9466666666667
12863.0	595.9333333333333
12938.0	718.8266666666667
13013.0	749.7866666666666
13088.0	848.72
13163.0	754.9466666666667
13238.0	774.1333333333333
13313.0	730.56
13388.0	187.36
13463.0	40.053333333333335
13538.0	22.133333333333333
13613.0	154.08
13688.0	875.92
13763.0	987.4133333333333
13838.0	1031.7733333333333
13913.0	896.2133333333334
13988.0	815.5466666666666
14063.0	923.6666666666666
14138.0	912.4933333333333
14213.0	856.16
14288.0	887.36
14363.0	794.5733333333334
14438.0	863.68
14513.0	584.9733333333334
14588.0	413.28
14663.0	599.6
14738.0	572.32
14813.0	576.56
14888.0	454.58666666666664
14963.0	642.92
15038.0	651.8533333333334
15113.0	418.04
15188.0	316.28
15263.0	808.4
15338.0	860.5866666666667
15413.0	784.12
15488.0	488.68
15563.0	1109.7066666666667
15638.0	1114.64
15713.0	933.92
15788.0	815.2933333333333
15863.0	563.6266666666667
15938.0	940.6
16013.0	975.72
16088.0	1282.92
16163.0	838.0533333333333
16238.0	466.94666666666666
16313.0	477.88
16388.0	559.5066666666667
16463.0	613.5333333333333
16538.0	561.72
16613.0	442.6933333333333
16688.0	404.1066666666667
16763.0	531.44
16838.0	960.6
16913.0	926.7866666666666
16988.0	1020.0266666666666
17063.0	1083.2933333333333
17138.0	919.0533333333333
17213.0	956.28
17288.0	937.08
17363.0	892.7333333333333
17438.0	291.26666666666665
17513.0	139.37333333333333
17588.0	137.38666666666666
17663.0	164.92
17738.0	485.61333333333334
17813.0	609.6
17888.0	618.64
17963.0	677.68
18038.0	707.4933333333333
18113.0	630.4533333333334
18188.0	810.7866666666666
18263.0	948.5866666666667
18338.0	706.8
18413.0	680.3333333333334
18488.0	740.5333333333333
18563.0	754.1466666666666
18638.0	781.96
18713.0	1104.5733333333333
18788.0	1130.92
18863.0	1049.7733333333333
18938.0	781.36
19013.0	596.8533333333334
19088.0	646.1866666666666
19163.0	650.3066666666666
19238.0	521.2266666666667
19313.0	214.70666666666668
19388.0	162.18666666666667
19463.0	161.30666666666667
19538.0	181.64
19613.0	445.85333333333335
19688.0	564.0666666666667
19763.0	589.9066666666666
19838.0	638.4533333333334
19913.0	605.1733333333333
19988.0	614.7866666666666
20063.0	510.17333333333335
20138.0	490.16
20213.0	314.72
20288.0	208.14666666666668
20363.0	188.44
20438.0	205.24
20513.0	531.3866666666667
20588.0	672.88
20663.0	706.4533333333334
20738.0	789.7866666666666
20813.0	759.7733333333333
20888.0	546.96
20963.0	621.1066666666667
21038.0	670.68
21113.0	558.36
21188.0	212.45333333333335
21263.0	186.25333333333333
21338.0	220.78666666666666
21413.0	319.85333333333335
21488.0	312.26666666666665
21563.0	265.05333333333334
21638.0	249.8
21713.0	454.6533333333333
21788.0	615.6
21863.0	671.76
21938.0	533.84
22013.0	378.3066666666667
22088.0	395.7733333333333
22163.0	393.17333333333335
22238.0	319.73333333333335
22313.0	189.49333333333334
22388.0	106.66666666666667
22463.0	93.68
22538.0	316.05333333333334
22613.0	741.0
22688.0	670.0666666666667
22763.0	517.5866666666667
22838.0	676.8933333333333
22913.0	694.8666666666667
22988.0	739.1466666666666
23063.0	777.2533333333333
23138.0	785.8666666666667
23213.0	665.4133333333333
23288.0	655.0133333333333
23363.0	653.68
23438.0	562.1733333333333
23513.0	614.9066666666666
23588.0	746.3066666666666
23663.0	712.1333333333333
23738.0	876.0
23813.0	462.88
23888.0	817.4666666666667
23963.0	930.12
24038.0	879.9733333333334
24113.0	635.2133333333334
24188.0	599.4
24263.0	720.0933333333334
24338.0	684.0266666666666
24413.0	519.92
24488.0	665.0933333333334
24563.0	663.2133333333334
24638.0	785.2533333333333
24713.0	930.8533333333334
24788.0	1189.3333333333333
24863.0	1104.8
24938.0	1057.7066666666667
25013.0	887.6
25088.0	679.5066666666667
25163.0	695.72
25238.0	548.96
25313.0	625.9733333333334
25388.0	804.8666666666667
25463.0	713.2133333333334
25538.0	641.4933333333333
25613.0	447.5466666666667
25688.0	234.77333333333334
25763.0	327.4
25838.0	328.26666666666665
25913.0	416.61333333333334
25988.0	591.7066666666667
26063.0	847.84
26138.0	875.0666666666667
26213.0	895.72
26288.0	757.8266666666667
26363.0	536.4933333333333
26438.0	604.24
26513.0	597.08
26588.0	725.0933333333334
26663.0	898.0
26738.0	752.6133333333333
26813.0	544.32
26888.0	442.5733333333333
26963.0	464.88
27038.0	460.04
27113.0	436.28
27188.0	736.5866666666667
27263.0	1019.4533333333334
27338.0	985.6666666666666
27413.0	1050.6533333333334
27488.0	424.48
27563.0	60.626666666666665
27638.0	67.70666666666666
27713.0	87.46666666666667
27788.0	212.85333333333332
27863.0	863.0266666666666
27938.0	928.0933333333334
28013.0	904.24
28088.0	775.24
28163.0	794.9866666666667
28238.0	667.3333333333334
28313.0	774.3733333333333
28388.0	603.0666666666667
28463.0	477.97333333333336
28538.0	569.8266666666667
28613.0	494.8
28688.0	375.1066666666667
28763.0	248.34666666666666
28838.0	145.17333333333335
28913.0	84.50666666666666
28988.0	147.02666666666667
29063.0	595.0666666666667
29138.0	646.96
29213.0	579.1866666666666
29288.0	637.4
29363.0	311.02666666666664
29438.0	166.93333333333334
29513.0	285.0133333333333
29588.0	536.76
29663.0	503.16
29738.0	447.85333333333335
29813.0	155.41333333333333
29877.0	65.15094339622641
