#Read position (bp)	Clipping profile
0.0	12.66883052865474
1.0	0.1641855562212296
2.0	0.1418138522557503
3.0	0.1311967724077262
4.0	0.1311967724077262
5.0	0.1293008652920076
6.0	0.12854250244572019
7.0	0.12778413959943274
8.0	0.12550905106057045
9.0	0.12361314394485184
10.0	0.12095887398284584
11.0	0.11754624117455237
12.0	0.11565033405883378
13.0	0.11223770125054033
14.0	0.10882506844224688
15.0	0.1069291613265283
16.0	0.10427489136452227
17.0	0.10162062140251626
18.0	0.10010389570994137
19.0	0.09782880717107909
20.0	0.0940369929396419
21.0	0.0894868158619173
22.0	0.08759090874619871
23.0	0.08645336447676756
24.0	0.08493663878419268
25.0	0.08379909451476153
26.0	0.08266155024533038
27.0	0.08228236882218666
28.0	0.08000728028332435
29.0	0.07735301032131833
30.0	1.8674685089828078
31.0	0.8527790206502203
32.0	0.13005922813829504
33.0	0.31775403259443513
34.0	0.4663931504667723
35.0	0.8550541091890826
36.0	0.551329789250965
37.0	0.43719618088470613
38.0	0.14333057794832516
39.0	1.0165853954483062
40.0	0.5308539924012043
41.0	1.177737500284386
42.0	1.0298567452583363
43.0	1.935721165148677
44.0	2.1890143558086805
45.0	40.90154175166651
46.0	6.174211113049149
47.0	13.343394280427411
48.0	0.293865602936381
49.0	0.2582225491608715
50.0	0.29917414286039296
51.0	0.409136755572071
52.0	0.23281739381024244
53.0	0.1683565518758105
54.0	0.22637130961679924
55.0	0.37083943183455553
56.0	0.1634271933749422
57.0	0.1748026360692537
58.0	0.1619104676823673
59.0	0.07242365182045
60.0	0.14067630798631914
61.0	0.11110015698110919
62.0	0.0546021249326953
63.0	0.16987327756838536
64.0	0.23471330092596104
65.0	0.07469874035931232
66.0	0.0743195589361686
67.0	0.18959071157185867
68.0	0.15015584356491204
69.0	0.11185851982739661
70.0	0.08076564312961179
71.0	0.0546021249326953
72.0	0.26277272623859615
73.0	0.013650531233173824
74.0	0.049293585008683256
75.0	0.013271349810030107
76.0	0.013271349810030107
77.0	0.013271349810030107
78.0	0.3169956697481477
79.0	0.7697382889817462
80.0	0.23660920804167962
81.0	0.01440889407946126
82.0	0.014788075502604976
83.0	0.013650531233173824
84.0	0.06484002335757566
85.0	0.09327863009335446
86.0	0.16608146333694818
87.0	0.012133805540598955
88.0	0.053843762086407856
89.0	0.01289216838688639
90.0	0.01289216838688639
91.0	0.013271349810030107
92.0	0.014029712656317542
93.0	0.014029712656317542
94.0	0.051947854970689274
95.0	0.051947854970689274
96.0	0.014788075502604976
97.0	0.015167256925748693
98.0	0.015167256925748693
99.0	0.01554643834889241
100.0	0.13915958229374426
101.0	0.016304801195179845
102.0	0.016683982618323562
103.0	0.017063164041467283
104.0	0.017821526887754714
105.0	0.017442345464610997
106.0	0.01820070831089843
107.0	0.061427390549282215
108.0	0.10237898424880368
109.0	0.020096615426617018
110.0	0.10313734709509112
111.0	0.06256493481871336
112.0	0.021992522542335604
113.0	0.022371703965479325
114.0	0.021992522542335604
115.0	0.02161334111919189
116.0	0.021992522542335604
117.0	0.022371703965479325
118.0	0.022750885388623042
119.0	0.023509248234910476
120.0	0.02388842965805419
121.0	0.025405155350629066
122.0	0.026542699620060214
123.0	0.026542699620060214
124.0	0.026163518196916497
125.0	0.026921881043203928
126.0	0.02730106246634765
127.0	0.0284386067357788
128.0	0.028059425312635083
129.0	0.028059425312635083
130.0	0.0284386067357788
131.0	0.02881778815892252
132.0	0.0284386067357788
133.0	0.02919696958206624
134.0	0.02995533242835367
135.0	0.0284386067357788
136.0	0.028059425312635083
137.0	0.029576151005209952
138.0	0.02919696958206624
139.0	0.02881778815892252
140.0	0.0284386067357788
141.0	0.02881778815892252
142.0	0.029576151005209952
143.0	0.02919696958206624
144.0	0.029576151005209952
145.0	0.030713695274641108
146.0	0.030334513851497387
147.0	0.030334513851497387
148.0	0.03147205812092854
149.0	0.03147205812092854
150.0	0.031851239544072256
151.0	0.03223042096721597
152.0	0.03260960239035969
153.0	0.03260960239035969
154.0	0.03374714665979084
155.0	0.034126328082934566
156.0	0.034126328082934566
157.0	0.03298878381350341
158.0	0.03260960239035969
159.0	0.03223042096721597
160.0	0.03260960239035969
161.0	0.03298878381350341
162.0	0.033367965236647125
163.0	0.033367965236647125
164.0	0.03374714665979084
165.0	0.03374714665979084
166.0	0.033367965236647125
167.0	0.034884690929221994
168.0	0.03602223519865315
169.0	0.03564305377550943
170.0	0.03564305377550943
171.0	0.034884690929221994
172.0	0.034884690929221994
173.0	0.035263872352365715
174.0	0.034126328082934566
175.0	0.03374714665979084
176.0	0.034126328082934566
177.0	0.03374714665979084
178.0	0.034884690929221994
179.0	0.03374714665979084
180.0	0.033367965236647125
181.0	0.034126328082934566
182.0	0.033367965236647125
183.0	0.03298878381350341
184.0	0.03374714665979084
185.0	0.03374714665979084
186.0	0.03374714665979084
187.0	0.03374714665979084
188.0	0.03260960239035969
189.0	0.03223042096721597
190.0	0.03298878381350341
191.0	0.031851239544072256
192.0	0.03109287669778482
193.0	0.030713695274641108
194.0	0.02995533242835367
195.0	0.02995533242835367
196.0	0.030713695274641108
197.0	0.031851239544072256
198.0	0.035263872352365715
199.0	0.03829732373751545
200.0	0.03109287669778482
201.0	0.016304801195179845
202.0	0.015925619772036128
203.0	0.016304801195179845
204.0	0.01554643834889241
205.0	0.01554643834889241
206.0	0.015167256925748693
207.0	0.015167256925748693
208.0	0.015167256925748693
209.0	0.01554643834889241
210.0	0.015167256925748693
211.0	0.014029712656317542
212.0	0.013271349810030107
213.0	0.013271349810030107
214.0	0.01289216838688639
215.0	0.013271349810030107
216.0	0.013650531233173824
217.0	0.016304801195179845
218.0	0.02161334111919189
219.0	0.024646792504341628
220.0	0.014029712656317542
