#Position (bp)	Coverage
38.0	52.81333333333333
113.0	274.41333333333336
188.0	405.18666666666667
263.0	438.88
338.0	593.3466666666667
413.0	1464.8133333333333
488.0	1945.9333333333334
563.0	1734.28
638.0	1243.08
713.0	756.3866666666667
788.0	839.16
863.0	888.5866666666667
938.0	676.4133333333333
1013.0	705.84
1088.0	914.3466666666667
1163.0	786.5733333333334
1238.0	582.16
1313.0	216.37333333333333
1388.0	27.546666666666667
1463.0	30.666666666666668
1538.0	30.786666666666665
1613.0	13.8
1688.0	1.8666666666666667
1763.0	2.08
1838.0	1.8
1913.0	71.73333333333333
1988.0	141.33333333333334
2063.0	147.58666666666667
2138.0	143.45333333333335
2213.0	66.24
2288.0	2.0933333333333333
2363.0	0.0
2438.0	0.0
2513.0	1.4
2588.0	4.333333333333333
2663.0	8.24
2738.0	10.066666666666666
2813.0	10.653333333333334
2888.0	52.38666666666666
2963.0	77.30666666666667
3038.0	64.41333333333333
3113.0	54.586666666666666
3188.0	336.73333333333335
3263.0	687.5866666666667
3338.0	779.4933333333333
3413.0	713.7066666666667
3488.0	338.38666666666666
3563.0	114.74666666666667
3638.0	152.78666666666666
3713.0	130.49333333333334
3788.0	110.93333333333334
3863.0	140.65333333333334
3938.0	175.61333333333334
4013.0	225.52
4088.0	525.9066666666666
4163.0	1245.7066666666667
4238.0	1457.84
4313.0	1282.9466666666667
4388.0	1496.4533333333334
4463.0	1360.4133333333334
4538.0	1185.3066666666666
4613.0	752.5733333333334
4688.0	110.66666666666667
4763.0	0.0
4838.0	0.0
4913.0	1.84
4988.0	52.13333333333333
5063.0	97.45333333333333
5138.0	91.08
5213.0	89.21333333333334
5288.0	480.6666666666667
5363.0	1262.04
5438.0	1601.12
5513.0	1555.32
5588.0	1014.0533333333333
5663.0	730.3066666666666
5738.0	864.2266666666667
5813.0	886.32
5888.0	568.56
5963.0	147.77333333333334
6038.0	120.53333333333333
6113.0	112.34666666666666
6188.0	473.68
6263.0	1315.9733333333334
6338.0	1734.9466666666667
6413.0	1647.3866666666668
6488.0	867.2666666666667
6563.0	87.38666666666667
6638.0	26.053333333333335
6713.0	29.68
6788.0	53.2
6863.0	47.61333333333334
6938.0	43.973333333333336
7013.0	43.68
7088.0	44.413333333333334
7163.0	52.54666666666667
7238.0	47.96
7313.0	57.76
7388.0	149.92
7463.0	227.05333333333334
7538.0	240.73333333333332
7613.0	170.30666666666667
7688.0	133.49333333333334
7763.0	194.32
7838.0	208.0
7913.0	197.29333333333332
7988.0	287.46666666666664
8063.0	376.68
8138.0	338.1066666666667
8213.0	363.36
8288.0	201.66666666666666
8363.0	4.44
8438.0	0.0
8513.0	0.0
8588.0	2.986666666666667
8663.0	58.626666666666665
8738.0	114.93333333333334
8813.0	114.13333333333334
8888.0	96.41333333333333
8963.0	38.373333333333335
9038.0	0.0
9113.0	0.0
9188.0	0.0
9263.0	0.0
9338.0	0.0
9413.0	0.0
9488.0	140.73333333333332
9563.0	750.88
9638.0	1033.1466666666668
9713.0	889.7333333333333
9788.0	528.1333333333333
9863.0	69.34666666666666
9938.0	3.0
10013.0	2.6933333333333334
10088.0	252.16
10163.0	1253.1733333333334
10238.0	1838.1466666666668
10313.0	1778.72
10388.0	1062.88
10463.0	112.6
10538.0	0.0
10613.0	0.0
10688.0	183.84
10763.0	606.4133333333333
10838.0	819.88
10913.0	816.48
10988.0	627.9333333333333
11063.0	840.72
11138.0	1208.0266666666666
11213.0	1187.4533333333334
11288.0	997.4266666666666
11363.0	428.37333333333333
11438.0	110.62666666666667
11513.0	109.36
11588.0	120.30666666666667
11663.0	87.28
11738.0	48.89333333333333
11813.0	56.17333333333333
11888.0	239.73333333333332
11963.0	663.5466666666666
12038.0	783.7066666666667
12113.0	713.5066666666667
12188.0	534.6933333333334
12263.0	259.0
12338.0	213.30666666666667
12413.0	249.33333333333334
12488.0	971.1466666666666
12563.0	1529.2
12638.0	1551.8133333333333
12713.0	1179.4133333333334
12788.0	294.84
12863.0	2.0
12938.0	0.5066666666666667
13013.0	128.96
13088.0	503.26666666666665
13163.0	641.08
13238.0	706.5066666666667
13313.0	542.64
13388.0	381.46666666666664
13463.0	436.9066666666667
13538.0	456.9866666666667
13613.0	588.7333333333333
13688.0	1197.3733333333332
13763.0	1563.7333333333333
13838.0	1644.9333333333334
13913.0	1194.88
13988.0	770.6533333333333
14063.0	1046.0933333333332
14138.0	1013.6666666666666
14213.0	670.4
14288.0	148.48
14363.0	1.5333333333333334
14438.0	1.2533333333333334
14513.0	2.533333333333333
14588.0	201.02666666666667
14663.0	412.74666666666667
14738.0	406.1066666666667
14813.0	368.73333333333335
14888.0	170.49333333333334
14963.0	1.6666666666666667
15038.0	1.5866666666666667
15113.0	0.3466666666666667
15188.0	49.06666666666667
15263.0	164.13333333333333
15338.0	222.56
15413.0	214.02666666666667
15488.0	106.29333333333334
15563.0	11.853333333333333
15638.0	0.0
15713.0	0.0
15788.0	0.0
15863.0	321.6933333333333
15938.0	800.36
16013.0	961.2666666666667
16088.0	875.0933333333334
16163.0	405.41333333333336
16238.0	26.173333333333332
16313.0	29.226666666666667
16388.0	27.573333333333334
16463.0	17.226666666666667
16538.0	7.613333333333333
16613.0	4.586666666666667
16688.0	5.72
16763.0	80.96
16838.0	337.8666666666667
16913.0	439.3333333333333
16988.0	479.0133333333333
17063.0	553.0533333333333
17138.0	1300.4266666666667
17213.0	2139.133333333333
17288.0	2321.1866666666665
17363.0	1738.68
17438.0	626.92
17513.0	352.04
17588.0	384.7866666666667
17663.0	317.88
17738.0	193.90666666666667
17813.0	158.84
17888.0	162.77333333333334
17963.0	127.33333333333333
18038.0	39.49333333333333
18113.0	1.0
18188.0	0.52
18263.0	83.82666666666667
18338.0	450.05333333333334
18413.0	676.0
18488.0	686.0133333333333
18563.0	592.36
18638.0	230.08
18713.0	0.0
18788.0	0.0
18863.0	0.0
18938.0	354.8
19013.0	734.9733333333334
19088.0	756.9866666666667
19163.0	790.64
19238.0	442.0933333333333
19313.0	22.906666666666666
19388.0	0.0
19463.0	0.0
19538.0	2.24
19613.0	58.733333333333334
19688.0	102.25333333333333
19763.0	103.50666666666666
19838.0	90.46666666666667
19913.0	53.693333333333335
19988.0	35.93333333333333
20063.0	27.533333333333335
20138.0	31.933333333333334
20213.0	17.32
20288.0	1.32
20363.0	4.426666666666667
20438.0	4.36
20513.0	353.3066666666667
20588.0	720.0933333333334
20663.0	761.5066666666667
20738.0	905.88
20813.0	642.44
20888.0	263.7733333333333
20963.0	259.3333333333333
21038.0	238.41333333333333
21113.0	132.58666666666667
21188.0	5.76
21263.0	2.1733333333333333
21338.0	5.693333333333333
21413.0	17.293333333333333
21488.0	32.88
21563.0	34.986666666666665
21638.0	34.45333333333333
21713.0	123.41333333333333
21788.0	208.04
21863.0	219.85333333333332
21938.0	156.82666666666665
22013.0	63.57333333333333
22088.0	38.52
22163.0	44.21333333333333
22238.0	31.44
22313.0	19.6
22388.0	13.866666666666667
22463.0	20.186666666666667
22538.0	68.84
22613.0	155.92
22688.0	189.22666666666666
22763.0	207.92
22838.0	308.3466666666667
22913.0	477.3466666666667
22988.0	578.64
23063.0	579.3333333333334
23138.0	777.6933333333334
23213.0	1608.7733333333333
23288.0	2163.92
23363.0	2156.4933333333333
23438.0	1446.52
23513.0	532.8533333333334
23588.0	393.76
23663.0	463.53333333333336
23738.0	390.81333333333333
23813.0	108.68
23888.0	6.973333333333334
23963.0	12.226666666666667
24038.0	11.693333333333333
24113.0	345.61333333333334
24188.0	925.16
24263.0	1157.7333333333333
24338.0	1166.0266666666666
24413.0	639.44
24488.0	126.72
24563.0	133.08
24638.0	133.76
24713.0	502.56
24788.0	1614.08
24863.0	2078.3333333333335
24938.0	1919.8666666666666
25013.0	1217.5466666666666
25088.0	385.81333333333333
25163.0	339.14666666666665
25238.0	353.94666666666666
25313.0	424.6933333333333
25388.0	654.4666666666667
25463.0	674.2533333333333
25538.0	600.9066666666666
25613.0	360.82666666666665
25688.0	26.906666666666666
25763.0	5.96
25838.0	6.48
25913.0	13.013333333333334
25988.0	35.88
26063.0	74.17333333333333
26138.0	88.16
26213.0	70.56
26288.0	66.73333333333333
26363.0	61.13333333333333
26438.0	64.66666666666667
26513.0	115.54666666666667
26588.0	726.0
26663.0	1167.2
26738.0	1101.0666666666666
26813.0	904.0533333333333
26888.0	875.44
26963.0	1181.1866666666667
27038.0	1441.0133333333333
27113.0	1224.1866666666667
27188.0	1484.36
27263.0	2266.9733333333334
27338.0	2403.88
27413.0	2004.68
27488.0	781.08
27563.0	2.973333333333333
27638.0	0.88
27713.0	1.7866666666666666
27788.0	10.173333333333334
27863.0	44.78666666666667
27938.0	57.333333333333336
28013.0	49.013333333333335
28088.0	183.38666666666666
28163.0	775.6933333333334
28238.0	1160.08
28313.0	1128.6933333333334
28388.0	752.4666666666667
28463.0	362.49333333333334
28538.0	380.36
28613.0	324.36
28688.0	219.77333333333334
28763.0	70.46666666666667
28838.0	13.0
28913.0	8.813333333333333
28988.0	35.46666666666667
29063.0	196.49333333333334
29138.0	310.8933333333333
29213.0	290.14666666666665
29288.0	204.84
29363.0	65.25333333333333
29438.0	2.0933333333333333
29513.0	22.773333333333333
29588.0	58.666666666666664
29663.0	76.88
29738.0	59.17333333333333
29813.0	21.48
29877.0	0.2641509433962264
