#Read position (bp)	Clipping profile
0.0	14.392739819913503
1.0	14.392739819913503
2.0	10.769739796280103
3.0	6.827688889939262
4.0	3.377212676955073
5.0	1.6661546096944202
6.0	0.0
7.0	0.0
8.0	0.0
9.0	0.0
10.0	0.0
11.0	0.0
12.0	0.0
13.0	0.0
14.0	0.0
15.0	0.0
16.0	0.0
17.0	0.0
18.0	0.0
19.0	0.0
20.0	0.0
21.0	0.0
22.0	0.0
23.0	0.0
24.0	0.0
25.0	0.0
26.0	0.0
27.0	0.0
28.0	0.0
29.0	0.0
30.0	2.6398506369200954
31.0	4.580152671755725
32.0	7.631224446387636
33.0	10.474322312291731
34.0	12.773852007657222
35.0	10.474322312291731
