# Position (bp)	A	C	G	T	N
0.0	26.076785971419003	23.808127186368356	23.96003632716908	26.15505051504356	0.0
1.0	26.20456098489675	19.81276154053993	15.678184406659765	38.30449306790355	0.0
2.0	28.526497134229743	18.821593377727925	18.579335217027076	34.072574271015256	0.0
3.0	22.844123920441287	22.16917555017297	15.323946637068964	39.66275389231678	0.0
4.0	34.16360987717171	13.255898345998132	14.648356052064699	37.93213572476546	0.0
5.0	34.98315842060047	14.86995083772665	22.89257910811537	27.25431163355751	0.0
6.0	30.86071161293191	17.38286826920075	20.815931864391064	30.94048825347627	0.0
7.0	34.54954865457339	17.11713220385808	20.06356964513965	28.26974949642888	0.0
8.0	22.15918240296854	27.10741557555648	22.506123746512372	28.227278274962604	0.0
9.0	28.03842373014454	18.30074431075802	15.60153687351637	38.05929508558108	0.0
10.0	25.97936895844746	16.113112149948293	25.56469505208851	32.34282383951574	0.0
11.0	28.091065716386094	17.763822542388436	19.462415949272955	34.68269579195251	0.0
12.0	26.26056458624856	19.15828642955066	21.549627182338632	33.031521801862155	0.0
13.0	26.140719863077855	20.616537568912843	18.82190375902005	34.42083880898925	0.0
14.0	30.761369259312872	17.95673593194008	20.68189537641764	30.599999432329405	0.0
15.0	29.921396545346003	18.06808451858222	19.956923263235478	32.0535956728363	0.0
16.0	29.664639136535186	17.555014376257745	18.80675641538728	33.97359007181979	0.0
17.0	30.262017822964353	17.744266290490287	19.746752687683724	32.246963198861636	0.0
18.0	30.66701294572785	17.33553400299541	18.880761738245198	33.116691313031545	0.0
19.0	29.817531749343157	18.009898282891072	19.812791699899048	32.35977826786672	0.0
20.0	29.934036677196957	17.60077808715825	19.880136354476225	32.58504888116857	0.0
21.0	28.890563517135607	18.21168625603268	19.702710910912614	33.19503931591909	0.0
22.0	29.811675281067902	18.615773105848803	22.50638865945536	29.066162953627934	0.0
23.0	29.58979176896564	20.307582849157622	21.162560989109238	28.9400643927675	0.0
24.0	31.978994295856666	19.381948642841532	18.331947270970932	30.307109790330866	0.0
25.0	29.148418422424506	21.03935754826856	19.310346458823542	30.501877570483398	0.0
26.0	32.3773760562221	16.58076864490407	21.584699763754422	29.457155535119416	0.0
27.0	26.31717080545834	20.98485171024958	25.048540566213575	27.649436918078514	0.0
28.0	26.278730045196042	19.42332236782973	18.423238163358565	35.87470942361566	0.0
29.0	27.941692661249196	19.549420928690168	17.37945278447156	35.12943362558907	0.0
30.0	26.463462533730386	19.119924467061516	16.497242458059034	37.919370541149064	0.0
31.0	34.20062395118056	14.110498304182483	17.774012467600116	33.91486527703684	0.0
32.0	34.3520797161911	15.54441952919379	22.361818775805688	27.741681978809424	0.0
33.0	30.929066936295502	17.720500100016878	20.872115919561427	30.478317044126197	0.0
34.0	33.27073535001845	16.276102376955258	21.516287782385476	28.936874490640818	0.0
35.0	25.846894179067426	20.338664323493223	25.53804714351329	28.276394353926065	0.0
