#Read position (bp)	Clipping profile
0.0	34.72224165186128
1.0	0.08043870570625183
2.0	0.08043870570625183
3.0	0.08043870570625183
4.0	0.07973923870011052
5.0	0.07973923870011052
6.0	0.07834030468782788
7.0	0.07764083768168654
8.0	0.07764083768168654
9.0	0.07694137067554524
10.0	0.07624190366940392
11.0	0.07624190366940392
12.0	0.07554243666326259
13.0	0.07554243666326259
14.0	0.07414350265097995
15.0	0.07344403564483863
16.0	0.07274456863869731
17.0	0.07064616762027334
18.0	0.06994670061413204
19.0	0.06994670061413204
20.0	0.06994670061413204
21.0	0.06784829959570807
22.0	0.06574989857728411
23.0	0.06574989857728411
24.0	0.06574989857728411
25.0	0.06505043157114279
26.0	0.06505043157114279
27.0	0.06435096456500147
28.0	0.06365149755886014
29.0	0.06365149755886014
30.0	0.06505043157114279
31.0	0.06505043157114279
32.0	0.9449799252969238
33.0	44.5322664129933
34.0	0.06644936558342543
35.0	4.233873788173412
36.0	0.06784829959570807
37.0	0.06784829959570807
38.0	0.06574989857728411
39.0	0.06714883258956675
40.0	0.06644936558342543
41.0	0.06365149755886014
42.0	0.06435096456500147
43.0	0.06505043157114279
44.0	0.06435096456500147
45.0	0.06435096456500147
46.0	0.06435096456500147
47.0	0.06574989857728411
48.0	0.06644936558342543
49.0	0.06644936558342543
50.0	0.06784829959570807
51.0	0.06854776660184939
52.0	0.06854776660184939
53.0	0.06784829959570807
54.0	0.06854776660184939
55.0	0.07064616762027334
56.0	0.06994670061413204
57.0	0.06854776660184939
58.0	0.06854776660184939
59.0	0.06784829959570807
60.0	0.06854776660184939
61.0	0.06924723360799072
62.0	0.06854776660184939
63.0	0.06644936558342543
64.0	0.06574989857728411
65.0	0.06295203055271882
66.0	0.06365149755886014
67.0	0.062252563546577516
68.0	0.062252563546577516
69.0	0.062252563546577516
70.0	0.062252563546577516
71.0	0.062252563546577516
72.0	0.06155309654043619
73.0	0.06155309654043619
74.0	0.06365149755886014
75.0	0.06365149755886014
76.0	0.06365149755886014
77.0	0.06365149755886014
78.0	0.06435096456500147
79.0	0.06435096456500147
80.0	0.06435096456500147
81.0	0.06295203055271882
82.0	0.06365149755886014
83.0	0.06365149755886014
84.0	0.06365149755886014
85.0	0.06365149755886014
86.0	0.06295203055271882
87.0	0.06365149755886014
88.0	0.06365149755886014
89.0	0.06365149755886014
90.0	0.06365149755886014
91.0	0.06435096456500147
92.0	0.06365149755886014
93.0	0.062252563546577516
94.0	0.06155309654043619
95.0	0.062252563546577516
96.0	0.06295203055271882
97.0	0.06155309654043619
98.0	0.06505043157114279
99.0	0.06505043157114279
100.0	0.06574989857728411
101.0	0.06365149755886014
102.0	0.06365149755886014
103.0	0.062252563546577516
104.0	0.06295203055271882
105.0	0.062252563546577516
106.0	0.062252563546577516
107.0	0.062252563546577516
108.0	0.06155309654043619
109.0	0.06155309654043619
110.0	0.062252563546577516
111.0	0.060853629534294865
112.0	0.060154162528153546
113.0	0.05945469552201223
114.0	0.060853629534294865
115.0	0.060154162528153546
116.0	0.05945469552201223
117.0	0.05945469552201223
118.0	0.0587552285158709
119.0	0.060154162528153546
120.0	0.060853629534294865
121.0	0.060853629534294865
122.0	0.06155309654043619
123.0	0.06295203055271882
124.0	0.06295203055271882
125.0	0.06435096456500147
126.0	0.06574989857728411
127.0	0.06505043157114279
128.0	0.06505043157114279
129.0	0.06574989857728411
130.0	0.06784829959570807
131.0	0.06644936558342543
132.0	0.06644936558342543
133.0	0.06644936558342543
134.0	0.06854776660184939
135.0	0.06854776660184939
136.0	0.06854776660184939
137.0	0.06924723360799072
138.0	0.06994670061413204
139.0	0.06994670061413204
140.0	0.07064616762027334
141.0	0.06854776660184939
142.0	0.06854776660184939
143.0	0.06854776660184939
144.0	0.06924723360799072
145.0	0.06994670061413204
146.0	0.07064616762027334
147.0	0.07064616762027334
148.0	0.07134563462641468
149.0	0.07274456863869731
150.0	0.072045101632556
151.0	0.072045101632556
152.0	0.072045101632556
153.0	0.072045101632556
154.0	0.07064616762027334
155.0	0.07064616762027334
156.0	0.07064616762027334
157.0	0.07064616762027334
158.0	0.06924723360799072
159.0	0.06714883258956675
160.0	0.06714883258956675
161.0	0.06714883258956675
162.0	0.06714883258956675
163.0	0.06644936558342543
164.0	0.06784829959570807
165.0	0.06784829959570807
166.0	0.06784829959570807
167.0	0.06714883258956675
168.0	0.06574989857728411
169.0	0.06714883258956675
170.0	0.06714883258956675
171.0	0.06714883258956675
172.0	0.06854776660184939
173.0	0.06854776660184939
174.0	0.06714883258956675
175.0	0.06574989857728411
176.0	0.06505043157114279
177.0	0.06505043157114279
178.0	0.06435096456500147
179.0	0.06435096456500147
180.0	0.06435096456500147
181.0	0.06365149755886014
182.0	0.06365149755886014
183.0	0.06365149755886014
184.0	0.06365149755886014
185.0	0.06365149755886014
186.0	0.06365149755886014
187.0	0.06365149755886014
188.0	0.06365149755886014
189.0	0.06365149755886014
190.0	0.062252563546577516
191.0	0.062252563546577516
192.0	0.06155309654043619
193.0	0.06155309654043619
194.0	0.06155309654043619
195.0	0.06155309654043619
196.0	0.06155309654043619
197.0	0.06155309654043619
198.0	0.06155309654043619
199.0	0.060853629534294865
200.0	0.060853629534294865
201.0	0.060853629534294865
202.0	0.060853629534294865
203.0	0.060154162528153546
204.0	0.05805576150972959
205.0	0.05805576150972959
206.0	0.05735629450358827
207.0	0.056656827497446945
208.0	0.056656827497446945
209.0	0.056656827497446945
210.0	0.056656827497446945
211.0	0.055957360491305626
212.0	0.055957360491305626
213.0	0.05455842647902299
214.0	0.05455842647902299
215.0	0.05315949246674034
216.0	0.05315949246674034
217.0	0.05315949246674034
218.0	0.052460025460599025
219.0	0.05106109144831639
220.0	0.05106109144831639
221.0	0.05106109144831639
222.0	0.05106109144831639
223.0	0.05106109144831639
224.0	0.04966215743603374
225.0	0.04966215743603374
226.0	0.04966215743603374
227.0	0.04896269042989242
228.0	0.04966215743603374
229.0	0.04966215743603374
230.0	0.048263223423751105
231.0	0.04756375641760978
232.0	0.04756375641760978
233.0	0.04686428941146846
234.0	0.04686428941146846
235.0	0.04616482240532714
236.0	0.04546535539918582
237.0	0.04546535539918582
238.0	0.04546535539918582
239.0	0.044765888393044496
240.0	0.044765888393044496
241.0	0.044066421386903185
242.0	0.04336695438076186
243.0	0.044066421386903185
244.0	0.044066421386903185
245.0	0.04336695438076186
246.0	0.04336695438076186
247.0	0.04266748737462054
248.0	0.04196802036847922
249.0	0.04196802036847922
250.0	0.04056908635619658
