# Position (bp)	A	C	G	T	N
0.0	26.19166358167843	24.138579089878828	24.151287823019544	25.518469505423198	0.0
1.0	26.744238163928475	20.580474222973024	15.915603232216638	36.75968438088187	0.0
2.0	28.701123428521026	19.59904233252696	18.147594408567443	33.55223983038457	0.0
3.0	23.109793227233126	22.671210105204658	15.387029933812016	38.8319667337502	0.0
4.0	34.24910808248507	13.19911760836826	15.271734323117958	37.280039986028704	0.0
5.0	34.91709448069936	15.012583905102458	23.284214268108823	26.78610734608935	0.0
6.0	31.462872995219126	17.43554718862624	21.257993931535392	29.843585884619237	0.0
7.0	35.15974965918212	17.203639378039778	20.402629261711713	27.233981701066394	0.0
8.0	22.93428362199098	27.01532536043644	22.55978432559443	27.490606691978154	0.0
9.0	27.761092578737472	18.704244339531854	15.873801220297398	37.660861861433276	0.0
10.0	26.654545232936037	16.571848974059858	25.30563062753434	31.46797516546976	0.0
11.0	28.34774294869442	18.261290925605962	19.82458171770514	33.56638440799448	0.0
12.0	25.956043952929075	19.71430397681574	21.30317648364379	33.02647558661139	0.0
13.0	26.785061582486293	20.95663991475974	19.197709238939026	33.06058926381495	0.0
14.0	31.00957351384056	18.243121530435648	20.386288144214543	30.361016811509252	0.0
15.0	29.699506265819387	18.631056541825536	20.37358940936852	31.29584778298656	0.0
16.0	30.10704211458879	17.66946752192268	19.046897589947363	33.17659277354117	0.0
17.0	30.590345191580116	17.878089594393053	19.705772014341065	31.825793199685766	0.0
18.0	31.95252543963346	17.69409966607713	19.28271706439265	31.070657829896764	0.0
19.0	30.36838661298239	18.436352055983278	20.012610864136153	31.18265046689818	0.0
20.0	29.69764964275596	18.090297358734013	20.037101281339194	32.17495171717083	0.0
21.0	29.472275444629336	18.429974343169985	20.45332499222982	31.644425219970856	0.0
22.0	29.79046662323208	19.215680216377372	22.70182307629403	28.29203008409652	0.0
23.0	29.877274380968565	20.332970465095414	21.418995748333185	28.370759405602836	0.0
24.0	32.807479101298064	19.562542757249652	18.07055479440309	29.559423347049197	0.0
25.0	29.413983149515836	21.183133755802476	19.938445150465125	29.464437944216552	0.0
26.0	32.31897464519012	16.75668926408422	22.17078636206899	28.75354972865666	0.0
27.0	26.249489605816244	21.092215916475205	25.16182028994216	27.496474187766385	0.0
28.0	26.94756570496899	19.764007618674	19.124875758611225	34.16355091774579	0.0
29.0	27.885585532852946	20.38056237537772	17.63416333832732	34.09968875344202	0.0
30.0	26.646452862113986	19.12791723027805	16.389440391049508	37.83618951655846	0.0
31.0	34.5900451707053	14.630801851638328	18.519433323076225	32.259719654580145	0.0
32.0	34.51982001740499	15.720018595543065	22.68072453766824	27.079436849383704	0.0
33.0	31.591399562791832	18.007957369218058	20.99180333002371	29.408839737966396	0.0
34.0	33.68311460416744	16.974900800873396	21.731006402050255	27.61097819290891	0.0
35.0	26.668048219422896	20.474854224976173	25.703849624041926	27.15324793155901	0.0
