#GC Content (%)	Sample
1.0	0.0
2.0	0.0
3.0	3.953491130342649E-6
4.0	0.0
5.0	0.0
6.0	0.0
7.0	0.0
8.0	0.0
9.0	0.0
10.0	0.0
11.0	0.0
12.0	0.0
13.0	0.0
14.0	3.162792904274119E-5
15.0	4.744189356411178E-5
16.0	0.0
17.0	2.965118347756987E-4
18.0	2.1348852103850305E-4
19.0	7.116284034616767E-5
20.0	0.0029097694719321895
21.0	5.29767811465915E-4
22.0	8.262796462416137E-4
23.0	0.007563028532345488
24.0	0.0012018613036241653
25.0	0.013793730553765503
26.0	0.008361633740674702
27.0	0.0033051185849664543
28.0	0.03558142017308384
29.0	0.01280535777117984
30.0	0.0075432610766937745
31.0	0.06767586116920549
32.0	0.016347685823966854
33.0	0.010109076820286153
34.0	0.07940982284406245
35.0	0.02157815458941018
36.0	0.03609932751115873
37.0	0.08682657220458526
38.0	0.022938155538248052
39.0	0.09848541754796572
40.0	0.033814209637820676
41.0	0.014406521678968612
42.0	0.10656239992725575
43.0	0.027397693533274557
44.0	0.009867913861335252
45.0	0.0796074974005796
46.0	0.02302908583424593
47.0	0.012137217770151934
48.0	0.04779375427471229
49.0	0.015197219905037144
50.0	0.023206992935111352
51.0	0.017059314227428533
52.0	0.00974140214516429
53.0	0.017399314464637997
54.0	0.0018106989376969332
55.0	0.0050090732621441356
56.0	0.012908148540568749
57.0	9.290704156305226E-4
58.0	0.0015655824876156894
59.0	0.002419536571769701
60.0	4.7837242677146053E-4
61.0	9.844192914553196E-4
62.0	0.0013916288778806124
63.0	2.9255834364535604E-4
64.0	3.1627929042741187E-4
65.0	4.348840243376913E-5
66.0	3.9534911303426484E-5
67.0	1.1860473391027948E-5
68.0	0.0
69.0	0.0
70.0	0.0
71.0	0.0
72.0	3.953491130342649E-6
73.0	0.0
74.0	0.0
75.0	0.0
76.0	0.0
77.0	0.0
78.0	0.0
79.0	0.0
80.0	0.0
81.0	0.0
82.0	0.0
83.0	0.0
84.0	0.0
85.0	0.0
86.0	0.0
87.0	0.0
88.0	0.0
89.0	0.0
90.0	0.0
91.0	0.0
92.0	0.0
93.0	0.0
94.0	0.0
95.0	0.0
96.0	0.0
97.0	0.0
98.0	0.0
99.0	0.0
100.0	1.9767455651713245E-5
