#Read position (bp)	Clipping profile
0.0	35.783936590864364
1.0	0.08409225098853125
2.0	0.0679894795226423
3.0	0.060832692204469414
4.0	0.0590434953749262
5.0	0.05725429854538298
6.0	0.05725429854538298
7.0	0.05725429854538298
8.0	0.05546510171583976
9.0	0.05546510171583976
10.0	0.05546510171583976
11.0	0.05546510171583976
12.0	0.05546510171583976
13.0	0.05367590488629654
14.0	0.05188670805675332
15.0	0.04830831439766689
16.0	0.04830831439766689
17.0	0.04830831439766689
18.0	0.04830831439766689
19.0	0.04830831439766689
20.0	0.04830831439766689
21.0	0.04651911756812367
22.0	0.04651911756812367
23.0	0.04651911756812367
24.0	0.04651911756812367
25.0	0.04651911756812367
26.0	0.04472992073858045
27.0	0.04472992073858045
28.0	0.04472992073858045
29.0	0.04472992073858045
30.0	0.04472992073858045
31.0	13.522749637687642
32.0	0.9500635164874488
33.0	0.04472992073858045
34.0	0.04472992073858045
35.0	0.51707788373799
36.0	0.5045535059311875
37.0	5.2101411676298515
38.0	0.960798697464708
39.0	0.023259558784061836
40.0	0.5761213791129163
41.0	0.0196811651249754
42.0	8.300084092250987
43.0	0.7317815032831761
44.0	0.0196811651249754
45.0	6.314075611458017
46.0	1.0788856882145603
47.0	0.0196811651249754
48.0	1.1110912311463383
49.0	8.144423968080728
50.0	0.6584244332719043
51.0	0.0196811651249754
52.0	0.44193161689717486
53.0	0.7443058810899787
54.0	0.7264139127945465
55.0	0.0196811651249754
56.0	1.0663613104077578
57.0	0.0196811651249754
58.0	0.0196811651249754
59.0	0.0196811651249754
60.0	0.0196811651249754
61.0	0.0196811651249754
62.0	0.14671414002254388
63.0	0.016102771465888965
64.0	3.4048415666207443
65.0	0.016102771465888965
66.0	0.016102771465888965
67.0	0.016102771465888965
68.0	0.6602136301014474
69.0	0.5260238678857061
70.0	0.4276180422608291
71.0	0.014313574636345744
72.0	0.4222504517721995
73.0	0.014313574636345744
74.0	0.014313574636345744
75.0	0.2612227371133098
76.0	0.014313574636345744
77.0	0.014313574636345744
78.0	0.014313574636345744
79.0	0.014313574636345744
80.0	0.014313574636345744
81.0	0.014313574636345744
82.0	0.014313574636345744
83.0	0.014313574636345744
84.0	0.014313574636345744
85.0	0.014313574636345744
86.0	0.014313574636345744
87.0	0.014313574636345744
88.0	0.014313574636345744
89.0	0.014313574636345744
90.0	0.014313574636345744
91.0	0.014313574636345744
92.0	0.014313574636345744
93.0	0.2773255085791988
94.0	0.014313574636345744
95.0	0.09124903830670411
96.0	0.012524377806802527
97.0	0.012524377806802527
98.0	0.012524377806802527
99.0	1.492190155839044
100.0	0.012524377806802527
101.0	0.012524377806802527
102.0	0.012524377806802527
103.0	0.012524377806802527
104.0	0.012524377806802527
105.0	0.012524377806802527
106.0	0.012524377806802527
107.0	0.012524377806802527
108.0	0.012524377806802527
109.0	0.6959975666923118
110.0	0.010735180977259309
111.0	0.010735180977259309
112.0	0.010735180977259309
113.0	0.010735180977259309
114.0	0.010735180977259309
115.0	0.00894598414771609
116.0	0.007156787318172872
117.0	0.007156787318172872
118.0	0.007156787318172872
119.0	0.007156787318172872
120.0	0.007156787318172872
121.0	0.007156787318172872
122.0	0.007156787318172872
123.0	0.007156787318172872
124.0	0.007156787318172872
125.0	0.007156787318172872
126.0	0.007156787318172872
127.0	0.007156787318172872
128.0	0.007156787318172872
129.0	0.007156787318172872
130.0	0.007156787318172872
131.0	0.007156787318172872
132.0	0.007156787318172872
133.0	0.007156787318172872
134.0	0.005367590488629654
135.0	0.005367590488629654
136.0	0.005367590488629654
137.0	0.29700667370417416
138.0	0.005367590488629654
139.0	0.005367590488629654
140.0	0.005367590488629654
141.0	0.005367590488629654
142.0	0.005367590488629654
143.0	0.005367590488629654
144.0	0.003578393659086436
145.0	0.003578393659086436
146.0	0.003578393659086436
147.0	0.003578393659086436
148.0	0.003578393659086436
149.0	0.003578393659086436
150.0	0.005367590488629654
151.0	0.005367590488629654
152.0	0.2719579180905692
153.0	0.003578393659086436
154.0	0.003578393659086436
155.0	0.003578393659086436
156.0	0.003578393659086436
157.0	0.003578393659086436
158.0	0.003578393659086436
159.0	0.003578393659086436
160.0	0.003578393659086436
161.0	0.003578393659086436
162.0	0.003578393659086436
163.0	0.005367590488629654
164.0	0.003578393659086436
165.0	0.001789196829543218
166.0	0.001789196829543218
167.0	0.001789196829543218
168.0	0.001789196829543218
169.0	0.001789196829543218
170.0	0.001789196829543218
171.0	0.001789196829543218
172.0	0.001789196829543218
173.0	0.001789196829543218
174.0	0.001789196829543218
175.0	0.001789196829543218
176.0	0.001789196829543218
177.0	0.001789196829543218
178.0	0.001789196829543218
179.0	0.001789196829543218
180.0	0.001789196829543218
181.0	0.001789196829543218
182.0	0.001789196829543218
183.0	0.001789196829543218
184.0	0.001789196829543218
185.0	0.001789196829543218
186.0	0.001789196829543218
187.0	0.001789196829543218
188.0	0.001789196829543218
189.0	0.001789196829543218
190.0	0.001789196829543218
191.0	0.001789196829543218
192.0	0.001789196829543218
193.0	0.001789196829543218
194.0	0.001789196829543218
195.0	0.001789196829543218
196.0	0.001789196829543218
197.0	0.001789196829543218
198.0	0.001789196829543218
199.0	0.001789196829543218
200.0	0.001789196829543218
201.0	0.001789196829543218
202.0	0.001789196829543218
203.0	0.001789196829543218
204.0	0.001789196829543218
205.0	0.001789196829543218
206.0	0.001789196829543218
207.0	0.001789196829543218
208.0	0.001789196829543218
209.0	0.001789196829543218
210.0	0.001789196829543218
211.0	0.001789196829543218
212.0	0.001789196829543218
213.0	0.001789196829543218
214.0	0.001789196829543218
215.0	0.001789196829543218
216.0	0.001789196829543218
217.0	0.003578393659086436
218.0	0.003578393659086436
219.0	0.003578393659086436
220.0	0.003578393659086436
221.0	0.003578393659086436
222.0	0.003578393659086436
223.0	0.003578393659086436
224.0	0.003578393659086436
225.0	0.003578393659086436
226.0	0.003578393659086436
227.0	0.003578393659086436
228.0	0.003578393659086436
229.0	0.003578393659086436
230.0	0.003578393659086436
231.0	0.003578393659086436
232.0	0.003578393659086436
233.0	0.003578393659086436
234.0	0.003578393659086436
235.0	0.001789196829543218
236.0	0.003578393659086436
237.0	0.003578393659086436
238.0	0.003578393659086436
239.0	0.003578393659086436
240.0	0.003578393659086436
241.0	0.003578393659086436
242.0	0.003578393659086436
243.0	0.003578393659086436
244.0	0.003578393659086436
245.0	0.003578393659086436
246.0	0.003578393659086436
247.0	0.003578393659086436
248.0	0.003578393659086436
249.0	0.003578393659086436
250.0	0.003578393659086436
251.0	0.003578393659086436
252.0	0.003578393659086436
253.0	0.007156787318172872
254.0	0.00894598414771609
255.0	0.007156787318172872
256.0	0.005367590488629654
257.0	0.005367590488629654
258.0	0.005367590488629654
259.0	0.005367590488629654
260.0	0.003578393659086436
261.0	0.003578393659086436
262.0	0.003578393659086436
263.0	0.003578393659086436
264.0	0.003578393659086436
265.0	0.003578393659086436
266.0	0.003578393659086436
267.0	0.003578393659086436
268.0	0.007156787318172872
269.0	0.007156787318172872
270.0	0.005367590488629654
271.0	0.00894598414771609
272.0	0.00894598414771609
273.0	0.00894598414771609
274.0	0.010735180977259309
275.0	0.010735180977259309
276.0	0.00894598414771609
277.0	0.00894598414771609
278.0	0.010735180977259309
279.0	0.012524377806802527
280.0	0.012524377806802527
281.0	0.012524377806802527
282.0	0.016102771465888965
283.0	0.01789196829543218
284.0	0.0196811651249754
285.0	0.0196811651249754
286.0	0.0196811651249754
287.0	0.023259558784061836
288.0	0.023259558784061836
289.0	0.025048755613605055
290.0	0.02683795244314827
291.0	0.02683795244314827
292.0	0.02683795244314827
293.0	0.02683795244314827
294.0	0.02683795244314827
295.0	0.030416346102234707
296.0	0.03399473976132115
297.0	0.0393623302499508
298.0	0.05546510171583976
299.0	0.05725429854538298
300.0	0.025048755613605055
