#Position (bp)	Coverage
38.0	318.37333333333333
113.0	1307.0533333333333
188.0	1353.08
263.0	1187.3066666666666
338.0	1915.32
413.0	2083.0666666666666
488.0	1892.9866666666667
563.0	1858.08
638.0	1779.6533333333334
713.0	2481.0
788.0	2296.32
863.0	2186.64
938.0	2571.9066666666668
1013.0	2614.5733333333333
1088.0	2387.9733333333334
1163.0	2711.9066666666668
1238.0	2353.56
1313.0	1702.8533333333332
1388.0	1228.1066666666666
1463.0	1353.16
1538.0	1410.4933333333333
1613.0	1679.8266666666666
1688.0	1495.2933333333333
1763.0	1329.9733333333334
1838.0	1456.2133333333334
1913.0	3329.6133333333332
1988.0	3953.9866666666667
2063.0	3994.5333333333333
2138.0	3722.786666666667
2213.0	2761.8933333333334
2288.0	1823.88
2363.0	1998.2266666666667
2438.0	2730.5866666666666
2513.0	2904.3866666666668
2588.0	5168.653333333334
2663.0	5251.8533333333335
2738.0	4837.133333333333
2813.0	4815.173333333333
2888.0	3663.1466666666665
2963.0	2346.28
3038.0	2277.6266666666666
3113.0	2421.693333333333
3188.0	2106.12
3263.0	1829.7866666666666
3338.0	1853.7066666666667
3413.0	1831.68
3488.0	1743.36
3563.0	1218.6666666666667
3638.0	1161.48
3713.0	1171.64
3788.0	1609.1066666666666
3863.0	1716.9733333333334
3938.0	2037.2533333333333
4013.0	2259.68
4088.0	3965.9466666666667
4163.0	4541.066666666667
4238.0	4494.626666666667
4313.0	4787.8133333333335
4388.0	4429.04
4463.0	3144.213333333333
4538.0	2840.7466666666664
4613.0	2849.12
4688.0	2806.28
4763.0	2505.9333333333334
4838.0	2563.6666666666665
4913.0	2598.826666666667
4988.0	2525.0
5063.0	2120.866666666667
5138.0	2073.733333333333
5213.0	2055.4933333333333
5288.0	2949.1866666666665
5363.0	3712.2533333333336
5438.0	3523.64
5513.0	3673.826666666667
5588.0	4581.893333333333
5663.0	4596.1866666666665
5738.0	4869.893333333333
5813.0	4018.2533333333336
5888.0	4070.8
5963.0	2283.32
6038.0	1819.96
6113.0	2029.8666666666666
6188.0	3507.6666666666665
6263.0	4773.026666666667
6338.0	4064.96
6413.0	3933.5333333333333
6488.0	3992.3333333333335
6563.0	2468.4
6638.0	2314.173333333333
6713.0	2679.5466666666666
6788.0	3606.4266666666667
6863.0	2551.826666666667
6938.0	1841.6133333333332
7013.0	2389.2266666666665
7088.0	1387.1066666666666
7163.0	944.9333333333333
7238.0	941.4933333333333
7313.0	1166.7466666666667
7388.0	2266.8
7463.0	2477.0666666666666
7538.0	2593.213333333333
7613.0	2871.28
7688.0	2889.7733333333335
7763.0	2580.346666666667
7838.0	2405.8933333333334
7913.0	2666.44
7988.0	3938.68
8063.0	3072.08
8138.0	3168.0133333333333
8213.0	3272.84
8288.0	3563.266666666667
8363.0	2309.92
8438.0	2029.5733333333333
8513.0	1978.56
8588.0	2241.52
8663.0	2779.5333333333333
8738.0	2865.16
8813.0	2929.5866666666666
8888.0	2903.866666666667
8963.0	3203.4933333333333
9038.0	2567.84
9113.0	2702.92
9188.0	2832.6
9263.0	3020.0533333333333
9338.0	2902.96
9413.0	3042.7066666666665
9488.0	4168.586666666667
9563.0	4839.68
9638.0	3746.1066666666666
9713.0	3592.7733333333335
9788.0	3384.7066666666665
9863.0	1990.6133333333332
9938.0	1694.28
10013.0	1546.0533333333333
10088.0	2230.92
10163.0	3621.76
10238.0	3401.733333333333
10313.0	3472.12
10388.0	4146.373333333333
10463.0	3197.0533333333333
10538.0	2786.2
10613.0	2789.56
10688.0	3543.76
10763.0	3252.28
10838.0	2878.3866666666668
10913.0	2815.3333333333335
10988.0	3172.266666666667
11063.0	5186.933333333333
11138.0	5110.466666666666
11213.0	5448.453333333333
11288.0	6093.24
11363.0	6459.04
11438.0	3825.28
11513.0	3907.44
11588.0	5591.96
11663.0	5717.973333333333
11738.0	4092.1066666666666
11813.0	3626.0666666666666
11888.0	3991.24
11963.0	3368.44
12038.0	3162.0
12113.0	3667.6666666666665
12188.0	5340.493333333333
12263.0	3918.9333333333334
12338.0	3892.786666666667
12413.0	4929.466666666666
12488.0	6176.6
12563.0	5534.666666666667
12638.0	5018.306666666666
12713.0	6032.8133333333335
12788.0	6407.4
12863.0	5549.693333333334
12938.0	5274.973333333333
13013.0	6248.52
13088.0	9469.2
13163.0	12001.92
13238.0	11976.906666666666
13313.0	11861.88
13388.0	4635.8133333333335
13463.0	2471.266666666667
13538.0	2266.9466666666667
13613.0	3341.0266666666666
13688.0	6793.106666666667
13763.0	7206.7733333333335
13838.0	7058.44
13913.0	5848.906666666667
13988.0	3788.84
14063.0	3166.9466666666667
14138.0	3312.4266666666667
14213.0	3699.7466666666664
14288.0	3830.4933333333333
14363.0	3393.24
14438.0	3408.7066666666665
14513.0	3494.9866666666667
14588.0	3832.28
14663.0	3560.173333333333
14738.0	3590.4
14813.0	3517.9466666666667
14888.0	3635.4533333333334
14963.0	3013.92
15038.0	2948.173333333333
15113.0	2928.9066666666668
15188.0	4791.493333333333
15263.0	7224.76
15338.0	7445.36
15413.0	7147.213333333333
15488.0	7402.0
15563.0	6676.786666666667
15638.0	6096.466666666666
15713.0	6188.8
15788.0	6248.84
15863.0	5409.893333333333
15938.0	3945.8933333333334
16013.0	3815.653333333333
16088.0	4089.5066666666667
16163.0	3991.5466666666666
16238.0	2769.6133333333332
16313.0	2724.48
16388.0	2779.9733333333334
16463.0	3272.133333333333
16538.0	2709.7066666666665
16613.0	2706.0133333333333
16688.0	2912.213333333333
16763.0	4002.9733333333334
16838.0	5822.733333333334
16913.0	6052.933333333333
16988.0	5894.8533333333335
17063.0	6537.133333333333
17138.0	6514.746666666667
17213.0	6087.586666666667
17288.0	5256.44
17363.0	5708.413333333333
17438.0	4740.12
17513.0	3501.6266666666666
17588.0	3304.346666666667
17663.0	3695.56
17738.0	3570.48
17813.0	2946.44
17888.0	2862.0266666666666
17963.0	2997.266666666667
18038.0	4058.693333333333
18113.0	4397.693333333334
18188.0	4223.493333333333
18263.0	4618.693333333334
18338.0	4400.96
18413.0	3601.32
18488.0	3620.5866666666666
18563.0	3590.2933333333335
18638.0	4799.04
18713.0	4085.3733333333334
18788.0	4367.093333333333
18863.0	4327.986666666667
18938.0	5073.32
19013.0	4478.56
19088.0	4432.173333333333
19163.0	4085.2
19238.0	4143.24
19313.0	2236.786666666667
19388.0	2095.9066666666668
19463.0	2095.4666666666667
19538.0	2162.9733333333334
19613.0	3115.6666666666665
19688.0	3242.1466666666665
19763.0	3329.266666666667
19838.0	3541.0
19913.0	3363.6
19988.0	2735.213333333333
20063.0	2851.306666666667
20138.0	2838.9333333333334
20213.0	2776.9866666666667
20288.0	2462.866666666667
20363.0	2512.653333333333
20438.0	2492.213333333333
20513.0	3822.12
20588.0	3365.4
20663.0	3635.9466666666667
20738.0	3474.213333333333
20813.0	4653.72
20888.0	4224.706666666667
20963.0	3916.2533333333336
21038.0	3821.4533333333334
21113.0	3810.1466666666665
21188.0	2270.733333333333
21263.0	2196.6133333333332
21338.0	2208.84
21413.0	2367.4933333333333
21488.0	2423.6666666666665
21563.0	2418.133333333333
21638.0	2448.76
21713.0	2224.3866666666668
21788.0	1968.6266666666668
21863.0	1972.0533333333333
21938.0	1973.3866666666668
22013.0	1997.6933333333334
22088.0	2354.4933333333333
22163.0	2239.3866666666668
22238.0	2255.8533333333335
22313.0	2150.4933333333333
22388.0	1978.7333333333333
22463.0	1981.7066666666667
22538.0	2461.4133333333334
22613.0	3051.7733333333335
22688.0	3355.786666666667
22763.0	3180.16
22838.0	3434.7466666666664
22913.0	2541.1466666666665
22988.0	2439.866666666667
23063.0	2471.3733333333334
23138.0	3058.52
23213.0	3941.0666666666666
23288.0	4030.88
23363.0	4152.013333333333
23438.0	4420.706666666667
23513.0	4223.266666666666
23588.0	3582.306666666667
23663.0	3640.5333333333333
23738.0	3749.346666666667
23813.0	3755.693333333333
23888.0	4145.64
23963.0	3847.306666666667
24038.0	4196.653333333334
24113.0	4867.24
24188.0	4196.546666666667
24263.0	4234.573333333334
24338.0	3815.9066666666668
24413.0	4243.96
24488.0	3253.36
24563.0	3134.16
24638.0	3286.9466666666667
24713.0	3949.306666666667
24788.0	3499.52
24863.0	3105.9866666666667
24938.0	3206.213333333333
25013.0	4095.8133333333335
25088.0	3553.24
25163.0	3611.4933333333333
25238.0	3488.5333333333333
25313.0	4428.373333333333
25388.0	4872.613333333334
25463.0	4734.573333333334
25538.0	4806.346666666666
25613.0	5384.08
25688.0	4798.92
25763.0	4136.986666666667
25838.0	4722.826666666667
25913.0	4387.506666666667
25988.0	3445.346666666667
26063.0	3662.6
26138.0	2803.28
26213.0	3323.7066666666665
26288.0	3264.5866666666666
26363.0	1769.1866666666667
26438.0	2080.52
26513.0	2979.4266666666667
26588.0	3752.44
26663.0	3303.24
26738.0	3130.6266666666666
26813.0	3249.9466666666667
26888.0	3954.1066666666666
26963.0	3489.786666666667
27038.0	3768.24
27113.0	4012.4933333333333
27188.0	5093.933333333333
27263.0	4526.053333333333
27338.0	3626.266666666667
27413.0	4349.586666666667
27488.0	3028.133333333333
27563.0	272.92
27638.0	281.32
27713.0	254.12
27788.0	510.6
27863.0	1020.9733333333334
27938.0	1088.04
28013.0	1240.5333333333333
28088.0	1615.0133333333333
28163.0	1961.0133333333333
28238.0	763.4933333333333
28313.0	1706.44
28388.0	2570.4533333333334
28463.0	2039.6666666666667
28538.0	1450.92
28613.0	1618.2666666666667
28688.0	1587.84
28763.0	673.8
28838.0	199.53333333333333
28913.0	201.22666666666666
28988.0	638.6133333333333
29063.0	2298.653333333333
29138.0	2645.1066666666666
29213.0	2366.4666666666667
29288.0	2445.12
29363.0	1165.6133333333332
29438.0	351.52
29513.0	673.9866666666667
29588.0	986.8933333333333
29663.0	794.7866666666666
29738.0	446.84
29813.0	261.52
29877.0	3.0943396226415096
