#Position (bp)	mapping quality
38.0	59.998414140002794
113.0	59.99773371966569
188.0	59.98892149995123
263.0	59.9549992765157
338.0	59.99737409249154
413.0	59.996993813104574
488.0	59.99803220121547
563.0	59.998341406689256
638.0	59.99800738299728
713.0	59.99675111596901
788.0	59.99898536326665
863.0	59.99667331039039
938.0	59.99859201326621
1013.0	59.99830515582945
1088.0	59.99858913419814
1163.0	59.998328623409
1238.0	59.99904521113711
1313.0	59.99962861003634
1388.0	60.0
1463.0	60.0
1538.0	60.0
1613.0	59.9873325126464
1688.0	59.99636966337438
1763.0	59.99931811886041
1838.0	59.9987485574879
1913.0	59.94712876556389
1988.0	59.986409525837445
2063.0	59.998477896057494
2138.0	59.99874830944271
2213.0	59.99825460034672
2288.0	59.9998796594362
2363.0	59.99681049968838
2438.0	59.99948997481751
2513.0	59.997603924139334
2588.0	59.99870263895032
2663.0	59.986771208799375
2738.0	59.99740505807727
2813.0	59.99571391833586
2888.0	59.998181089949696
2963.0	59.9980419789731
3038.0	59.94336999879125
3113.0	59.99878393186455
3188.0	59.9985009622202
3263.0	59.99895176388374
3338.0	59.99905238275406
3413.0	59.998699735352496
3488.0	59.99797752891473
3563.0	59.99869031582099
3638.0	59.99853120147719
3713.0	60.0
3788.0	59.9970048390569
3863.0	59.99923976213002
3938.0	59.99937037252959
4013.0	59.998955814464715
4088.0	59.99924694459861
4163.0	59.997967969364204
4238.0	59.99720891705982
4313.0	59.99869332735715
4388.0	59.99841133475154
4463.0	59.99874358832938
4538.0	59.99884857101526
4613.0	59.995850208160114
4688.0	59.99594602229923
4763.0	59.99904896992062
4838.0	59.998828706819126
4913.0	59.999335053749824
4988.0	59.9978419235304
5063.0	60.0
5138.0	60.0
5213.0	60.0
5288.0	59.99717015303813
5363.0	59.9984387197502
5438.0	59.99922236523551
5513.0	59.99948448335822
5588.0	59.998506643572384
5663.0	59.98573600528362
5738.0	59.98283795361025
5813.0	59.99880534689681
5888.0	59.953509646955034
5963.0	59.99853673734435
6038.0	60.0
6113.0	60.0
6188.0	59.98243510040881
6263.0	59.99910221835337
6338.0	59.99923549601265
6413.0	59.99824541063373
6488.0	59.99916548907558
6563.0	59.9975388686735
6638.0	59.99829412909846
6713.0	59.99818754852019
6788.0	59.999300153787864
6863.0	59.99864983940195
6938.0	60.0
7013.0	59.98678050123933
7088.0	59.9246742239644
7163.0	60.0
7238.0	60.0
7313.0	60.0
7388.0	59.99908555344413
7463.0	59.997208711387174
7538.0	59.99876199714111
7613.0	59.99917371654067
7688.0	59.99861065281951
7763.0	59.99757782506871
7838.0	59.99898693895305
7913.0	59.9978179011935
7988.0	59.99866970182051
8063.0	59.999593767228625
8138.0	59.998898149664015
8213.0	59.99814957594449
8288.0	59.9978225047081
8363.0	59.99931386750019
8438.0	59.99918418721738
8513.0	60.0
8588.0	59.99553866195549
8663.0	59.998890458484205
8738.0	59.9987571612766
8813.0	59.99792778686473
8888.0	59.999367118060405
8963.0	59.99911473800269
9038.0	59.997877665152046
9113.0	59.99637149903713
9188.0	59.997417847920886
9263.0	59.9973196644982
9338.0	59.99946254217551
9413.0	59.99908982345157
9488.0	59.99927637529808
9563.0	59.997935672348845
9638.0	59.99816898361653
9713.0	59.998355886513465
9788.0	59.99616651034824
9863.0	59.9962686898885
9938.0	59.999479352289455
10013.0	59.99886258240794
10088.0	59.99719241742662
10163.0	59.99708998577434
10238.0	59.99884618255276
10313.0	59.99864438783876
10388.0	59.9993103358647
10463.0	59.999174159702775
10538.0	59.99922657515634
10613.0	59.99817729155377
10688.0	59.99894777269035
10763.0	59.99734784057861
10838.0	59.99746946447812
10913.0	59.99908546637485
10988.0	59.9986758197276
11063.0	59.99068777944722
11138.0	59.99853552594875
11213.0	59.99924558109642
11288.0	59.998690774391925
11363.0	59.998890610582464
11438.0	59.998954822820046
11513.0	59.99690670825426
11588.0	59.99760103196987
11663.0	59.99956967509025
11738.0	59.99792720172233
11813.0	59.999529301012004
11888.0	59.9980238376922
11963.0	59.99819801509602
12038.0	59.996949701706626
12113.0	59.9982265524858
12188.0	59.99907074490916
12263.0	59.99736143294488
12338.0	59.99871995380284
12413.0	59.9991190848158
12488.0	59.99856015542237
12563.0	59.99837360251961
12638.0	59.9987202535622
12713.0	59.99798855791021
12788.0	59.99841944097353
12863.0	59.99907729130944
12938.0	59.99888618317612
13013.0	59.93655520851647
13088.0	59.90389102023484
13163.0	59.99850704609333
13238.0	59.99814043427201
13313.0	59.998492757984216
13388.0	59.994183577167405
13463.0	59.999350817011546
13538.0	59.99962525763537
13613.0	59.99828848646601
13688.0	59.99935888597822
13763.0	59.99492327506165
13838.0	59.99892593982537
13913.0	59.99806147642985
13988.0	59.99545491290493
14063.0	59.998640314670034
14138.0	59.99801151447638
14213.0	59.997049232436616
14288.0	59.99972636707278
14363.0	59.984340911877716
14438.0	59.949959675821724
14513.0	59.999163379945024
14588.0	59.99755224594314
14663.0	59.99709984554026
14738.0	59.998621209355996
14813.0	59.999412677712684
14888.0	59.99399034354145
14963.0	59.99996908953217
15038.0	59.999464692657114
15113.0	60.0
15188.0	59.99933097439862
15263.0	59.99928959807645
15338.0	59.99886391546273
15413.0	59.99814206759218
15488.0	59.99874549361034
15563.0	59.99879619617073
15638.0	59.99843573925748
15713.0	59.99806116265455
15788.0	59.99879483234022
15863.0	59.99910429958111
15938.0	59.997891237627535
16013.0	59.99917664476247
16088.0	59.99935562086701
16163.0	59.9994106582007
16238.0	59.999044433827045
16313.0	59.999060591827146
16388.0	59.99833169481931
16463.0	59.99708973622259
16538.0	59.989781699953554
16613.0	59.99687304565354
16688.0	60.0
16763.0	59.99903665873636
16838.0	59.99861242712099
16913.0	59.998933501108695
16988.0	59.9994196627765
17063.0	59.99746648542568
17138.0	59.997433813571604
17213.0	59.99904617599115
17288.0	59.99847391282204
17363.0	59.99850637050348
17438.0	59.998421413468684
17513.0	59.998617900454846
17588.0	59.99807918204919
17663.0	59.998594078589825
17738.0	59.9987526272788
17813.0	59.998075270420955
17888.0	59.99820168545844
17963.0	59.99814364329798
18038.0	59.99890074505058
18113.0	59.998767096898476
18188.0	59.9990891155979
18263.0	59.999682160703856
18338.0	59.999218647708496
18413.0	59.99898075439667
18488.0	59.99880534260917
18563.0	59.99858859076702
18638.0	59.99735946815386
18713.0	59.99890739940004
18788.0	59.99888704490724
18863.0	59.89894760637119
18938.0	59.99784542655697
19013.0	59.997551162311865
19088.0	59.998485602353476
19163.0	59.99652286766503
19238.0	59.99847929562964
19313.0	59.99206304212257
19388.0	60.0
19463.0	60.0
19538.0	60.0
19613.0	60.0
19688.0	59.999343241011786
19763.0	60.0
19838.0	60.0
19913.0	59.99849478721045
19988.0	59.99729979941367
20063.0	60.0
20138.0	60.0
20213.0	60.0
20288.0	60.0
20363.0	60.0
20438.0	60.0
20513.0	59.9992123260491
20588.0	59.99875471921883
20663.0	59.99864794513313
20738.0	59.999182867979215
20813.0	59.99899936155584
20888.0	59.99802464704104
20963.0	59.99870908990839
21038.0	59.99902538383527
21113.0	59.99824851632383
21188.0	59.99556911454928
21263.0	60.0
21338.0	60.0
21413.0	60.0
21488.0	60.0
21563.0	60.0
21638.0	59.99502325497222
21713.0	59.99914754866964
21788.0	59.999287105604886
21863.0	59.99855103334201
21938.0	59.99857637785348
22013.0	59.99803789318781
22088.0	59.996625138982196
22163.0	59.998933054393305
22238.0	59.998531751890674
22313.0	59.99949790532377
22388.0	59.99537750385208
22463.0	59.97384219554031
22538.0	59.998483744951336
22613.0	59.998539869433436
22688.0	59.99864980699523
22763.0	59.99975302486294
22838.0	59.99915100787836
22913.0	59.99827571108674
22988.0	59.9990344492838
23063.0	59.99874860596001
23138.0	59.99737728492106
23213.0	59.99711059416181
23288.0	59.99840333077327
23363.0	59.96800673330884
23438.0	59.951379813725325
23513.0	59.98879798688943
23588.0	59.9998280260254
23663.0	59.998491918651034
23738.0	59.9987065539793
23813.0	59.99701118477313
23888.0	59.99869194161593
23963.0	59.99898252116719
24038.0	59.99884494489819
24113.0	59.99860049138302
24188.0	59.99853521655576
24263.0	59.997843426623795
24338.0	59.99881076259848
24413.0	59.99909191327376
24488.0	59.99728945884021
24563.0	59.999218921158665
24638.0	59.9992979797417
24713.0	59.99694155793327
24788.0	59.998227372877935
24863.0	59.998211883440916
24938.0	59.999520507630244
25013.0	59.998615495317026
25088.0	59.998839736894105
25163.0	59.99889997642806
25238.0	59.99898946083157
25313.0	59.99845022047232
25388.0	59.999464991175614
25463.0	59.998810369991006
25538.0	59.81777449124283
25613.0	59.99429244673401
25688.0	59.98785920788638
25763.0	59.9978918809921
25838.0	59.999638111230134
25913.0	59.99983439490446
25988.0	59.9992936890497
26063.0	59.99961118455403
26138.0	59.99937725744177
26213.0	59.99913590339328
26288.0	59.999025438227946
26363.0	59.99836263013307
26438.0	59.998650865655364
26513.0	59.99927910471671
26588.0	59.999040995503535
26663.0	59.997870354535344
26738.0	59.96711451906889
26813.0	59.99674337182485
26888.0	59.9975777106765
26963.0	59.997607492575234
27038.0	59.99885893888149
27113.0	59.998463449526376
27188.0	59.99741924341797
27263.0	59.999610168115
27338.0	59.99920903954802
27413.0	59.99855654491758
27488.0	59.99822335175389
27563.0	59.99762611275965
27638.0	60.0
27713.0	60.0
27788.0	60.0
27863.0	59.999188217557695
27938.0	59.99743583598936
28013.0	59.99868628481345
28088.0	59.99197555371086
28163.0	59.99754189752264
28238.0	59.99871709931204
28313.0	59.99700659007743
28388.0	59.99779549640084
28463.0	59.998979395605296
28538.0	59.99890015985111
28613.0	59.998527330616675
28688.0	59.99622689752548
28763.0	59.99917543774555
28838.0	59.95269136187986
28913.0	59.998525436225115
28988.0	59.99743711185967
29063.0	59.99834951447288
29138.0	59.99766830992572
29213.0	59.995903808356466
29288.0	59.996521222729264
29363.0	59.998673207918806
29438.0	60.0
29513.0	60.0
29588.0	60.0
29663.0	60.0
29738.0	60.0
29813.0	60.0
29877.0	60.0
