#Insert size (bp)	insert size
24.0	2.0
31.0	1.0
35.0	2.0
46.0	1.0
53.0	1.0
57.0	1.0
59.0	1.0
60.0	1.0
63.0	2.0
65.0	1.0
67.0	1.0
68.0	2.0
70.0	2.0
71.0	3.0
72.0	1.0
73.0	1.0
74.0	1.0
75.0	1.0
76.0	1.0
79.0	4.0
83.0	7.0
84.0	2.0
85.0	3.0
86.0	4.0
87.0	1.0
88.0	3.0
89.0	2.0
90.0	3.0
91.0	1.0
92.0	3.0
93.0	3.0
94.0	1.0
95.0	2.0
96.0	8.0
97.0	4.0
98.0	4.0
99.0	3.0
100.0	3.0
101.0	2.0
102.0	3.0
105.0	1.0
107.0	3.0
108.0	2.0
109.0	7.0
110.0	39.0
111.0	3.0
112.0	4.0
113.0	1.0
114.0	9.0
115.0	4.0
116.0	2.0
117.0	2.0
118.0	2.0
119.0	6.0
120.0	8.0
121.0	2.0
122.0	5.0
123.0	44.0
124.0	2.0
125.0	7.0
126.0	4.0
127.0	5.0
128.0	3.0
129.0	6.0
130.0	6.0
131.0	3.0
132.0	2.0
133.0	4.0
134.0	5.0
135.0	3.0
136.0	2.0
137.0	2.0
138.0	4.0
139.0	3.0
140.0	2.0
141.0	6.0
142.0	1.0
143.0	9.0
144.0	4.0
145.0	4.0
146.0	3.0
147.0	4.0
148.0	2.0
149.0	10.0
152.0	1.0
153.0	3.0
154.0	5.0
155.0	2.0
156.0	4.0
157.0	4.0
158.0	13.0
159.0	5.0
160.0	8.0
161.0	23.0
162.0	7.0
163.0	8.0
164.0	3.0
165.0	19.0
166.0	11.0
167.0	8.0
168.0	10.0
169.0	8.0
170.0	9.0
171.0	4.0
172.0	10.0
173.0	3.0
175.0	34.0
176.0	3.0
177.0	3.0
178.0	9.0
179.0	4.0
180.0	4.0
181.0	2.0
182.0	5.0
183.0	3.0
184.0	5.0
185.0	1.0
186.0	5.0
187.0	4.0
188.0	5.0
189.0	9.0
190.0	12.0
191.0	11.0
192.0	19.0
193.0	11.0
194.0	6.0
195.0	6.0
196.0	5.0
197.0	6.0
198.0	5.0
199.0	3.0
200.0	12.0
201.0	1.0
202.0	11.0
203.0	4.0
204.0	9.0
205.0	10.0
206.0	4.0
207.0	26.0
208.0	52.0
209.0	10.0
210.0	126.0
211.0	2.0
212.0	6.0
213.0	15.0
214.0	5.0
215.0	40.0
216.0	15.0
217.0	9.0
219.0	22.0
220.0	5.0
221.0	3.0
222.0	4.0
223.0	5.0
224.0	14.0
225.0	3.0
226.0	15.0
227.0	7.0
228.0	6.0
229.0	14.0
230.0	10.0
231.0	10.0
232.0	1.0
233.0	26.0
234.0	13.0
235.0	10.0
236.0	7.0
237.0	11.0
238.0	5.0
239.0	4.0
240.0	2.0
241.0	9.0
242.0	8.0
243.0	3.0
244.0	20.0
245.0	6.0
246.0	9.0
247.0	2.0
248.0	5.0
249.0	1.0
250.0	13.0
251.0	6.0
252.0	7.0
253.0	6.0
254.0	8.0
255.0	4.0
256.0	2.0
257.0	5.0
258.0	6.0
259.0	4.0
260.0	2.0
261.0	4.0
262.0	5.0
263.0	6.0
264.0	2.0
265.0	3.0
266.0	5.0
267.0	3.0
268.0	1.0
269.0	3.0
270.0	5.0
271.0	8.0
272.0	4.0
273.0	6.0
274.0	4.0
275.0	5.0
276.0	5.0
277.0	3.0
278.0	2.0
280.0	10.0
281.0	8.0
282.0	1.0
283.0	6.0
284.0	5.0
285.0	1.0
286.0	5.0
287.0	1.0
288.0	3.0
289.0	6.0
290.0	5.0
291.0	4.0
292.0	9.0
293.0	4.0
294.0	4.0
295.0	3.0
296.0	6.0
297.0	3.0
298.0	8.0
299.0	4.0
300.0	3.0
301.0	2.0
302.0	6.0
303.0	3.0
304.0	3.0
305.0	5.0
306.0	2.0
307.0	2.0
308.0	5.0
309.0	7.0
310.0	13.0
311.0	5.0
312.0	7.0
313.0	6.0
314.0	7.0
315.0	5.0
316.0	2.0
317.0	6.0
318.0	2.0
319.0	6.0
320.0	1.0
321.0	4.0
322.0	2.0
323.0	3.0
324.0	3.0
325.0	4.0
326.0	5.0
327.0	4.0
328.0	6.0
329.0	8.0
330.0	1.0
331.0	2.0
332.0	2.0
333.0	3.0
334.0	2.0
335.0	3.0
336.0	9.0
337.0	3.0
338.0	8.0
339.0	3.0
340.0	2.0
341.0	6.0
342.0	4.0
343.0	7.0
344.0	3.0
345.0	6.0
346.0	5.0
347.0	3.0
348.0	2.0
349.0	4.0
350.0	3.0
351.0	9.0
352.0	2.0
353.0	4.0
354.0	7.0
355.0	5.0
356.0	1.0
357.0	19.0
358.0	2.0
359.0	9.0
360.0	6.0
361.0	1.0
362.0	4.0
366.0	1.0
367.0	3.0
368.0	8.0
369.0	5.0
370.0	12.0
371.0	6.0
372.0	19.0
373.0	5.0
374.0	10.0
375.0	13.0
376.0	17.0
377.0	22.0
378.0	24.0
379.0	45.0
380.0	87.0
381.0	48.0
382.0	39.0
383.0	30.0
384.0	49.0
385.0	47.0
386.0	38.0
387.0	41.0
388.0	31.0
389.0	27.0
390.0	29.0
391.0	34.0
392.0	43.0
393.0	72.0
394.0	76.0
395.0	28.0
396.0	11.0
397.0	16.0
398.0	35.0
399.0	38.0
400.0	33.0
401.0	29.0
402.0	27.0
403.0	13.0
404.0	17.0
405.0	21.0
406.0	56.0
407.0	26.0
408.0	24.0
409.0	42.0
410.0	12.0
411.0	13.0
412.0	12.0
413.0	13.0
414.0	10.0
415.0	10.0
416.0	19.0
417.0	10.0
418.0	12.0
419.0	9.0
420.0	12.0
421.0	5.0
422.0	1.0
424.0	1.0
425.0	3.0
426.0	2.0
427.0	9.0
428.0	3.0
429.0	3.0
430.0	5.0
431.0	8.0
432.0	3.0
433.0	5.0
434.0	5.0
435.0	4.0
436.0	3.0
437.0	4.0
438.0	5.0
439.0	6.0
440.0	5.0
442.0	6.0
443.0	9.0
444.0	8.0
445.0	3.0
446.0	2.0
447.0	6.0
449.0	5.0
450.0	4.0
451.0	2.0
454.0	8.0
455.0	3.0
456.0	2.0
457.0	4.0
458.0	2.0
459.0	4.0
460.0	2.0
461.0	14.0
462.0	1.0
463.0	3.0
464.0	8.0
465.0	6.0
466.0	5.0
467.0	4.0
468.0	1.0
469.0	3.0
470.0	12.0
471.0	4.0
472.0	1.0
473.0	1.0
474.0	1.0
475.0	1.0
476.0	2.0
477.0	2.0
478.0	1.0
479.0	1.0
480.0	2.0
481.0	4.0
482.0	3.0
483.0	1.0
484.0	3.0
485.0	2.0
486.0	5.0
487.0	2.0
488.0	9.0
489.0	2.0
490.0	1.0
491.0	4.0
493.0	2.0
494.0	3.0
495.0	1.0
497.0	10.0
498.0	8.0
499.0	4.0
500.0	2.0
501.0	3.0
504.0	5.0
505.0	2.0
506.0	1.0
508.0	5.0
509.0	2.0
512.0	2.0
513.0	2.0
514.0	1.0
515.0	1.0
516.0	2.0
517.0	2.0
518.0	1.0
519.0	2.0
520.0	2.0
521.0	1.0
523.0	1.0
524.0	3.0
525.0	11.0
526.0	1.0
528.0	2.0
529.0	3.0
531.0	1.0
532.0	2.0
533.0	3.0
536.0	3.0
538.0	3.0
539.0	1.0
541.0	1.0
542.0	2.0
544.0	6.0
545.0	2.0
547.0	5.0
548.0	2.0
549.0	4.0
550.0	1.0
553.0	1.0
554.0	5.0
555.0	4.0
556.0	4.0
557.0	3.0
558.0	1.0
559.0	2.0
561.0	1.0
562.0	2.0
563.0	1.0
564.0	3.0
566.0	1.0
569.0	2.0
570.0	1.0
571.0	2.0
573.0	2.0
575.0	3.0
576.0	2.0
577.0	1.0
581.0	2.0
584.0	2.0
585.0	3.0
586.0	1.0
587.0	1.0
588.0	2.0
589.0	1.0
594.0	2.0
596.0	2.0
597.0	1.0
598.0	2.0
600.0	1.0
601.0	4.0
603.0	1.0
604.0	1.0
605.0	2.0
608.0	2.0
609.0	3.0
610.0	1.0
611.0	4.0
612.0	5.0
613.0	7.0
614.0	1.0
615.0	2.0
616.0	2.0
617.0	1.0
618.0	1.0
619.0	1.0
621.0	2.0
622.0	1.0
623.0	2.0
625.0	1.0
627.0	1.0
628.0	6.0
629.0	1.0
630.0	1.0
631.0	1.0
632.0	2.0
633.0	3.0
634.0	2.0
635.0	1.0
637.0	2.0
638.0	4.0
639.0	5.0
641.0	2.0
642.0	8.0
643.0	3.0
644.0	1.0
645.0	2.0
646.0	2.0
647.0	6.0
648.0	4.0
649.0	3.0
650.0	4.0
651.0	4.0
652.0	6.0
653.0	1.0
655.0	4.0
656.0	3.0
657.0	4.0
658.0	2.0
659.0	1.0
661.0	4.0
662.0	1.0
665.0	5.0
666.0	1.0
669.0	1.0
670.0	5.0
671.0	2.0
672.0	2.0
673.0	4.0
674.0	1.0
675.0	6.0
676.0	1.0
677.0	1.0
678.0	1.0
680.0	1.0
681.0	1.0
682.0	1.0
683.0	1.0
684.0	2.0
685.0	1.0
686.0	1.0
692.0	3.0
694.0	1.0
695.0	3.0
696.0	1.0
697.0	2.0
699.0	1.0
701.0	3.0
702.0	1.0
704.0	2.0
705.0	2.0
709.0	1.0
710.0	2.0
713.0	2.0
715.0	1.0
718.0	1.0
719.0	1.0
723.0	1.0
725.0	1.0
726.0	2.0
732.0	2.0
733.0	1.0
739.0	1.0
742.0	1.0
743.0	1.0
748.0	1.0
751.0	1.0
753.0	1.0
754.0	2.0
755.0	1.0
756.0	1.0
758.0	1.0
759.0	1.0
762.0	7.0
763.0	1.0
765.0	1.0
766.0	1.0
769.0	1.0
773.0	2.0
774.0	1.0
775.0	1.0
777.0	1.0
778.0	3.0
781.0	1.0
785.0	2.0
795.0	3.0
803.0	2.0
807.0	1.0
809.0	1.0
810.0	1.0
811.0	1.0
812.0	1.0
813.0	1.0
814.0	4.0
815.0	3.0
816.0	1.0
819.0	1.0
825.0	251.0
826.0	3.0
828.0	3.0
830.0	1.0
834.0	2.0
835.0	2.0
836.0	2.0
842.0	1.0
846.0	4.0
848.0	1.0
849.0	12.0
851.0	2.0
856.0	1.0
857.0	1.0
858.0	7.0
863.0	1.0
867.0	4.0
868.0	2.0
870.0	1.0
874.0	2.0
875.0	1.0
876.0	4.0
877.0	1.0
878.0	1.0
880.0	1.0
881.0	2.0
883.0	3.0
888.0	2.0
903.0	3.0
918.0	2.0
938.0	1.0
939.0	1.0
942.0	1.0
949.0	3.0
950.0	6.0
957.0	1.0
959.0	2.0
963.0	1.0
964.0	1.0
966.0	4.0
967.0	2.0
968.0	3.0
969.0	1.0
970.0	1.0
973.0	1.0
976.0	2.0
977.0	2.0
978.0	1.0
979.0	2.0
982.0	3.0
983.0	2.0
984.0	3.0
985.0	2.0
986.0	1.0
989.0	4.0
990.0	1.0
991.0	2.0
992.0	2.0
994.0	1.0
995.0	1.0
996.0	2.0
997.0	3.0
998.0	4.0
999.0	1.0
1000.0	1.0
1006.0	3.0
1007.0	1.0
1008.0	1.0
1011.0	1.0
1013.0	5.0
1015.0	4.0
1016.0	7.0
1017.0	1.0
1018.0	5.0
1019.0	2.0
1020.0	2.0
1021.0	1.0
1022.0	2.0
1023.0	1.0
1024.0	2.0
1027.0	2.0
1028.0	1.0
1029.0	3.0
1031.0	1.0
1032.0	1.0
1034.0	3.0
1035.0	2.0
1036.0	3.0
1038.0	1.0
1039.0	1.0
1040.0	1.0
1043.0	2.0
1044.0	1.0
1046.0	2.0
1047.0	1.0
1049.0	2.0
1066.0	1.0
1080.0	1.0
1084.0	1.0
1086.0	1.0
1089.0	1.0
1100.0	1.0
1106.0	1.0
1114.0	1.0
1136.0	2.0
1153.0	1.0
1166.0	1.0
1168.0	38.0
1169.0	1.0
1173.0	1.0
1174.0	1.0
1215.0	1.0
1316.0	2.0
1318.0	1.0
1360.0	1.0
1374.0	4.0
1378.0	1.0
1381.0	1.0
1386.0	1.0
1387.0	1.0
1397.0	1.0
1401.0	1.0
1407.0	1.0
1434.0	1.0
1436.0	2.0
1445.0	1.0
1446.0	2.0
1450.0	1.0
1454.0	3.0
1457.0	8.0
1458.0	1.0
1460.0	1.0
1464.0	8.0
1470.0	2.0
1471.0	2.0
1480.0	1.0
1488.0	1.0
1490.0	1.0
1492.0	3.0
1493.0	2.0
1495.0	2.0
1496.0	1.0
1497.0	1.0
1498.0	3.0
1502.0	2.0
1504.0	1.0
1512.0	3.0
1578.0	2.0
1587.0	1.0
1594.0	1.0
1600.0	1.0
1610.0	1.0
1614.0	1.0
1619.0	1.0
1623.0	2.0
1626.0	2.0
1631.0	1.0
1633.0	1.0
1638.0	1.0
1640.0	1.0
1649.0	1.0
1653.0	1.0
1660.0	1.0
1669.0	1.0
1702.0	2.0
1704.0	1.0
1712.0	1.0
1727.0	1.0
1896.0	1.0
1910.0	2.0
1911.0	1.0
1915.0	1.0
1935.0	4.0
1941.0	1.0
1949.0	1.0
1955.0	1.0
1971.0	1.0
1990.0	1.0
2017.0	1.0
2034.0	1.0
2042.0	1.0
2048.0	1.0
2051.0	1.0
2054.0	1.0
2055.0	2.0
2059.0	1.0
2064.0	1.0
2069.0	1.0
2074.0	4.0
2075.0	2.0
2077.0	1.0
2085.0	1.0
2089.0	4.0
2096.0	1.0
2098.0	1.0
2102.0	2.0
2116.0	1.0
2118.0	1.0
2125.0	1.0
2126.0	1.0
2137.0	1.0
2140.0	1.0
2141.0	1.0
2171.0	3.0
2183.0	1.0
2186.0	1.0
2190.0	1.0
2205.0	1.0
2237.0	1.0
2247.0	2.0
2264.0	1.0
2288.0	1.0
2291.0	1.0
2552.0	1.0
2555.0	2.0
2561.0	1.0
2575.0	1.0
2598.0	1.0
2606.0	1.0
2608.0	1.0
2615.0	1.0
2618.0	1.0
2640.0	1.0
2659.0	1.0
2660.0	1.0
2669.0	1.0
2670.0	3.0
2671.0	1.0
2672.0	4.0
2675.0	1.0
2687.0	1.0
2694.0	1.0
2700.0	5.0
2714.0	1.0
2722.0	4.0
2725.0	1.0
2736.0	14.0
2755.0	1.0
2758.0	1.0
2766.0	2.0
2786.0	1.0
2847.0	1.0
2855.0	4.0
2857.0	1.0
2863.0	1.0
2864.0	1.0
2872.0	4.0
2875.0	1.0
2881.0	1.0
2899.0	1.0
2922.0	1.0
3034.0	1.0
3138.0	2.0
3153.0	1.0
3204.0	1.0
3224.0	1.0
3247.0	1.0
3276.0	1.0
3279.0	1.0
3296.0	1.0
3310.0	1.0
3312.0	1.0
3314.0	1.0
3318.0	1.0
3320.0	1.0
3336.0	2.0
3346.0	1.0
3352.0	3.0
3377.0	1.0
3418.0	1.0
3471.0	1.0
3496.0	1.0
3502.0	1.0
3517.0	1.0
3746.0	1.0
3775.0	1.0
3779.0	1.0
3784.0	1.0
3790.0	2.0
3827.0	1.0
3864.0	1.0
3884.0	1.0
3888.0	1.0
3912.0	1.0
3914.0	1.0
3926.0	2.0
3929.0	1.0
3937.0	1.0
3960.0	3.0
4091.0	1.0
4134.0	5.0
4183.0	1.0
4198.0	1.0
4284.0	1.0
4449.0	1.0
4462.0	1.0
4469.0	1.0
4484.0	1.0
4494.0	2.0
4520.0	1.0
4533.0	1.0
4545.0	1.0
4566.0	1.0
4580.0	3.0
4637.0	1.0
4643.0	1.0
4651.0	1.0
4659.0	1.0
4715.0	1.0
4735.0	2.0
5024.0	1.0
5097.0	1.0
5101.0	1.0
5102.0	1.0
5127.0	1.0
5155.0	1.0
5245.0	1.0
5271.0	1.0
5302.0	2.0
5390.0	1.0
5673.0	1.0
5705.0	1.0
5720.0	1.0
5875.0	2.0
5904.0	1.0
5927.0	2.0
5930.0	1.0
6192.0	1.0
6310.0	1.0
6333.0	1.0
6340.0	1.0
6384.0	1.0
6386.0	1.0
6446.0	1.0
6461.0	1.0
6562.0	1.0
6832.0	1.0
6896.0	1.0
6950.0	1.0
7087.0	1.0
7107.0	1.0
7265.0	1.0
7276.0	1.0
7346.0	1.0
7430.0	1.0
7495.0	1.0
7512.0	1.0
7524.0	1.0
7535.0	1.0
7547.0	1.0
7604.0	1.0
7664.0	2.0
7667.0	1.0
7678.0	3.0
7741.0	1.0
8225.0	1.0
8280.0	1.0
8292.0	4.0
8319.0	1.0
8324.0	3.0
8906.0	1.0
8907.0	1.0
8916.0	4.0
9354.0	1.0
9382.0	1.0
9386.0	1.0
9521.0	3.0
9534.0	1.0
9596.0	1.0
9633.0	1.0
10022.0	1.0
10140.0	1.0
10141.0	1.0
10145.0	2.0
10174.0	1.0
10183.0	1.0
10461.0	1.0
10545.0	1.0
10569.0	2.0
10707.0	1.0
10733.0	2.0
10759.0	1.0
11140.0	1.0
11313.0	1.0
11740.0	1.0
11781.0	1.0
11833.0	2.0
11846.0	1.0
11854.0	1.0
11895.0	1.0
11919.0	2.0
11920.0	1.0
12012.0	1.0
12538.0	1.0
12892.0	1.0
12896.0	1.0
12899.0	1.0
13006.0	1.0
13057.0	1.0
13066.0	2.0
13092.0	1.0
13121.0	1.0
13161.0	1.0
13283.0	1.0
13293.0	1.0
13309.0	1.0
13546.0	1.0
13566.0	1.0
13588.0	1.0
13659.0	1.0
13733.0	1.0
13919.0	1.0
14274.0	1.0
14522.0	1.0
14829.0	1.0
15157.0	2.0
15353.0	1.0
15448.0	1.0
15499.0	1.0
15754.0	1.0
15775.0	1.0
16179.0	2.0
16669.0	1.0
16689.0	1.0
16916.0	1.0
16961.0	2.0
17341.0	1.0
17872.0	2.0
17882.0	1.0
17896.0	1.0
17899.0	1.0
18003.0	1.0
18006.0	1.0
18055.0	1.0
18096.0	1.0
18642.0	1.0
18697.0	2.0
19107.0	1.0
19267.0	4.0
19284.0	1.0
19754.0	1.0
19764.0	1.0
19826.0	1.0
19909.0	4.0
19923.0	1.0
20217.0	1.0
20374.0	1.0
20387.0	1.0
20489.0	1.0
20490.0	1.0
20500.0	1.0
20501.0	6.0
20530.0	1.0
20542.0	1.0
20722.0	1.0
20747.0	1.0
20949.0	1.0
20985.0	1.0
21007.0	1.0
21104.0	1.0
21139.0	2.0
21538.0	2.0
21562.0	1.0
21572.0	1.0
21596.0	1.0
21617.0	1.0
21712.0	2.0
21713.0	207.0
21726.0	2.0
21727.0	2.0
21731.0	2.0
21732.0	2.0
21734.0	2.0
21735.0	1.0
21739.0	1.0
21740.0	1.0
21742.0	1.0
21743.0	1.0
21746.0	1.0
21752.0	1.0
22123.0	1.0
22296.0	1.0
22313.0	1.0
22316.0	7.0
22334.0	1.0
22344.0	1.0
22345.0	1.0
22615.0	1.0
22725.0	1.0
22873.0	10.0
22912.0	1.0
22975.0	3.0
23344.0	1.0
23379.0	1.0
23399.0	1.0
23400.0	1.0
23492.0	1.0
23524.0	1.0
23525.0	1.0
23547.0	3.0
23845.0	1.0
23990.0	1.0
24139.0	1.0
24752.0	2.0
24754.0	1.0
25134.0	1.0
25158.0	1.0
25320.0	1.0
25334.0	1.0
25348.0	7.0
25397.0	1.0
25593.0	2.0
25631.0	1.0
25661.0	1.0
25670.0	1.0
25777.0	1.0
25789.0	1.0
25796.0	1.0
25829.0	1.0
25948.0	1.0
25952.0	2.0
25954.0	1.0
25964.0	58.0
25973.0	15.0
25984.0	1.0
25990.0	1.0
26161.0	3.0
26204.0	1.0
26274.0	1.0
26276.0	1.0
26307.0	2.0
26391.0	2.0
26393.0	197.0
26395.0	1.0
26420.0	1.0
26427.0	1.0
26430.0	1.0
26445.0	6.0
26549.0	2.0
26550.0	1.0
26551.0	1.0
26554.0	1.0
26557.0	3.0
26558.0	1.0
26559.0	4.0
26560.0	350.0
26561.0	1.0
26570.0	1.0
26573.0	7.0
26574.0	14.0
26575.0	1.0
26578.0	5.0
26579.0	5.0
26580.0	2.0
26581.0	3.0
26582.0	4.0
26583.0	2.0
26584.0	1.0
26585.0	1.0
26586.0	17.0
26587.0	4.0
26588.0	1.0
26589.0	4.0
26590.0	1.0
26596.0	2.0
26612.0	1.0
26764.0	3.0
26967.0	3.0
27023.0	2.0
27038.0	1.0
27072.0	1.0
27173.0	5.0
27178.0	1.0
27185.0	545.0
27186.0	1.0
27189.0	1.0
27195.0	1.0
27197.0	1.0
27198.0	4.0
27199.0	9.0
27201.0	1.0
27203.0	7.0
27204.0	1.0
27205.0	1.0
27206.0	3.0
27207.0	1.0
27209.0	1.0
27211.0	6.0
27212.0	5.0
27213.0	1.0
27222.0	41.0
27311.0	4.0
27372.0	5.0
27381.0	1.0
27491.0	3.0
27493.0	1.0
27517.0	1.0
27521.0	1.0
27523.0	1.0
27530.0	2.0
27531.0	1.0
27549.0	1.0
27651.0	2.0
27673.0	1.0
27674.0	1.0
27678.0	2.0
27684.0	2.0
27685.0	3.0
27720.0	1.0
27805.0	3.0
27812.0	1.0
27821.0	1.0
27822.0	4.0
27824.0	131.0
27825.0	7.0
27834.0	1.0
27837.0	2.0
27839.0	2.0
27842.0	2.0
27844.0	1.0
27846.0	3.0
28007.0	2.0
28078.0	1.0
28079.0	2.0
28130.0	1.0
28169.0	1.0
28200.0	1.0
28216.0	1.0
28226.0	1.0
28247.0	1.0
28269.0	1.0
28293.0	1.0
28352.0	1.0
28421.0	2.0
28422.0	3.0
28424.0	6.0
28427.0	1.0
28430.0	1.0
28431.0	2.0
28433.0	13.0
28434.0	2937.0
28435.0	6.0
28436.0	2.0
28438.0	3.0
28439.0	10.0
28440.0	2.0
28442.0	1.0
28443.0	2.0
28446.0	1.0
28447.0	26.0
28448.0	40.0
28449.0	4.0
28450.0	2.0
28451.0	27.0
28452.0	18.0
28453.0	14.0
28454.0	13.0
28455.0	6.0
28456.0	5.0
28457.0	5.0
28458.0	4.0
28459.0	2.0
28460.0	27.0
28461.0	6.0
28462.0	1.0
28463.0	10.0
28464.0	1.0
28613.0	1.0
28737.0	7.0
28762.0	3.0
28767.0	1.0
28853.0	1.0
28880.0	2.0
28912.0	8.0
28923.0	1.0
29033.0	6.0
29051.0	4.0
29058.0	1.0
29214.0	2.0
29307.0	1.0
29413.0	2.0
29663.0	3.0
