#GC Content (%)	Sample
1.0	0.0
2.0	2.960235161081196E-6
3.0	0.0
4.0	0.0
5.0	0.0
6.0	0.0
7.0	0.0
8.0	0.0
9.0	0.0
10.0	2.960235161081196E-6
11.0	0.0
12.0	0.0
13.0	0.0
14.0	7.992634934919231E-5
15.0	5.624446806054273E-5
16.0	8.880705483243589E-6
17.0	4.4995574448434183E-4
18.0	2.3681881288649571E-4
19.0	5.920470322162393E-5
20.0	0.002966155631403359
21.0	6.038879728605641E-4
22.0	9.79837838317876E-4
23.0	0.00818801045555059
24.0	0.0011840940644324788
25.0	0.01794494554647421
26.0	0.008155447868778696
27.0	0.003922311588432586
28.0	0.03837648862825663
29.0	0.013250012580999435
30.0	0.007415389078508396
31.0	0.0676798564877994
32.0	0.019197125019611558
33.0	0.011553797833699909
34.0	0.0931023560511647
35.0	0.02381213163573714
36.0	0.039119507653688004
37.0	0.09506203172780045
38.0	0.02503766899242476
39.0	0.10222284058245586
40.0	0.03189357362548881
41.0	0.013418745985181064
42.0	0.10213699376278453
43.0	0.025795489193661543
44.0	0.009150086882901979
45.0	0.07369801457027747
46.0	0.019549393003780224
47.0	0.009555639099970101
48.0	0.041526178839647016
49.0	0.012965830005535642
50.0	0.01974772875957266
51.0	0.013152324820683755
52.0	0.008202811631355994
53.0	0.01303983588456267
54.0	0.0017465387450379059
55.0	0.0040999256980974565
56.0	0.012465550263312919
57.0	5.387627993167777E-4
58.0	0.0010923267744389615
59.0	0.0017228568637492564
60.0	2.8418257546379485E-4
61.0	8.347863154248973E-4
62.0	0.0017554194505211497
63.0	2.901030457859572E-4
64.0	4.5587621480650426E-4
65.0	1.1544917128216667E-4
66.0	3.256258677189316E-5
67.0	1.1840940644324785E-5
68.0	0.0
69.0	0.0
70.0	0.0
71.0	0.0
72.0	0.0
73.0	0.0
74.0	0.0
75.0	1.4801175805405982E-5
76.0	0.0
77.0	0.0
78.0	0.0
79.0	0.0
80.0	0.0
81.0	0.0
82.0	0.0
83.0	0.0
84.0	0.0
85.0	0.0
86.0	0.0
87.0	0.0
88.0	0.0
89.0	0.0
90.0	0.0
91.0	0.0
92.0	0.0
93.0	0.0
94.0	0.0
95.0	0.0
96.0	0.0
97.0	0.0
98.0	0.0
99.0	0.0
100.0	3.5522821932974356E-5
