#Read position (bp)	Clipping profile
0.0	1.1090747497386815
1.0	1.067953604779968
2.0	1.0571448926120819
3.0	1.0446884523226025
4.0	1.0304113445168435
5.0	1.0159372779560254
6.0	1.0018379134170272
7.0	0.9843374074492012
8.0	0.968623941893132
9.0	0.9535109603463898
10.0	0.9376870057326048
11.0	0.9177077017742766
12.0	0.9010526772915827
13.0	0.887962125888254
14.0	0.8750829448562083
15.0	0.8624343496837442
16.0	0.8453806038188574
17.0	0.831170750222143
18.0	0.8162691390466841
19.0	0.804158577546577
20.0	0.7964723822271914
21.0	0.790933517725159
22.0	0.784467505912726
23.0	0.7804802920907945
24.0	0.7739133989647944
25.0	0.7726739999695434
26.0	0.7732504646184973
27.0	0.7783809999941873
28.0	0.7799518661625868
29.0	0.7783617845058889
30.0	0.7792937356883644
31.0	0.7792553047117674
32.0	0.7793802053857075
33.0	0.7932441801930494
34.0	0.7823153712232979
35.0	0.7879695286551209
36.0	0.7871048316816901
37.0	0.784741326620979
38.0	0.7850872054103514
39.0	0.7865379747768855
40.0	0.7890455959998349
41.0	0.7921921322087084
42.0	0.7960544453566998
43.0	0.7973370792006224
44.0	0.7998879352722433
45.0	0.8015356633938366
46.0	0.8063635548288258
47.0	0.8113355624260534
48.0	0.816432470697221
49.0	0.8195934185223184
50.0	0.8183011769342466
51.0	0.8182579420855752
52.0	0.815831986687894
53.0	0.8125221188284836
54.0	0.809351563259237
55.0	0.8077278544980168
56.0	0.80925068194567
57.0	0.8107927248816218
58.0	0.8087414715057608
59.0	0.8073723679644951
60.0	0.8052586642516641
61.0	0.8037406406760854
62.0	0.8029239824234006
63.0	0.8000608746669295
64.0	0.7955356271726413
65.0	0.7931096717749602
66.0	0.7894202980216549
67.0	0.784991127968859
68.0	0.7804322533700484
69.0	0.7759598484685808
70.0	0.771929399797978
71.0	0.7651415285565455
72.0	0.7579453281887707
73.0	0.7504656993685935
74.0	0.7435481235811464
75.0	0.7375913222086224
76.0	0.7309763903618762
77.0	0.7233238221470129
78.0	0.7170163381130419
79.0	0.7104830720915641
80.0	0.7012067951154806
81.0	0.6938280476088703
82.0	0.6849889229915768
83.0	0.677442039962355
84.0	0.6684107604620767
85.0	0.6602730011676772
86.0	0.6516884817703383
87.0	0.6442280684384596
88.0	0.6364361879334324
89.0	0.6285626416031367
90.0	0.6205738023430502
91.0	0.6137715194853939
92.0	0.6050669032861895
93.0	0.5967706162133277
94.0	0.5869034629720663
95.0	0.5788377617587859
96.0	0.5700322642460147
97.0	0.5620530327300775
98.0	0.5547751665370342
99.0	0.5480017069118256
100.0	0.5399936521634406
101.0	0.5316973650905786
102.0	0.5239919542828946
103.0	0.5155371394315703
104.0	0.5075002614507377
105.0	0.500414550140679
106.0	0.49285325549523334
107.0	0.4851574524316984
108.0	0.478518501224579
109.0	0.47200925456347426
110.0	0.46531265689145956
111.0	0.45891389928807097
112.0	0.4540283613881865
113.0	0.4477064657379917
114.0	0.4425471071298541
115.0	0.43758470727677573
116.0	0.43309308688700965
117.0	0.4295526331680176
118.0	0.4261755110995626
119.0	0.42275515418243603
120.0	0.4185181390126246
121.0	0.41519385953699034
122.0	0.4108607669256866
123.0	0.40725786286972465
124.0	0.404851122960342
125.0	0.40143556991528995
126.0	0.3987550092976542
127.0	0.39611287965661535
128.0	0.3945900522089621
129.0	0.39358123907329273
130.0	0.3926060530421457
131.0	0.3919719419282964
132.0	0.39196713805622174
133.0	0.3923802710546387
134.0	0.3925628181934741
135.0	0.39356202358499426
136.0	0.39385025590947126
137.0	0.39355241584084505
138.0	0.3950224006956775
139.0	0.39526259429940835
140.0	0.39518573234621446
141.0	0.39521455557866214
142.0	0.3954643569265422
143.0	0.3944219166863505
144.0	0.39337467257408426
145.0	0.3912993998378501
146.0	0.388272960430842
147.0	0.3820999848149604
148.0	0.3671743542791283
149.0	0.3279411310457391
150.0	0.1924383114370442
