#Read position (bp)	Clipping profile
0.0	29.046073081439527
1.0	2.0687987842785107
2.0	1.737238378117013
3.0	1.5265593700352282
4.0	1.340056641569386
5.0	1.236444014643918
6.0	1.188091455412033
7.0	1.1293776334876011
8.0	1.0533950404089245
9.0	0.984319955791946
10.0	0.9394211507909098
11.0	0.8910685915590246
12.0	0.8599848034813843
13.0	0.8392622780962906
14.0	0.8012709815569525
15.0	0.7598259307867652
16.0	0.7045658630931823
17.0	0.6423982869379015
18.0	0.562961939628376
19.0	0.46280306693375695
20.0	0.40063549077847627
21.0	0.3660979484699869
22.0	0.34192166885404435
23.0	0.32465289769979966
24.0	0.2832078469296125
25.0	0.255577813082821
26.0	0.23140153346687847
27.0	0.21758651654348277
28.0	0.20031774538923813
29.0	0.1795952200041445
30.0	0.17268771154244664
31.0	1.381501692339573
32.0	0.9428749050217587
33.0	4.973406092422463
34.0	0.1277889065414105
35.0	0.1277889065414105
36.0	0.5215168888581889
37.0	1.695793327346826
38.0	2.210402707743317
39.0	0.48352559231885056
40.0	0.7011121088623334
41.0	1.1017475996408095
42.0	0.8323547696345928
43.0	0.4593493127029081
44.0	0.07943634730952545
45.0	0.07598259307867652
46.0	1.0257650065621329
47.0	0.05526006769358292
48.0	0.9808662015610968
49.0	0.04835255923188506
50.0	0.7045658630931823
51.0	0.7321958969399738
52.0	0.3799129653933826
53.0	0.04489880500103612
54.0	0.3799129653933826
55.0	0.37645921116253367
56.0	0.04489880500103612
57.0	0.5007943634730952
58.0	0.041445050770187196
59.0	0.041445050770187196
60.0	0.041445050770187196
61.0	0.03453754230848933
62.0	0.031083788077640395
63.0	0.03453754230848933
64.0	0.031083788077640395
65.0	0.32119914346895073
66.0	0.3177453892381018
67.0	0.32119914346895073
68.0	0.3142916350072529
69.0	0.031083788077640395
70.0	0.031083788077640395
71.0	0.29702286385300825
72.0	0.2832078469296125
73.0	0.031083788077640395
74.0	0.031083788077640395
75.0	0.03799129653933826
76.0	0.03799129653933826
77.0	0.03799129653933826
78.0	0.04489880500103612
79.0	0.04489880500103612
80.0	0.04489880500103612
81.0	0.2935691096221593
82.0	0.05526006769358292
83.0	0.307384126545555
84.0	0.07943634730952545
85.0	0.08979761000207225
86.0	0.10706638115631692
87.0	0.10706638115631692
88.0	0.10706638115631692
89.0	0.12088139807971264
90.0	0.12433515231056158
91.0	0.12433515231056158
92.0	0.1277889065414105
93.0	0.1346964150031084
94.0	0.14505767769565517
95.0	0.15196518615735305
96.0	0.15196518615735305
97.0	0.16578020308074878
98.0	0.1795952200041445
99.0	0.20031774538923813
100.0	0.21413276231263384
101.0	0.22449402500518065
102.0	0.23485528769772746
103.0	0.2521240588519721
104.0	0.25903156731367
105.0	0.27975409269876356
106.0	0.27975409269876356
107.0	0.27975409269876356
108.0	0.27630033846791463
109.0	0.2832078469296125
110.0	0.29702286385300825
111.0	0.3039303723147061
112.0	0.3177453892381018
113.0	0.32465289769979966
114.0	0.33156040616149757
115.0	0.3177453892381018
116.0	0.33156040616149757
117.0	0.34192166885404435
118.0	0.3522829315465911
119.0	0.37300545693168474
120.0	0.35573668577744005
121.0	0.359190440008289
122.0	0.3799129653933826
123.0	0.3868204738550805
124.0	0.40754299924017406
125.0	0.42135801616356977
126.0	0.4489880500103613
127.0	0.4420805415486634
128.0	0.4524418042412102
129.0	0.48352559231885056
130.0	0.4869793465496995
131.0	0.47316432962630384
132.0	0.511155626165642
133.0	0.514609380396491
134.0	0.514609380396491
135.0	0.5249706430890377
136.0	0.5491469227049803
137.0	0.5387856600124336
138.0	0.5422394142432825
139.0	0.5456931684741314
140.0	0.5526006769358293
141.0	0.5456931684741314
142.0	0.5387856600124336
143.0	0.5456931684741314
144.0	0.5940457277060165
145.0	0.6216757615528079
146.0	0.6423982869379015
147.0	0.6838433377080887
148.0	0.7391034054016716
149.0	0.7770947019410099
150.0	0.5526006769358293
