# Position (bp)	A	C	G	T	N
0.0	28.03372478169226	19.542306534176454	20.23486901535682	32.18909966877447	0.0
1.0	24.72146943691659	22.58355916892502	24.26979825353809	28.425173140620295	0.0
2.0	28.116551516972066	20.186242114749174	17.30249324121358	34.39471312706519	0.0
3.0	29.415292353823087	22.06896551724138	18.560719640179908	29.955022488755624	0.0
4.0	27.539706323044648	21.03685945459994	19.718309859154928	31.705124363200483	0.0
5.0	31.186339125224688	19.233073696824444	16.387058118633913	33.19352905931696	0.0
6.0	31.206948188080265	18.149146451033243	21.353698712189278	29.290206648697215	0.0
7.0	29.58083832335329	20.53892215568862	20.449101796407184	29.431137724550897	0.0
8.0	27.626459143968873	20.383118826698592	20.1736007183478	31.816821310984732	0.0
9.0	26.758455552229872	20.442981143370247	18.04848847650404	34.75007482789584	0.0
10.0	27.79772591262717	18.43207660083782	20.975463794135248	32.79473369239976	0.0
11.0	26.750448833034113	20.197486535008977	20.436864153201675	32.615200478755234	0.0
12.0	27.70795930580491	19.569120287253142	19.449431478156793	33.27348892878516	0.0
13.0	28.964691801316576	22.232196289646918	19.80849790544584	28.994614003590662	0.0
14.0	28.12687013764213	20.706163973668463	20.287253141831236	30.879712746858168	0.0
15.0	25.014961101137047	20.676241771394373	21.484141232794734	32.824655894673846	0.0
16.0	29.05445840813884	18.970676241771393	21.663674446439256	30.31119090365051	0.0
17.0	29.74266906044285	18.0131657690006	20.885697187312985	31.358467983243564	0.0
18.0	26.233921627280886	21.5973676338618	20.49057732575531	31.678133413102007	0.0
19.0	25.373580394500895	22.444710101613868	21.75732217573222	30.424387328153017	0.0
20.0	26.336219767094654	22.96207823230815	18.841445207524636	31.860256793072562	0.0
21.0	24.753951685058155	21.890844020280344	20.99612287503728	32.35908141962422	0.0
22.0	28.477807566279417	20.345546619005063	17.605004468275247	33.57164134644027	0.0
23.0	27.21858248957713	21.500893388921977	17.62954139368672	33.650982727814174	0.0
24.0	27.313299613210358	18.536149955370426	18.119607259744125	36.0309431716751	0.0
25.0	27.12671029149316	19.958358120166565	15.823914336704343	37.09101725163593	0.0
26.0	30.074294205052006	17.206537890044576	18.632986627043092	34.08618127786033	0.0
27.0	28.312537136066545	19.25133689839572	20.053475935828878	32.382650029708856	0.0
28.0	31.71021377672209	17.517814726840854	16.68646080760095	34.08551068883611	0.0
29.0	28.94893111638955	18.824228028503562	17.78503562945368	34.441805225653205	0.0
30.0	30.965824665676077	17.325408618127785	18.692421991084696	33.01634472511144	0.0
31.0	31.64933135215453	18.157503714710252	15.809806835066864	34.38335809806835	0.0
32.0	30.044576523031203	18.098068350668647	19.61367013372957	32.24368499257058	0.0
33.0	27.786032689450224	19.73254086181278	19.970282317979198	32.5111441307578	0.0
34.0	33.13521545319465	17.087667161961367	19.10846953937593	30.668647845468055	0.0
35.0	30.787518573551264	18.514115898959883	19.257057949479943	31.441307578008914	0.0
36.0	30.698365527488857	16.463595839524515	17.74145616641902	35.096582466567604	0.0
37.0	29.93762993762994	20.582120582120584	18.77041877041877	30.70983070983071	0.0
38.0	27.650727650727653	19.95841995841996	18.08731808731809	34.303534303534306	0.0
39.0	29.780285035629454	18.497624703087887	18.141330166270784	33.580760095011875	0.0
40.0	28.82160878598991	16.68150786583556	20.005936479667557	34.49094686850698	0.0
41.0	28.376372810923122	17.77975660433363	21.460373998219058	32.38349658652419	0.0
42.0	31.493024636390622	16.355001484119917	20.480854853072127	31.671119026417333	0.0
43.0	28.791926387652122	18.699910952804988	19.352923716236273	33.15523894330662	0.0
44.0	31.553973902728348	19.33570581257414	17.141162514827997	31.969157769869515	0.0
45.0	32.98755186721991	15.886188500296383	19.502074688796682	31.624184943687016	0.0
46.0	31.11111111111111	15.11111111111111	20.08888888888889	33.68888888888889	0.0
47.0	33.58010068107788	15.546342907906427	20.165827657684336	30.70772875333136	0.0
48.0	28.28791469194313	18.927725118483412	20.912322274881518	31.87203791469194	0.0
49.0	27.577014218009477	20.053317535545023	19.075829383886255	33.29383886255924	0.0
50.0	28.406398104265403	19.786729857819903	20.61611374407583	31.19075829383886	0.0
51.0	30.056262955285757	17.944921527983418	19.455137696180042	32.54367782055078	0.0
52.0	27.665876777251185	17.742890995260662	23.281990521327014	31.30924170616114	0.0
53.0	30.814814814814817	20.20740740740741	19.674074074074074	29.303703703703704	0.0
54.0	28.62222222222222	19.22962962962963	18.9037037037037	33.24444444444444	0.0
55.0	28.17777777777778	18.28148148148148	20.562962962962963	32.97777777777778	0.0
56.0	25.748148148148147	18.9037037037037	21.659259259259258	33.68888888888889	0.0
57.0	27.79259259259259	18.814814814814813	21.274074074074072	32.11851851851852	0.0
58.0	26.77725118483412	19.99407582938389	18.364928909952607	34.86374407582938	0.0
59.0	26.384364820846905	20.46194847497779	20.491560556707135	32.662126147468165	0.0
60.0	31.03346165235416	18.59638732602902	20.28427598460172	30.085875037015104	0.0
61.0	26.70219064535228	18.354055654233274	22.705743043220842	32.238010657193605	0.0
62.0	27.797513321492005	19.686204854943753	21.81764357608052	30.698638247483718	0.0
63.0	29.455298993487272	18.798105387803435	18.67969212551806	33.066903493191234	0.0
64.0	28.605270950547823	18.86289606159313	20.28427598460172	32.24755700325733	0.0
65.0	28.457210541901095	18.566775244299674	20.639620965353863	32.33639324844537	0.0
66.0	28.575658868818476	16.967722830915015	20.698845128812557	33.757773171453955	0.0
67.0	29.19751258513473	20.698845128812557	17.885697364524727	32.21794492152799	0.0
68.0	27.7465205803968	20.81729345572994	19.12940479715724	32.30678116671602	0.0
69.0	30.618892508143325	20.136215575954992	17.737636955877996	31.50725496002369	0.0
70.0	29.4344092389695	19.92893100384957	17.411904056855196	33.22475570032573	0.0
71.0	28.457210541901095	21.587207580692922	21.0541901095647	28.90139176784128	0.0
72.0	28.279538051525023	19.366301450992005	20.906129700917976	31.448030796564996	0.0
73.0	28.427598460171748	16.73082617708025	21.67604382588096	33.16553153686704	0.0
74.0	28.664495114006517	18.7148356529464	20.017767249037608	32.60290198400948	0.0
75.0	30.174711282203138	19.692034350014804	20.580396801895173	29.55285756588688	0.0
76.0	31.359194551376962	18.477938999111636	19.48474977790939	30.678116671602012	0.0
77.0	31.181522061000887	20.46194847497779	18.68522357121706	29.671305892804263	0.0
78.0	29.34557299378146	17.145395321291087	19.840094758661532	33.66893692626592	0.0
79.0	30.500444181225937	18.418714835652946	17.58957654723127	33.491264435889846	0.0
80.0	33.757773171453955	16.079360379034647	19.66242226828546	30.500444181225937	0.0
81.0	30.381995854308556	17.53035238377258	20.402724311519098	31.684927450399762	0.0
82.0	32.69173822919751	15.664791234823808	21.024578027835357	30.618892508143325	0.0
83.0	32.18833283979864	17.500740302043233	20.165827657684336	30.14509920047379	0.0
84.0	31.56647912348238	17.11578323956174	20.402724311519098	30.91501332543678	0.0
85.0	29.286348830322773	17.05655907610305	20.846905537459286	32.81018655611489	0.0
86.0	29.55285756588688	19.39591353272135	18.27065442700622	32.780574474385546	0.0
87.0	32.662126147468165	15.339058335801006	19.514361859638733	32.4844536570921	0.0
88.0	31.181522061000887	17.026946994373702	18.537163162570327	33.25436778205508	0.0
89.0	30.02665087355641	15.57595498963577	18.922120225051824	35.47527391175599	0.0
90.0	28.75333135919455	15.960912052117262	20.93574178264732	34.35001480604086	0.0
91.0	30.411607936037903	18.951732306781167	16.168196624222684	34.46846313295825	0.0
92.0	27.983417234231567	18.951732306781167	17.58957654723127	35.47527391175599	0.0
93.0	29.848978383180334	17.53035238377258	20.521172638436482	32.0994965946106	0.0
94.0	27.924193070772873	16.286644951140065	20.313888066331064	35.47527391175599	0.0
95.0	29.108676339946697	18.181818181818183	19.632810186556114	33.076695291679	0.0
96.0	28.842167604382592	17.737636955877996	19.632810186556114	33.7873852531833	0.0
97.0	30.056262955285757	17.85608528279538	18.7148356529464	33.37281610897246	0.0
98.0	29.493633402428195	19.18862896061593	18.0633698549008	33.25436778205508	0.0
99.0	28.575658868818476	19.81048267693219	18.65561148948771	32.95824696476162	0.0
100.0	30.390995260663505	18.51303317535545	20.52725118483412	30.568720379146917	0.0
101.0	29.86666666666667	20.88888888888889	18.962962962962962	30.28148148148148	0.0
102.0	28.986366330764675	18.494368701837583	20.12448132780083	32.394783639596916	0.0
103.0	26.941315945465323	19.590989922940132	23.029045643153527	30.438648488441018	0.0
104.0	26.65283130744145	18.262674177290247	20.13044767269493	34.954046842573376	0.0
105.0	28.054567022538553	19.06880189798339	20.729537366548044	32.147093712930015	0.0
106.0	31.88964698902403	20.37970928507861	18.985464253930584	28.745179471966775	0.0
107.0	30.84916864608076	20.69477434679335	20.54631828978622	27.909738717339668	0.0
108.0	32.17365447517098	18.55486173059768	19.476657746060067	29.794826048171274	0.0
109.0	28.176138054150552	18.744421303183575	19.012198750371915	34.06724189229396	0.0
110.0	27.03185471866627	19.82732956236975	18.755582018457876	34.3852337005061	0.0
111.0	30.068472759749927	16.582316165525455	20.15480797856505	33.19440309615957	0.0
112.0	26.823459362905627	19.410538850848464	19.648704971717773	34.11729681452813	0.0
113.0	29.6814528133373	16.850253051503426	20.005954153021733	33.46233998213754	0.0
114.0	31.179273377010126	15.69386539606909	19.29720071471114	33.82966051220965	0.0
115.0	26.072705601907032	19.39809296781883	16.954707985697258	37.57449344457688	0.0
116.0	28.843861740166865	19.30870083432658	17.96781883194279	33.87961859356376	0.0
117.0	32.766845557543235	17.531305903398927	17.23315444245677	32.46869409660108	0.0
118.0	32.53802564867283	18.16283924843424	17.536534446764094	31.762600656128843	0.0
119.0	25.41766109785203	21.33054892601432	21.539379474940333	31.712410501193318	0.0
120.0	29.892601431980907	19.212410501193318	20.31622911694511	30.57875894988067	0.0
121.0	32.407407407407405	18.57825567502987	18.27956989247312	30.734767025089603	0.0
122.0	31.90917239318793	18.285031371377354	18.673438900507918	31.1323573349268	0.0
123.0	31.251867343890048	17.418583806393787	19.300866447564985	32.02868240215118	0.0
124.0	34.986555123991636	17.836868837765163	15.625933671945024	31.550642366298177	0.0
125.0	31.968927397669557	19.898416492381237	18.673438900507918	29.45921720944129	0.0
126.0	32.327457424559306	17.56797131759785	20.047804003585302	30.056767254257544	0.0
127.0	29.578727218404545	19.091723931879294	18.763071407230356	32.566477442485805	0.0
128.0	31.04272482820436	17.14968628622647	18.85270391395279	32.95488497161637	0.0
129.0	31.47041243275553	19.157202630005976	19.456066945606697	29.916317991631797	0.0
130.0	31.210762331838566	17.847533632286996	17.78774289985052	33.153961136023916	0.0
131.0	31.12107623318386	18.50523168908819	22.301943198804185	28.07174887892377	0.0
132.0	28.028716721507628	17.738558181274307	22.763984445109184	31.468740652108885	0.0
133.0	28.12687013764213	19.50927588270497	20.556552962298024	31.807301017354877	0.0
134.0	25.73309395571514	20.8557749850389	23.070017953321365	30.341113105924595	0.0
135.0	29.44877171959257	18.72378669862193	21.390053924505693	30.437387657279807	0.0
136.0	30.407429598562015	19.233073696824444	18.334331935290592	32.02516476932295	0.0
137.0	29.436450839328536	17.595923261390887	20.713429256594722	32.25419664268585	0.0
138.0	28.155922038980506	19.100449775112445	19.79010494752624	32.95352323838081	0.0
139.0	30.704647676161915	18.980509745127435	17.841079460269864	32.47376311844078	0.0
140.0	28.922892289228923	17.311731173117312	21.002100210021002	32.76327632763276	0.0
141.0	26.02821975382768	18.042629840888623	22.665866106274393	33.26328429900931	0.0
142.0	30.68147703392375	17.74241969378565	20.53437406184329	31.04172921044731	0.0
143.0	32.592370081105436	16.821868428957647	20.756984079303095	29.828777410633823	0.0
144.0	30.30940222288976	18.654250525683388	19.044758185641335	31.99158906578552	0.0
145.0	31.400240384615387	15.625	19.951923076923077	33.02283653846153	0.0
146.0	28.42548076923077	18.719951923076923	18.629807692307693	34.22475961538461	0.0
147.0	28.37391042981665	19.74752028854824	20.138262699128344	31.74030658250676	0.0
148.0	29.47368421052631	18.285714285714285	19.939849624060148	32.30075187969925	0.0
149.0	27.543648404575556	19.205298013245034	18.57314870559904	34.67790487658037	0.0
150.0	29.560505719446116	16.91751956652619	19.927754364840457	33.59422034918724	0.0
151.0	28.825301204819276	17.37951807228916	20.481927710843372	33.31325301204819	0.0
152.0	27.40963855421687	18.493975903614455	19.367469879518072	34.7289156626506	0.0
153.0	32.28915662650602	17.43975903614458	17.710843373493976	32.56024096385542	0.0
154.0	31.44578313253012	17.13855421686747	17.861445783132528	33.554216867469876	0.0
155.0	31.244350708044593	18.71045495631214	19.162398312744802	30.88279602289846	0.0
156.0	30.65099457504521	16.244725738396625	20.70524412296564	32.39903556359253	0.0
157.0	29.906542056074763	19.596020500452216	21.585770274344288	28.91166716912873	0.0
158.0	30.268314742236964	18.239372927343986	19.626168224299064	31.866144106119986	0.0
159.0	30.8411214953271	14.742236961109437	22.309315646668676	32.107325896894785	0.0
160.0	27.3741332529394	17.365088935785348	22.73138378052457	32.52939403075068	0.0
161.0	29.60506481760627	16.40036177268616	21.254145312028943	32.740428097678624	0.0
162.0	31.00120627261761	16.224366706875752	23.401688781664657	29.37273823884198	0.0
163.0	30.579010856453557	14.56574185765983	21.32086851628468	33.53437876960193	0.0
164.0	33.35343787696019	17.430639324487334	22.225572979493364	26.990349819059105	0.0
165.0	34.62002412545235	15.922798552472859	21.23039806996381	28.22677925211098	0.0
166.0	32.639517345399696	18.371040723981903	20.271493212669682	28.717948717948715	0.0
167.0	29.692214846107422	18.346409173204588	19.88533494266747	32.07604103802052	0.0
168.0	27.972238986119493	17.531683765841883	20.790585395292698	33.70549185274593	0.0
169.0	27.972238986119493	16.777308388654195	19.493059746529873	35.757392878696436	0.0
170.0	29.058539529269765	15.781532890766444	21.876885938442967	33.283041641520825	0.0
171.0	28.51538925769463	16.86783343391672	21.363910681955343	33.25286662643332	0.0
172.0	28.51538925769463	19.76463488231744	19.43270971635486	32.28726614363307	0.0
173.0	26.7431331119831	18.351946875943252	17.899185028674918	37.00573498339873	0.0
174.0	27.376999698158766	20.102626018714158	18.56323573800181	33.95713854512527	0.0
175.0	29.2962851102386	18.39323467230444	19.42011476895198	32.89036544850498	0.0
176.0	30.513595166163142	15.438066465256798	19.154078549848943	34.894259818731115	0.0
177.0	29.59492140266022	20.253929866989118	18.34945586457074	31.80169286577993	0.0
178.0	32.134220072551386	17.14026602176542	19.98186215235792	30.743651753325274	0.0
179.0	26.610220743876628	19.534321136982157	21.530087692772906	32.32537042636831	0.0
180.0	28.796128251663646	17.695099818511796	19.0865093768905	34.42226255293406	0.0
181.0	29.470499243570348	18.3661119515885	19.636913767019667	32.526475037821484	0.0
182.0	31.46747352496218	18.124054462934946	21.02874432677761	29.379727685325264	0.0
183.0	30.24523160762943	21.525885558583106	17.650620647895852	30.578262185891614	0.0
184.0	30.102967898243488	21.108419139915203	18.413082980012113	30.375529981829196	0.0
185.0	30.351728320194056	21.770770163735598	19.98180715585203	27.895694360218315	0.0
186.0	33.31310679611651	16.899271844660195	21.63228155339806	28.155339805825243	0.0
187.0	30.601092896174865	21.03825136612022	20.279295689131754	28.081360048573163	0.0
188.0	31.19684082624544	18.59052247873633	19.501822600243013	30.710814094775213	0.0
189.0	33.586626139817625	17.537993920972646	18.29787234042553	30.577507598784194	0.0
190.0	36.838905775075986	16.930091185410333	17.29483282674772	28.936170212765955	0.0
191.0	30.972644376899694	18.601823708206684	17.933130699088146	32.49240121580547	0.0
192.0	34.559270516717326	17.17325227963526	18.72340425531915	29.544072948328264	0.0
193.0	30.565693430656932	15.328467153284672	22.5669099756691	31.538929440389296	0.0
194.0	28.819233110164333	18.472306755934266	21.089470480827753	31.618989653073648	0.0
195.0	31.649421789409615	18.89835666463786	19.202678027997568	30.24954351795496	0.0
196.0	31.40596469872185	20.085209981740718	16.64637857577602	31.862446743761414	0.0
197.0	29.954337899543376	20.152207001522072	19.45205479452055	30.441400304414003	0.0
198.0	30.5115712545676	18.81851400730816	18.879415347137638	31.790499390986604	0.0
199.0	29.485226926591533	17.849527870849833	19.82942430703625	32.83582089552239	0.0
200.0	28.66727660872217	18.48124428179323	20.585544373284538	32.265934736200066	0.0
201.0	29.813854134879463	16.93622215440952	19.469026548672566	33.78089716203845	0.0
202.0	30.68702290076336	16.335877862595417	19.419847328244273	33.55725190839694	0.0
203.0	31.276725717776422	15.088576664630422	21.869273060476484	31.765424557116678	0.0
204.0	27.947464874770922	18.32620647525962	20.03665241295052	33.689676237018936	0.0
205.0	31.001832620647523	17.19609040928528	21.686010995723883	30.116065974343307	0.0
206.0	29.1131498470948	18.440366972477065	20.36697247706422	32.079510703363916	0.0
207.0	29.559363525091797	18.05385556915545	20.746634026927786	31.64014687882497	0.0
208.0	29.3937538273117	19.075321494182486	22.22902633190447	29.301898346601345	0.0
209.0	30.07656967840735	18.529862174578867	20.12251148545176	31.271056661562017	0.0
210.0	32.935049019607845	17.15686274509804	19.454656862745097	30.453431372549016	0.0
211.0	30.66789215686275	16.727941176470587	22.518382352941178	30.08578431372549	0.0
212.0	31.309414290095063	16.62066850659307	22.23244403557191	29.837473167739958	0.0
213.0	31.696839521325558	17.49002761583308	20.773243326173674	30.03988953666769	0.0
214.0	31.215469613259668	19.49048496009822	21.178637200736645	28.115408225905465	0.0
215.0	33.5483870967742	18.9247311827957	18.80184331797235	28.72503840245776	0.0
216.0	33.62015980331899	18.930547019053474	17.424708051628766	30.02458512599877	0.0
217.0	30.8	17.507692307692306	18.8	32.892307692307696	0.0
218.0	29.40270935960591	17.549261083743843	21.520935960591135	31.527093596059114	0.0
219.0	28.879975316260413	19.901265041653808	22.153656278926256	29.065103363159515	0.0
220.0	30.53152039555006	20.055624227441285	18.634116192830653	30.778739184178	0.0
221.0	30.643166357452074	19.727891156462583	17.439703153988866	32.18923933209648	0.0
222.0	31.197771587743734	18.848653667595173	18.972454348498914	30.981120396162176	0.0
223.0	33.415918240941465	17.373799938061318	18.240941467946733	30.969340353050477	0.0
224.0	35.76076851564921	16.299969011465755	19.491788038425785	28.447474434459252	0.0
225.0	36.49612403100775	15.813953488372093	18.976744186046513	28.713178294573645	0.0
226.0	33.343682086308604	17.975783918037877	19.186588016144054	29.493945979509466	0.0
227.0	32.50466128029832	16.034804226227468	20.69608452454941	30.7644499689248	0.0
228.0	28.415810768751946	18.39402427637722	19.358854652972298	33.83131030189854	0.0
229.0	31.38049236522281	18.91555001558118	17.419756933624182	32.28420068557183	0.0
230.0	30.17160686427457	22.02808112324493	16.536661466458657	31.263650546021843	0.0
231.0	29.013116801998752	20.830730793254215	18.925671455340414	31.23048094940662	0.0
232.0	28.549093183239528	18.07379612257661	19.10569105691057	34.2714196372733	0.0
233.0	30.33813400125235	17.689417658108955	20.06887914840326	31.90356919223544	0.0
234.0	27.791718946047677	18.005018820577163	22.741530740276037	31.461731493099123	0.0
235.0	27.155443675267467	18.219005663939587	21.428571428571427	33.19697923222152	0.0
236.0	27.47875354107649	18.38212149826881	23.072080579162733	31.067044381491975	0.0
237.0	29.408060453400502	17.85264483627204	19.80478589420655	32.9345088161209	0.0
238.0	31.568998109640834	15.500945179584122	20.825456836798992	32.104599873976056	0.0
239.0	28.490208464939986	15.729627289955781	21.762476310802274	34.01768793430196	0.0
240.0	28.083491461100568	14.674256799493989	21.821631878557877	35.420619860847566	0.0
241.0	27.27272727272727	16.091225847323408	23.154893886601204	33.48115299334812	0.0
242.0	28.114104595879557	17.496038034865293	23.16957210776545	31.2202852614897	0.0
243.0	28.58050174658622	14.734836456017783	23.34074309304541	33.34391870435059	0.0
244.0	25.882352941176475	17.26550079491256	21.399046104928455	35.453100158982515	0.0
245.0	28.398599172238143	16.141356255969434	21.36262336835403	34.097421203438394	0.0
246.0	28.680688336520078	17.176545570427024	20.777565328234544	33.365200764818354	0.0
247.0	28.62607586866433	17.43704175964297	21.708638826904686	32.228243544788015	0.0
248.0	27.673156718799873	18.767954037663582	21.54484519629748	32.01404404723907	0.0
249.0	27.697726544988793	19.404418828049952	18.892090938200447	34.00576368876081	0.0
250.0	27.398139236445303	18.158485723452035	20.660891883221048	33.78248315688162	0.0
251.0	26.11628654031481	18.856408609058786	20.26983617089624	34.75746867973017	0.0
252.0	28.304921196526212	20.263750402058538	19.9742682534577	31.457060147957545	0.0
253.0	32.850241545893724	14.653784219001611	17.616747181964573	34.87922705314009	0.0
254.0	31.237911025145067	16.279819471308834	20.24500322372663	32.23726627981947	0.0
255.0	29.77074588311269	18.04972554084598	19.89021633839199	32.289312237649334	0.0
256.0	27.919767065674538	18.343578130055	20.41410546748625	33.32254933678421	0.0
257.0	28.0064829821718	17.277147487844406	18.768233387358187	35.94813614262561	0.0
258.0	30.76422764227642	18.048780487804876	18.829268292682926	32.35772357723577	0.0
259.0	31.91767396275727	17.314603070891867	19.209408689970598	31.558314276380266	0.0
260.0	30.83224115334207	17.955439056356486	17.72608125819135	33.48623853211009	0.0
261.0	30.938320209973753	19.12729658792651	19.38976377952756	30.54461942257218	0.0
262.0	31.326094109904574	17.63738071734123	20.500164527805197	30.536360644948996	0.0
263.0	31.53034300791557	20.25065963060686	18.568601583113455	29.650395778364114	0.0
264.0	30.254882489241975	19.033432638199272	20.58920887123469	30.122476001324067	0.0
265.0	30.677290836653388	18.127490039840637	18.658698539176626	32.536520584329345	0.0
266.0	33.311125916055964	19.753497668221186	18.654230512991337	28.281145902731513	0.0
267.0	29.993319973279892	18.937875751503004	20.374081496325985	30.694722778891116	0.0
268.0	31.816649814627567	16.75092686215032	21.402089652847994	30.030333670374116	0.0
269.0	33.9424703891709	18.307952622673433	20.304568527918782	27.445008460236885	0.0
270.0	32.39388794567063	20.407470288624786	16.87606112054329	30.32258064516129	0.0
271.0	33.185991159469566	19.68718123087385	18.19109146548793	28.93573614416865	0.0
272.0	29.07849829351536	18.907849829351537	19.351535836177476	32.66211604095563	0.0
273.0	29.986291980808772	16.552433173406442	20.630568882796435	32.83070596298835	0.0
274.0	32.589285714285715	17.994505494505493	19.71153846153846	29.70467032967033	0.0
275.0	30.117160578911097	17.849758787043417	22.53618194348725	29.496898690558236	0.0
276.0	31.925207756232687	17.55540166204986	20.394736842105264	30.12465373961219	0.0
277.0	28.640945429266594	18.039624608967674	19.256169621133125	34.0632603406326	0.0
278.0	27.6536312849162	18.156424581005588	22.55586592178771	31.6340782122905	0.0
279.0	28.811777076761302	21.275849982474586	21.065545040308447	28.84682790045566	0.0
280.0	31.703026038001408	19.387755102040817	20.408163265306122	28.501055594651653	0.0
281.0	29.710656316160904	16.972477064220186	22.72406492589979	30.592801693719125	0.0
282.0	31.148121899362152	16.725726435152374	23.706591070163004	28.41956059532247	0.0
283.0	28.718861209964412	19.430604982206408	22.348754448398576	29.501779359430607	0.0
284.0	24.928571428571427	21.464285714285715	23.107142857142858	30.5	0.0
285.0	28.66881951919627	19.411553641908863	21.85145317545748	30.068173663437385	0.0
286.0	27.433309300648883	18.709444844989186	22.819033886085073	31.03821196827686	0.0
287.0	26.31388184124683	19.971003986951793	22.943095324392896	30.772018847408482	0.0
288.0	25.400874635568517	19.825072886297377	21.392128279883384	33.38192419825073	0.0
289.0	25.934065934065938	20.4029304029304	21.501831501831504	32.16117216117216	0.0
290.0	29.40959409594096	15.682656826568268	21.512915129151292	33.39483394833948	0.0
291.0	29.372447085035276	15.5959896026736	23.913850724099518	31.11771258819161	0.0
292.0	26.960418222554143	18.96938013442868	25.01867064973861	29.05153099327857	0.0
293.0	28.35708927231808	16.691672918229557	23.25581395348837	31.695423855963988	0.0
294.0	28.8729739917075	19.148134187712024	21.86204297022239	30.116848850358085	0.0
295.0	30.13282732447818	17.533206831119543	23.870967741935484	28.46299810246679	0.0
296.0	29.431948150972172	18.452154022112087	23.17956538314907	28.936332443766677	0.0
297.0	30.08849557522124	17.89149672951135	22.970373220469412	29.049634474797998	0.0
298.0	28.431372549019606	20.705882352941178	20.705882352941178	30.15686274509804	0.0
299.0	29.626521191775073	18.673940411246328	20.352496852706672	31.347041544271924	0.0
300.0	33.81849315068493	8.818493150684931	22.68835616438356	34.67465753424658	0.0
