#Read position (bp)	Clipping profile
0.0	39.6479458367366
1.0	0.04661043456961123
2.0	0.042293021915715295
3.0	0.040266481282253935
4.0	0.039737818508307494
5.0	0.03929726619668546
6.0	0.038812658653901225
7.0	0.038328051111116986
8.0	0.03815183018646817
9.0	0.037711277874846134
10.0	0.03744694648787292
11.0	0.037182615100899694
12.0	0.03691828371392648
13.0	0.03691828371392648
14.0	0.036742062789277656
15.0	0.03665395232695325
16.0	0.03656584186462885
17.0	0.03616934478416902
18.0	0.0359050133971958
19.0	0.035772847703709185
20.0	0.03528824016092495
21.0	0.03480363261814071
22.0	0.034319025075356474
23.0	0.0347155221558163
24.0	0.034319025075356474
25.0	0.034847687849302915
26.0	0.0346714669246541
27.0	0.034407135537680884
28.0	0.034363080306518676
29.0	0.03423091461303207
30.0	0.24137861153771262
31.0	0.11657014165519029
32.0	0.12229732170627673
33.0	0.20393166504983967
34.0	0.42460431794131664
35.0	1.089706142797102
36.0	1.352231265292672
37.0	0.11577714749427062
38.0	0.10903669712645349
39.0	0.1274958389834167
40.0	0.10714232218647873
41.0	0.30265943808433754
42.0	0.1745027706334878
43.0	0.2880771565696483
44.0	0.29882663297322587
45.0	1.0214645897268488
46.0	1.8352528197550706
47.0	4.419841066348059
48.0	0.3707247702299419
49.0	0.11943373168073351
50.0	0.05617041973180937
51.0	0.17031752367307845
52.0	0.1358663329042354
53.0	0.2712040030345243
54.0	1.902701378664404
55.0	0.09141460466157211
56.0	0.2660495409885465
57.0	0.42156450699112463
58.0	0.20886585094000648
59.0	0.2519518670166414
60.0	0.315964117895323
61.0	0.2708956164163889
62.0	0.12128405138954604
63.0	0.44279912841130664
64.0	0.7671337402274483
65.0	0.28120454050834454
66.0	0.10511578155301739
67.0	0.1696566952056454
68.0	0.09079783142530128
69.0	0.16961263997448323
70.0	0.233228393772705
71.0	0.09053350003832805
72.0	0.226311722480239
73.0	0.43094827122867396
74.0	0.12824477791317418
75.0	0.47205180190300977
76.0	0.6093279022044357
77.0	0.19811637453642883
78.0	0.3875538685339036
79.0	0.15207865797192624
80.0	0.1491269574840586
81.0	0.5612636450064717
82.0	0.5791941240894884
83.0	21.34013369881553
84.0	0.04546499855939394
85.0	0.3637199884751515
86.0	0.29155751983146233
87.0	0.4014312663499976
88.0	0.3006769526820384
89.0	0.07017998324139006
90.0	0.03127921412516444
91.0	0.0257282549987268
92.0	0.05969483822478564
93.0	0.030309999039595963
94.0	0.05246978031418428
95.0	0.05150056522861582
96.0	0.11366249639848484
97.0	0.08352871828353771
98.0	0.030265943808433757
99.0	0.03374630707024783
100.0	0.05387954771137479
101.0	0.026124752079186634
102.0	0.028371568868459006
103.0	0.031323269356326636
104.0	0.01876752847509866
105.0	0.02092623480204663
106.0	0.033305754758625794
107.0	0.02000107494764036
108.0	0.02850373456194562
109.0	0.013260624579823233
110.0	0.040662978362713764
111.0	0.03815183018646817
112.0	0.034451190768843086
113.0	0.05982700391827226
114.0	0.04903347228353242
115.0	0.01784236862069239
116.0	0.026168807310348836
117.0	0.04004620512644292
118.0	0.01911997032439629
119.0	0.04330629223244597
120.0	0.026917746240106295
121.0	0.04286573992082394
122.0	0.030882717044704605
123.0	0.040751088825038174
124.0	0.25375813149429177
125.0	0.04163219344828224
126.0	0.6381840786156788
127.0	0.01845914185696324
128.0	0.04647826887612462
129.0	0.018326976163476626
130.0	0.010705421172415434
131.0	0.010441089785442214
132.0	0.02471498468199613
133.0	0.031058937969353422
134.0	0.017269650615583745
135.0	0.01709342969093493
136.0	0.017049374459772726
137.0	0.017269650615583745
138.0	0.029693225803325115
139.0	0.010264868860793398
140.0	0.017049374459772726
141.0	0.08511470660537704
142.0	1.0074109709861059
143.0	0.016785043072799505
144.0	0.010088647936144585
145.0	0.02348143820945443
146.0	0.01682909830396171
147.0	0.03127921412516444
148.0	0.13022726331547335
149.0	0.5114371785620196
150.0	7.132321649004925
151.0	0.024935260837807144
152.0	0.011983022876119333
153.0	0.011850857182632723
154.0	0.011762746720308316
155.0	0.011762746720308316
156.0	0.01180680195147052
157.0	0.01180680195147052
158.0	0.01207113333844374
159.0	0.012115188569605945
160.0	0.012159243800768148
161.0	0.012291409494254757
162.0	0.01220329903193035
163.0	0.012247354263092555
164.0	0.012247354263092555
165.0	0.01220329903193035
166.0	0.01207113333844374
167.0	0.011894912413794926
168.0	0.011850857182632723
169.0	0.01180680195147052
170.0	0.011718691489146114
171.0	0.011718691489146114
172.0	0.011718691489146114
173.0	0.011762746720308316
174.0	0.011894912413794926
175.0	0.011894912413794926
176.0	0.011894912413794926
177.0	0.01180680195147052
178.0	0.011762746720308316
179.0	0.01180680195147052
180.0	0.011850857182632723
181.0	0.011938967644957131
182.0	0.011850857182632723
183.0	0.011762746720308316
184.0	0.011762746720308316
185.0	0.011498415333335095
186.0	0.011366249639848485
187.0	0.011322194408686282
188.0	0.011278139177524078
189.0	0.011542470564497299
190.0	0.011674636257983909
191.0	0.011586525795659502
192.0	0.011586525795659502
193.0	0.011630581026821706
194.0	0.011762746720308316
195.0	0.012027078107281536
196.0	0.011938967644957131
197.0	0.011894912413794926
198.0	0.012335464725416962
199.0	0.012291409494254757
200.0	0.012027078107281536
201.0	0.011850857182632723
202.0	0.011762746720308316
203.0	0.011586525795659502
204.0	0.011278139177524078
205.0	0.011454360102172892
206.0	0.011454360102172892
207.0	0.011322194408686282
208.0	0.011234083946361875
209.0	0.011013807790550858
210.0	0.010837586865902044
211.0	0.010837586865902044
212.0	0.011057863021713061
213.0	0.011013807790550858
214.0	0.011101918252875265
215.0	0.011101918252875265
216.0	0.010881642097064248
217.0	0.010749476403577637
218.0	0.010352979323117807
219.0	0.010220813629631197
220.0	0.01000053747382018
221.0	0.009780261318009163
222.0	0.00973620608684696
223.0	0.00964809562452255
224.0	0.009339709006387129
225.0	0.00885510146360289
226.0	0.008811046232440686
227.0	0.008590770076629669
228.0	0.008458604383143059
229.0	0.008370493920818652
230.0	0.008370493920818652
231.0	0.008238328227332042
232.0	0.008018052071521025
233.0	0.008018052071521025
234.0	0.008282383458494245
235.0	0.007885886378034414
236.0	0.007665610222223397
237.0	0.007665610222223397
238.0	0.007709665453385601
239.0	0.008194272996169838
240.0	0.008282383458494245
241.0	0.008194272996169838
242.0	0.007929941609196618
243.0	0.007841831146872211
244.0	0.007841831146872211
245.0	0.007709665453385601
246.0	0.007885886378034414
247.0	0.007885886378034414
248.0	0.007885886378034414
249.0	0.007621554991061193
250.0	0.007709665453385601
251.0	0.007533444528736787
252.0	0.007533444528736787
253.0	0.007489389297574583
254.0	0.007401278835250176
255.0	0.007181002679439159
256.0	0.00691667129246594
257.0	0.006696395136654921
258.0	0.006520174212006108
259.0	0.006608284674330515
260.0	0.006255842825032887
261.0	0.006211787593870683
262.0	0.00629989805619509
263.0	0.00629989805619509
264.0	0.006388008518519498
265.0	0.0063439532873572945
266.0	0.006211787593870683
267.0	0.006255842825032887
268.0	0.006255842825032887
269.0	0.0063439532873572945
270.0	0.006255842825032887
271.0	0.00629989805619509
272.0	0.0064320637496817
273.0	0.006520174212006108
274.0	0.0063439532873572945
275.0	0.0064320637496817
276.0	0.006608284674330515
277.0	0.006740450367817125
278.0	0.0068726160613037345
279.0	0.0068726160613037345
280.0	0.0067845055989793285
281.0	0.006828560830141532
282.0	0.0067845055989793285
283.0	0.006608284674330515
284.0	0.0065642294431683115
285.0	0.006696395136654921
286.0	0.006696395136654921
287.0	0.006696395136654921
288.0	0.0067845055989793285
289.0	0.006696395136654921
290.0	0.006740450367817125
291.0	0.006828560830141532
292.0	0.006960726523628142
293.0	0.006960726523628142
294.0	0.0070928922171147515
295.0	0.007269113141763566
296.0	0.007577499759898991
297.0	0.008502659614305262
298.0	0.00973620608684696
299.0	0.009119432850576112
300.0	0.003260087106003054
