#Position (bp)	Coverage
38.0	2654.4
113.0	3445.733333333333
188.0	3656.6
263.0	3483.5866666666666
338.0	11952.306666666667
413.0	13335.746666666666
488.0	13173.746666666666
563.0	14574.813333333334
638.0	13253.106666666667
713.0	19549.92
788.0	13663.426666666666
863.0	11553.56
938.0	13572.32
1013.0	13164.76
1088.0	6004.64
1163.0	7298.64
1238.0	6378.613333333334
1313.0	5166.746666666667
1388.0	566.9733333333334
1463.0	572.48
1538.0	592.9066666666666
1613.0	7105.733333333334
1688.0	5599.906666666667
1763.0	6023.053333333333
1838.0	6982.586666666667
1913.0	17042.81333333333
1988.0	11667.026666666667
2063.0	13488.986666666666
2138.0	11155.986666666666
2213.0	11581.306666666667
2288.0	1505.2933333333333
2363.0	1013.9866666666667
2438.0	1124.9866666666667
2513.0	3369.693333333333
2588.0	3877.0666666666666
2663.0	4194.0
2738.0	3740.36
2813.0	5304.88
2888.0	11050.36
2963.0	8067.546666666667
3038.0	6283.653333333334
3113.0	7320.64
3188.0	11440.613333333333
3263.0	5670.4
3338.0	6921.2266666666665
3413.0	5318.346666666666
3488.0	7760.306666666666
3563.0	1693.52
3638.0	1601.5333333333333
3713.0	1812.9733333333334
3788.0	7990.8
3863.0	4411.1866666666665
3938.0	6453.1866666666665
4013.0	5609.346666666666
4088.0	17180.6
4163.0	19193.666666666668
4238.0	14793.6
4313.0	25156.786666666667
4388.0	20356.746666666666
4463.0	18499.213333333333
4538.0	13337.386666666667
4613.0	14880.226666666667
4688.0	6898.84
4763.0	374.29333333333335
4838.0	562.6133333333333
4913.0	471.2133333333333
4988.0	584.68
5063.0	251.38666666666666
5138.0	297.25333333333333
5213.0	267.5466666666667
5288.0	9730.88
5363.0	10720.266666666666
5438.0	11363.946666666667
5513.0	10848.666666666666
5588.0	23149.666666666668
5663.0	13033.613333333333
5738.0	17265.093333333334
5813.0	13035.96
5888.0	13057.186666666666
5963.0	3280.306666666667
6038.0	269.24
6113.0	358.1333333333333
6188.0	21850.413333333334
6263.0	24561.08
6338.0	24410.346666666668
6413.0	22393.613333333335
6488.0	30454.986666666668
6563.0	7944.48
6638.0	6258.506666666667
6713.0	6713.053333333333
6788.0	4577.413333333333
6863.0	4449.533333333334
6938.0	33.86666666666667
7013.0	272.6
7088.0	4420.28
7163.0	3576.213333333333
7238.0	3241.0533333333333
7313.0	5668.946666666667
7388.0	10121.44
7463.0	7609.106666666667
7538.0	7825.8133333333335
7613.0	8654.16
7688.0	7353.52
7763.0	4495.48
7838.0	4220.586666666667
7913.0	3538.4133333333334
7988.0	19199.64
8063.0	8172.133333333333
8138.0	11272.453333333333
8213.0	8984.746666666666
8288.0	15067.466666666667
8363.0	2490.32
8438.0	1853.12
8513.0	2203.12
8588.0	2650.16
8663.0	8831.613333333333
8738.0	6970.133333333333
8813.0	7802.893333333333
8888.0	7789.133333333333
8963.0	14693.733333333334
9038.0	5787.026666666667
9113.0	7009.373333333333
9188.0	8300.853333333333
9263.0	15577.946666666667
9338.0	10542.253333333334
9413.0	12954.626666666667
9488.0	19430.12
9563.0	21377.426666666666
9638.0	14272.72
9713.0	12933.546666666667
9788.0	15694.186666666666
9863.0	10498.813333333334
9938.0	5761.7733333333335
10013.0	5734.653333333334
10088.0	12788.186666666666
10163.0	13187.626666666667
10238.0	8998.866666666667
10313.0	10620.28
10388.0	17291.466666666667
10463.0	11516.506666666666
10538.0	8816.933333333332
10613.0	7799.7733333333335
10688.0	15191.093333333334
10763.0	12257.88
10838.0	7769.973333333333
10913.0	10120.28
10988.0	10932.386666666667
11063.0	20926.773333333334
11138.0	13072.413333333334
11213.0	16239.813333333334
11288.0	15353.6
11363.0	23967.88
11438.0	7236.586666666667
11513.0	8200.8
11588.0	10120.96
11663.0	9052.56
11738.0	2200.0133333333333
11813.0	1867.9333333333334
11888.0	9055.96
11963.0	8636.946666666667
12038.0	8082.786666666667
12113.0	13126.626666666667
12188.0	18750.946666666667
12263.0	10374.226666666667
12338.0	10632.266666666666
12413.0	14514.6
12488.0	19468.72
12563.0	12648.693333333333
12638.0	12874.626666666667
12713.0	19578.36
12788.0	24319.013333333332
12863.0	13385.026666666667
12938.0	15269.373333333333
13013.0	35517.89333333333
13088.0	36253.306666666664
13163.0	47975.24
13238.0	35144.22666666667
13313.0	37965.46666666667
13388.0	30342.52
13463.0	9294.586666666666
13538.0	11704.093333333334
13613.0	14554.88
13688.0	17312.88
13763.0	16373.213333333333
13838.0	14809.426666666666
13913.0	16868.373333333333
13988.0	14509.16
14063.0	7898.08
14138.0	8681.666666666666
14213.0	14035.373333333333
14288.0	12692.293333333333
14363.0	11181.72
14438.0	7460.24
14513.0	10338.96
14588.0	20580.946666666667
14663.0	9554.84
14738.0	12585.493333333334
14813.0	10766.506666666666
14888.0	15081.093333333334
14963.0	3036.1066666666666
15038.0	3353.32
15113.0	3862.88
15188.0	13114.826666666666
15263.0	11868.786666666667
15338.0	13543.653333333334
15413.0	13240.6
15488.0	19237.453333333335
15563.0	12210.013333333334
15638.0	10569.333333333334
15713.0	9988.453333333333
15788.0	7879.786666666667
15863.0	20730.48
15938.0	13832.88
16013.0	14683.453333333333
16088.0	13052.266666666666
16163.0	18502.573333333334
16238.0	3910.4
16313.0	3750.9066666666668
16388.0	3543.5466666666666
16463.0	4135.066666666667
16538.0	269.2266666666667
16613.0	228.68
16688.0	302.25333333333333
16763.0	10105.946666666667
16838.0	18395.906666666666
16913.0	19031.44
16988.0	21642.81333333333
17063.0	23514.44
17138.0	35126.746666666666
17213.0	20492.52
17288.0	21507.18666666667
17363.0	12440.493333333334
17438.0	26139.76
17513.0	7640.133333333333
17588.0	7215.1866666666665
17663.0	7684.413333333333
17738.0	13891.96
17813.0	5332.986666666667
17888.0	7397.306666666666
17963.0	8698.653333333334
18038.0	10566.44
18113.0	9849.773333333333
18188.0	8306.64
18263.0	14442.573333333334
18338.0	17274.18666666667
18413.0	14672.04
18488.0	15508.946666666667
18563.0	11968.32
18638.0	27866.413333333334
18713.0	12918.533333333333
18788.0	14151.173333333334
18863.0	11308.72
18938.0	22130.6
19013.0	8667.186666666666
19088.0	12126.96
19163.0	8596.346666666666
19238.0	11850.106666666667
19313.0	1148.3466666666666
19388.0	3.506666666666667
19463.0	5.053333333333334
19538.0	190.34666666666666
19613.0	1492.4666666666667
19688.0	1360.2533333333333
19763.0	1316.04
19838.0	1386.2533333333333
19913.0	1526.0933333333332
19988.0	161.84
20063.0	199.46666666666667
20138.0	125.68
20213.0	176.44
20288.0	53.53333333333333
20363.0	41.22666666666667
20438.0	43.44
20513.0	9503.626666666667
20588.0	7497.733333333334
20663.0	8524.893333333333
20738.0	7295.253333333333
20813.0	17533.826666666668
20888.0	11481.253333333334
20963.0	9282.56
21038.0	11104.746666666666
21113.0	10716.066666666668
21188.0	502.04
21263.0	17.6
21338.0	28.026666666666667
21413.0	198.09333333333333
21488.0	152.56
21563.0	140.29333333333332
21638.0	1084.72
21713.0	7307.986666666667
21788.0	8079.24
21863.0	6632.746666666667
21938.0	6792.653333333334
22013.0	9234.28
22088.0	5026.946666666667
22163.0	4661.36
22238.0	4830.28
22313.0	4441.586666666667
22388.0	128.01333333333332
22463.0	143.24
22538.0	4301.453333333333
22613.0	4628.306666666666
22688.0	6862.706666666667
22763.0	5644.933333333333
22838.0	14081.546666666667
22913.0	9541.853333333333
22988.0	8292.72
23063.0	9880.826666666666
23138.0	14841.24
23213.0	14447.133333333333
23288.0	12282.546666666667
23363.0	12384.96
23438.0	11754.706666666667
23513.0	13689.92
23588.0	4920.933333333333
23663.0	5182.746666666667
23738.0	5209.88
23813.0	6365.586666666667
23888.0	5175.386666666666
23963.0	3668.213333333333
24038.0	4276.213333333333
24113.0	8989.426666666666
24188.0	5627.32
24263.0	5802.44
24338.0	4419.653333333334
24413.0	10112.013333333334
24488.0	4821.053333333333
24563.0	5550.1866666666665
24638.0	4877.026666666667
24713.0	14380.493333333334
24788.0	10309.466666666667
24863.0	8535.293333333333
24938.0	10065.693333333333
25013.0	18491.066666666666
25088.0	9096.506666666666
25163.0	9085.706666666667
25238.0	9263.773333333333
25313.0	14935.266666666666
25388.0	8047.026666666667
25463.0	6989.986666666667
25538.0	5968.973333333333
25613.0	12759.84
25688.0	4480.24
25763.0	4652.413333333333
25838.0	5551.546666666667
25913.0	7374.893333333333
25988.0	8607.946666666667
26063.0	9147.373333333333
26138.0	6068.36
26213.0	11126.013333333334
26288.0	12306.826666666666
26363.0	7011.08
26438.0	6953.92
26513.0	10626.386666666667
26588.0	14444.493333333334
26663.0	8575.986666666666
26738.0	8786.733333333334
26813.0	10406.32
26888.0	24925.413333333334
26963.0	14857.32
27038.0	13274.386666666667
27113.0	14623.866666666667
27188.0	23485.106666666667
27263.0	9373.893333333333
27338.0	9153.893333333333
27413.0	9775.933333333332
27488.0	9800.853333333333
27563.0	34.56
27638.0	9.626666666666667
27713.0	18.72
27788.0	324.49333333333334
27863.0	597.4933333333333
27938.0	588.5733333333334
28013.0	700.4666666666667
28088.0	6534.053333333333
28163.0	10625.066666666668
28238.0	10663.226666666667
28313.0	12051.88
28388.0	18397.866666666665
28463.0	15700.52
28538.0	9486.533333333333
28613.0	11517.013333333334
28688.0	10725.266666666666
28763.0	7604.026666666667
28838.0	1860.9066666666668
28913.0	1769.2133333333334
28988.0	5338.1466666666665
29063.0	9464.626666666667
29138.0	8447.573333333334
29213.0	8169.32
29288.0	7596.08
29363.0	5531.68
29438.0	49.53333333333333
29513.0	868.24
29588.0	1337.6933333333334
29663.0	1329.6133333333332
29738.0	1347.4533333333334
29813.0	1178.8
29877.0	18.60377358490566
