#Read position (bp)	Clipping profile
0.0	1.4128117659917772
1.0	0.812496703770428
2.0	0.7958340244268765
3.0	0.7872733818283545
4.0	0.7801649910992248
5.0	0.7731330346790103
6.0	0.76388448330025
7.0	0.7585340816761739
8.0	0.7528015085075207
9.0	0.7488269244439213
10.0	0.7452345119248988
11.0	0.7416420994058761
12.0	0.7385082927403458
13.0	0.7344572743678309
14.0	0.7305591246131469
15.0	0.7267374091673782
16.0	0.723221430957271
17.0	0.719552584129333
18.0	0.7155015657568181
19.0	0.7149665255944104
20.0	0.7163423431548872
21.0	0.7187118067312638
22.0	0.7217691790878787
23.0	0.7258201974603936
24.0	0.7253615916069014
25.0	0.7249794200623245
26.0	0.7236800368107632
27.0	0.7236800368107632
28.0	0.7229156937216095
29.0	0.7224570878681171
30.0	0.7186353724223484
31.0	0.7118327189288801
32.0	0.7263552376228013
33.0	1.0357613201122362
34.0	0.708928215190096
35.0	0.8947400201633707
36.0	0.6980745433241128
37.0	0.6951700395853286
38.0	0.691577627066306
39.0	0.7082403064098576
40.0	0.6892845977988448
41.0	0.6957815140566516
42.0	0.6866858312957221
43.0	0.6825583786142919
44.0	0.6820233384518842
45.0	0.6783544916239462
46.0	0.6944821308050902
47.0	0.6762907652832312
48.0	0.6777430171526233
49.0	0.6792717033309308
50.0	0.6789659660952693
51.0	0.6870680028402989
52.0	0.6877559116205373
53.0	0.69646942283689
54.0	0.6817176012162227
55.0	0.6905075467414907
56.0	0.6859214882065683
57.0	0.6866858312957221
58.0	0.6881380831651142
59.0	0.6880616488561988
60.0	0.6876794773116219
61.0	0.6845456706460915
62.0	0.6924184044643751
63.0	0.6837048932480224
64.0	0.6852335794263299
65.0	0.6850042764995838
66.0	0.6844692363371762
67.0	0.682787681541038
68.0	0.6829405501588688
69.0	0.6810296924359843
70.0	0.6776665828437078
71.0	0.674838513413839
72.0	0.6743034732514314
73.0	0.6739213017068545
74.0	0.6704053234967473
75.0	0.6677301226847092
76.0	0.6652842247994173
77.0	0.6620739838249716
78.0	0.6623032867517177
79.0	0.6613860750447332
80.0	0.6598573888664256
81.0	0.6577172282167952
82.0	0.6549655930958418
83.0	0.6509145747233269
84.0	0.6473985965132197
85.0	0.6439590526120279
86.0	0.6437297496852817
87.0	0.6424303664337203
88.0	0.6412838517999898
89.0	0.638685085296867
90.0	0.6376150049720518
91.0	0.6371563991185596
92.0	0.6332582493638754
93.0	0.632952512128214
94.0	0.6334875522906216
95.0	0.6349398041600136
96.0	0.635627712940252
97.0	0.6402902057840899
98.0	0.6424303664337203
99.0	0.6430418409050433
100.0	0.6420481948891434
101.0	0.6397551656216822
102.0	0.6366977932650673
103.0	0.6350162384689291
104.0	0.6352455413956751
105.0	0.6337932895262831
106.0	0.6321881690390602
107.0	0.629895139771599
108.0	0.6308887857874989
109.0	0.6296658368448529
110.0	0.6298187054626836
111.0	0.6315766945677372
112.0	0.6308123514785835
113.0	0.6289014937556991
114.0	0.6252326469277611
115.0	0.6237039607494537
116.0	0.6194236394501927
117.0	0.616213398475747
118.0	0.614990449533101
119.0	0.6115509056319092
120.0	0.611321602705163
121.0	0.609257876364448
122.0	0.6052068579919331
123.0	0.5993978505143647
124.0	0.5926716313298118
125.0	0.5909136422247582
126.0	0.5887734815751277
127.0	0.5847988975115282
128.0	0.5815122222281671
129.0	0.5740980942633758
130.0	0.5704292474354379
131.0	0.5672190064609921
132.0	0.5647731085757002
133.0	0.5632444223973927
134.0	0.5601870500407777
135.0	0.5583526266268087
136.0	0.5559067287415167
137.0	0.5526200534581557
138.0	0.5517792760600866
139.0	0.5497919840282868
140.0	0.5471167832162487
141.0	0.544518016713126
142.0	0.5398555238692881
143.0	0.5376389289107424
144.0	0.5359573741146041
145.0	0.5328235674490738
146.0	0.5280082059874052
147.0	0.5252565708664516
148.0	0.5214348554206829
149.0	0.4813068432401115
