#Position (bp)	mapping quality
38.0	59.997206350811545
113.0	59.99800667673963
188.0	59.97887857924441
263.0	59.95124127724907
338.0	59.99740134803443
413.0	59.99745772921851
488.0	59.99694782811357
563.0	59.99608535173575
638.0	59.996926209036715
713.0	59.99513935055706
788.0	59.998911628871205
863.0	59.9981997898826
938.0	59.99869005190101
1013.0	59.99829493944536
1088.0	59.99848091764488
1163.0	59.99631640880765
1238.0	59.998750356033064
1313.0	59.99806856137561
1388.0	59.99825068591526
1463.0	59.998146513680496
1538.0	59.99886817271073
1613.0	59.99773027876781
1688.0	59.99882756266604
1763.0	59.99770892008449
1838.0	59.997715432777326
1913.0	59.89590416861096
1988.0	59.98819129563315
2063.0	59.99769336442925
2138.0	59.99786945672413
2213.0	59.998522464421534
2288.0	59.996007105465864
2363.0	59.99932223082882
2438.0	60.0
2513.0	59.99828940616077
2588.0	59.99865111097034
2663.0	59.99794475044099
2738.0	59.99783425350442
2813.0	59.99814277628414
2888.0	59.995977033203644
2963.0	59.997966439563456
3038.0	59.95646378321329
3113.0	59.99798301452796
3188.0	59.99819305842341
3263.0	59.99883902743039
3338.0	59.999114105565546
3413.0	59.99875486719618
3488.0	59.99848619549128
3563.0	59.9984213867774
3638.0	59.99925115774953
3713.0	59.99894282442076
3788.0	59.99675768751679
3863.0	59.99954377555956
3938.0	59.999068335561226
4013.0	59.99863124276138
4088.0	59.99910908281966
4163.0	59.99746629452506
4238.0	59.99828830567777
4313.0	59.99776709800795
4388.0	59.997815904976406
4463.0	59.998424664583375
4538.0	59.998561965493515
4613.0	59.99851528346365
4688.0	59.9979228692818
4763.0	59.998266981299636
4838.0	59.99901866289758
4913.0	59.99938774601478
4988.0	59.99794036365803
5063.0	60.0
5138.0	60.0
5213.0	59.994056511854495
5288.0	59.99676073189949
5363.0	59.99652971219954
5438.0	59.99720378378893
5513.0	59.99825350129825
5588.0	59.99885538663901
5663.0	59.998691148156304
5738.0	59.99143988258352
5813.0	59.9988399646743
5888.0	59.99895464715341
5963.0	59.99759462403866
6038.0	60.0
6113.0	60.0
6188.0	59.95535900883956
6263.0	59.998482322591094
6338.0	59.9981918124743
6413.0	59.99752101797964
6488.0	59.99860017497813
6563.0	59.99885809568883
6638.0	59.999340869803135
6713.0	59.99886927949355
6788.0	59.999612022003134
6863.0	59.99807744104617
6938.0	60.0
7013.0	59.998548735046086
7088.0	59.99741611322029
7163.0	59.99774771031067
7238.0	59.99827483481988
7313.0	59.99702090700784
7388.0	59.9984324984325
7463.0	59.99878497102623
7538.0	59.998533597130674
7613.0	59.99887731344809
7688.0	59.99749642476356
7763.0	59.99908361015943
7838.0	59.99240386671318
7913.0	59.99457823397815
7988.0	59.99791681163454
8063.0	59.9985170794088
8138.0	59.99854691558386
8213.0	59.99892319801065
8288.0	59.99829270917265
8363.0	59.99769235952028
8438.0	59.9963768115942
8513.0	60.0
8588.0	59.99828624935955
8663.0	59.999058550324406
8738.0	59.997996595521805
8813.0	59.99693346613381
8888.0	59.99825997007592
8963.0	59.997648753562366
9038.0	59.998428572613214
9113.0	59.998870321557106
9188.0	59.997446178205685
9263.0	59.99787845723945
9338.0	59.9980692874104
9413.0	59.999039501018785
9488.0	59.99811818505927
9563.0	59.99608231488964
9638.0	59.998874637361254
9713.0	59.99882099726141
9788.0	59.99676750947753
9863.0	59.99847706206499
9938.0	59.99889404669801
10013.0	59.99910486650151
10088.0	59.998594563705886
10163.0	59.99559395854192
10238.0	59.99940857438016
10313.0	59.998303636230894
10388.0	59.9977541783065
10463.0	59.99838306368747
10538.0	59.99744500758276
10613.0	59.99745989989249
10688.0	59.998686940437594
10763.0	59.997685555999325
10838.0	59.99848523277274
10913.0	59.99918082115494
10988.0	59.99828624775919
11063.0	59.99113856068743
11138.0	59.997920426651596
11213.0	59.99714323259025
11288.0	59.99767363373358
11363.0	59.99840132456886
11438.0	59.99866570647413
11513.0	59.99896193205968
11588.0	59.994287974439715
11663.0	59.99907555868081
11738.0	59.99888429542505
11813.0	59.999134599362506
11888.0	59.99783008829814
11963.0	59.997141776857646
12038.0	59.99716054561944
12113.0	59.99744909763429
12188.0	59.998955639941
12263.0	59.99792840437779
12338.0	59.99897464903121
12413.0	59.99837550448567
12488.0	59.997709150530596
12563.0	59.99888858161782
12638.0	59.99811952502531
12713.0	59.99633557926862
12788.0	59.998968397259624
12863.0	59.99875861664369
12938.0	59.998303398923504
13013.0	59.99824649544885
13088.0	59.997845954278
13163.0	59.9981913192565
13238.0	59.998314055546786
13313.0	59.9975799146196
13388.0	59.99421608621274
13463.0	59.99849920270144
13538.0	59.999257347519226
13613.0	59.998221626600184
13688.0	59.99774677031998
13763.0	59.996109648619644
13838.0	59.99810391834343
13913.0	59.99582080887636
13988.0	59.996869122621895
14063.0	59.99800166881912
14138.0	59.998115603621315
14213.0	59.9964337386247
14288.0	59.99845385317068
14363.0	59.98592908666057
14438.0	59.95167250137429
14513.0	59.999045401272895
14588.0	59.99774933653266
14663.0	59.997779890950085
14738.0	59.99904588627996
14813.0	59.99919469232067
14888.0	59.99615369082919
14963.0	59.99978187987236
15038.0	59.99785307205871
15113.0	59.99894530144657
15188.0	59.99913041677882
15263.0	59.99874014959066
15338.0	59.998172085812456
15413.0	59.99863791473792
15488.0	59.998695418678565
15563.0	59.99814739794147
15638.0	59.998204697939734
15713.0	59.997505643695185
15788.0	59.99796809302513
15863.0	59.99819608120766
15938.0	59.99762486044828
16013.0	59.996520323242066
16088.0	59.99909094533711
16163.0	59.999058791615845
16238.0	59.99940470566002
16313.0	59.99758839414683
16388.0	59.99950212554096
16463.0	59.99630084620717
16538.0	60.0
16613.0	59.99615162593804
16688.0	59.99991511035654
16763.0	59.998982413529006
16838.0	59.99794776759207
16913.0	59.998526347716
16988.0	59.99899966051827
17063.0	59.996817052618916
17138.0	59.99744880122004
17213.0	59.9990128492351
17288.0	59.97235706928307
17363.0	59.955825721188766
17438.0	59.99798996221873
17513.0	59.998331401136795
17588.0	59.99738508120011
17663.0	59.998123999204594
17738.0	59.998313780098805
17813.0	59.99895097002076
17888.0	59.99771087350914
17963.0	59.998187107271974
18038.0	59.99766808476355
18113.0	59.99873533823228
18188.0	59.99787823853151
18263.0	59.99951675906412
18338.0	59.99919303815852
18413.0	59.99822797083555
18488.0	59.998477011527406
18563.0	59.997540426295686
18638.0	59.996000106201464
18713.0	59.998195066949165
18788.0	59.99844437991502
18863.0	59.88412444215628
18938.0	59.99823323582488
19013.0	59.99855784939291
19088.0	59.99861928017538
19163.0	59.9989409894695
19238.0	59.99852920224936
19313.0	59.985534114210274
19388.0	60.0
19463.0	60.0
19538.0	59.998392694063924
19613.0	59.999538355005
19688.0	59.99924988539916
19763.0	59.99743491825603
19838.0	59.99908273509719
19913.0	59.99240176164755
19988.0	59.99868282671513
20063.0	59.999008127344425
20138.0	59.99838550247117
20213.0	59.99878603479009
20288.0	59.998105397115914
20363.0	59.99999234490783
20438.0	59.998362079827054
20513.0	59.99888944874958
20588.0	59.999333265551925
20663.0	59.998151865349264
20738.0	59.99820826464658
20813.0	59.99909120124756
20888.0	59.998848266654996
20963.0	59.99823609897628
21038.0	59.99819972009347
21113.0	59.99839304756757
21188.0	59.994124990820296
21263.0	60.0
21338.0	59.99155286498662
21413.0	60.0
21488.0	60.0
21563.0	59.99756031444836
21638.0	59.99849102453555
21713.0	59.997785659633514
21788.0	59.99824396162258
21863.0	59.99758669932268
21938.0	59.99874932663294
22013.0	59.998921591328134
22088.0	59.998291741478695
22163.0	59.999351197889
22238.0	59.99846272936405
22313.0	59.998226621969515
22388.0	59.993789716926635
22463.0	59.95786890275079
22538.0	59.99755691193669
22613.0	59.99962593146768
22688.0	59.9990438609412
22763.0	59.9980303121429
22838.0	59.99795002461786
22913.0	59.997288238421675
22988.0	59.997672062676976
23063.0	59.99888877753739
23138.0	59.996696696376496
23213.0	59.99663568056764
23288.0	59.99773454873608
23363.0	59.9675887619889
23438.0	59.95219129473547
23513.0	59.98425190159945
23588.0	59.999148883168644
23663.0	59.997619714365726
23738.0	59.99978381105086
23813.0	59.994856936405945
23888.0	59.99964001817613
23963.0	59.998865102383284
24038.0	59.99904509356709
24113.0	59.99843170446342
24188.0	59.99854591935214
24263.0	59.99876125196135
24338.0	59.998210486658984
24413.0	59.99850416064945
24488.0	59.998354528919336
24563.0	59.99823847752265
24638.0	59.99907833039551
24713.0	59.99707949397211
24788.0	59.99738563570927
24863.0	59.99834444792691
24938.0	59.999163467372135
25013.0	59.99725607746176
25088.0	59.99822318257813
25163.0	59.998617288676876
25238.0	59.999062634519994
25313.0	59.99844481662508
25388.0	59.999369669505114
25463.0	59.99877471302489
25538.0	59.82843259852085
25613.0	59.99532726549551
25688.0	59.997137309422826
25763.0	59.995779562556045
25838.0	59.99931310476646
25913.0	59.99898571009751
25988.0	59.99678941192058
26063.0	59.99861779473324
26138.0	59.99937486892413
26213.0	59.99914545997559
26288.0	59.99828924462362
26363.0	59.99913611220777
26438.0	59.999479036858574
26513.0	59.99898434305462
26588.0	59.99829803642601
26663.0	59.99799156614691
26738.0	59.969823031092375
26813.0	59.995316836475254
26888.0	59.99537003353844
26963.0	59.997432058940205
27038.0	59.998383893051304
27113.0	59.99742971786598
27188.0	59.99774314004125
27263.0	59.9993556354373
27338.0	59.998089662874115
27413.0	59.99839808846709
27488.0	59.99793028903247
27563.0	59.99928186714542
27638.0	60.0
27713.0	60.0
27788.0	60.0
27863.0	59.97242224605485
27938.0	60.0
28013.0	60.0
28088.0	59.99326833247182
28163.0	59.99908616802736
28238.0	59.9982311134983
28313.0	59.99790606352642
28388.0	59.99795497799009
28463.0	59.998224600763024
28538.0	59.99855979087374
28613.0	59.998632990980965
28688.0	59.99623697221571
28763.0	59.99759827685895
28838.0	59.94758088907142
28913.0	59.99878349620112
28988.0	59.99607446957067
29063.0	59.99703795962097
29138.0	59.999231111550635
29213.0	59.99796403805838
29288.0	59.99794970218399
29363.0	59.998916019873576
29438.0	60.0
29513.0	59.99635226680563
29588.0	59.993708807669265
29663.0	60.0
29738.0	60.0
29813.0	60.0
29877.0	60.0
