#Read position (bp)	Clipping profile
0.0	6.0808188596406
1.0	0.8111594654679919
2.0	0.805063094361972
3.0	0.7962161719825288
4.0	0.7882245205214389
5.0	0.7802944485664701
6.0	0.7718991092319174
7.0	0.7634695590606306
8.0	0.7530626225261118
9.0	0.743312534056888
10.0	0.7337198154366411
11.0	0.7240039378041514
12.0	0.7147259588818584
13.0	0.704380601853461
14.0	0.6950342012576999
15.0	0.6861325415394821
16.0	0.6771829866498368
17.0	0.6689997545030355
18.0	0.6598312502582918
19.0	0.6544190958869542
20.0	0.6512374880706813
21.0	0.647830088731963
22.0	0.6456884903524072
23.0	0.6424247765279723
24.0	0.6395921192463873
25.0	0.6384563194668146
26.0	0.6384494772994677
27.0	0.6363489319239928
28.0	0.6354389236668653
29.0	0.6335778541485293
30.0	0.8513914094673154
31.0	0.8056241520844115
32.0	0.8111594654679919
33.0	0.871972648846561
34.0	0.7952172155498927
35.0	0.8239064232351245
36.0	0.8292569981003407
37.0	0.77346596555434
38.0	0.7726312211380276
39.0	0.9310958168904648
40.0	0.8811206265892645
41.0	0.8897280731115685
42.0	0.9505823094942187
43.0	0.7894424263091735
44.0	0.7571200277627782
45.0	0.7344450851754045
46.0	0.7432235858813793
47.0	0.7296350415305874
48.0	0.7404251394365283
49.0	0.7358819403182374
50.0	0.7030258527187899
51.0	0.7125912026696495
52.0	0.7131180495553548
53.0	0.7226833995062145
54.0	0.7111132945227355
55.0	0.7054616642942592
56.0	0.688157823074142
57.0	0.6922768078169298
58.0	0.688821513306784
59.0	0.681438814739561
60.0	0.6792493211885775
61.0	0.6893141493557552
62.0	0.6906346876536922
63.0	0.6775661480212589
64.0	0.6707513493438224
65.0	0.6692665990295618
66.0	0.6632318074296633
67.0	0.6644702397194383
68.0	0.6527359227196357
69.0	0.6675013198540812
70.0	0.6641965530255654
71.0	0.6707581915111693
72.0	0.6495337884013221
73.0	0.6435263654708109
74.0	0.6366089342831721
75.0	0.6331057446015984
76.0	0.6068386641571422
77.0	0.6040196912102508
78.0	0.585224257508526
79.0	0.5878516497697064
80.0	0.5851353093330174
81.0	0.584334775753439
82.0	0.5826105495820393
83.0	0.5820563340269467
84.0	0.5821863352065363
85.0	0.5828363411044846
86.0	0.5818442268391951
87.0	0.5824052845616347
88.0	0.5821931773738831
89.0	0.5821794930391895
90.0	0.5830416061248893
91.0	0.5840337203901788
92.0	0.5838558240391613
93.0	0.5842800384146644
94.0	0.583903719210589
95.0	0.5841568794024216
96.0	0.584410039594254
97.0	0.5822068617085767
98.0	0.5825831809126522
99.0	0.5817621208310332
100.0	0.5807563222310501
101.0	0.5785599865127197
102.0	0.5777936637698755
103.0	0.5747967944719666
104.0	0.5729904622924051
105.0	0.5715193963128381
106.0	0.5686798968639063
107.0	0.5660182937659918
108.0	0.5654777625455928
109.0	0.5620840475415682
110.0	0.55882717588448
111.0	0.5559808342682016
112.0	0.5542771345988424
113.0	0.5501444655213609
114.0	0.5469765420397814
115.0	0.5428507151296468
116.0	0.5405996420725417
117.0	0.5376643522807544
118.0	0.5339080024073481
119.0	0.5312806101461678
120.0	0.5273053109176633
121.0	0.5241647561054712
122.0	0.5213184144891925
123.0	0.518465230705567
124.0	0.5155983625872479
125.0	0.512102015073021
126.0	0.5089272494240947
127.0	0.5057866946119027
128.0	0.5039529937629539
129.0	0.501394023175242
130.0	0.5003540137385246
131.0	0.4983150478691712
132.0	0.4970081939059279
133.0	0.4955029170896266
134.0	0.49500343887330855
135.0	0.49401816677536586
136.0	0.4926907863100821
137.0	0.4902549747346129
138.0	0.4885718015672942
139.0	0.48556124793469174
140.0	0.4816133173755745
141.0	0.47789802050624924
142.0	0.472629551649195
143.0	0.46451474117586206
144.0	0.45463465152704857
145.0	0.44086136865789244
146.0	0.4197327558909008
147.0	0.39271303703829397
148.0	0.35289162307977995
149.0	0.2925505492481416
150.0	0.17706844876845093
