#Position (bp)	Coverage
38.0	3309.5733333333333
113.0	6042.413333333333
188.0	6152.973333333333
263.0	5447.333333333333
338.0	15997.386666666667
413.0	14951.466666666667
488.0	14389.92
563.0	15364.933333333332
638.0	13906.706666666667
713.0	20615.573333333334
788.0	12902.373333333333
863.0	10809.52
938.0	14031.306666666667
1013.0	13599.653333333334
1088.0	5812.426666666666
1163.0	7555.266666666666
1238.0	6777.786666666667
1313.0	5649.266666666666
1388.0	1458.8533333333332
1463.0	1539.04
1538.0	1754.3333333333333
1613.0	8441.546666666667
1688.0	6042.84
1763.0	6520.693333333334
1838.0	7516.293333333333
1913.0	17928.586666666666
1988.0	10688.146666666667
2063.0	12804.773333333333
2138.0	10484.52
2213.0	11158.333333333334
2288.0	1871.7466666666667
2363.0	1422.2133333333334
2438.0	1646.72
2513.0	5735.026666666667
2588.0	6549.933333333333
2663.0	7521.826666666667
2738.0	6719.453333333333
2813.0	8079.053333333333
2888.0	13511.44
2963.0	7702.0
3038.0	6668.88
3113.0	7743.68
3188.0	10789.973333333333
3263.0	4598.706666666667
3338.0	5588.253333333333
3413.0	4309.92
3488.0	6586.373333333333
3563.0	1224.76
3638.0	1162.3466666666666
3713.0	1362.2
3788.0	1151.6
3863.0	168.37333333333333
3938.0	73.82666666666667
4013.0	62.50666666666667
4088.0	8918.986666666666
4163.0	12823.413333333334
4238.0	12675.266666666666
4313.0	22384.18666666667
4388.0	17787.933333333334
4463.0	16027.773333333333
4538.0	11811.76
4613.0	13536.36
4688.0	17627.066666666666
4763.0	7325.373333333333
4838.0	10406.56
4913.0	8035.586666666667
4988.0	9528.88
5063.0	507.76
5138.0	531.7733333333333
5213.0	552.7866666666666
5288.0	8459.08
5363.0	9482.973333333333
5438.0	9463.173333333334
5513.0	9027.906666666666
5588.0	19550.386666666665
5663.0	10649.053333333333
5738.0	15004.493333333334
5813.0	10855.026666666667
5888.0	12248.733333333334
5963.0	3690.32
6038.0	821.3466666666667
6113.0	1599.4
6188.0	20043.866666666665
6263.0	20223.986666666668
6338.0	19781.8
6413.0	18006.293333333335
6488.0	26758.053333333333
6563.0	7950.1466666666665
6638.0	6715.04
6713.0	7285.4
6788.0	5005.453333333333
6863.0	5271.733333333334
6938.0	103.09333333333333
7013.0	359.62666666666667
7088.0	3298.24
7163.0	2195.653333333333
7238.0	2113.866666666667
7313.0	4485.706666666667
7388.0	7937.48
7463.0	6175.293333333333
7538.0	6058.653333333334
7613.0	7508.986666666667
7688.0	7245.053333333333
7763.0	4798.96
7838.0	4226.986666666667
7913.0	3646.826666666667
7988.0	17483.453333333335
8063.0	6518.293333333333
8138.0	9263.613333333333
8213.0	7205.64
8288.0	12893.64
8363.0	1865.5866666666666
8438.0	1441.5066666666667
8513.0	1567.4933333333333
8588.0	1946.6133333333332
8663.0	7446.933333333333
8738.0	6251.533333333334
8813.0	6607.2266666666665
8888.0	7092.306666666666
8963.0	14885.84
9038.0	6203.413333333333
9113.0	8067.32
9188.0	13078.386666666667
9263.0	37905.0
9338.0	30723.773333333334
9413.0	40171.36
9488.0	43903.05333333334
9563.0	50567.746666666666
9638.0	37331.28
9713.0	33826.8
9788.0	38836.24
9863.0	38210.253333333334
9938.0	28020.64
10013.0	26275.293333333335
10088.0	33598.37333333334
10163.0	21143.52
10238.0	8129.48
10313.0	9662.48
10388.0	16707.08
10463.0	12678.093333333334
10538.0	9456.853333333333
10613.0	8788.813333333334
10688.0	18138.653333333332
10763.0	17176.12
10838.0	10755.4
10913.0	13930.853333333333
10988.0	16072.4
11063.0	25922.093333333334
11138.0	16227.613333333333
11213.0	19864.88
11288.0	19394.84
11363.0	32608.226666666666
11438.0	10815.426666666666
11513.0	12547.053333333333
11588.0	21468.093333333334
11663.0	16288.186666666666
11738.0	7148.626666666667
11813.0	5169.106666666667
11888.0	12581.16
11963.0	9945.08
12038.0	8602.4
12113.0	13551.666666666666
12188.0	18825.4
12263.0	9347.973333333333
12338.0	9358.586666666666
12413.0	14559.546666666667
12488.0	19155.106666666667
12563.0	12346.626666666667
12638.0	11831.973333333333
12713.0	18173.106666666667
12788.0	22056.826666666668
12863.0	12400.973333333333
12938.0	12703.266666666666
13013.0	34504.45333333333
13088.0	36598.68
13163.0	50443.77333333333
13238.0	36486.17333333333
13313.0	39903.28
13388.0	31753.826666666668
13463.0	9772.626666666667
13538.0	11063.92
13613.0	13609.413333333334
13688.0	16789.226666666666
13763.0	16541.04
13838.0	14938.693333333333
13913.0	15984.32
13988.0	12758.16
14063.0	6181.066666666667
14138.0	6754.733333333334
14213.0	13162.44
14288.0	11984.68
14363.0	11789.36
14438.0	7449.066666666667
14513.0	10628.8
14588.0	18783.28
14663.0	7613.906666666667
14738.0	9958.866666666667
14813.0	8689.853333333333
14888.0	13048.213333333333
14963.0	3517.5066666666667
15038.0	3381.6266666666666
15113.0	3926.266666666667
15188.0	11793.293333333333
15263.0	10218.493333333334
15338.0	11170.773333333333
15413.0	11137.04
15488.0	17531.693333333333
15563.0	12319.053333333333
15638.0	10377.266666666666
15713.0	9967.2
15788.0	7791.493333333333
15863.0	20024.466666666667
15938.0	11415.16
16013.0	11759.306666666667
16088.0	10576.44
16163.0	15530.44
16238.0	3826.1466666666665
16313.0	3219.4266666666667
16388.0	3163.213333333333
16463.0	4697.026666666667
16538.0	776.4266666666666
16613.0	670.0933333333334
16688.0	913.8
16763.0	14295.28
16838.0	25426.146666666667
16913.0	26157.386666666665
16988.0	30311.76
17063.0	29303.253333333334
17138.0	38265.90666666667
17213.0	21053.786666666667
17288.0	19185.333333333332
17363.0	11747.32
17438.0	25805.48
17513.0	7257.56
17588.0	6882.333333333333
17663.0	7336.56
17738.0	13129.706666666667
17813.0	4668.92
17888.0	6429.1866666666665
17963.0	7660.746666666667
18038.0	9148.413333333334
18113.0	9416.68
18188.0	7725.52
18263.0	12675.586666666666
18338.0	14841.573333333334
18413.0	12026.066666666668
18488.0	12497.44
18563.0	9438.706666666667
18638.0	25824.173333333332
18713.0	13443.64
18788.0	14612.373333333333
18863.0	14129.413333333334
18938.0	21236.12
19013.0	7799.466666666666
19088.0	10299.493333333334
19163.0	7314.866666666667
19238.0	10171.386666666667
19313.0	1051.1333333333334
19388.0	3.44
19463.0	4.026666666666666
19538.0	393.46666666666664
19613.0	2517.4266666666667
19688.0	2731.8933333333334
19763.0	2051.36
19838.0	2728.5866666666666
19913.0	3699.6
19988.0	847.72
20063.0	1256.0
20138.0	979.0133333333333
20213.0	1052.7866666666666
20288.0	821.36
20363.0	736.4
20438.0	929.5066666666667
20513.0	11779.24
20588.0	8597.066666666668
20663.0	10159.266666666666
20738.0	8117.08
20813.0	17759.08
20888.0	10476.68
20963.0	7378.946666666667
21038.0	9269.48
21113.0	9320.6
21188.0	638.96
21263.0	146.42666666666668
21338.0	150.82666666666665
21413.0	602.0
21488.0	437.6666666666667
21563.0	319.8
21638.0	1352.7466666666667
21713.0	7239.28
21788.0	7962.586666666667
21863.0	6028.533333333334
21938.0	6363.4
22013.0	8421.146666666667
22088.0	4188.52
22163.0	3540.4933333333333
22238.0	4039.173333333333
22313.0	3503.4533333333334
22388.0	182.72
22463.0	225.33333333333334
22538.0	3812.2933333333335
22613.0	4345.56
22688.0	6233.106666666667
22763.0	5156.106666666667
22838.0	16448.8
22913.0	12669.813333333334
22988.0	12100.066666666668
23063.0	14766.293333333333
23138.0	16416.013333333332
23213.0	14344.866666666667
23288.0	10637.413333333334
23363.0	10581.013333333334
23438.0	10628.4
23513.0	12041.226666666667
23588.0	4367.293333333333
23663.0	4412.666666666667
23738.0	4628.786666666667
23813.0	5552.306666666666
23888.0	4577.16
23963.0	3023.693333333333
24038.0	3790.04
24113.0	8704.0
24188.0	6235.0
24263.0	6642.2
24338.0	4697.08
24413.0	10613.8
24488.0	4039.9866666666667
24563.0	4613.1466666666665
24638.0	4028.5066666666667
24713.0	14512.373333333333
24788.0	11242.426666666666
24863.0	9430.866666666667
24938.0	11307.093333333334
25013.0	21819.18666666667
25088.0	10891.48
25163.0	10496.293333333333
25238.0	10397.56
25313.0	18175.84
25388.0	9545.626666666667
25463.0	8866.013333333334
25538.0	7994.386666666666
25613.0	19948.52
25688.0	9200.173333333334
25763.0	9195.76
25838.0	11453.04
25913.0	12002.266666666666
25988.0	11268.72
26063.0	10354.293333333333
26138.0	6349.293333333333
26213.0	12533.973333333333
26288.0	13653.893333333333
26363.0	7824.973333333333
26438.0	8031.1866666666665
26513.0	11961.853333333333
26588.0	17428.946666666667
26663.0	10804.186666666666
26738.0	10777.92
26813.0	11981.786666666667
26888.0	26519.466666666667
26963.0	13415.68
27038.0	12001.333333333334
27113.0	13742.413333333334
27188.0	24951.8
27263.0	12474.906666666666
27338.0	11056.573333333334
27413.0	12649.106666666667
27488.0	12705.08
27563.0	86.8
27638.0	110.94666666666667
27713.0	91.65333333333334
27788.0	582.76
27863.0	887.4933333333333
27938.0	850.08
28013.0	1048.44
28088.0	6964.306666666666
28163.0	10221.506666666666
28238.0	9681.906666666666
28313.0	9800.933333333332
28388.0	16662.466666666667
28463.0	16008.946666666667
28538.0	9299.293333333333
28613.0	12067.733333333334
28688.0	11418.946666666667
28763.0	8423.373333333333
28838.0	2750.6266666666666
28913.0	2039.3333333333333
28988.0	6324.24
29063.0	11377.12
29138.0	9867.053333333333
29213.0	9285.746666666666
29288.0	9404.386666666667
29363.0	6911.746666666667
29438.0	53.906666666666666
29513.0	261.38666666666666
29588.0	357.5733333333333
29663.0	446.32
29738.0	278.02666666666664
29813.0	258.1333333333333
29877.0	3.981132075471698
