#Read position (bp)	Clipping profile
0.0	15.17876523303048
1.0	15.17876523303048
2.0	11.067009829762164
3.0	6.034295637074018
4.0	3.4388663214363238
5.0	0.7752178362119755
6.0	0.0
7.0	0.0
8.0	0.0
9.0	0.0
10.0	0.0
11.0	0.0
12.0	0.0
13.0	0.0
14.0	0.0
15.0	0.0
16.0	0.0
17.0	0.0
18.0	0.0
19.0	0.0
20.0	0.0
21.0	0.0
22.0	0.0
23.0	0.0
24.0	0.0
25.0	0.0
26.0	0.0
27.0	0.0
28.0	0.0
29.0	0.0
30.0	1.6899748829421066
31.0	3.866786567025334
32.0	7.6219417656361435
33.0	11.249961239108188
34.0	13.581816490433813
35.0	10.316598964308971
