#Insert size (bp)	insert size
24.0	1.0
35.0	1.0
36.0	1.0
45.0	1.0
53.0	1.0
54.0	2.0
56.0	1.0
58.0	1.0
59.0	1.0
60.0	2.0
61.0	4.0
62.0	1.0
64.0	2.0
65.0	2.0
66.0	1.0
68.0	1.0
69.0	2.0
70.0	5.0
71.0	2.0
72.0	1.0
73.0	4.0
74.0	6.0
75.0	2.0
76.0	5.0
77.0	1.0
78.0	4.0
79.0	4.0
80.0	8.0
81.0	3.0
82.0	4.0
83.0	6.0
84.0	5.0
85.0	5.0
86.0	4.0
87.0	5.0
88.0	10.0
89.0	6.0
90.0	7.0
91.0	5.0
92.0	5.0
93.0	3.0
94.0	6.0
95.0	2.0
96.0	5.0
97.0	5.0
98.0	4.0
99.0	10.0
100.0	5.0
101.0	6.0
102.0	6.0
103.0	7.0
104.0	6.0
105.0	6.0
106.0	9.0
107.0	5.0
108.0	22.0
109.0	4.0
110.0	15.0
111.0	16.0
112.0	12.0
113.0	3.0
114.0	12.0
115.0	13.0
116.0	5.0
117.0	8.0
118.0	14.0
119.0	16.0
120.0	12.0
121.0	9.0
122.0	11.0
123.0	18.0
124.0	9.0
125.0	9.0
126.0	8.0
127.0	5.0
128.0	18.0
129.0	8.0
130.0	6.0
131.0	5.0
132.0	9.0
133.0	10.0
134.0	8.0
135.0	2.0
136.0	2.0
137.0	11.0
138.0	11.0
139.0	4.0
140.0	6.0
141.0	8.0
142.0	9.0
143.0	10.0
144.0	13.0
145.0	13.0
146.0	11.0
147.0	11.0
148.0	7.0
149.0	8.0
150.0	4.0
151.0	7.0
152.0	5.0
153.0	8.0
154.0	3.0
155.0	7.0
156.0	7.0
157.0	10.0
158.0	9.0
159.0	21.0
160.0	9.0
161.0	10.0
162.0	11.0
163.0	13.0
164.0	6.0
165.0	11.0
166.0	10.0
167.0	9.0
168.0	8.0
169.0	9.0
170.0	12.0
171.0	6.0
172.0	18.0
173.0	4.0
174.0	7.0
175.0	16.0
176.0	8.0
177.0	3.0
178.0	11.0
179.0	10.0
180.0	8.0
181.0	8.0
182.0	7.0
183.0	7.0
184.0	6.0
185.0	7.0
186.0	14.0
187.0	9.0
188.0	5.0
189.0	14.0
190.0	16.0
191.0	11.0
192.0	11.0
193.0	18.0
194.0	9.0
195.0	5.0
196.0	8.0
197.0	10.0
198.0	11.0
199.0	3.0
200.0	11.0
201.0	5.0
202.0	8.0
203.0	7.0
204.0	8.0
205.0	17.0
206.0	2.0
207.0	19.0
208.0	18.0
209.0	5.0
210.0	27.0
211.0	8.0
212.0	6.0
213.0	12.0
214.0	8.0
215.0	29.0
216.0	12.0
217.0	6.0
218.0	7.0
219.0	16.0
220.0	8.0
221.0	9.0
222.0	10.0
223.0	10.0
224.0	12.0
225.0	11.0
226.0	17.0
227.0	5.0
228.0	4.0
229.0	7.0
230.0	13.0
231.0	9.0
232.0	7.0
233.0	21.0
234.0	16.0
235.0	7.0
236.0	18.0
237.0	9.0
238.0	3.0
239.0	4.0
240.0	6.0
241.0	5.0
242.0	15.0
243.0	7.0
244.0	9.0
245.0	5.0
246.0	7.0
247.0	6.0
248.0	9.0
249.0	8.0
250.0	9.0
251.0	8.0
252.0	10.0
253.0	10.0
254.0	6.0
255.0	9.0
256.0	13.0
257.0	6.0
258.0	3.0
259.0	8.0
260.0	6.0
261.0	13.0
262.0	3.0
263.0	5.0
264.0	7.0
265.0	6.0
266.0	3.0
267.0	2.0
268.0	8.0
269.0	6.0
270.0	5.0
271.0	3.0
272.0	4.0
273.0	7.0
274.0	6.0
275.0	2.0
276.0	6.0
277.0	3.0
278.0	14.0
279.0	4.0
280.0	7.0
281.0	3.0
282.0	4.0
283.0	4.0
284.0	5.0
285.0	5.0
286.0	7.0
287.0	2.0
288.0	3.0
289.0	6.0
290.0	4.0
291.0	4.0
292.0	7.0
293.0	3.0
294.0	5.0
295.0	6.0
296.0	8.0
297.0	9.0
298.0	4.0
299.0	7.0
300.0	8.0
301.0	10.0
302.0	3.0
303.0	4.0
304.0	6.0
305.0	7.0
306.0	7.0
307.0	5.0
308.0	3.0
309.0	3.0
310.0	4.0
311.0	2.0
312.0	8.0
313.0	1.0
314.0	7.0
315.0	6.0
316.0	4.0
317.0	6.0
318.0	5.0
319.0	2.0
320.0	2.0
321.0	7.0
322.0	3.0
324.0	3.0
325.0	3.0
326.0	4.0
327.0	6.0
328.0	5.0
329.0	8.0
330.0	4.0
331.0	8.0
332.0	5.0
333.0	3.0
334.0	2.0
335.0	6.0
336.0	3.0
337.0	5.0
338.0	8.0
339.0	5.0
340.0	1.0
341.0	7.0
342.0	2.0
343.0	7.0
344.0	1.0
345.0	6.0
346.0	3.0
347.0	3.0
348.0	3.0
349.0	6.0
350.0	3.0
351.0	1.0
352.0	1.0
353.0	4.0
354.0	7.0
355.0	6.0
356.0	2.0
357.0	1.0
358.0	2.0
359.0	1.0
360.0	2.0
361.0	5.0
362.0	4.0
363.0	1.0
364.0	5.0
365.0	3.0
366.0	5.0
367.0	6.0
368.0	10.0
369.0	5.0
370.0	6.0
371.0	5.0
372.0	7.0
373.0	6.0
374.0	10.0
375.0	15.0
376.0	23.0
377.0	28.0
378.0	28.0
379.0	53.0
380.0	72.0
381.0	49.0
382.0	51.0
383.0	35.0
384.0	34.0
385.0	31.0
386.0	51.0
387.0	43.0
388.0	31.0
389.0	28.0
390.0	25.0
391.0	39.0
392.0	38.0
393.0	48.0
394.0	43.0
395.0	21.0
396.0	19.0
397.0	11.0
398.0	20.0
399.0	23.0
400.0	26.0
401.0	13.0
402.0	15.0
403.0	18.0
404.0	18.0
405.0	22.0
406.0	23.0
407.0	14.0
408.0	23.0
409.0	34.0
410.0	12.0
411.0	16.0
412.0	21.0
413.0	7.0
414.0	9.0
415.0	6.0
416.0	9.0
417.0	6.0
418.0	6.0
419.0	10.0
420.0	4.0
421.0	1.0
422.0	3.0
423.0	3.0
424.0	3.0
426.0	2.0
427.0	3.0
428.0	5.0
429.0	1.0
430.0	2.0
431.0	1.0
432.0	2.0
433.0	3.0
434.0	7.0
435.0	5.0
436.0	1.0
437.0	4.0
438.0	5.0
439.0	3.0
440.0	4.0
441.0	2.0
442.0	4.0
443.0	6.0
444.0	3.0
446.0	2.0
447.0	2.0
448.0	3.0
449.0	5.0
450.0	1.0
451.0	3.0
452.0	4.0
455.0	2.0
456.0	4.0
457.0	3.0
459.0	1.0
460.0	2.0
461.0	1.0
462.0	1.0
463.0	1.0
464.0	3.0
465.0	1.0
466.0	2.0
467.0	2.0
468.0	2.0
469.0	3.0
470.0	3.0
471.0	1.0
473.0	1.0
475.0	1.0
476.0	1.0
477.0	2.0
479.0	1.0
480.0	2.0
482.0	2.0
483.0	1.0
484.0	2.0
485.0	2.0
486.0	1.0
487.0	3.0
488.0	3.0
489.0	5.0
490.0	3.0
492.0	4.0
493.0	3.0
494.0	1.0
495.0	1.0
497.0	9.0
498.0	2.0
499.0	3.0
500.0	1.0
501.0	3.0
502.0	2.0
504.0	3.0
505.0	1.0
506.0	1.0
508.0	1.0
509.0	3.0
510.0	7.0
511.0	2.0
512.0	3.0
514.0	2.0
516.0	2.0
517.0	2.0
518.0	1.0
521.0	1.0
522.0	1.0
523.0	2.0
524.0	2.0
525.0	3.0
526.0	2.0
527.0	1.0
528.0	3.0
529.0	3.0
530.0	1.0
531.0	2.0
532.0	2.0
533.0	1.0
534.0	1.0
536.0	3.0
537.0	2.0
538.0	2.0
540.0	2.0
541.0	1.0
542.0	1.0
545.0	1.0
547.0	2.0
548.0	2.0
549.0	1.0
550.0	1.0
551.0	1.0
552.0	1.0
555.0	2.0
556.0	1.0
558.0	1.0
560.0	1.0
562.0	2.0
564.0	2.0
567.0	1.0
568.0	3.0
570.0	1.0
574.0	3.0
575.0	1.0
576.0	2.0
578.0	2.0
580.0	1.0
581.0	1.0
582.0	1.0
585.0	1.0
586.0	1.0
587.0	1.0
588.0	27.0
589.0	5.0
590.0	1.0
591.0	2.0
593.0	1.0
594.0	1.0
597.0	1.0
598.0	2.0
599.0	1.0
600.0	2.0
603.0	1.0
605.0	1.0
606.0	2.0
608.0	1.0
609.0	2.0
611.0	3.0
612.0	3.0
613.0	13.0
614.0	2.0
615.0	2.0
616.0	2.0
618.0	2.0
621.0	3.0
622.0	2.0
625.0	2.0
627.0	2.0
629.0	1.0
630.0	2.0
631.0	1.0
633.0	2.0
634.0	2.0
639.0	3.0
641.0	2.0
642.0	3.0
644.0	1.0
645.0	1.0
646.0	1.0
647.0	5.0
648.0	4.0
649.0	2.0
650.0	3.0
651.0	1.0
652.0	12.0
654.0	1.0
655.0	1.0
657.0	2.0
659.0	2.0
661.0	2.0
663.0	2.0
665.0	8.0
666.0	1.0
667.0	1.0
668.0	1.0
670.0	3.0
671.0	3.0
672.0	3.0
673.0	4.0
674.0	1.0
675.0	1.0
684.0	1.0
689.0	2.0
690.0	1.0
696.0	1.0
700.0	1.0
703.0	1.0
709.0	2.0
713.0	1.0
718.0	1.0
721.0	1.0
726.0	2.0
730.0	1.0
732.0	1.0
745.0	1.0
748.0	1.0
750.0	1.0
753.0	2.0
754.0	3.0
759.0	1.0
762.0	1.0
763.0	3.0
770.0	1.0
774.0	1.0
775.0	1.0
776.0	2.0
777.0	4.0
778.0	3.0
779.0	1.0
780.0	1.0
787.0	2.0
791.0	1.0
793.0	1.0
794.0	3.0
795.0	1.0
799.0	2.0
802.0	1.0
803.0	3.0
807.0	1.0
809.0	2.0
810.0	3.0
812.0	1.0
814.0	5.0
815.0	4.0
816.0	2.0
818.0	1.0
819.0	1.0
824.0	4.0
825.0	54.0
826.0	1.0
828.0	6.0
830.0	2.0
834.0	1.0
836.0	2.0
837.0	1.0
842.0	2.0
843.0	1.0
846.0	1.0
848.0	1.0
849.0	5.0
851.0	1.0
855.0	1.0
858.0	5.0
859.0	2.0
863.0	4.0
865.0	3.0
867.0	2.0
868.0	1.0
870.0	1.0
871.0	7.0
873.0	1.0
875.0	1.0
876.0	1.0
877.0	3.0
878.0	7.0
881.0	1.0
882.0	2.0
888.0	1.0
903.0	3.0
915.0	1.0
918.0	1.0
922.0	1.0
939.0	2.0
949.0	3.0
950.0	16.0
953.0	3.0
957.0	2.0
962.0	1.0
964.0	2.0
967.0	7.0
968.0	4.0
970.0	3.0
973.0	5.0
976.0	1.0
977.0	2.0
978.0	1.0
979.0	12.0
982.0	3.0
983.0	2.0
984.0	8.0
985.0	1.0
986.0	1.0
989.0	1.0
990.0	1.0
992.0	3.0
997.0	2.0
998.0	4.0
999.0	1.0
1006.0	4.0
1007.0	1.0
1008.0	1.0
1009.0	1.0
1013.0	2.0
1016.0	13.0
1017.0	1.0
1018.0	3.0
1019.0	1.0
1020.0	6.0
1021.0	3.0
1022.0	5.0
1027.0	2.0
1029.0	2.0
1032.0	2.0
1034.0	9.0
1035.0	3.0
1036.0	6.0
1038.0	2.0
1039.0	1.0
1040.0	1.0
1043.0	1.0
1044.0	1.0
1046.0	3.0
1049.0	1.0
1051.0	2.0
1052.0	2.0
1053.0	2.0
1062.0	1.0
1065.0	1.0
1084.0	1.0
1113.0	1.0
1117.0	1.0
1140.0	1.0
1145.0	1.0
1168.0	3.0
1316.0	2.0
1318.0	3.0
1330.0	2.0
1345.0	2.0
1348.0	1.0
1349.0	1.0
1352.0	1.0
1360.0	7.0
1374.0	1.0
1378.0	3.0
1381.0	2.0
1386.0	1.0
1391.0	5.0
1397.0	1.0
1401.0	2.0
1405.0	1.0
1406.0	1.0
1420.0	1.0
1423.0	1.0
1428.0	5.0
1434.0	2.0
1436.0	1.0
1437.0	1.0
1445.0	2.0
1446.0	1.0
1451.0	1.0
1454.0	4.0
1457.0	3.0
1464.0	4.0
1467.0	2.0
1471.0	2.0
1475.0	1.0
1478.0	1.0
1480.0	1.0
1486.0	1.0
1488.0	1.0
1491.0	2.0
1492.0	2.0
1495.0	6.0
1498.0	3.0
1502.0	8.0
1504.0	1.0
1512.0	4.0
1522.0	2.0
1526.0	1.0
1546.0	1.0
1550.0	1.0
1554.0	1.0
1556.0	1.0
1557.0	1.0
1563.0	1.0
1567.0	3.0
1571.0	1.0
1576.0	1.0
1579.0	1.0
1585.0	2.0
1587.0	1.0
1589.0	1.0
1594.0	2.0
1595.0	1.0
1598.0	2.0
1600.0	1.0
1603.0	1.0
1611.0	25.0
1612.0	2.0
1617.0	1.0
1619.0	1.0
1621.0	1.0
1622.0	1.0
1623.0	1.0
1626.0	2.0
1631.0	1.0
1633.0	1.0
1637.0	1.0
1645.0	1.0
1649.0	1.0
1660.0	3.0
1667.0	1.0
1669.0	1.0
1686.0	1.0
1714.0	1.0
1830.0	1.0
1841.0	1.0
1871.0	1.0
1915.0	1.0
1941.0	2.0
1955.0	2.0
1960.0	1.0
1971.0	1.0
1994.0	1.0
2009.0	1.0
2017.0	2.0
2018.0	3.0
2023.0	1.0
2028.0	1.0
2031.0	1.0
2033.0	1.0
2043.0	1.0
2044.0	1.0
2046.0	1.0
2047.0	5.0
2048.0	1.0
2055.0	1.0
2057.0	1.0
2058.0	1.0
2059.0	1.0
2062.0	5.0
2064.0	2.0
2075.0	1.0
2077.0	1.0
2078.0	2.0
2079.0	1.0
2081.0	1.0
2082.0	2.0
2088.0	1.0
2089.0	3.0
2098.0	3.0
2116.0	6.0
2118.0	2.0
2121.0	1.0
2126.0	1.0
2128.0	1.0
2131.0	2.0
2137.0	1.0
2149.0	1.0
2165.0	1.0
2168.0	1.0
2173.0	1.0
2174.0	4.0
2177.0	1.0
2182.0	2.0
2183.0	1.0
2184.0	2.0
2186.0	1.0
2189.0	1.0
2191.0	1.0
2194.0	1.0
2195.0	1.0
2198.0	1.0
2205.0	3.0
2208.0	2.0
2213.0	1.0
2220.0	1.0
2228.0	1.0
2230.0	2.0
2237.0	3.0
2247.0	10.0
2251.0	1.0
2252.0	1.0
2253.0	1.0
2254.0	3.0
2256.0	1.0
2259.0	2.0
2260.0	1.0
2263.0	1.0
2265.0	1.0
2272.0	1.0
2278.0	1.0
2289.0	1.0
2294.0	1.0
2319.0	1.0
2326.0	1.0
2337.0	1.0
2356.0	1.0
2367.0	1.0
2493.0	1.0
2516.0	1.0
2526.0	1.0
2541.0	2.0
2545.0	3.0
2575.0	3.0
2579.0	2.0
2594.0	1.0
2598.0	1.0
2606.0	2.0
2624.0	1.0
2625.0	1.0
2639.0	1.0
2640.0	1.0
2648.0	1.0
2649.0	1.0
2655.0	1.0
2659.0	4.0
2663.0	1.0
2670.0	11.0
2672.0	3.0
2674.0	1.0
2675.0	1.0
2681.0	1.0
2682.0	6.0
2683.0	1.0
2686.0	3.0
2687.0	4.0
2694.0	1.0
2695.0	1.0
2696.0	1.0
2700.0	2.0
2718.0	2.0
2722.0	3.0
2723.0	1.0
2734.0	1.0
2736.0	8.0
2738.0	1.0
2745.0	1.0
2755.0	1.0
2798.0	2.0
2799.0	3.0
2806.0	1.0
2809.0	1.0
2812.0	1.0
2814.0	10.0
2821.0	1.0
2829.0	1.0
2833.0	2.0
2835.0	1.0
2837.0	4.0
2845.0	1.0
2858.0	1.0
2859.0	4.0
2861.0	1.0
2864.0	1.0
2866.0	1.0
2872.0	3.0
2874.0	1.0
2875.0	2.0
2881.0	1.0
2891.0	1.0
2896.0	1.0
2902.0	3.0
2919.0	1.0
2922.0	1.0
2928.0	1.0
2932.0	1.0
2954.0	1.0
3129.0	1.0
3135.0	1.0
3138.0	2.0
3139.0	1.0
3148.0	1.0
3153.0	1.0
3173.0	2.0
3176.0	2.0
3178.0	1.0
3181.0	1.0
3184.0	1.0
3185.0	1.0
3207.0	1.0
3216.0	1.0
3224.0	1.0
3234.0	1.0
3243.0	1.0
3247.0	9.0
3253.0	2.0
3285.0	1.0
3300.0	2.0
3301.0	1.0
3307.0	1.0
3314.0	3.0
3316.0	1.0
3317.0	1.0
3318.0	1.0
3320.0	2.0
3322.0	3.0
3336.0	1.0
3341.0	2.0
3346.0	1.0
3352.0	1.0
3354.0	4.0
3355.0	1.0
3365.0	1.0
3367.0	1.0
3368.0	1.0
3369.0	1.0
3370.0	2.0
3390.0	1.0
3402.0	1.0
3411.0	2.0
3413.0	2.0
3420.0	5.0
3442.0	1.0
3447.0	1.0
3448.0	1.0
3455.0	1.0
3478.0	2.0
3496.0	3.0
3498.0	1.0
3501.0	1.0
3511.0	1.0
3512.0	1.0
3523.0	1.0
3542.0	1.0
3576.0	1.0
3705.0	1.0
3749.0	1.0
3777.0	1.0
3795.0	1.0
3806.0	1.0
3811.0	3.0
3815.0	1.0
3816.0	1.0
3826.0	1.0
3829.0	1.0
3846.0	1.0
3860.0	1.0
3863.0	2.0
3864.0	1.0
3873.0	1.0
3885.0	1.0
3892.0	2.0
3893.0	1.0
3895.0	1.0
3908.0	1.0
3913.0	1.0
3914.0	1.0
3916.0	1.0
3921.0	1.0
3927.0	1.0
3937.0	1.0
3939.0	1.0
3949.0	1.0
3960.0	1.0
3964.0	3.0
3965.0	3.0
3974.0	1.0
3996.0	1.0
3997.0	4.0
4003.0	2.0
4006.0	1.0
4054.0	1.0
4064.0	1.0
4073.0	1.0
4074.0	1.0
4079.0	1.0
4089.0	1.0
4093.0	2.0
4099.0	2.0
4105.0	1.0
4133.0	1.0
4134.0	4.0
4376.0	1.0
4398.0	1.0
4418.0	1.0
4435.0	1.0
4449.0	2.0
4450.0	1.0
4452.0	1.0
4462.0	1.0
4469.0	1.0
4497.0	1.0
4501.0	5.0
4508.0	2.0
4516.0	2.0
4519.0	1.0
4525.0	1.0
4549.0	1.0
4564.0	1.0
4566.0	1.0
4580.0	3.0
4581.0	1.0
4605.0	1.0
4618.0	1.0
4623.0	2.0
4624.0	1.0
4630.0	1.0
4659.0	5.0
4682.0	1.0
4715.0	2.0
4735.0	1.0
4754.0	1.0
4768.0	2.0
4968.0	2.0
4990.0	1.0
4995.0	1.0
5024.0	1.0
5044.0	1.0
5057.0	2.0
5066.0	2.0
5067.0	1.0
5083.0	1.0
5096.0	1.0
5097.0	1.0
5150.0	1.0
5170.0	2.0
5200.0	1.0
5204.0	1.0
5220.0	2.0
5222.0	1.0
5226.0	1.0
5229.0	1.0
5231.0	1.0
5240.0	1.0
5241.0	1.0
5245.0	1.0
5249.0	1.0
5301.0	1.0
5302.0	3.0
5365.0	1.0
5544.0	1.0
5641.0	1.0
5684.0	1.0
5704.0	1.0
5705.0	1.0
5721.0	1.0
5746.0	1.0
5748.0	1.0
5754.0	1.0
5759.0	1.0
5769.0	1.0
5788.0	2.0
5824.0	1.0
5839.0	1.0
5842.0	1.0
5846.0	1.0
5893.0	1.0
5904.0	2.0
5927.0	2.0
6164.0	1.0
6190.0	1.0
6200.0	1.0
6206.0	2.0
6244.0	1.0
6279.0	1.0
6288.0	1.0
6291.0	1.0
6304.0	1.0
6319.0	1.0
6331.0	1.0
6340.0	1.0
6358.0	1.0
6384.0	1.0
6386.0	1.0
6404.0	1.0
6408.0	1.0
6410.0	1.0
6433.0	1.0
6452.0	1.0
6454.0	1.0
6455.0	1.0
6480.0	2.0
6590.0	1.0
6815.0	1.0
6838.0	2.0
6848.0	1.0
6876.0	1.0
6928.0	1.0
6931.0	1.0
6936.0	1.0
6997.0	1.0
7018.0	1.0
7027.0	1.0
7033.0	1.0
7060.0	3.0
7078.0	1.0
7106.0	1.0
7198.0	1.0
7279.0	1.0
7352.0	1.0
7462.0	1.0
7515.0	1.0
7532.0	1.0
7543.0	1.0
7570.0	1.0
7604.0	1.0
7614.0	1.0
7619.0	1.0
7629.0	1.0
7695.0	1.0
7719.0	1.0
7741.0	2.0
8012.0	1.0
8033.0	1.0
8061.0	1.0
8068.0	1.0
8097.0	1.0
8099.0	1.0
8126.0	1.0
8144.0	1.0
8156.0	1.0
8170.0	1.0
8199.0	1.0
8225.0	1.0
8250.0	1.0
8278.0	1.0
8298.0	1.0
8303.0	3.0
8306.0	1.0
8311.0	3.0
8336.0	1.0
8341.0	1.0
8595.0	2.0
8713.0	1.0
8732.0	1.0
8736.0	1.0
8758.0	1.0
8771.0	1.0
8772.0	1.0
8780.0	3.0
8805.0	1.0
8825.0	1.0
8839.0	1.0
8879.0	3.0
8907.0	1.0
8929.0	1.0
9273.0	1.0
9336.0	1.0
9379.0	1.0
9452.0	1.0
9462.0	1.0
9512.0	1.0
9521.0	1.0
9585.0	1.0
9589.0	1.0
9592.0	1.0
9785.0	1.0
9868.0	1.0
9870.0	1.0
9906.0	1.0
9954.0	1.0
9965.0	1.0
9993.0	1.0
9997.0	2.0
10003.0	1.0
10007.0	1.0
10008.0	1.0
10077.0	2.0
10081.0	1.0
10099.0	1.0
10139.0	1.0
10141.0	1.0
10149.0	1.0
10152.0	5.0
10224.0	1.0
10288.0	2.0
10528.0	1.0
10557.0	3.0
10575.0	1.0
10579.0	1.0
10581.0	1.0
10589.0	1.0
10707.0	1.0
10735.0	1.0
10782.0	2.0
11084.0	1.0
11107.0	1.0
11139.0	1.0
11188.0	1.0
11248.0	1.0
11270.0	1.0
11645.0	1.0
11727.0	1.0
11743.0	1.0
11781.0	2.0
11842.0	1.0
11889.0	1.0
11895.0	1.0
11919.0	2.0
11921.0	1.0
12019.0	1.0
12336.0	1.0
12347.0	1.0
12366.0	1.0
12420.0	1.0
12431.0	3.0
12444.0	1.0
12452.0	1.0
12523.0	1.0
12560.0	1.0
12561.0	1.0
12574.0	1.0
12659.0	1.0
12683.0	1.0
12973.0	1.0
13028.0	1.0
13050.0	1.0
13057.0	1.0
13113.0	1.0
13123.0	1.0
13148.0	1.0
13206.0	1.0
13293.0	1.0
13309.0	1.0
13581.0	1.0
13593.0	1.0
13601.0	1.0
13658.0	1.0
13664.0	1.0
13684.0	1.0
13712.0	1.0
13741.0	1.0
13818.0	1.0
13855.0	1.0
14291.0	1.0
14308.0	1.0
14386.0	1.0
14522.0	1.0
14861.0	7.0
14896.0	1.0
14918.0	1.0
14955.0	1.0
15001.0	1.0
15007.0	1.0
15157.0	2.0
15448.0	1.0
15580.0	1.0
15599.0	1.0
15754.0	1.0
15993.0	1.0
16017.0	1.0
16038.0	1.0
16054.0	1.0
16134.0	1.0
16153.0	1.0
16179.0	4.0
16194.0	1.0
16195.0	1.0
16210.0	1.0
16211.0	1.0
16228.0	1.0
16260.0	1.0
16636.0	1.0
16669.0	1.0
16867.0	1.0
17242.0	1.0
17251.0	2.0
17260.0	1.0
17262.0	1.0
17286.0	2.0
17411.0	1.0
17422.0	1.0
17427.0	1.0
17429.0	1.0
17441.0	1.0
17515.0	1.0
17808.0	1.0
18003.0	1.0
18055.0	1.0
18056.0	1.0
18071.0	1.0
18102.0	1.0
18138.0	1.0
18642.0	1.0
18694.0	1.0
19068.0	1.0
19124.0	1.0
19140.0	1.0
19200.0	1.0
19267.0	6.0
19638.0	1.0
19696.0	2.0
19819.0	1.0
19869.0	1.0
19870.0	1.0
19909.0	4.0
19927.0	1.0
20217.0	1.0
20250.0	6.0
20270.0	1.0
20326.0	1.0
20338.0	1.0
20378.0	4.0
20397.0	1.0
20398.0	1.0
20410.0	2.0
20489.0	1.0
20490.0	1.0
20497.0	1.0
20501.0	1.0
20512.0	2.0
20542.0	1.0
20744.0	1.0
20836.0	1.0
20978.0	3.0
20981.0	2.0
21015.0	1.0
21055.0	1.0
21098.0	1.0
21101.0	1.0
21129.0	1.0
21135.0	3.0
21139.0	8.0
21211.0	1.0
21523.0	1.0
21553.0	1.0
21572.0	2.0
21645.0	1.0
21654.0	1.0
21665.0	1.0
21702.0	1.0
21712.0	2.0
21713.0	460.0
21724.0	1.0
21728.0	1.0
21731.0	2.0
21733.0	1.0
21746.0	1.0
22073.0	2.0
22074.0	2.0
22143.0	1.0
22199.0	2.0
22213.0	1.0
22260.0	1.0
22296.0	1.0
22313.0	1.0
22316.0	5.0
22689.0	1.0
22769.0	1.0
22873.0	6.0
22915.0	3.0
22919.0	1.0
23492.0	3.0
23917.0	1.0
23933.0	2.0
23972.0	1.0
23999.0	1.0
24139.0	1.0
24527.0	2.0
24546.0	1.0
24555.0	1.0
24752.0	3.0
25348.0	1.0
25372.0	1.0
25593.0	13.0
25656.0	1.0
25670.0	1.0
25672.0	1.0
25777.0	1.0
25922.0	1.0
25948.0	1.0
25964.0	38.0
25973.0	1.0
26273.0	1.0
26304.0	1.0
26393.0	432.0
26417.0	1.0
26420.0	1.0
26427.0	2.0
26445.0	3.0
26549.0	1.0
26557.0	2.0
26559.0	4.0
26560.0	677.0
26561.0	1.0
26573.0	1.0
26574.0	4.0
26575.0	1.0
26579.0	2.0
26585.0	2.0
26586.0	1.0
26587.0	1.0
26596.0	1.0
26612.0	1.0
26760.0	1.0
26764.0	1.0
26967.0	4.0
27066.0	2.0
27182.0	1.0
27184.0	4.0
27185.0	655.0
27200.0	1.0
27211.0	1.0
27222.0	6.0
27311.0	3.0
27340.0	1.0
27490.0	3.0
27497.0	1.0
27522.0	3.0
27526.0	1.0
27530.0	1.0
27684.0	4.0
27685.0	6.0
27693.0	1.0
27713.0	1.0
27718.0	1.0
27720.0	1.0
27823.0	1.0
27824.0	57.0
27825.0	3.0
27838.0	1.0
28164.0	2.0
28181.0	1.0
28262.0	1.0
28269.0	2.0
28332.0	1.0
28387.0	1.0
28419.0	2.0
28427.0	2.0
28428.0	1.0
28433.0	6.0
28434.0	1813.0
28435.0	1.0
28441.0	1.0
28447.0	3.0
28448.0	4.0
28451.0	3.0
28453.0	1.0
28459.0	1.0
28460.0	6.0
28603.0	1.0
28738.0	1.0
28762.0	5.0
28881.0	1.0
28912.0	5.0
28917.0	1.0
28923.0	1.0
28987.0	4.0
29051.0	3.0
29058.0	2.0
29214.0	1.0
29411.0	2.0
