#Position (bp)	Coverage
38.0	2462.9066666666668
113.0	26.026666666666667
188.0	4.88
263.0	6.573333333333333
338.0	15.346666666666666
413.0	16.546666666666667
488.0	12.853333333333333
563.0	4.16
638.0	11.88
713.0	35.24
788.0	8.0
863.0	10.146666666666667
938.0	14.413333333333334
1013.0	15.746666666666666
1088.0	7.8533333333333335
1163.0	6.493333333333333
1238.0	9.413333333333334
1313.0	12.933333333333334
1388.0	7.76
1463.0	4.8133333333333335
1538.0	7.04
1613.0	15.973333333333333
1688.0	7.64
1763.0	5.173333333333333
1838.0	5.586666666666667
1913.0	17.0
1988.0	11.226666666666667
2063.0	9.573333333333334
2138.0	10.053333333333333
2213.0	20.813333333333333
2288.0	10.693333333333333
2363.0	7.426666666666667
2438.0	2.8266666666666667
2513.0	12.373333333333333
2588.0	12.266666666666667
2663.0	7.733333333333333
2738.0	4.933333333333334
2813.0	16.85333333333333
2888.0	18.653333333333332
2963.0	6.413333333333333
3038.0	5.306666666666667
3113.0	8.52
3188.0	15.2
3263.0	8.84
3338.0	9.426666666666666
3413.0	11.64
3488.0	22.493333333333332
3563.0	10.44
3638.0	10.653333333333334
3713.0	6.346666666666667
3788.0	14.986666666666666
3863.0	11.266666666666667
3938.0	7.293333333333333
4013.0	3.64
4088.0	12.64
4163.0	8.653333333333334
4238.0	4.36
4313.0	9.426666666666666
4388.0	11.933333333333334
4463.0	7.8133333333333335
4538.0	5.253333333333333
4613.0	10.773333333333333
4688.0	12.773333333333333
4763.0	8.0
4838.0	10.253333333333334
4913.0	8.546666666666667
4988.0	15.12
5063.0	6.986666666666666
5138.0	6.093333333333334
5213.0	6.8533333333333335
5288.0	10.64
5363.0	3.0933333333333333
5438.0	4.373333333333333
5513.0	7.32
5588.0	15.866666666666667
5663.0	9.64
5738.0	8.013333333333334
5813.0	8.8
5888.0	20.186666666666667
5963.0	13.653333333333334
6038.0	6.866666666666666
6113.0	3.4
6188.0	12.84
6263.0	11.986666666666666
6338.0	7.026666666666666
6413.0	5.1066666666666665
6488.0	10.68
6563.0	8.213333333333333
6638.0	6.346666666666667
6713.0	5.666666666666667
6788.0	13.386666666666667
6863.0	10.266666666666667
6938.0	3.973333333333333
7013.0	4.96
7088.0	6.0
7163.0	3.0
7238.0	4.1466666666666665
7313.0	7.426666666666667
7388.0	8.573333333333334
7463.0	6.173333333333333
7538.0	5.706666666666667
7613.0	12.333333333333334
7688.0	11.76
7763.0	5.706666666666667
7838.0	4.226666666666667
7913.0	6.12
7988.0	13.506666666666666
8063.0	7.826666666666667
8138.0	5.746666666666667
8213.0	10.92
8288.0	17.213333333333335
8363.0	6.533333333333333
8438.0	3.8266666666666667
8513.0	4.773333333333333
8588.0	10.613333333333333
8663.0	10.68
8738.0	7.333333333333333
8813.0	10.013333333333334
8888.0	22.36
8963.0	28.32
9038.0	10.986666666666666
9113.0	7.333333333333333
9188.0	13.52
9263.0	12.52
9338.0	5.0
9413.0	3.16
9488.0	9.666666666666666
9563.0	15.693333333333333
9638.0	7.04
9713.0	7.026666666666666
9788.0	11.613333333333333
9863.0	10.506666666666666
9938.0	5.453333333333333
10013.0	5.453333333333333
10088.0	22.24
10163.0	20.413333333333334
10238.0	8.533333333333333
10313.0	5.28
10388.0	16.346666666666668
10463.0	12.426666666666666
10538.0	6.626666666666667
10613.0	10.413333333333334
10688.0	20.013333333333332
10763.0	11.866666666666667
10838.0	5.293333333333333
10913.0	3.9066666666666667
10988.0	16.746666666666666
11063.0	17.88
11138.0	5.8133333333333335
11213.0	3.533333333333333
11288.0	10.626666666666667
11363.0	15.373333333333333
11438.0	7.826666666666667
11513.0	5.333333333333333
11588.0	10.773333333333333
11663.0	13.346666666666666
11738.0	7.506666666666667
11813.0	7.453333333333333
11888.0	13.626666666666667
11963.0	9.56
12038.0	6.533333333333333
12113.0	9.2
12188.0	17.52
12263.0	11.626666666666667
12338.0	6.386666666666667
12413.0	10.426666666666666
12488.0	13.106666666666667
12563.0	8.746666666666666
12638.0	6.213333333333333
12713.0	11.773333333333333
12788.0	12.466666666666667
12863.0	7.386666666666667
12938.0	4.573333333333333
13013.0	14.986666666666666
13088.0	13.333333333333334
13163.0	5.613333333333333
13238.0	4.36
13313.0	11.2
13388.0	10.773333333333333
13463.0	8.546666666666667
13538.0	7.666666666666667
13613.0	15.68
13688.0	14.026666666666667
13763.0	9.133333333333333
13838.0	6.053333333333334
13913.0	11.56
13988.0	10.733333333333333
14063.0	6.866666666666666
14138.0	6.413333333333333
14213.0	9.693333333333333
14288.0	8.72
14363.0	3.1066666666666665
14438.0	2.32
14513.0	5.24
14588.0	10.706666666666667
14663.0	8.333333333333334
14738.0	9.186666666666667
14813.0	13.746666666666666
14888.0	18.4
14963.0	9.133333333333333
15038.0	8.613333333333333
15113.0	4.88
15188.0	21.013333333333332
15263.0	14.933333333333334
15338.0	10.4
15413.0	11.426666666666666
15488.0	17.533333333333335
15563.0	12.56
15638.0	8.066666666666666
15713.0	4.48
15788.0	11.506666666666666
15863.0	18.653333333333332
15938.0	7.546666666666667
16013.0	5.56
16088.0	5.346666666666667
16163.0	12.0
16238.0	5.44
16313.0	4.973333333333334
16388.0	6.413333333333333
16463.0	19.653333333333332
16538.0	16.893333333333334
16613.0	12.24
16688.0	7.786666666666667
16763.0	16.24
16838.0	11.44
16913.0	5.64
16988.0	3.28
17063.0	13.92
17138.0	16.16
17213.0	9.0
17288.0	6.92
17363.0	13.68
17438.0	18.333333333333332
17513.0	6.746666666666667
17588.0	5.413333333333333
17663.0	7.12
17738.0	10.853333333333333
17813.0	6.0
17888.0	5.8
17963.0	10.773333333333333
18038.0	12.773333333333333
18113.0	5.04
18188.0	6.413333333333333
18263.0	14.28
18338.0	14.026666666666667
18413.0	8.0
18488.0	4.773333333333333
18563.0	7.8933333333333335
18638.0	18.706666666666667
18713.0	11.533333333333333
18788.0	7.026666666666666
18863.0	8.546666666666667
18938.0	19.466666666666665
19013.0	9.56
19088.0	8.213333333333333
19163.0	8.08
19238.0	15.506666666666666
19313.0	8.0
19388.0	4.666666666666667
19463.0	3.066666666666667
19538.0	10.306666666666667
19613.0	13.813333333333333
19688.0	8.32
19763.0	6.666666666666667
19838.0	11.4
19913.0	17.333333333333332
19988.0	8.453333333333333
20063.0	6.266666666666667
20138.0	9.146666666666667
20213.0	15.013333333333334
20288.0	7.453333333333333
20363.0	5.586666666666667
20438.0	3.7466666666666666
20513.0	13.386666666666667
20588.0	8.693333333333333
20663.0	4.12
20738.0	3.04
20813.0	11.653333333333334
20888.0	9.24
20963.0	5.693333333333333
21038.0	7.133333333333334
21113.0	18.426666666666666
21188.0	11.373333333333333
21263.0	7.493333333333333
21338.0	9.933333333333334
21413.0	18.0
21488.0	7.24
21563.0	9.413333333333334
21638.0	15.28
21713.0	18.88
21788.0	4.826666666666667
21863.0	2.8666666666666667
21938.0	5.493333333333333
22013.0	13.626666666666667
22088.0	9.16
22163.0	8.16
22238.0	10.973333333333333
22313.0	18.386666666666667
22388.0	6.52
22463.0	3.3066666666666666
22538.0	10.2
22613.0	12.333333333333334
22688.0	4.986666666666666
22763.0	6.586666666666667
22838.0	16.88
22913.0	11.693333333333333
22988.0	7.386666666666667
23063.0	4.386666666666667
23138.0	11.026666666666667
23213.0	9.426666666666666
23288.0	6.026666666666666
23363.0	4.8933333333333335
23438.0	8.813333333333333
23513.0	9.266666666666667
23588.0	4.333333333333333
23663.0	2.7466666666666666
23738.0	3.1066666666666665
23813.0	9.533333333333333
23888.0	6.826666666666667
23963.0	6.0
24038.0	7.413333333333333
24113.0	22.44
24188.0	14.96
24263.0	10.786666666666667
24338.0	11.693333333333333
24413.0	20.653333333333332
24488.0	9.12
24563.0	6.0
24638.0	5.906666666666666
24713.0	11.866666666666667
24788.0	8.826666666666666
24863.0	5.333333333333333
24938.0	6.24
25013.0	8.413333333333334
25088.0	4.08
25163.0	1.56
25238.0	1.1733333333333333
25313.0	9.466666666666667
25388.0	10.506666666666666
25463.0	10.306666666666667
25538.0	8.16
25613.0	15.333333333333334
25688.0	13.333333333333334
25763.0	6.066666666666666
25838.0	6.6
25913.0	19.986666666666668
25988.0	19.186666666666667
26063.0	10.933333333333334
26138.0	5.253333333333333
26213.0	12.893333333333333
26288.0	16.133333333333333
26363.0	6.733333333333333
26438.0	4.24
26513.0	30.14666666666667
26588.0	25.96
26663.0	16.666666666666668
26738.0	11.68
26813.0	12.6
26888.0	33.973333333333336
26963.0	6.0
27038.0	11.52
27113.0	18.653333333333332
27188.0	19.186666666666667
27263.0	5.933333333333334
27338.0	6.426666666666667
27413.0	8.373333333333333
27488.0	18.093333333333334
27563.0	11.333333333333334
27638.0	7.293333333333333
27713.0	4.84
27788.0	20.106666666666666
27863.0	13.933333333333334
27938.0	6.64
28013.0	5.533333333333333
28088.0	11.373333333333333
28163.0	12.013333333333334
28238.0	9.013333333333334
28313.0	16.346666666666668
28388.0	21.733333333333334
28463.0	18.12
28538.0	7.066666666666666
28613.0	6.026666666666666
28688.0	14.066666666666666
28763.0	15.213333333333333
28838.0	12.16
28913.0	7.693333333333333
28988.0	13.693333333333333
29063.0	17.106666666666666
29138.0	11.0
29213.0	4.586666666666667
29288.0	19.786666666666665
29363.0	15.786666666666667
29438.0	4.36
29513.0	7.733333333333333
29588.0	11.72
29663.0	12.76
29738.0	3.8266666666666667
29813.0	7.28
29877.0	2.4150943396226414
