#Insert size (bp)	insert size
22.0	1.0
31.0	1.0
51.0	1.0
59.0	1.0
60.0	1.0
66.0	1.0
67.0	1.0
68.0	2.0
70.0	2.0
71.0	1.0
72.0	2.0
73.0	1.0
75.0	1.0
77.0	2.0
78.0	5.0
79.0	5.0
83.0	3.0
84.0	1.0
85.0	3.0
86.0	3.0
88.0	4.0
89.0	2.0
90.0	1.0
91.0	2.0
92.0	1.0
93.0	3.0
94.0	1.0
95.0	1.0
98.0	1.0
100.0	4.0
103.0	1.0
104.0	2.0
105.0	1.0
106.0	2.0
107.0	2.0
108.0	3.0
109.0	2.0
110.0	5.0
111.0	6.0
113.0	1.0
114.0	2.0
115.0	5.0
116.0	5.0
117.0	3.0
119.0	1.0
121.0	10.0
123.0	1.0
124.0	2.0
125.0	1.0
126.0	4.0
127.0	1.0
128.0	4.0
129.0	4.0
130.0	1.0
131.0	2.0
132.0	4.0
133.0	4.0
136.0	3.0
137.0	3.0
138.0	1.0
139.0	2.0
140.0	1.0
141.0	4.0
142.0	2.0
144.0	2.0
145.0	2.0
146.0	1.0
147.0	3.0
148.0	1.0
149.0	1.0
152.0	1.0
155.0	2.0
156.0	3.0
157.0	2.0
158.0	3.0
159.0	2.0
161.0	1.0
162.0	4.0
163.0	2.0
165.0	3.0
166.0	2.0
167.0	2.0
168.0	3.0
169.0	6.0
170.0	1.0
171.0	1.0
172.0	3.0
174.0	1.0
175.0	5.0
176.0	2.0
177.0	3.0
178.0	1.0
179.0	1.0
180.0	2.0
181.0	5.0
182.0	4.0
183.0	2.0
184.0	6.0
185.0	1.0
186.0	3.0
187.0	4.0
188.0	2.0
189.0	6.0
190.0	8.0
191.0	8.0
192.0	6.0
193.0	19.0
194.0	3.0
195.0	2.0
197.0	3.0
198.0	3.0
199.0	2.0
200.0	1.0
201.0	1.0
202.0	1.0
204.0	1.0
205.0	3.0
207.0	2.0
208.0	17.0
209.0	1.0
210.0	1.0
211.0	4.0
212.0	2.0
213.0	4.0
214.0	2.0
215.0	17.0
216.0	4.0
217.0	8.0
218.0	2.0
219.0	11.0
220.0	2.0
221.0	2.0
223.0	1.0
224.0	2.0
225.0	3.0
226.0	1.0
227.0	4.0
228.0	2.0
229.0	3.0
230.0	5.0
231.0	2.0
233.0	6.0
234.0	1.0
235.0	1.0
236.0	1.0
237.0	3.0
238.0	2.0
240.0	1.0
242.0	4.0
244.0	2.0
245.0	2.0
246.0	2.0
247.0	2.0
249.0	4.0
250.0	9.0
251.0	1.0
254.0	2.0
255.0	1.0
256.0	6.0
258.0	2.0
260.0	8.0
261.0	4.0
262.0	1.0
263.0	1.0
264.0	2.0
265.0	2.0
266.0	1.0
267.0	3.0
268.0	3.0
269.0	1.0
271.0	1.0
272.0	1.0
274.0	1.0
275.0	2.0
277.0	3.0
278.0	6.0
279.0	3.0
280.0	4.0
281.0	5.0
282.0	1.0
283.0	5.0
284.0	1.0
285.0	1.0
286.0	1.0
287.0	2.0
288.0	2.0
290.0	4.0
291.0	2.0
292.0	2.0
295.0	1.0
296.0	1.0
297.0	2.0
298.0	1.0
299.0	3.0
300.0	2.0
303.0	3.0
304.0	1.0
305.0	3.0
306.0	4.0
307.0	1.0
309.0	4.0
310.0	3.0
311.0	3.0
312.0	1.0
313.0	1.0
314.0	4.0
315.0	1.0
317.0	2.0
318.0	3.0
319.0	1.0
320.0	1.0
321.0	7.0
327.0	1.0
328.0	3.0
329.0	10.0
330.0	1.0
331.0	1.0
332.0	1.0
335.0	3.0
337.0	1.0
338.0	1.0
339.0	3.0
340.0	1.0
345.0	3.0
348.0	1.0
349.0	2.0
354.0	1.0
355.0	5.0
357.0	2.0
362.0	2.0
363.0	1.0
364.0	1.0
366.0	1.0
368.0	5.0
369.0	2.0
371.0	1.0
372.0	1.0
373.0	2.0
374.0	1.0
375.0	10.0
376.0	7.0
377.0	11.0
378.0	13.0
379.0	29.0
380.0	35.0
381.0	46.0
382.0	26.0
383.0	24.0
384.0	19.0
385.0	23.0
386.0	27.0
387.0	33.0
388.0	23.0
389.0	10.0
390.0	20.0
391.0	26.0
392.0	27.0
393.0	33.0
394.0	26.0
395.0	15.0
396.0	10.0
397.0	7.0
398.0	10.0
399.0	16.0
400.0	10.0
401.0	6.0
402.0	8.0
403.0	6.0
404.0	16.0
405.0	16.0
406.0	19.0
407.0	6.0
408.0	13.0
409.0	26.0
410.0	8.0
411.0	10.0
412.0	8.0
413.0	6.0
414.0	5.0
415.0	7.0
416.0	6.0
417.0	5.0
418.0	4.0
419.0	1.0
420.0	3.0
421.0	1.0
422.0	1.0
425.0	1.0
426.0	1.0
427.0	2.0
428.0	1.0
430.0	3.0
433.0	1.0
437.0	1.0
440.0	1.0
442.0	1.0
443.0	2.0
444.0	2.0
447.0	1.0
449.0	1.0
450.0	1.0
451.0	2.0
453.0	2.0
454.0	1.0
456.0	1.0
458.0	1.0
459.0	2.0
462.0	1.0
465.0	2.0
466.0	1.0
467.0	1.0
469.0	2.0
471.0	1.0
473.0	1.0
475.0	1.0
476.0	2.0
479.0	1.0
485.0	1.0
486.0	1.0
488.0	1.0
489.0	1.0
490.0	1.0
493.0	4.0
494.0	2.0
495.0	1.0
496.0	2.0
497.0	3.0
498.0	1.0
506.0	1.0
507.0	1.0
509.0	1.0
510.0	1.0
511.0	1.0
513.0	1.0
518.0	1.0
523.0	2.0
525.0	1.0
531.0	1.0
536.0	1.0
546.0	1.0
547.0	1.0
548.0	1.0
566.0	2.0
571.0	2.0
576.0	3.0
580.0	1.0
583.0	1.0
584.0	1.0
585.0	1.0
586.0	1.0
587.0	1.0
588.0	4.0
589.0	1.0
598.0	1.0
599.0	1.0
600.0	1.0
604.0	1.0
606.0	1.0
608.0	1.0
609.0	1.0
611.0	2.0
613.0	8.0
614.0	2.0
615.0	2.0
616.0	1.0
618.0	2.0
621.0	1.0
622.0	2.0
625.0	1.0
626.0	1.0
629.0	2.0
630.0	2.0
634.0	2.0
635.0	1.0
637.0	1.0
639.0	2.0
642.0	3.0
643.0	1.0
645.0	2.0
646.0	2.0
647.0	2.0
648.0	1.0
649.0	2.0
650.0	1.0
651.0	1.0
652.0	2.0
654.0	1.0
657.0	3.0
659.0	1.0
661.0	4.0
665.0	7.0
667.0	1.0
668.0	5.0
670.0	1.0
672.0	1.0
673.0	1.0
676.0	1.0
677.0	1.0
684.0	1.0
688.0	1.0
709.0	1.0
713.0	1.0
718.0	1.0
732.0	1.0
753.0	1.0
757.0	1.0
762.0	1.0
764.0	1.0
778.0	1.0
785.0	1.0
795.0	1.0
809.0	5.0
810.0	1.0
814.0	3.0
815.0	1.0
816.0	2.0
818.0	1.0
819.0	1.0
824.0	1.0
825.0	19.0
826.0	1.0
828.0	1.0
830.0	1.0
836.0	2.0
837.0	1.0
843.0	1.0
846.0	1.0
849.0	2.0
856.0	1.0
858.0	1.0
870.0	2.0
881.0	1.0
888.0	2.0
918.0	1.0
939.0	1.0
948.0	1.0
949.0	1.0
950.0	3.0
964.0	1.0
967.0	2.0
968.0	1.0
973.0	1.0
977.0	1.0
982.0	1.0
983.0	1.0
984.0	1.0
986.0	1.0
989.0	1.0
997.0	1.0
998.0	3.0
999.0	1.0
1007.0	1.0
1013.0	1.0
1016.0	9.0
1018.0	2.0
1020.0	2.0
1021.0	1.0
1029.0	1.0
1031.0	1.0
1032.0	1.0
1034.0	2.0
1036.0	1.0
1060.0	1.0
1178.0	1.0
1240.0	1.0
1243.0	1.0
1316.0	1.0
1340.0	1.0
1348.0	1.0
1349.0	1.0
1378.0	1.0
1401.0	1.0
1434.0	1.0
1436.0	1.0
1451.0	1.0
1454.0	1.0
1457.0	2.0
1464.0	1.0
1470.0	1.0
1488.0	1.0
1492.0	1.0
1616.0	1.0
1631.0	1.0
1633.0	1.0
1652.0	1.0
1915.0	5.0
1935.0	1.0
1940.0	1.0
1955.0	1.0
1995.0	2.0
2049.0	1.0
2055.0	1.0
2057.0	1.0
2064.0	4.0
2065.0	1.0
2067.0	1.0
2075.0	1.0
2079.0	1.0
2081.0	1.0
2085.0	1.0
2183.0	2.0
2185.0	1.0
2186.0	1.0
2234.0	1.0
2331.0	1.0
2545.0	1.0
2575.0	1.0
2606.0	1.0
2670.0	2.0
2722.0	1.0
2729.0	1.0
2736.0	11.0
2750.0	1.0
2812.0	1.0
2829.0	1.0
2846.0	4.0
2852.0	3.0
2872.0	7.0
3138.0	1.0
3139.0	1.0
3253.0	3.0
3318.0	1.0
3352.0	1.0
3354.0	2.0
3418.0	1.0
3470.0	3.0
3481.0	1.0
3649.0	1.0
3724.0	1.0
3750.0	1.0
3784.0	2.0
3864.0	1.0
3907.0	1.0
3948.0	1.0
3991.0	1.0
4003.0	1.0
4079.0	1.0
4083.0	1.0
4134.0	1.0
4494.0	1.0
4508.0	6.0
4559.0	2.0
4659.0	9.0
5140.0	1.0
5178.0	1.0
5291.0	1.0
5742.0	1.0
5927.0	3.0
6192.0	1.0
6452.0	1.0
6950.0	1.0
7060.0	1.0
7087.0	8.0
7664.0	1.0
7741.0	1.0
8311.0	1.0
8317.0	1.0
8916.0	3.0
9247.0	1.0
10141.0	3.0
10315.0	1.0
10344.0	1.0
10557.0	1.0
11248.0	1.0
11270.0	1.0
11276.0	1.0
11364.0	2.0
11765.0	1.0
11895.0	2.0
11919.0	2.0
11921.0	5.0
12048.0	2.0
12480.0	1.0
12895.0	1.0
13066.0	3.0
14350.0	1.0
14995.0	1.0
15448.0	1.0
15632.0	1.0
15775.0	1.0
16054.0	1.0
16179.0	4.0
16304.0	1.0
16735.0	1.0
17251.0	1.0
18025.0	1.0
19267.0	14.0
19284.0	1.0
19649.0	1.0
19902.0	1.0
19908.0	1.0
19909.0	2.0
20208.0	2.0
20968.0	1.0
20981.0	1.0
21129.0	1.0
21139.0	12.0
21469.0	1.0
21479.0	1.0
21572.0	1.0
21712.0	2.0
21713.0	384.0
22114.0	1.0
22167.0	1.0
22199.0	1.0
22315.0	1.0
22316.0	6.0
22872.0	1.0
22915.0	18.0
22975.0	1.0
23492.0	2.0
23522.0	1.0
24139.0	1.0
24710.0	1.0
24752.0	1.0
24759.0	1.0
25593.0	36.0
25963.0	3.0
25964.0	260.0
26161.0	1.0
26275.0	1.0
26307.0	1.0
26393.0	3.0
26395.0	310.0
26398.0	1.0
26427.0	6.0
26445.0	4.0
26553.0	1.0
26554.0	1.0
26558.0	1.0
26559.0	4.0
26560.0	634.0
26967.0	2.0
27182.0	1.0
27184.0	5.0
27185.0	425.0
27493.0	1.0
27684.0	2.0
27685.0	15.0
27720.0	5.0
27824.0	50.0
28319.0	1.0
28424.0	2.0
28426.0	4.0
28429.0	1.0
28433.0	10.0
28434.0	1418.0
28435.0	2.0
28447.0	3.0
28449.0	1.0
28451.0	9.0
28669.0	2.0
29413.0	1.0
29497.0	1.0
29663.0	2.0
