# Position (bp)	A	C	G	T	N
0.0	27.77053455019557	7.431551499348108	28.8135593220339	35.98435462842243	0.0
1.0	17.209908735332462	15.514993481095177	53.71577574967405	13.559322033898304	0.0
2.0	16.124837451235372	18.33550065019506	16.25487646293888	49.28478543563069	0.0
3.0	21.778350515463917	15.206185567010309	15.335051546391753	47.680412371134025	0.0
4.0	38.58974358974359	5.256410256410256	16.923076923076923	39.23076923076923	0.0
5.0	28.681177976952625	18.437900128040972	12.03585147247119	40.845070422535215	0.0
6.0	16.773367477592828	8.450704225352112	35.2112676056338	39.56466069142125	0.0
7.0	25.510204081632654	8.928571428571429	25.127551020408163	40.433673469387756	0.0
8.0	13.994910941475828	8.269720101781171	28.37150127226463	49.36386768447837	0.0
9.0	14.612452350698856	10.419313850063533	43.32909783989835	31.639135959339264	0.0
10.0	21.31979695431472	12.055837563451776	25.761421319796955	40.86294416243655	0.0
11.0	26.329113924050635	21.139240506329113	8.227848101265822	44.303797468354425	0.0
12.0	27.939317319848296	19.721871049304678	24.020227560050568	28.31858407079646	0.0
13.0	35.81336696090794	12.105926860025221	30.138713745271122	21.94199243379571	0.0
14.0	16.020025031289112	42.67834793491865	18.89862327909887	22.40300375469337	0.0
15.0	46.86346863468634	18.081180811808117	18.45018450184502	16.605166051660518	0.0
16.0	19.393939393939394	30.303030303030305	18.787878787878785	31.515151515151512	0.0
17.0	23.031026252983295	33.17422434367542	20.167064439140812	23.627684964200476	0.0
18.0	30.03533568904594	26.855123674911663	16.372202591283862	26.73733804475854	0.0
19.0	23.543123543123542	33.1002331002331	12.354312354312354	31.002331002331	0.0
20.0	18.779342723004692	31.572769953051644	17.253521126760564	32.3943661971831	0.0
21.0	11.269276393831554	12.69276393831554	31.198102016607354	44.83985765124555	0.0
22.0	15.700141442715701	13.861386138613863	42.14992927864215	28.28854314002829	0.0
23.0	18.198529411764707	32.720588235294116	17.647058823529413	31.433823529411764	0.0
24.0	38.0859375	28.7109375	10.3515625	22.8515625	0.0
25.0	32.13296398891966	21.88365650969529	15.512465373961218	30.47091412742382	0.0
26.0	27.397260273972602	10.616438356164384	38.013698630136986	23.972602739726025	0.0
27.0	13.600000000000001	20.0	22.8	43.6	0.0
28.0	20.689655172413794	24.63054187192118	27.586206896551722	27.093596059113302	0.0
29.0	17.708333333333336	21.875	19.270833333333336	41.14583333333333	0.0
30.0	12.359550561797752	28.651685393258425	21.910112359550563	37.07865168539326	0.0
31.0	19.101123595505616	30.337078651685395	15.168539325842698	35.39325842696629	0.0
32.0	25.98870056497175	17.51412429378531	16.38418079096045	40.11299435028249	0.0
33.0	22.099447513812155	21.54696132596685	16.022099447513813	40.331491712707184	0.0
34.0	27.717391304347828	14.130434782608695	16.847826086956523	41.30434782608695	0.0
35.0	33.155080213903744	20.855614973262032	24.06417112299465	21.92513368983957	0.0
36.0	23.809523809523807	22.22222222222222	21.164021164021165	32.804232804232804	0.0
37.0	18.68686868686869	18.181818181818183	18.181818181818183	44.94949494949495	0.0
38.0	10.24390243902439	19.024390243902438	28.780487804878046	41.951219512195124	0.0
39.0	15.09433962264151	15.09433962264151	25.471698113207548	44.339622641509436	0.0
40.0	21.69811320754717	12.735849056603774	28.77358490566038	36.79245283018868	0.0
41.0	17.535545023696685	16.113744075829384	14.691943127962084	51.65876777251185	0.0
42.0	18.357487922705314	15.458937198067632	23.67149758454106	42.51207729468599	0.0
43.0	24.880382775119617	20.095693779904305	17.22488038277512	37.79904306220095	0.0
44.0	35.046728971962615	13.551401869158877	25.233644859813083	26.168224299065418	0.0
45.0	30.414746543778804	13.36405529953917	19.35483870967742	36.86635944700461	0.0
46.0	17.56756756756757	27.47747747747748	19.36936936936937	35.585585585585584	0.0
47.0	21.71945701357466	19.004524886877828	24.8868778280543	34.38914027149321	0.0
48.0	18.666666666666668	18.22222222222222	26.222222222222225	36.888888888888886	0.0
49.0	23.829787234042556	24.25531914893617	22.97872340425532	28.936170212765955	0.0
50.0	24.152542372881356	13.135593220338984	21.1864406779661	41.52542372881356	0.0
51.0	14.767932489451477	16.455696202531644	36.708860759493675	32.06751054852321	0.0
52.0	25.847457627118644	17.796610169491526	25.423728813559322	30.93220338983051	0.0
53.0	21.428571428571427	16.386554621848738	19.327731092436977	42.857142857142854	0.0
54.0	21.84873949579832	20.588235294117645	22.689075630252102	34.87394957983193	0.0
55.0	27.800829875518673	17.842323651452283	13.278008298755188	41.078838174273855	0.0
56.0	28.451882845188287	16.736401673640167	25.10460251046025	29.707112970711297	0.0
57.0	28.691983122362867	21.518987341772153	19.831223628691983	29.957805907172997	0.0
58.0	15.546218487394958	26.89075630252101	25.210084033613445	32.35294117647059	0.0
59.0	22.45762711864407	16.52542372881356	24.152542372881356	36.86440677966102	0.0
60.0	16.08695652173913	20.0	29.130434782608695	34.78260869565217	0.0
61.0	19.004524886877828	19.90950226244344	17.647058823529413	43.43891402714932	0.0
62.0	21.69811320754717	25.471698113207548	19.81132075471698	33.0188679245283	0.0
63.0	23.5	20.5	21.0	35.0	0.0
64.0	34.21052631578947	15.789473684210526	20.0	30.0	0.0
65.0	29.67032967032967	21.978021978021978	21.978021978021978	26.373626373626376	0.0
66.0	32.55813953488372	21.511627906976745	21.511627906976745	24.418604651162788	0.0
67.0	12.578616352201259	25.78616352201258	20.125786163522015	41.509433962264154	0.0
68.0	37.086092715231786	20.52980132450331	25.165562913907287	17.218543046357617	0.0
69.0	20.689655172413794	31.03448275862069	13.10344827586207	35.172413793103445	0.0
70.0	18.705035971223023	40.28776978417266	15.827338129496402	25.179856115107913	0.0
71.0	21.052631578947366	24.81203007518797	10.526315789473683	43.609022556390975	0.0
72.0	35.15625	17.1875	18.75	28.90625	0.0
73.0	27.419354838709676	15.32258064516129	21.774193548387096	35.483870967741936	0.0
74.0	19.298245614035086	20.175438596491226	14.035087719298245	46.49122807017544	0.0
75.0	23.008849557522122	15.929203539823009	10.619469026548673	50.442477876106196	0.0
76.0	16.50485436893204	20.388349514563107	19.41747572815534	43.689320388349515	0.0
77.0	33.63636363636363	15.454545454545453	16.363636363636363	34.54545454545455	0.0
78.0	24.786324786324787	19.65811965811966	33.33333333333333	22.22222222222222	0.0
79.0	12.698412698412698	19.841269841269842	34.12698412698413	33.33333333333333	0.0
80.0	21.21212121212121	25.757575757575758	17.424242424242426	35.60606060606061	0.0
81.0	31.11111111111111	10.37037037037037	22.962962962962962	35.55555555555556	0.0
82.0	24.817518248175183	11.678832116788321	21.897810218978105	41.605839416058394	0.0
83.0	18.115942028985508	18.115942028985508	28.985507246376812	34.78260869565217	0.0
84.0	25.36231884057971	26.811594202898554	18.115942028985508	29.71014492753623	0.0
85.0	20.437956204379564	29.927007299270077	21.897810218978105	27.73722627737226	0.0
86.0	21.27659574468085	19.148936170212767	17.02127659574468	42.5531914893617	0.0
87.0	22.06896551724138	22.758620689655174	16.551724137931036	38.62068965517241	0.0
88.0	19.078947368421055	31.57894736842105	14.473684210526317	34.868421052631575	0.0
89.0	20.915032679738562	22.875816993464053	17.647058823529413	38.56209150326798	0.0
90.0	28.289473684210524	19.078947368421055	9.210526315789473	43.42105263157895	0.0
91.0	37.9746835443038	17.72151898734177	13.924050632911392	30.37974683544304	0.0
92.0	23.89937106918239	32.70440251572327	14.465408805031446	28.930817610062892	0.0
93.0	28.749999999999996	17.5	16.875	36.875	0.0
94.0	28.313253012048197	14.457831325301203	28.915662650602407	28.313253012048197	0.0
95.0	23.49397590361446	10.240963855421686	24.69879518072289	41.566265060240966	0.0
96.0	29.6969696969697	19.393939393939394	20.0	30.909090909090907	0.0
97.0	23.636363636363637	26.060606060606062	21.21212121212121	29.09090909090909	0.0
98.0	23.03030303030303	15.151515151515152	26.060606060606062	35.75757575757576	0.0
99.0	16.16766467065868	17.964071856287426	31.137724550898206	34.73053892215569	0.0
100.0	19.375	22.5	26.875	31.25	0.0
101.0	22.0125786163522	17.61006289308176	15.723270440251572	44.65408805031446	0.0
102.0	24.836601307189543	17.647058823529413	16.33986928104575	41.17647058823529	0.0
103.0	33.56643356643357	16.783216783216783	19.58041958041958	30.069930069930066	0.0
104.0	21.12676056338028	28.87323943661972	16.901408450704224	33.098591549295776	0.0
105.0	29.86111111111111	23.61111111111111	20.833333333333336	25.694444444444443	0.0
106.0	33.33333333333333	14.583333333333334	24.305555555555554	27.77777777777778	0.0
107.0	36.241610738255034	16.778523489932887	16.10738255033557	30.87248322147651	0.0
108.0	25.333333333333336	16.666666666666664	28.666666666666668	29.333333333333332	0.0
109.0	28.000000000000004	19.333333333333332	16.666666666666664	36.0	0.0
110.0	31.543624161073826	14.76510067114094	20.13422818791946	33.557046979865774	0.0
111.0	19.863013698630137	17.123287671232877	28.767123287671232	34.24657534246575	0.0
112.0	21.52777777777778	17.36111111111111	27.77777777777778	33.33333333333333	0.0
113.0	29.078014184397162	23.404255319148938	15.602836879432624	31.914893617021278	0.0
114.0	26.08695652173913	9.420289855072465	23.91304347826087	40.57971014492754	0.0
115.0	41.911764705882355	14.705882352941178	22.794117647058822	20.588235294117645	0.0
116.0	25.190839694656486	12.213740458015266	23.66412213740458	38.93129770992366	0.0
117.0	25.37313432835821	8.208955223880597	23.88059701492537	42.53731343283582	0.0
118.0	17.037037037037038	11.851851851851853	28.888888888888886	42.22222222222222	0.0
119.0	22.794117647058822	13.970588235294118	38.970588235294116	24.264705882352942	0.0
120.0	40.298507462686565	10.44776119402985	20.8955223880597	28.35820895522388	0.0
121.0	31.818181818181817	17.424242424242426	21.96969696969697	28.78787878787879	0.0
122.0	23.846153846153847	26.153846153846157	13.846153846153847	36.15384615384615	0.0
123.0	12.977099236641221	20.610687022900763	22.900763358778626	43.51145038167939	0.0
124.0	22.30769230769231	33.07692307692307	11.538461538461538	33.07692307692307	0.0
125.0	29.545454545454547	19.696969696969695	13.636363636363635	37.121212121212125	0.0
126.0	33.33333333333333	28.030303030303028	15.909090909090908	22.727272727272727	0.0
127.0	25.954198473282442	31.297709923664126	11.450381679389313	31.297709923664126	0.0
128.0	27.27272727272727	18.181818181818183	26.515151515151516	28.030303030303028	0.0
129.0	32.03125	22.65625	17.96875	27.34375	0.0
130.0	33.59375	11.71875	17.96875	36.71875	0.0
131.0	17.16417910447761	16.417910447761194	25.37313432835821	41.04477611940299	0.0
132.0	16.176470588235293	13.23529411764706	39.705882352941174	30.88235294117647	0.0
133.0	15.602836879432624	18.439716312056735	16.312056737588655	49.645390070921984	0.0
134.0	24.305555555555554	24.305555555555554	16.666666666666664	34.72222222222222	0.0
135.0	30.201342281879196	14.093959731543624	20.13422818791946	35.57046979865772	0.0
136.0	14.473684210526317	26.973684210526315	25.0	33.55263157894737	0.0
137.0	21.428571428571427	12.337662337662337	24.675324675324674	41.55844155844156	0.0
138.0	24.68354430379747	22.78481012658228	20.88607594936709	31.645569620253166	0.0
139.0	25.766871165644172	20.858895705521473	14.723926380368098	38.65030674846626	0.0
140.0	28.654970760233915	12.280701754385964	15.789473684210526	43.27485380116959	0.0
141.0	27.322404371584703	12.021857923497267	31.147540983606557	29.508196721311474	0.0
142.0	23.157894736842106	26.842105263157894	23.684210526315788	26.31578947368421	0.0
143.0	30.526315789473685	20.0	20.0	29.47368421052631	0.0
144.0	29.47368421052631	18.947368421052634	24.736842105263158	26.842105263157894	0.0
145.0	19.072164948453608	27.31958762886598	22.68041237113402	30.927835051546392	0.0
146.0	15.384615384615385	27.17948717948718	21.53846153846154	35.8974358974359	0.0
147.0	20.51282051282051	20.0	19.48717948717949	40.0	0.0
148.0	22.33502538071066	19.796954314720814	22.33502538071066	35.53299492385787	0.0
149.0	18.781725888324875	27.918781725888326	12.690355329949238	40.609137055837564	0.0
150.0	19.897959183673468	15.816326530612246	16.3265306122449	47.95918367346938	0.0
151.0	18.181818181818183	26.262626262626267	21.21212121212121	34.34343434343434	0.0
152.0	16.3265306122449	32.6530612244898	13.26530612244898	37.755102040816325	0.0
153.0	23.56020942408377	32.98429319371728	12.56544502617801	30.89005235602094	0.0
154.0	17.098445595854923	38.34196891191709	10.362694300518134	34.196891191709845	0.0
155.0	23.711340206185564	21.1340206185567	16.49484536082474	38.659793814432994	0.0
156.0	19.289340101522843	16.243654822335024	24.873096446700508	39.59390862944163	0.0
157.0	12.244897959183673	17.346938775510203	31.63265306122449	38.775510204081634	0.0
158.0	22.68041237113402	7.731958762886598	24.22680412371134	45.36082474226804	0.0
159.0	19.689119170984455	15.025906735751295	24.352331606217618	40.932642487046635	0.0
160.0	21.578947368421055	18.421052631578945	25.789473684210527	34.21052631578947	0.0
161.0	19.148936170212767	17.02127659574468	17.5531914893617	46.27659574468085	0.0
162.0	31.46067415730337	16.292134831460675	10.112359550561797	42.13483146067416	0.0
163.0	18.6046511627907	15.69767441860465	10.465116279069768	55.23255813953488	0.0
164.0	34.355828220858896	23.92638036809816	6.748466257668712	34.96932515337423	0.0
165.0	23.225806451612904	32.25806451612903	7.741935483870968	36.774193548387096	0.0
166.0	20.27027027027027	30.405405405405407	12.162162162162163	37.16216216216216	0.0
167.0	12.32876712328767	28.08219178082192	11.643835616438356	47.94520547945205	0.0
168.0	14.388489208633093	27.33812949640288	16.546762589928058	41.726618705035975	0.0
169.0	18.248175182481752	28.467153284671532	27.73722627737226	25.547445255474454	0.0
170.0	27.205882352941174	19.852941176470587	12.5	40.44117647058824	0.0
171.0	27.205882352941174	16.911764705882355	22.794117647058822	33.088235294117645	0.0
172.0	15.328467153284672	19.708029197080293	27.00729927007299	37.95620437956204	0.0
173.0	21.48148148148148	15.555555555555555	23.703703703703706	39.25925925925926	0.0
174.0	20.454545454545457	23.484848484848484	34.84848484848485	21.21212121212121	0.0
175.0	25.384615384615383	16.923076923076923	20.0	37.69230769230769	0.0
176.0	22.83464566929134	18.89763779527559	10.236220472440944	48.031496062992126	0.0
177.0	20.634920634920633	14.285714285714285	19.047619047619047	46.03174603174603	0.0
178.0	22.950819672131146	19.672131147540984	27.86885245901639	29.508196721311474	0.0
179.0	20.833333333333336	20.833333333333336	18.333333333333332	40.0	0.0
180.0	23.076923076923077	27.350427350427353	16.23931623931624	33.33333333333333	0.0
181.0	21.367521367521366	16.23931623931624	14.529914529914532	47.863247863247864	0.0
182.0	29.03225806451613	15.32258064516129	12.096774193548388	43.54838709677419	0.0
183.0	25.196850393700785	15.748031496062993	25.984251968503933	33.07086614173229	0.0
184.0	24.031007751937985	14.728682170542637	31.007751937984494	30.23255813953488	0.0
185.0	20.930232558139537	16.27906976744186	16.27906976744186	46.51162790697674	0.0
186.0	22.14765100671141	15.436241610738255	25.503355704697988	36.91275167785235	0.0
187.0	12.258064516129032	27.741935483870968	24.516129032258064	35.483870967741936	0.0
188.0	30.76923076923077	17.75147928994083	18.34319526627219	33.13609467455622	0.0
189.0	11.242603550295858	15.976331360946746	16.56804733727811	56.213017751479285	0.0
190.0	24.137931034482758	14.942528735632186	23.563218390804597	37.35632183908046	0.0
191.0	29.37853107344633	14.124293785310735	13.559322033898304	42.93785310734463	0.0
192.0	15.340909090909092	21.59090909090909	31.25	31.818181818181817	0.0
193.0	24.571428571428573	12.571428571428573	15.428571428571427	47.42857142857143	0.0
194.0	19.653179190751445	19.653179190751445	19.653179190751445	41.040462427745666	0.0
195.0	18.96551724137931	10.919540229885058	22.988505747126435	47.12643678160919	0.0
196.0	21.965317919075144	24.277456647398843	30.057803468208093	23.699421965317917	0.0
197.0	15.819209039548024	16.94915254237288	31.63841807909605	35.59322033898305	0.0
198.0	19.428571428571427	29.142857142857142	18.857142857142858	32.57142857142858	0.0
199.0	19.2090395480226	25.423728813559322	20.903954802259886	34.463276836158194	0.0
200.0	29.83425414364641	22.099447513812155	22.099447513812155	25.96685082872928	0.0
201.0	19.88950276243094	28.176795580110497	30.386740331491712	21.54696132596685	0.0
202.0	30.107526881720432	24.731182795698924	17.20430107526882	27.956989247311824	0.0
203.0	28.947368421052634	20.0	28.421052631578945	22.63157894736842	0.0
204.0	31.216931216931215	14.285714285714285	23.809523809523807	30.687830687830687	0.0
205.0	26.881720430107524	26.881720430107524	19.892473118279568	26.344086021505376	0.0
206.0	30.601092896174865	33.33333333333333	12.568306010928962	23.497267759562842	0.0
207.0	30.16759776536313	8.938547486033519	17.318435754189945	43.575418994413404	0.0
208.0	27.167630057803464	19.07514450867052	17.341040462427745	36.41618497109826	0.0
209.0	20.958083832335326	15.568862275449103	26.94610778443114	36.52694610778443	0.0
210.0	17.197452229299362	35.6687898089172	14.012738853503185	33.12101910828025	0.0
211.0	24.113475177304963	20.56737588652482	23.404255319148938	31.914893617021278	0.0
212.0	25.0	21.428571428571427	14.285714285714285	39.285714285714285	0.0
213.0	25.563909774436087	18.045112781954884	21.804511278195488	34.58646616541353	0.0
214.0	22.48062015503876	27.906976744186046	17.829457364341085	31.782945736434108	0.0
215.0	19.230769230769234	23.076923076923077	14.615384615384617	43.07692307692308	0.0
216.0	31.25	17.1875	14.0625	37.5	0.0
217.0	33.057851239669425	10.743801652892563	19.00826446280992	37.1900826446281	0.0
218.0	31.666666666666664	10.833333333333334	20.0	37.5	0.0
219.0	32.773109243697476	14.285714285714285	23.52941176470588	29.411764705882355	0.0
220.0	33.05084745762712	15.254237288135593	15.254237288135593	36.440677966101696	0.0
221.0	31.896551724137932	18.96551724137931	18.103448275862068	31.03448275862069	0.0
222.0	30.973451327433626	15.929203539823009	14.15929203539823	38.93805309734513	0.0
223.0	18.58407079646018	29.20353982300885	20.353982300884958	31.858407079646017	0.0
224.0	35.08771929824561	19.298245614035086	11.403508771929824	34.21052631578947	0.0
225.0	32.743362831858406	17.699115044247787	20.353982300884958	29.20353982300885	0.0
226.0	24.390243902439025	21.138211382113823	14.634146341463413	39.83739837398374	0.0
227.0	30.656934306569344	21.16788321167883	18.248175182481752	29.927007299270077	0.0
228.0	29.078014184397162	21.98581560283688	21.98581560283688	26.95035460992908	0.0
229.0	34.96503496503497	17.482517482517483	18.181818181818183	29.37062937062937	0.0
230.0	32.63888888888889	13.88888888888889	14.583333333333334	38.88888888888889	0.0
231.0	28.776978417266186	21.58273381294964	14.388489208633093	35.25179856115108	0.0
232.0	24.285714285714285	17.857142857142858	12.857142857142856	45.0	0.0
233.0	21.52777777777778	11.11111111111111	22.22222222222222	45.13888888888889	0.0
234.0	22.448979591836736	23.809523809523807	20.408163265306122	33.33333333333333	0.0
235.0	25.170068027210885	25.850340136054424	17.687074829931973	31.292517006802722	0.0
236.0	25.53191489361702	27.659574468085108	21.27659574468085	25.53191489361702	0.0
237.0	29.1044776119403	13.432835820895523	21.641791044776117	35.82089552238806	0.0
238.0	23.52941176470588	16.176470588235293	20.588235294117645	39.705882352941174	0.0
239.0	20.437956204379564	19.708029197080293	20.437956204379564	39.416058394160586	0.0
240.0	30.0	25.0	18.571428571428573	26.42857142857143	0.0
241.0	31.15942028985507	25.36231884057971	11.594202898550725	31.88405797101449	0.0
242.0	41.42857142857143	17.857142857142858	8.571428571428571	32.142857142857146	0.0
243.0	24.647887323943664	23.239436619718308	12.676056338028168	39.436619718309856	0.0
244.0	22.69503546099291	28.368794326241137	9.929078014184398	39.00709219858156	0.0
245.0	28.57142857142857	22.142857142857142	13.571428571428571	35.714285714285715	0.0
246.0	21.98581560283688	25.53191489361702	14.893617021276595	37.5886524822695	0.0
247.0	24.817518248175183	18.248175182481752	21.897810218978105	35.03649635036496	0.0
248.0	32.142857142857146	9.285714285714286	24.285714285714285	34.285714285714285	0.0
249.0	30.069930069930066	14.685314685314685	30.76923076923077	24.475524475524477	0.0
250.0	34.285714285714285	22.142857142857142	19.28571428571429	24.285714285714285	0.0
251.0	30.76923076923077	26.923076923076923	15.384615384615385	26.923076923076923	0.0
252.0	30.508474576271187	26.27118644067797	13.559322033898304	29.66101694915254	0.0
253.0	26.31578947368421	16.666666666666664	22.807017543859647	34.21052631578947	0.0
254.0	21.296296296296298	16.666666666666664	22.22222222222222	39.81481481481482	0.0
255.0	28.125	17.708333333333336	20.833333333333336	33.33333333333333	0.0
256.0	24.175824175824175	17.582417582417584	17.582417582417584	40.65934065934066	0.0
257.0	21.34831460674157	19.101123595505616	14.606741573033707	44.9438202247191	0.0
258.0	27.77777777777778	12.222222222222221	13.333333333333334	46.666666666666664	0.0
259.0	31.03448275862069	14.942528735632186	24.137931034482758	29.88505747126437	0.0
260.0	27.27272727272727	23.863636363636363	18.181818181818183	30.681818181818183	0.0
261.0	27.27272727272727	17.045454545454543	19.318181818181817	36.36363636363637	0.0
262.0	12.643678160919542	29.88505747126437	18.39080459770115	39.08045977011494	0.0
263.0	27.906976744186046	17.441860465116278	20.930232558139537	33.72093023255814	0.0
264.0	18.29268292682927	14.634146341463413	28.04878048780488	39.02439024390244	0.0
265.0	24.390243902439025	25.609756097560975	21.951219512195124	28.04878048780488	0.0
266.0	25.301204819277107	13.253012048192772	10.843373493975903	50.602409638554214	0.0
267.0	20.238095238095237	15.476190476190476	32.142857142857146	32.142857142857146	0.0
268.0	25.301204819277107	18.072289156626507	15.66265060240964	40.963855421686745	0.0
269.0	22.22222222222222	12.345679012345679	27.160493827160494	38.2716049382716	0.0
270.0	20.98765432098765	12.345679012345679	35.80246913580247	30.864197530864196	0.0
271.0	29.333333333333332	16.0	22.666666666666664	32.0	0.0
272.0	28.947368421052634	27.631578947368425	18.421052631578945	25.0	0.0
273.0	16.883116883116884	23.376623376623375	22.07792207792208	37.66233766233766	0.0
274.0	46.666666666666664	13.333333333333334	13.333333333333334	26.666666666666668	0.0
275.0	41.9753086419753	20.98765432098765	13.580246913580247	23.456790123456788	0.0
276.0	36.36363636363637	11.688311688311687	16.883116883116884	35.064935064935064	0.0
277.0	21.052631578947366	31.57894736842105	11.842105263157894	35.526315789473685	0.0
278.0	26.31578947368421	10.526315789473683	26.31578947368421	36.84210526315789	0.0
279.0	29.577464788732392	19.718309859154928	26.76056338028169	23.943661971830984	0.0
280.0	27.142857142857142	22.857142857142858	21.428571428571427	28.57142857142857	0.0
281.0	26.47058823529412	33.82352941176471	14.705882352941178	25.0	0.0
282.0	23.52941176470588	13.23529411764706	17.647058823529413	45.588235294117645	0.0
283.0	22.727272727272727	15.151515151515152	16.666666666666664	45.45454545454545	0.0
284.0	25.396825396825395	6.349206349206349	33.33333333333333	34.92063492063492	0.0
285.0	17.46031746031746	6.349206349206349	22.22222222222222	53.96825396825397	0.0
286.0	24.193548387096776	16.129032258064516	35.483870967741936	24.193548387096776	0.0
287.0	22.58064516129032	17.741935483870968	14.516129032258066	45.16129032258064	0.0
288.0	30.508474576271187	10.16949152542373	10.16949152542373	49.152542372881356	0.0
289.0	25.454545454545453	20.0	20.0	34.54545454545455	0.0
290.0	29.09090909090909	30.909090909090907	9.090909090909092	30.909090909090907	0.0
291.0	21.818181818181817	12.727272727272727	16.363636363636363	49.09090909090909	0.0
292.0	16.363636363636363	29.09090909090909	25.454545454545453	29.09090909090909	0.0
293.0	7.2727272727272725	12.727272727272727	58.18181818181818	21.818181818181817	0.0
294.0	30.18867924528302	30.18867924528302	32.075471698113205	7.547169811320755	0.0
295.0	32.075471698113205	33.9622641509434	16.9811320754717	16.9811320754717	0.0
296.0	32.0	32.0	10.0	26.0	0.0
297.0	23.809523809523807	40.476190476190474	4.761904761904762	30.952380952380953	0.0
298.0	32.5	20.0	22.5	25.0	0.0
299.0	39.473684210526315	23.684210526315788	15.789473684210526	21.052631578947366	0.0
300.0	6.25	12.5	31.25	50.0	0.0
