# Position (bp)	A	C	G	T	N
0.0	61.37317228226319	8.010171646535284	12.536554354736174	18.080101716465354	0.0
1.0	12.023385866802236	60.66344687341129	15.366039654295882	11.947127605490595	0.0
2.0	15.948439277138885	59.04208264880576	9.65499810438519	15.354479969670162	0.0
3.0	60.7259894126544	10.310057978321149	12.40231913284598	16.56163347617847	0.0
4.0	62.52045826513911	11.01598892106257	10.24801712199421	16.215535691804103	0.0
5.0	14.88559215489062	56.675886346492334	9.517224038219764	18.921297460397284	0.0
6.0	15.441638396783516	57.042342002764165	9.272521673577083	18.243497926875236	0.0
7.0	61.27290986693447	13.068039166457442	11.335676625659051	14.323374340949032	0.0
8.0	60.674439012159965	14.704776231666038	10.154193305754044	14.466591450419958	0.0
9.0	15.47037454591006	56.13178003256921	9.570336966052864	18.82750845546787	0.0
10.0	15.49630742270622	8.624358492927776	10.727249968706971	65.15208411565902	0.0
11.0	13.893053473263366	11.094452773613193	11.906546726636682	63.10594702648675	0.0
12.0	14.912718204488778	9.650872817955113	10.897755610972569	64.53865336658355	0.0
13.0	14.918501928580316	54.75923852183651	10.16548463356974	20.156774916013436	0.0
14.0	14.768925783669928	10.135051418659398	57.638458679221905	17.45756411844877	0.0
15.0	58.081617556404886	10.738503267168044	11.996054740475897	19.183824435951177	0.0
16.0	16.564115185823283	10.59561900073837	12.343096234309623	60.497169579128716	0.0
17.0	18.07701741476576	54.39048319843022	10.743193524650477	16.789305862153544	0.0
18.0	13.81377707084302	10.510216566744157	12.088584363146946	63.58742199926588	0.0
19.0	15.062301490349379	57.47617884192524	10.249205961397507	17.21231370632788	0.0
20.0	17.88756388415673	11.71817960574349	10.70820150888294	59.68605500121684	0.0
21.0	15.259385250880817	11.881909852994777	11.63892601142024	61.21977888470417	0.0
22.0	15.101199854563083	9.34432190037571	57.53242031268937	18.022057932371833	0.0
23.0	14.768187870717831	14.417140781987653	11.172981479239802	59.64168986805471	0.0
24.0	60.45949214026602	9.359129383313181	9.975816203143893	20.205562273276907	0.0
25.0	16.63445276636869	9.942014979463638	54.143512925827494	19.280019328340178	0.0
26.0	63.70549185274592	10.525045262522632	9.595654797827398	16.173808086904042	0.0
27.0	14.595898673100121	12.086851628468034	9.155609167671894	64.16164053075995	0.0
28.0	14.552463558607398	54.2585230695097	8.649560293940489	22.53945307794242	0.0
29.0	20.728628111097752	8.825297583263197	9.787182878441746	60.658891427197304	0.0
30.0	16.061738815868807	11.25045218859279	52.85180272518992	19.836006270348484	0.0
31.0	16.11810261374637	12.463697967086157	9.716844143272024	61.70135527589545	0.0
32.0	15.246200607902734	9.787234042553191	10.310030395136778	64.65653495440729	0.0
33.0	15.971205466081015	54.31918008784773	10.200097608589557	19.509516837481698	0.0
34.0	15.984857735987301	10.843814873610942	10.7827573574307	62.38857003297106	0.0
35.0	14.311926605504588	54.17737003058104	10.666666666666668	20.844036697247706	0.0
36.0	15.903525954946133	11.606268364348677	11.569539666993144	60.920666013712044	0.0
37.0	59.54132940887907	11.18469462840324	12.98749080206034	16.286485160657346	0.0
38.0	60.57999508478742	11.501597444089457	8.736790366183337	19.18161710493979	0.0
39.0	61.67076167076168	10.74938574938575	8.144963144963144	19.434889434889435	0.0
40.0	15.520434621558218	56.99469070255587	10.97666378565255	16.508210890233364	0.0
41.0	14.415208359561879	8.724663225481557	58.31549792269924	18.544630492257333	0.0
42.0	62.08596713021491	12.553729456384325	10.08849557522124	15.27180783817952	0.0
43.0	65.13726487036095	10.59989832231825	9.341637010676157	14.921199796644636	0.0
44.0	17.29467364925278	57.38919402222506	9.47758334397752	15.838548984544643	0.0
45.0	26.802507836990596	13.381661442006271	13.851880877742948	45.96394984326019	0.0
46.0	26.728723404255316	16.93262411347518	18.461879432624116	37.876773049645394	0.0
47.0	30.058343057176195	17.54959159859977	22.403733955659277	29.98833138856476	0.0
48.0	30.14342816835175	18.057841523630376	18.38702092640489	33.41170938161298	0.0
49.0	30.565412822332622	18.80766501064585	19.091554293825407	31.53536787319612	0.0
50.0	25.51122194513716	24.413965087281795	18.728179551122196	31.346633416458854	0.0
51.0	28.692826793301673	18.870282429392653	16.795801049737566	35.64108972756811	0.0
52.0	28.119507908611602	18.076826512678885	20.08536279186543	33.71830278684409	0.0
53.0	31.422825540472598	18.778280542986426	21.06586224233283	28.733031674208142	0.0
54.0	30.03533568904594	24.280666330136295	16.07773851590106	29.606259464916707	0.0
55.0	31.837769328263626	18.048162230671736	18.225602027883397	31.888466413181245	0.0
56.0	28.393492628368072	19.649211997966447	19.776309100152517	32.180986273512964	0.0
57.0	31.419091373149566	17.738642164369576	18.759571209800917	32.08269525267994	0.0
58.0	29.03722721437741	19.101412066752246	19.87163029525032	31.989730423620028	0.0
59.0	27.809278350515466	20.59278350515464	21.75257731958763	29.84536082474227	0.0
60.0	28.37136929460581	17.894190871369293	20.020746887966805	33.713692946058096	0.0
61.0	28.92819979188345	17.559833506763788	22.528616024973985	30.983350676378773	0.0
62.0	29.565672422815283	20.669806384092098	21.84720041862899	27.917320774463633	0.0
63.0	33.919663953793645	17.721186663166186	19.7427146232607	28.61643475977947	0.0
64.0	30.64982899237043	18.837148118916076	20.73138647724283	29.781636411470664	0.0
65.0	30.332629355860615	19.192185850052798	21.43611404435058	29.039070749736005	0.0
66.0	27.586206896551722	17.53315649867374	21.3262599469496	33.55437665782494	0.0
67.0	27.881040892193308	16.94105151354222	21.879978757302176	33.29792883696229	0.0
68.0	26.018641810918773	19.840213049267643	19.866844207723037	34.27430093209055	0.0
69.0	26.855312333155368	18.526428190069407	23.358248798718634	31.260010678056595	0.0
70.0	28.885316184351556	20.846730975348336	20.230439442658092	30.037513397642012	0.0
71.0	27.840603123317177	20.166935918147548	20.516962843295637	31.475498115239635	0.0
72.0	28.96012931034483	19.612068965517242	17.91487068965517	33.512931034482754	0.0
73.0	29.01134521880065	19.421934089681255	19.98919502971367	31.57752566180443	0.0
74.0	32.1215409658166	15.62669560499186	21.649484536082475	30.602278893109062	0.0
75.0	29.477408818726186	20.413718018508437	21.801850843767014	28.307022318998364	0.0
76.0	28.505182760501906	22.176759410801964	17.757774140752865	31.560283687943265	0.0
77.0	29.697300245432235	20.72538860103627	18.21652577038451	31.36078538314699	0.0
78.0	28.868234007654458	19.573537452159652	18.999453253143795	32.5587752870421	0.0
79.0	26.767123287671236	22.19178082191781	19.91780821917808	31.123287671232873	0.0
80.0	29.221491228070175	19.901315789473685	20.367324561403507	30.509868421052634	0.0
81.0	28.418156808803303	17.63411279229711	16.836313617606603	37.11141678129298	0.0
82.0	30.684326710816777	19.205298013245034	20.309050772626932	29.80132450331126	0.0
83.0	30.38429637821399	18.108930052529722	21.15012441249654	30.356649156759747	0.0
84.0	28.07553457372952	19.411274645931687	18.994723687864482	33.51846709247431	0.0
85.0	31.29707112970711	17.96373779637378	22.14783821478382	28.591352859135288	0.0
86.0	29.46778711484594	18.459383753501402	23.557422969187673	28.515406162464984	0.0
87.0	32.13684800897364	18.255748738081884	19.798093101514304	29.809310151430175	0.0
88.0	32.97752808988764	18.56741573033708	17.078651685393258	31.376404494382022	0.0
89.0	29.272419627749578	18.97913141567964	18.30231246474901	33.44613649182177	0.0
90.0	31.544761366845524	16.83140355831686	18.751765038124823	32.87207003671279	0.0
91.0	29.742719819055697	20.497596833474695	16.935255866553575	32.82442748091603	0.0
92.0	28.976467252622623	19.50666288630564	17.91891125602495	33.59795860504678	0.0
93.0	32.328689223770255	17.998294000568666	19.533693488768836	30.13932328689224	0.0
94.0	28.999144568006844	16.281722269746222	20.330767037353866	34.388366124893075	0.0
95.0	31.114285714285717	16.771428571428572	20.771428571428572	31.342857142857145	0.0
96.0	28.55917667238422	17.409948542024015	20.29731275014294	33.73356203544883	0.0
97.0	30.014306151645208	19.05579399141631	19.198855507868384	31.731044349070096	0.0
98.0	30.864197530864196	21.963824289405682	18.001722652885444	29.170255526844674	0.0
99.0	31.62884228669923	19.44843435794312	18.52915828784832	30.393565067509336	0.0
100.0	33.89976958525346	14.343317972350231	19.930875576036865	31.82603686635945	0.0
101.0	32.50289687137891	18.6558516801854	18.453070683661647	30.38818076477404	0.0
102.0	31.782494911311428	16.37103809246874	19.86042454201803	31.9860424542018	0.0
103.0	27.74042677579655	18.035662087109035	21.455714703303126	32.76819643379129	0.0
104.0	28.156194950088082	18.173810921902525	22.636523781561948	31.033470346447444	0.0
105.0	27.952871870397644	20.176730486008836	19.20471281296024	32.66568483063328	0.0
106.0	30.617065249483318	17.655742545025095	19.27959846471804	32.44759374077354	0.0
107.0	30.881044200533964	19.133788193414418	19.727083951349748	30.258083654701867	0.0
108.0	33.37309871756636	19.9224575007456	16.01550849985088	30.68893528183716	0.0
109.0	29.071856287425152	18.53293413173653	19.580838323353294	32.81437125748503	0.0
110.0	28.232110643415513	19.903788334335538	19.21226698737222	32.65183403487673	0.0
111.0	28.618817852834738	19.662243667068758	19.179734620024124	32.53920386007238	0.0
112.0	26.497277676950997	19.26799758015729	22.0508166969147	32.18390804597701	0.0
113.0	28.043609933373716	21.623258631132646	19.049061175045427	31.284070260448217	0.0
114.0	31.924597141988446	17.725752508361204	19.09394952873214	31.255700820918214	0.0
115.0	28.070710149344713	18.469978665041147	19.567205120390124	33.89210606522401	0.0
116.0	29.323538414447505	18.76339149066422	19.06948270584634	32.843587389041936	0.0
117.0	31.85026081620129	17.950291500460263	18.93218778766493	31.267259895673522	0.0
118.0	27.67857142857143	15.85591133004926	22.04433497536946	34.42118226600985	0.0
119.0	23.58578052550232	21.298299845440493	27.820710973724882	27.295208655332303	0.0
120.0	26.85127566894835	21.344119477286867	22.4019912881145	29.40261356565028	0.0
121.0	32.40798502807237	18.964441671865252	16.905801621958826	31.721771678103554	0.0
122.0	28.629536921151438	18.867334167709636	22.872340425531913	29.630788485607006	0.0
123.0	32.17090794847628	18.693056864593153	17.15362865221489	31.98240653471568	0.0
124.0	31.736526946107784	18.027103687362118	20.642924676961865	29.593444689568233	0.0
125.0	27.41068605754031	19.28548846032248	21.530192854884604	31.773632627252606	0.0
126.0	32.392131979695435	18.908629441624367	18.05203045685279	30.64720812182741	0.0
127.0	28.890306122448976	19.03698979591837	22.7359693877551	29.336734693877553	0.0
128.0	31.98976327575176	18.362124120281507	19.833653230966092	29.81445937300064	0.0
129.0	29.698524695317513	21.680564464400256	17.190506735086593	31.430404105195635	0.0
130.0	29.629629629629626	19.774557165861513	18.486312399355878	32.109500805152976	0.0
131.0	30.542986425339368	19.457013574660635	20.071105365223012	29.928894634776988	0.0
132.0	29.314267143321416	19.012024699382515	21.05947351316217	30.614234644133898	0.0
133.0	30.0065445026178	20.091623036649214	20.54973821989529	29.352094240837694	0.0
134.0	25.912528773429795	20.552449852022363	19.796119697467937	33.73890167707991	0.0
135.0	27.215815485996703	17.627677100494235	18.616144975288304	36.54036243822076	0.0
136.0	24.496533509409048	19.940574447012217	20.435787388577086	35.12710465500165	0.0
137.0	29.11140583554377	16.445623342175068	20.324933687002652	34.11803713527852	0.0
138.0	31.11259160559627	18.58760826115923	18.754163890739505	31.545636242504997	0.0
139.0	27.816783684386493	18.421932464058845	21.196924105650282	32.56435974590438	0.0
140.0	26.33523681558616	18.206247900571046	21.430970775948943	34.02754450789385	0.0
141.0	30.02021563342318	19.609164420485175	19.2722371967655	31.09838274932615	0.0
142.0	31.705662936588674	14.988131570023736	19.36249576127501	33.94370973211258	0.0
143.0	32.19528849436668	20.723796517582795	18.19733697507682	28.88357801297371	0.0
144.0	29.99657182036339	17.895097703119646	18.409324648611587	33.69900582790538	0.0
145.0	28.630562262849256	19.454984477406	17.799241117626767	34.115212142117976	0.0
146.0	28.84415133634155	21.06907323845887	18.049288441513365	32.03748698368622	0.0
147.0	28.53156609696547	18.521102197418905	18.0327868852459	34.91454482036973	0.0
148.0	26.467486818980667	22.88224956063269	18.629173989455182	32.021089630931456	0.0
149.0	29.40345923049771	19.908224496999647	19.09636427815037	31.591951994352275	0.0
150.0	28.277817150956768	17.78880226789511	18.532955350815026	35.4004252303331	0.0
151.0	27.839088643645425	19.223923104307584	20.683517265930938	32.25347098611606	0.0
152.0	26.680972818311876	20.88698140200286	18.59799713876967	33.83404864091559	0.0
153.0	29.690869877785765	20.884255930984903	18.15240833932423	31.272465851905107	0.0
154.0	31.554273350162283	16.119725928597187	19.04075009015507	33.28525063108547	0.0
155.0	29.08366533864542	21.224194132560665	17.674755523361103	32.017385005432814	0.0
156.0	33.57637623040466	16.113744075829384	18.30113014947138	32.00874954429457	0.0
157.0	29.074889867841406	18.64904552129222	21.108663729809106	31.167400881057265	0.0
158.0	27.911275415896487	21.811460258780038	17.523105360443623	32.754158964879856	0.0
159.0	36.85968819599109	14.253897550111358	18.819599109131403	30.066815144766146	0.0
160.0	26.331582895723933	20.855213803450862	22.43060765191298	30.38259564891223	0.0
161.0	28.19449679607991	18.168111571805504	22.427440633245382	31.209950998869207	0.0
162.0	30.518742900416505	18.326391518364257	19.80310488451344	31.351760696705792	0.0
163.0	29.427480916030536	17.709923664122137	17.67175572519084	35.19083969465649	0.0
164.0	29.107621600919188	16.00919188050555	22.443508234392954	32.43967828418231	0.0
165.0	29.9922898997687	18.23438704703161	20.35466461063994	31.418658442559753	0.0
166.0	27.124563445867288	21.14862242918122	19.75164920450136	31.975164920450133	0.0
167.0	27.506827936012485	19.157237612173233	23.097932110807648	30.23800234100663	0.0
168.0	28.28045436741089	19.81981981981982	18.605562083822953	33.29416372894634	0.0
169.0	29.736116581331235	17.959826703426547	19.495864513588028	32.808192201654194	0.0
170.0	30.513833992094863	17.66798418972332	17.35177865612648	34.466403162055336	0.0
171.0	28.605482717520857	19.785458879618595	16.5673420738975	35.041716328963055	0.0
172.0	31.854516386890484	21.262989608313347	15.987210231814547	30.895283772981614	0.0
173.0	28.15768302493966	17.49798873692679	20.63555913113435	33.7087691069992	0.0
174.0	30.068798057466612	18.656414407122625	17.887494941319304	33.38729259409146	0.0
175.0	26.21082621082621	19.21041921041921	20.757020757020758	33.82173382173382	0.0
176.0	27.768662838392128	18.498769483182937	19.196062346185396	34.53650533223954	0.0
177.0	27.975206611570247	22.8099173553719	18.34710743801653	30.867768595041323	0.0
178.0	26.783479349186486	20.69253233208177	20.90112640801001	31.622861910721735	0.0
179.0	25.09457755359395	18.327028163093736	26.691887347625055	29.88650693568726	0.0
180.0	30.350358801181933	15.238497256226255	20.97931616715914	33.43182777543267	0.0
181.0	30.40885860306644	19.122657580919935	19.4633730834753	31.005110732538334	0.0
182.0	34.04710920770878	18.54389721627409	17.77301927194861	29.635974304068526	0.0
183.0	27.55498059508409	21.388529538594224	21.43165157395429	29.6248382923674	0.0
184.0	28.285465622280242	19.27763272410792	17.711053089643165	34.72584856396867	0.0
185.0	26.096491228070175	23.114035087719298	22.105263157894736	28.68421052631579	0.0
186.0	30.833700926334362	16.62990736656374	21.48213498014998	31.054256726951916	0.0
187.0	32.0746334962239	19.369169258107508	16.88138605064416	31.674811195024432	0.0
188.0	28.71817775792765	20.678874497543546	21.393479231799912	29.209468512728897	0.0
189.0	30.158013544018058	17.923250564334086	18.78103837471783	33.13769751693002	0.0
190.0	30.357951971001356	19.845944721341187	18.713185319438153	31.0829179882193	0.0
191.0	27.530920751259735	20.797068254695372	19.46862116353642	32.20338983050847	0.0
192.0	31.681333950903195	19.268179712830012	19.175544233441407	29.87494210282538	0.0
193.0	28.504672897196258	17.75700934579439	23.644859813084114	30.093457943925234	0.0
194.0	27.16165413533835	19.783834586466163	23.402255639097742	29.652255639097746	0.0
195.0	26.93409742120344	21.20343839541547	19.24546322827125	32.61700095510984	0.0
196.0	31.3102119460501	18.545279383429673	19.026974951830443	31.11753371868979	0.0
197.0	28.041035661944306	19.7361993160723	23.888617489008304	28.334147532975084	0.0
198.0	26.670015067805124	24.761426418884984	18.935208437970868	29.633350075339028	0.0
199.0	29.800629590766004	22.088142707240294	18.20566631689402	29.905561385099684	0.0
200.0	26.811594202898554	15.579710144927535	22.88647342995169	34.72222222222222	0.0
201.0	30.199203187250994	17.051792828685258	17.60956175298805	35.1394422310757	0.0
202.0	38.0112269446672	17.64234161988773	18.203688853247797	26.142742582197275	0.0
203.0	31.234866828087167	16.38418079096045	22.841000807102503	29.539951573849876	0.0
204.0	29.22077922077922	17.045454545454543	27.84090909090909	25.892857142857146	0.0
205.0	34.150326797385624	15.032679738562091	26.38888888888889	24.4281045751634	0.0
206.0	29.372937293729372	20.544554455445542	23.184818481848186	26.897689768976896	0.0
207.0	30.366056572379367	22.462562396006653	14.891846921797006	32.27953410981697	0.0
208.0	31.17101937657961	16.427969671440607	19.96630160067397	32.43470935130581	0.0
209.0	23.56418918918919	21.53716216216216	21.875	33.02364864864865	0.0
210.0	24.55242966751918	17.647058823529413	17.81756180733163	39.98294970161978	0.0
211.0	29.416809605488854	18.096054888507716	18.267581475128644	34.21955403087479	0.0
212.0	28.57142857142857	17.38382099827883	22.289156626506024	31.755593803786574	0.0
213.0	27.01998262380539	19.02693310165074	17.02867072111208	36.9244135534318	0.0
214.0	26.292725679228745	26.906222611744084	18.404907975460123	28.396143733567047	0.0
215.0	31.53232949512843	23.02922940655447	16.29760850310009	29.14083259521701	0.0
216.0	30.180180180180184	17.38738738738739	16.756756756756758	35.67567567567568	0.0
217.0	25.87476979742173	16.574585635359114	28.82136279926335	28.7292817679558	0.0
218.0	24.501424501424502	20.892687559354226	17.94871794871795	36.65716999050333	0.0
219.0	18.526100307062435	20.67553735926305	23.132036847492323	37.66632548618219	0.0
220.0	0.1594896331738437	28.548644338118024	26.156299840510368	45.13556618819777	0.0
