# Position (bp)	A	C	G	T	N
0.0	58.06858295511851	8.522440746343923	10.388300554715078	23.02067574382249	0.0
1.0	9.354513363590518	58.14422592032275	23.651033787191125	8.850226928895614	0.0
2.0	10.963371801304564	59.98494731560462	9.157049673858504	19.894631209232312	0.0
3.0	63.888888888888886	8.883883883883884	8.108108108108109	19.11911911911912	0.0
4.0	64.05702851425713	15.132566283141571	5.452726363181591	15.35767883941971	0.0
5.0	13.918040979510247	55.172413793103445	19.315342328835584	11.594202898550725	0.0
6.0	13.118440779610193	63.99300349825088	5.7721139430284865	17.116441779110446	0.0
7.0	68.20679320679321	10.414585414585414	10.23976023976024	11.13886113886114	0.0
8.0	61.94756554307116	8.064918851435705	8.464419475655431	21.5230961298377	0.0
9.0	9.186220668996507	56.81477783325013	7.4138791812281575	26.58512231652521	0.0
10.0	11.28025954579486	16.371350137259796	8.88445220863489	63.46393810831046	0.0
11.0	22.43573745944597	6.813077115048665	9.55827302221113	61.19291240329423	0.0
12.0	21.981037924151696	5.489021956087824	7.859281437125748	64.67065868263472	0.0
13.0	9.970089730807578	65.85244267198405	10.84247258225324	13.334995014955133	0.0
14.0	13.001245330012454	16.463262764632628	57.833125778331265	12.702366127023662	0.0
15.0	67.50435431699428	8.53446130878328	10.325951729285892	13.63523264493655	0.0
16.0	9.502487562189055	9.45273631840796	20.17412935323383	60.87064676616916	0.0
17.0	12.857498134792339	55.25988560059687	15.220094503854762	16.66252176075603	0.0
18.0	21.481849825957237	7.235206364992541	8.229736449527598	63.053207359522624	0.0
19.0	14.314115308151093	64.41351888667992	7.927435387673956	13.34493041749503	0.0
20.0	18.0327868852459	12.394436164927969	7.501241927471436	62.071535022354695	0.0
21.0	12.382133995037222	9.751861042183622	16.401985111662533	61.464019851116625	0.0
22.0	18.35772761101464	7.665591664599355	56.01587695360952	17.960803770776483	0.0
23.0	12.205408087323246	17.41503349044902	8.186554204911932	62.1930042173158	0.0
24.0	59.8065955864121	9.050334738408134	11.281924125960824	19.861145549218946	0.0
25.0	18.819737168361023	9.075130176047608	53.21100917431193	18.894123481279447	0.0
26.0	62.99876084262701	10.309789343246592	5.675340768277571	21.016109045848822	0.0
27.0	10.508054522924411	11.226765799256505	8.104089219330856	70.16109045848823	0.0
28.0	14.243249938072827	56.89868714391875	6.390884320039633	22.46717859796879	0.0
29.0	12.67954432887568	13.42248637939574	7.553244180287271	66.3447251114413	0.0
30.0	21.175303744111083	7.7361765435159935	52.44235060748822	18.646169104884702	0.0
31.0	13.823163138231632	6.326276463262764	16.861768368617682	62.98879202988792	0.0
32.0	12.415856394913986	7.828471702817252	9.3742208925455	70.38145100972326	0.0
33.0	13.360020015011258	55.34150612959719	15.186389792344258	16.112084063047284	0.0
34.0	15.48839719373988	11.980572045331893	8.715596330275229	63.81543443065299	0.0
35.0	12.074554294975687	60.02160994057266	12.344678552133983	15.559157212317668	0.0
36.0	12.391774891774892	9.577922077922079	7.981601731601732	70.0487012987013	0.0
37.0	63.98687448728466	13.535684987694832	9.871479354662291	12.605961170358219	0.0
38.0	67.77199232666484	9.26281172924089	6.467525349410798	16.497670594683473	0.0
39.0	64.36273154547968	10.644180259883882	7.0500414708321815	17.943046723804258	0.0
40.0	18.01000555864369	60.422456920511394	8.393551973318509	13.173985547526405	0.0
41.0	10.633484162895927	9.756787330316742	61.79298642533937	17.816742081447963	0.0
42.0	71.210407239819	5.797511312217194	7.94683257918552	15.04524886877828	0.0
43.0	68.32050185343599	10.03706871970345	9.980039920159681	11.662389506700883	0.0
44.0	16.020821283979178	62.492770387507235	6.3042220936957785	15.182186234817813	0.0
45.0	23.96864686468647	7.838283828382838	11.344884488448844	56.84818481848185	0.0
46.0	31.84713375796178	11.78343949044586	23.503184713375795	32.86624203821656	0.0
47.0	29.98624484181568	20.082530949105916	17.950481430536453	31.980742778541956	0.0
48.0	30.991735537190085	15.771349862258955	18.801652892561986	34.43526170798898	0.0
49.0	23.50901525658807	24.20249653259362	22.46879334257975	29.819694868238557	0.0
50.0	26.25	25.48611111111111	15.416666666666668	32.84722222222222	0.0
51.0	30.50729673384295	18.62404447533009	12.99513551077137	37.87352328005559	0.0
52.0	31.41250878425861	12.789880534082924	24.806746310611384	30.990864371047085	0.0
53.0	37.04225352112676	17.816901408450704	20.211267605633804	24.929577464788732	0.0
54.0	32.45924875974487	19.91495393338058	19.34798015591779	28.277817150956768	0.0
55.0	26.40170333569908	23.066004258339248	22.214336408800566	28.31795599716111	0.0
56.0	24.893314366998577	18.349928876244665	22.119487908961595	34.63726884779517	0.0
57.0	34.779516358463724	19.274537695590325	18.990042674253203	26.955903271692744	0.0
58.0	31.058990760483297	19.3319118692253	18.763326226012794	30.845771144278604	0.0
59.0	26.89015691868759	19.115549215406563	18.045649072753207	35.94864479315264	0.0
60.0	25.323741007194243	20.719424460431654	23.741007194244602	30.215827338129497	0.0
61.0	21.742260619150468	14.830813534917207	29.733621310295177	33.69330453563715	0.0
62.0	26.87319884726225	21.75792507204611	19.164265129683	32.20461095100865	0.0
63.0	27.732942039618493	13.866471019809246	23.037417461482022	35.36316947909024	0.0
64.0	29.225092250922508	14.760147601476014	23.763837638376383	32.25092250922509	0.0
65.0	27.380073800738007	16.974169741697416	23.025830258302584	32.619926199262	0.0
66.0	30.199851961509992	18.060695780903036	20.577350111028867	31.16210214655811	0.0
67.0	29.40740740740741	22.0	17.77777777777778	30.814814814814817	0.0
68.0	24.415975885455914	15.297663903541824	17.407686510926904	42.87867370007536	0.0
69.0	27.77352716143841	18.362662586074983	21.27008416220352	32.59372609028309	0.0
70.0	27.426810477657938	22.342064714946073	17.950693374422187	32.280431432973806	0.0
71.0	25.0386398763524	24.961360123647605	19.860896445131377	30.139103554868623	0.0
72.0	32.48259860788863	16.241299303944317	20.185614849187935	31.09048723897912	0.0
73.0	23.993808049535602	20.510835913312693	29.256965944272444	26.238390092879254	0.0
74.0	33.126934984520126	14.705882352941178	17.80185758513932	34.36532507739938	0.0
75.0	23.487824037706208	24.823252160251375	23.409269442262374	28.27965435978005	0.0
76.0	35.275590551181104	17.480314960629922	15.433070866141732	31.811023622047248	0.0
77.0	30.05507474429583	21.400472069236823	20.849724626278523	27.694728560188832	0.0
78.0	29.74036191974823	18.09598741148702	15.578284815106217	36.58536585365854	0.0
79.0	29.30489731437599	22.906793048973142	17.69352290679305	30.09478672985782	0.0
80.0	35.20449077786688	16.27906976744186	21.170809943865276	27.34562951082598	0.0
81.0	27.027027027027028	23.423423423423422	18.42751842751843	31.122031122031125	0.0
82.0	34.13025556471558	14.674361088211047	22.423742786479803	28.77164056059357	0.0
83.0	26.423109600679695	25.573491928632112	20.5607476635514	27.442650807136786	0.0
84.0	29.48717948717949	21.367521367521366	18.71794871794872	30.427350427350426	0.0
85.0	32.24978614200171	16.16766467065868	18.04961505560308	33.532934131736525	0.0
86.0	32.96041308089501	21.34251290877797	19.879518072289155	25.817555938037867	0.0
87.0	37.07865168539326	16.421780466724286	18.236819360414867	28.262748487467587	0.0
88.0	35.4978354978355	16.70995670995671	16.623376623376622	31.16883116883117	0.0
89.0	33.70883882149047	14.124783362218372	21.057192374350088	31.109185441941072	0.0
90.0	32.40901213171577	18.630849220103986	18.457538994800693	30.502599653379548	0.0
91.0	29.783549783549784	20.606060606060606	16.017316017316016	33.59307359307359	0.0
92.0	29.896013864818023	19.150779896013866	16.55112651646447	34.40207972270364	0.0
93.0	29.947916666666668	14.496527777777779	16.40625	39.14930555555556	0.0
94.0	31.62020905923345	18.641114982578397	16.637630662020904	33.10104529616725	0.0
95.0	31.727272727272727	21.0	17.727272727272727	29.545454545454547	0.0
96.0	26.793823796548594	22.161671207992732	19.891008174386922	31.15349682107175	0.0
97.0	32.54545454545455	18.90909090909091	16.363636363636363	32.18181818181819	0.0
98.0	29.845313921747042	22.656960873521385	17.015468607825294	30.482256596906275	0.0
99.0	29.653284671532848	16.697080291970803	17.427007299270073	36.222627737226276	0.0
100.0	33.523809523809526	14.095238095238095	18.761904761904763	33.61904761904762	0.0
101.0	36.80688336520077	16.826003824091778	18.35564053537285	28.011472275334608	0.0
102.0	31.931166347992352	17.304015296367112	20.84130019120459	29.923518164435947	0.0
103.0	29.349904397705544	17.01720841300191	21.79732313575526	31.835564053537286	0.0
104.0	28.379674017257912	18.21668264621285	19.75071907957814	33.6529242569511	0.0
105.0	27.64932562620424	18.497109826589593	19.171483622350674	34.68208092485549	0.0
106.0	29.990356798457086	20.63645130183221	16.48987463837994	32.88331726133077	0.0
107.0	33.23699421965318	19.07514450867052	17.726396917148364	29.96146435452794	0.0
108.0	36.092396535129936	15.591915303176132	16.650625601539943	31.665062560153995	0.0
109.0	26.73076923076923	22.403846153846153	19.903846153846153	30.961538461538463	0.0
110.0	25.409047160731475	20.115495668912416	21.559191530317612	32.9162656400385	0.0
111.0	28.640308582449375	18.80424300867888	20.25072324011572	32.30472516875603	0.0
112.0	28.090999010880317	19.386745796241346	22.15628090999011	30.36597428288823	0.0
113.0	28.98120672601385	20.573689416419384	18.892185954500494	31.55291790306627	0.0
114.0	28.926441351888666	16.003976143141152	20.178926441351887	34.890656063618295	0.0
115.0	27.6	21.8	18.3	32.300000000000004	0.0
116.0	28.72872872872873	20.02002002002002	20.52052052052052	30.73073073073073	0.0
117.0	31.23123123123123	18.31831831831832	20.02002002002002	30.430430430430434	0.0
118.0	27.55511022044088	18.837675350701403	20.04008016032064	33.567134268537075	0.0
119.0	23.269809428284855	22.066198595787363	26.880641925777333	27.783350050150453	0.0
120.0	27.66599597585513	20.422535211267608	23.541247484909455	28.37022132796781	0.0
121.0	29.898989898989896	17.07070707070707	20.0	33.03030303030303	0.0
122.0	30.2020202020202	18.787878787878785	21.313131313131315	29.6969696969697	0.0
123.0	34.04040404040404	16.464646464646464	18.282828282828284	31.212121212121215	0.0
124.0	32.323232323232325	17.77777777777778	19.19191919191919	30.707070707070706	0.0
125.0	28.61476238624874	21.638018200202225	18.301314459049543	31.445904954499493	0.0
126.0	30.831643002028397	19.066937119675455	17.44421906693712	32.657200811359026	0.0
127.0	28.15040650406504	16.971544715447155	20.833333333333336	34.04471544715447	0.0
128.0	31.129196337741604	16.073245167853507	20.44760935910478	32.3499491353001	0.0
129.0	31.873727087576377	18.126272912423623	15.682281059063136	34.317718940936864	0.0
130.0	31.396534148827726	18.960244648318042	15.086646279306828	34.5565749235474	0.0
131.0	28.907048008171603	21.552604698672116	17.87538304392237	31.66496424923391	0.0
132.0	29.519918283963225	16.75178753830439	22.676200204290094	31.05209397344229	0.0
133.0	27.533265097236438	22.313203684749233	19.651995905834184	30.501535312180145	0.0
134.0	25.025641025641026	21.846153846153847	21.846153846153847	31.28205128205128	0.0
135.0	27.104722792607806	18.993839835728956	21.868583162217657	32.03285420944558	0.0
136.0	25.590955806783143	17.471736896197328	23.329907502569373	33.60739979445015	0.0
137.0	29.45417095777549	15.96292481977343	20.803295571575696	33.77960865087539	0.0
138.0	26.34297520661157	19.111570247933884	19.93801652892562	34.607438016528924	0.0
139.0	30.403309203722856	18.200620475698035	17.78697001034126	33.60910031023785	0.0
140.0	27.639751552795033	16.977225672877847	21.014492753623188	34.368530020703936	0.0
141.0	31.366459627329192	17.598343685300208	18.32298136645963	32.71221532091098	0.0
142.0	32.43523316062176	15.44041450777202	17.82383419689119	34.30051813471503	0.0
143.0	32.74244004171011	19.186652763295097	19.08237747653806	28.988529718456725	0.0
144.0	34.61939520333681	17.51824817518248	17.309697601668404	30.552659019812307	0.0
145.0	27.841501564129302	18.97810218978102	20.229405630865486	32.95099061522419	0.0
146.0	29.61418143899896	19.290928050052138	19.290928050052138	31.803962460896766	0.0
147.0	30.37578288100209	17.32776617954071	17.954070981210858	34.34237995824635	0.0
148.0	26.332288401253916	19.017763845350053	22.884012539184955	31.765935214211076	0.0
149.0	30.753138075313807	21.12970711297071	16.422594142259413	31.694560669456067	0.0
150.0	28.511530398322847	19.28721174004193	16.666666666666664	35.53459119496855	0.0
151.0	27.100840336134453	18.067226890756302	22.058823529411764	32.773109243697476	0.0
152.0	28.391167192429023	18.506834910620398	17.981072555205046	35.120925341745526	0.0
153.0	32.70241850683491	16.7192429022082	18.506834910620398	32.07150368033649	0.0
154.0	31.784582893347412	15.839493136219641	21.013727560718056	31.362196409714887	0.0
155.0	29.915433403805498	20.401691331923892	16.807610993657505	32.87526427061311	0.0
156.0	28.404255319148934	16.27659574468085	19.893617021276597	35.42553191489362	0.0
157.0	29.42430703624733	18.763326226012794	20.575692963752665	31.236673773987206	0.0
158.0	29.059829059829063	21.26068376068376	16.88034188034188	32.7991452991453	0.0
159.0	34.68950749464668	13.597430406852249	18.950749464668093	32.76231263383298	0.0
160.0	26.824034334763947	19.206008583690988	21.781115879828324	32.18884120171674	0.0
161.0	30.82706766917293	18.58216970998926	20.30075187969925	30.290010741138563	0.0
162.0	32.58064516129032	18.9247311827957	20.0	28.49462365591398	0.0
163.0	31.68103448275862	16.487068965517242	15.948275862068966	35.883620689655174	0.0
164.0	29.449838187702266	14.778856526429344	23.73247033441208	32.038834951456316	0.0
165.0	31.823085221143472	19.525350593311757	21.143473570658035	27.508090614886733	0.0
166.0	26.789587852494577	20.390455531453362	20.390455531453362	32.4295010845987	0.0
167.0	27.14440825190011	18.566775244299674	22.80130293159609	31.487513572204122	0.0
168.0	27.25298588490771	17.046688382193267	20.955483170466884	34.74484256243214	0.0
169.0	26.92725298588491	18.023887079261673	21.824104234527688	33.22475570032573	0.0
170.0	29.923830250272033	16.866158868335145	19.69532100108814	33.51468988030468	0.0
171.0	29.225736095965104	17.121046892039256	18.102508178844058	35.55070883315158	0.0
172.0	29.225736095965104	22.791712104689203	15.921483097055617	32.06106870229007	0.0
173.0	29.225736095965104	19.84732824427481	17.011995637949838	33.91494002181025	0.0
174.0	30.786026200873362	18.231441048034934	17.903930131004365	33.07860262008734	0.0
175.0	29.244249726177436	17.634173055859804	21.57721796276013	31.544359255202632	0.0
176.0	31.02310231023102	17.05170517051705	17.27172717271727	34.65346534653465	0.0
177.0	27.20264317180617	20.594713656387665	19.823788546255507	32.378854625550666	0.0
178.0	25.692137320044296	21.59468438538206	20.59800664451827	32.115171650055366	0.0
179.0	25.946547884187083	18.262806236080177	22.048997772828507	33.74164810690423	0.0
180.0	30.51224944320713	16.258351893095767	21.380846325167038	31.848552338530066	0.0
181.0	27.728285077951004	20.93541202672606	18.819599109131403	32.516703786191535	0.0
182.0	31.361607142857146	17.410714285714285	20.870535714285715	30.357142857142854	0.0
183.0	31.655480984340045	20.3579418344519	19.798657718120804	28.187919463087248	0.0
184.0	30.751964085297416	20.53872053872054	20.089786756453424	28.619528619528616	0.0
185.0	28.635851183765503	21.08229988726043	23.111612175873734	27.17023675310034	0.0
186.0	27.828054298642535	17.420814479638008	22.28506787330317	32.46606334841629	0.0
187.0	29.465301478953354	21.387940841865756	18.31626848691695	30.830489192263936	0.0
188.0	29.37142857142857	20.34285714285714	20.0	30.28571428571429	0.0
189.0	30.584192439862544	18.556701030927837	19.702176403207332	31.15693012600229	0.0
190.0	30.045871559633024	18.46330275229358	17.889908256880734	33.60091743119266	0.0
191.0	29.506314580941446	20.091848450057405	18.828932261768085	31.572904707233068	0.0
192.0	29.262672811059907	17.972350230414747	20.967741935483872	31.797235023041477	0.0
193.0	31.32947976878613	17.341040462427745	20.809248554913296	30.520231213872833	0.0
194.0	27.64227642276423	21.254355400696863	22.99651567944251	28.1068524970964	0.0
195.0	29.625292740046838	20.60889929742389	19.20374707259953	30.562060889929743	0.0
196.0	28.58823529411765	19.88235294117647	20.0	31.529411764705884	0.0
197.0	30.2491103202847	19.098457888493474	22.301304863582445	28.35112692763938	0.0
198.0	27.448609431680776	22.49093107617896	23.09552599758162	26.964933494558647	0.0
199.0	27.883396704689478	25.602027883396705	19.39163498098859	27.122940430925226	0.0
200.0	28.38038632986627	16.047548291233284	18.12778603268945	37.444279346211	0.0
201.0	32.527472527472526	17.142857142857142	15.604395604395604	34.72527472527472	0.0
202.0	37.22466960352423	15.418502202643172	18.28193832599119	29.074889867841406	0.0
203.0	33.111111111111114	19.77777777777778	17.11111111111111	30.0	0.0
204.0	36.080178173719375	15.590200445434299	22.717149220489976	25.612472160356347	0.0
205.0	36.74832962138085	15.367483296213807	23.608017817371937	24.276169265033406	0.0
206.0	34.22818791946309	19.015659955257274	17.67337807606264	29.082774049217004	0.0
207.0	26.681614349775785	22.19730941704036	15.47085201793722	35.65022421524663	0.0
208.0	24.887892376681613	18.609865470852018	21.748878923766814	34.753363228699556	0.0
209.0	23.595505617977526	19.775280898876403	19.775280898876403	36.853932584269664	0.0
210.0	24.0990990990991	18.01801801801802	18.693693693693696	39.189189189189186	0.0
211.0	31.82844243792325	18.735891647855528	18.284424379232505	31.15124153498871	0.0
212.0	27.37556561085973	15.610859728506787	24.20814479638009	32.80542986425339	0.0
213.0	29.024943310657598	21.99546485260771	17.006802721088434	31.97278911564626	0.0
214.0	30.979498861047837	24.145785876993166	17.084282460136674	27.790432801822323	0.0
215.0	28.929384965831435	23.690205011389523	17.76765375854214	29.6127562642369	0.0
216.0	33.48519362186788	17.312072892938495	16.40091116173121	32.80182232346242	0.0
217.0	26.036866359447004	15.898617511520738	26.036866359447004	32.02764976958525	0.0
218.0	25.174825174825177	17.715617715617714	21.445221445221446	35.66433566433567	0.0
219.0	19.656019656019655	22.11302211302211	25.061425061425062	33.169533169533175	0.0
220.0	0.3508771929824561	31.2280701754386	24.210526315789473	44.21052631578947	0.0
