# Position (bp)	A	C	G	T	N
0.0	22.434175174637293	27.93927995701236	33.613648576034386	16.012896292315958	0.0
1.0	24.288017195056423	22.2837184309511	14.462654486835035	38.96560988715744	0.0
2.0	26.310418904403864	21.689044038668097	16.917293233082706	35.08324382384533	0.0
3.0	19.82175453666917	24.67250080532589	14.034145817674219	41.47159884033072	0.0
4.0	35.37887732102608	11.40388537082752	12.619405388000429	40.59783192014597	0.0
5.0	38.76176936076611	13.044877813246064	23.742589661739856	24.450763164247967	0.0
6.0	32.868408347191675	17.14768521002092	22.11791212917762	27.86599431360979	0.0
7.0	36.99412663931129	17.00592699868587	20.318073323142112	25.68187303886073	0.0
8.0	20.45320461249665	31.590238669884684	22.63877715205149	25.31777956556718	0.0
9.0	29.023003914419004	18.12697731781865	13.807710869215509	39.04230789854684	0.0
10.0	26.207136920560874	16.40258451969222	27.252741360358186	30.137537199388724	0.0
11.0	27.3504731776628	17.412401812283854	19.101364574676282	36.135760435377065	0.0
12.0	24.389459292818273	19.96890330536418	22.85070905825269	32.790928343564865	0.0
13.0	24.65687325755951	23.03238258631782	17.944456358567447	34.36628779755522	0.0
14.0	31.532111075372576	19.02809048997534	19.451592151817305	29.988206282834778	0.0
15.0	30.410108148624047	17.85255380661741	19.63272298961345	32.10461505514509	0.0
16.0	31.066142027356193	17.626274793222514	18.043844856661046	33.26373832276025	0.0
17.0	30.142375421506184	18.11807525557994	19.381255686988172	32.358293635925705	0.0
18.0	31.86598517487757	17.68578233294977	18.638443629746583	31.809788862426075	0.0
19.0	31.49684255592422	18.441614042598736	18.69849084876378	31.36305255271326	0.0
20.0	31.3123745819398	17.270903010033443	18.220735785953178	33.19598662207358	0.0
21.0	30.995826198630137	16.269798801369863	19.91919948630137	32.81517551369863	0.0
22.0	29.73406816844133	18.583123762641126	20.043876076836643	31.638931992080906	0.0
23.0	29.370535833712314	17.57309863299537	20.095770578636206	32.96059495465611	0.0
24.0	30.496776437227467	17.950295604718974	18.552205665980043	33.00072229207351	0.0
25.0	29.78011983736358	17.890006419858764	19.31842499465012	33.01144874812754	0.0
26.0	31.838241193934046	16.970231886383697	19.69830698868651	31.493219930995746	0.0
27.0	29.487282355773086	17.711091497499265	19.840059910668913	32.96156623605873	0.0
28.0	30.098956940358384	17.748060978871354	20.25140411874833	31.901577962021932	0.0
29.0	29.293145409323103	18.07386804311198	18.91899120109117	33.71399534647375	0.0
30.0	29.954533297673176	17.59828831238299	19.280556298475528	33.166622091468305	0.0
31.0	30.403851297138274	18.232147633056968	20.147098154586786	31.216902915217972	0.0
32.0	29.634384444622754	18.14704859718099	19.192810719730403	33.02575623846586	0.0
33.0	30.012303412859744	17.620626939124854	20.11340537070718	32.253664277308225	0.0
34.0	29.55305320031027	18.105223740872496	20.220932409661113	32.12079064915612	0.0
35.0	30.558750367774895	17.16639473613823	18.268382057934577	34.0064728381523	0.0
36.0	30.38733147870747	16.664883372565804	19.29167558313717	33.65610956558956	0.0
37.0	28.123913217944946	19.501885984858617	18.595008159225273	33.779192637971164	0.0
38.0	30.182168365299734	18.168686301259932	19.27346654896611	32.375678784474225	0.0
39.0	28.79995719865176	18.583810390027285	20.285163982665456	32.3310684286555	0.0
40.0	30.50584490276329	18.500387876842414	19.557017895835006	31.436749324559294	0.0
41.0	29.72582586598903	18.090143105523605	20.395880700815834	31.788150327671527	0.0
42.0	29.469826663813397	18.4249946501177	20.20115557457736	31.904023111491547	0.0
43.0	30.88054351896432	17.84892740598085	20.12518054886856	31.14534852618627	0.0
44.0	29.669154029259943	18.229960683623524	20.142287838669127	31.958597448447406	0.0
45.0	30.501765272279872	18.572804108270034	20.02514175671338	30.90028886273671	0.0
46.0	30.298491494597197	17.75168503263079	19.70685781534182	32.24296565743019	0.0
47.0	29.490745693805497	18.163581897935167	19.43404300845191	32.911629399807424	0.0
48.0	30.30651545950572	17.831924681716057	19.05691665775115	32.80464320102707	0.0
49.0	28.319246817160586	19.495560072750614	19.835241253878248	32.34995185621055	0.0
50.0	29.522841553439605	18.27859206162405	19.163902856531507	33.034663528404835	0.0
51.0	29.579009307799293	18.55140686851396	20.03316572162191	31.836418102064833	0.0
52.0	29.118189841932118	17.954478589959614	19.532482815801437	33.39484875230683	0.0
53.0	31.969295782181927	17.79935275080906	18.78627403781861	31.445077429190405	0.0
54.0	30.28884728537042	17.881786573950254	19.83952928590532	31.989836854774005	0.0
55.0	29.652313452794864	17.956672907194438	18.646696977801554	33.744316662209144	0.0
56.0	29.802883200941455	17.3072293990211	19.38538072695178	33.504506673085665	0.0
57.0	28.648229378410186	17.32908954744838	19.578474376805392	34.44420669733604	0.0
58.0	29.53621482828715	17.765058307478334	19.19332406119611	33.50540280303841	0.0
59.0	29.538889483256657	17.136514389643736	20.26586070396919	33.058735423130415	0.0
60.0	29.79565636032952	17.473520915801863	19.54905317214079	33.181769551727825	0.0
61.0	29.378410185086125	18.19835241253878	19.639991441104097	32.78324596127099	0.0
62.0	29.76890981063443	18.249170856959452	19.36182732427517	32.62009200813095	0.0
63.0	29.343639670482506	17.85332192147213	20.249812774152133	32.55322563389323	0.0
64.0	29.29014657109233	19.18797475125709	19.53300524232374	31.98887343532684	0.0
65.0	30.48839199743233	17.10709318497914	19.95827538247566	32.44623943511287	0.0
66.0	30.351984593987375	17.663421418636997	20.498555686316465	31.486038301059168	0.0
67.0	28.85952712100139	18.27056809671552	19.744302984914945	33.125601797368134	0.0
68.0	31.110754499986626	17.40886356949905	19.14734280135869	32.33303912915563	0.0
69.0	29.48807103883599	17.13116507970472	19.93687814271959	33.4438857387397	0.0
70.0	28.273777682678936	17.168610249277844	20.13747726543276	34.42013480261046	0.0
71.0	29.563752106347124	17.888570893626127	18.605397598095593	33.94227940193115	0.0
72.0	30.28592826383502	18.27640623746222	19.854494877898734	31.583170620804026	0.0
73.0	30.395592050712818	17.84310054296948	18.509107443763874	33.25219996255383	0.0
74.0	29.486973733483126	19.108757288824695	19.092708500508213	32.31156047718397	0.0
75.0	30.235917188252287	17.378162948697373	18.597870860750014	33.788049002300326	0.0
76.0	29.61803883806773	18.119082009308297	18.838602685497243	33.42427646712673	0.0
77.0	29.216819130155674	16.91542288557214	20.65746536136522	33.21029262290697	0.0
78.0	29.770502327074304	17.132081527844647	18.589846466591773	34.507569678489276	0.0
79.0	30.40524274441621	17.857429450314296	17.46422361909857	34.27310418617092	0.0
80.0	30.001337434800053	18.07676875752307	19.095894075163837	32.82599973251304	0.0
81.0	30.07623378360305	18.346930587133876	19.095894075163837	32.48094155409923	0.0
82.0	30.333021265213322	18.159689715126387	19.085194596763408	32.42209442289688	0.0
83.0	30.111812540124117	18.641664883372567	19.125829231756903	32.120693344746414	0.0
84.0	29.625765722387182	18.067035818420138	18.446887622716208	33.86031083647648	0.0
85.0	29.791616510178425	17.532033277158064	19.396517133456385	33.27983307920713	0.0
86.0	30.187518390712352	17.315357247946928	19.145065939063212	33.35205842227751	0.0
87.0	29.52946526496001	17.78348447155124	20.696573308723217	31.990476954765533	0.0
88.0	29.754166332290076	18.216836529973516	18.476312762485623	33.55268437525078	0.0
89.0	29.804991573709977	19.13971591365059	19.086215659524385	31.96907685311505	0.0
90.0	31.226258627146752	18.5008827778075	19.01717404098229	31.25568455406345	0.0
91.0	29.848590230592265	18.597185811353057	19.522764967096464	32.031458990958214	0.0
92.0	28.3344925365149	18.385854154405866	19.525440051361617	33.754213257717616	0.0
93.0	29.43473957358016	18.348893823065193	19.788127658436103	32.42823894491854	0.0
94.0	30.146331023782135	18.65118643160964	18.833097027901875	32.36938551670635	0.0
95.0	30.80441935742757	17.859340306572857	18.98825606591584	32.347984270083735	0.0
96.0	29.85206388272117	18.918702014392338	18.75819266472272	32.47104143816377	0.0
97.0	29.603274390733258	18.279339771541693	19.62494315293866	32.49244268478639	0.0
98.0	29.260854444771407	18.0519515261764	19.515261763997753	33.17193226505444	0.0
99.0	29.432064417752336	18.629785184987025	19.838955619164818	32.09919477809582	0.0
100.0	30.8164253807653	19.118992519240084	18.734190840105484	31.330391259889133	0.0
101.0	30.39885113531675	18.70427572752398	18.869560505066925	32.02731263209234	0.0
102.0	29.329624174984996	18.08214694812633	20.78492336224295	31.803305514645718	0.0
103.0	29.03961320806549	17.39464864567881	19.062139442887755	34.50359870336795	0.0
104.0	31.138967292047155	17.765233272455585	18.93574630582766	32.1600531296696	0.0
105.0	30.44642110252907	17.69790591975016	19.59679892925857	32.258874048462204	0.0
106.0	29.21771383612454	18.357311453298863	20.357985837922897	32.0669888726537	0.0
107.0	30.344046439190148	17.108877247628488	19.243947331162396	33.30312898201897	0.0
108.0	29.1641697343264	18.993807607796136	20.78874525582855	31.053277402048913	0.0
109.0	29.628564857405703	18.07152713891444	19.658463661453542	32.64144434222631	0.0
110.0	29.351910735965774	17.479909810949877	21.448806151355726	31.719373301728627	0.0
111.0	29.508053730301796	18.535209629586554	20.134325754492064	31.822410885619583	0.0
112.0	29.529632013104777	17.85233721406424	19.727373778739835	32.89065699409115	0.0
113.0	30.88841757982797	18.392836102274064	19.223518322139743	31.495227995758217	0.0
114.0	30.597347102287902	17.88183625626873	18.831419329950442	32.689397311492925	0.0
115.0	28.969867272509862	17.969030252301806	20.321654908525648	32.73944756666268	0.0
116.0	29.80870613044133	17.788823618014764	18.79499924687453	33.60747100466938	0.0
117.0	30.414592691513903	17.1785844360811	20.890494111933958	31.516328760471048	0.0
118.0	30.666544477028346	17.176808406647115	19.40982404692082	32.74682306940371	0.0
119.0	31.410374746169467	18.048120115685187	18.68500399975386	31.856501138391486	0.0
120.0	30.32142193596334	17.898061559422803	19.26673685514337	32.51377964947049	0.0
121.0	29.259547934528452	18.254091971940763	19.466874512860482	33.019485580670306	0.0
122.0	29.255502873112064	18.303136873174868	19.967343862844224	32.47401639086884	0.0
123.0	28.3531086853346	19.028634709697833	19.576016453092866	33.0422401518747	0.0
124.0	28.66794136392607	18.45442957297642	19.68769917144678	33.189929891650735	0.0
125.0	29.32934862945467	18.28786272052444	20.03599087374273	32.34679777627816	0.0
126.0	30.324757486292704	18.265580897381824	18.81387275735652	32.59578885896895	0.0
127.0	30.40549378678875	17.89404839764552	19.391759319816874	32.30869849574886	0.0
128.0	29.261138940152915	17.697073556551544	20.125889796994464	32.91589770630108	0.0
129.0	30.84668040140892	16.538180368179702	20.562238319930884	32.05290091048049	0.0
130.0	29.558990831827614	18.343036873452455	18.57726025563809	33.52071203908184	0.0
131.0	29.1988791735593	17.700280206610174	19.546943047162486	33.55389757266804	0.0
132.0	30.3066358444384	17.44288822409573	20.169295621430514	32.08118031003536	0.0
133.0	30.70668953687822	17.101200686106345	19.23156089193825	32.96054888507719	0.0
134.0	31.141473538567972	17.5441023867174	20.294015911449325	31.020408163265305	0.0
135.0	30.562918526785715	17.0166015625	20.256696428571427	32.163783482142854	0.0
136.0	28.844663613948573	19.499823881648467	19.566748855230713	32.08876364917224	0.0
137.0	30.36353227422356	17.521826248747672	20.28767711464148	31.82696436238729	0.0
138.0	29.49635089240552	17.797528723173638	19.849700122841245	32.85642026157959	0.0
139.0	28.866735082832427	19.392317841958658	19.846796657381617	31.894150417827298	0.0
140.0	30.32035339099447	17.409703403986786	18.783176806859945	33.4867663981588	0.0
141.0	29.414405986903645	18.016838166510755	19.734331150608046	32.834424695977546	0.0
142.0	30.042238648363252	16.48061547744758	20.278322522250715	33.19882335193845	0.0
143.0	30.117092457420924	18.175942822384428	20.12241484184915	31.5845498783455	0.0
144.0	30.776308223116732	16.821928311290012	20.636381061912974	31.765382403680277	0.0
145.0	31.052224371373306	18.735009671179885	19.02901353965184	31.18375241779497	0.0
146.0	30.148810686247707	17.451079951568175	19.74378002577823	32.65632933640589	0.0
147.0	29.706172352593175	18.197594162887004	19.45178465785841	32.64444882666141	0.0
148.0	30.87526393370782	17.63674753993865	18.843870762121032	32.6441177642325	0.0
149.0	30.799243795502996	18.37013796709706	20.32098467479184	30.5096335626081	0.0
150.0	30.40762522814845	18.31271547353478	18.783208274183735	32.49645102413304	0.0
151.0	29.955065359477125	17.798202614379086	20.502450980392155	31.74428104575163	0.0
152.0	29.276437847866422	17.546897546897547	19.71552257266543	33.461142032570606	0.0
153.0	30.173059322739	18.44995423912139	20.130626508028953	31.246359930110657	0.0
154.0	29.937080536912752	17.479026845637584	19.823825503355703	32.76006711409396	0.0
155.0	30.491775550763244	17.76396464966806	19.358112393758724	32.38614740580997	0.0
156.0	30.38369509485558	18.08237908049906	19.394120663134508	32.13980516151086	0.0
157.0	30.48222912353347	17.35248447204969	19.707556935817806	32.457729468599034	0.0
158.0	29.189000740837585	18.5950233145945	19.767289841809387	32.44868610275853	0.0
159.0	30.81188118811881	17.804180418041803	19.005500550055004	32.37843784378438	0.0
160.0	30.446369087275148	18.36553408838552	19.058405507439485	32.129691316899844	0.0
161.0	29.20346048679905	18.472365413061993	19.794701689900936	32.52947241023802	0.0
162.0	30.234975146859465	17.776773610483506	18.983280614550385	33.00497062810665	0.0
163.0	30.442703588996174	17.41209692111496	18.915102933139003	33.230096556749864	0.0
164.0	31.366602334344268	17.236467236467238	19.8005698005698	31.59636062861869	0.0
165.0	28.814110002320724	18.050591784636808	20.25992109538176	32.87537711766071	0.0
166.0	31.148772358105255	16.81141730435191	18.905215717571945	33.13459461997089	0.0
167.0	29.889578692952938	18.316667456518648	18.752665750438368	33.04108810009004	0.0
168.0	30.31248499976	17.47707963327413	19.34910958575337	32.8613257812125	0.0
169.0	29.818940828115142	17.363234794427456	19.82428037473909	32.993544002718316	0.0
170.0	31.540426368012575	17.60487277728657	19.943019943019944	30.91168091168091	0.0
171.0	30.13052756960643	18.27882277036081	20.095290088838155	31.495359571194598	0.0
172.0	28.833124215809285	18.72521957340025	19.548306148055207	32.89335006273525	0.0
173.0	30.26662611516626	18.75	18.653690186536902	32.32968369829683	0.0
174.0	29.761172611726117	17.73267732677327	20.182451824518242	32.323698236982366	0.0
175.0	28.553686934023286	18.996119016817595	19.141009055627425	33.309184993531694	0.0
176.0	29.852695361470953	17.739239448391142	20.136857501044712	32.27120768909319	0.0
177.0	29.627479949345712	18.54685521317011	20.09286618826509	31.73279864921908	0.0
178.0	28.157515607491597	18.227415826263275	20.14300197428099	33.47206659196414	0.0
179.0	30.786686838124055	18.305597579425115	18.92154743894532	31.986168143505513	0.0
180.0	29.248535931257187	18.38432488643205	20.05363691095178	32.313502271358985	0.0
181.0	30.71460275188637	17.892809587217045	19.357523302263647	32.03506435863294	0.0
182.0	28.55538081330038	17.70388676701865	20.551561446865875	33.1891709728151	0.0
183.0	30.403138681981005	17.888212884516975	19.84988912264741	31.858759310854605	0.0
184.0	30.11223021582734	17.605755395683452	19.07338129496403	33.20863309352518	0.0
185.0	28.831138561939166	19.24600862370353	20.813425008740243	31.109427805617063	0.0
186.0	30.821392770800166	18.143758476325257	19.28179727578277	31.75305147709181	0.0
187.0	29.11271555582075	18.90327585178113	19.67301151620025	32.310997076197864	0.0
188.0	30.580262600592967	18.472802081442488	18.817692261148427	32.12924305681612	0.0
189.0	31.032582067613916	16.91572758451739	20.706761391474767	31.344928956393925	0.0
190.0	29.53515794699932	18.860547384099796	20.14522435300689	31.459070315894	0.0
191.0	30.680100755667507	17.87153652392947	18.123425692695214	33.324937027707804	0.0
192.0	28.3886650035182	18.972685984775794	19.689119170984455	32.94952984072155	0.0
193.0	30.927765389553347	17.224136765997702	19.08237043043449	32.765727414014464	0.0
194.0	31.173451932945607	17.817310981867944	19.609989736572015	31.39924734861444	0.0
195.0	31.416481687014432	17.647058823529413	19.3326859045505	31.60377358490566	0.0
196.0	30.81088684155004	18.179900133624024	18.461213868767143	32.54799915605879	0.0
197.0	29.59851936218679	18.61474943052392	18.785592255125287	33.00113895216401	0.0
198.0	29.38997821350762	18.344226579520697	20.704429920116194	31.56136528685548	0.0
199.0	29.643932957441876	17.834247315980537	20.421719317216343	32.10010040936125	0.0
200.0	29.181689920050164	18.811725975858284	20.128546794168365	31.878037309923187	0.0
201.0	30.363535120515472	17.341500278418582	20.16546018614271	32.12950441492324	0.0
202.0	28.9185016657187	18.65604940277891	20.882424636385796	31.543024295116602	0.0
203.0	29.222958437311764	18.509594699251355	19.154978056965838	33.11246880647104	0.0
204.0	29.450318972297474	19.330595123656384	19.69763173992834	31.521454164117802	0.0
205.0	31.36162687886826	17.957559681697614	18.682581786030063	31.99823165340407	0.0
206.0	30.368510714605932	18.344839953375775	19.92289070205326	31.363758629965034	0.0
207.0	30.3694939934474	17.773935202038587	21.186749180924643	30.66982162358937	0.0
208.0	30.09897326796781	18.795671075756175	19.489408935343633	31.615946720932385	0.0
209.0	28.965192850423332	18.7206020696143	19.689557855127	32.62464722483537	0.0
210.0	30.081300813008134	17.532281205164992	21.25298900047824	31.133428981348636	0.0
211.0	29.146269825729394	20.05091051497944	20.47190131192481	30.33091834736636	0.0
212.0	29.677419354838708	19.5213319458897	18.6264308012487	32.174817898022894	0.0
213.0	29.7737365193487	18.428843307253118	19.05265383802072	32.744766335377456	0.0
214.0	28.925081433224754	17.709011943539632	19.63083604777416	33.73507057546146	0.0
215.0	32.444703143189756	17.764842840512223	19.615832363213038	30.174621653084984	0.0
216.0	30.447204968944096	16.310559006211182	21.428571428571427	31.813664596273295	0.0
217.0	29.17921193873544	18.641183400968714	20.225160361303836	31.954444298992012	0.0
218.0	29.07955471083356	17.811566657616073	19.92940537605213	33.17947325549824	0.0
219.0	29.550151009378478	20.394213956445718	20.648545541249405	29.407089492926403	0.0
220.0	30.942706216984966	17.33035351483137	20.723283218203985	31.003657049979683	0.0
221.0	30.385782401387086	17.77199826614651	21.131339401820544	30.710879930645863	0.0
222.0	28.39257768835234	20.41135703107534	19.3158953722334	31.880169908338925	0.0
223.0	26.334429547179354	20.440172021249683	21.907412092081962	31.317986339488996	0.0
224.0	29.70328282828283	17.487373737373737	19.318181818181817	33.49116161616162	0.0
225.0	29.385113268608414	18.6084142394822	19.385113268608414	32.62135922330097	0.0
226.0	28.48226018396846	18.495400788436267	20.2365308804205	32.78580814717477	0.0
227.0	29.649595687331537	16.913746630727765	19.40700808625337	34.02964959568733	0.0
228.0	29.24137931034483	18.931034482758623	22.03448275862069	29.793103448275858	0.0
229.0	26.66425470332851	19.753979739507958	18.34298118668596	35.23878437047757	0.0
230.0	30.69544364508393	16.30695443645084	18.705035971223023	34.2925659472422	0.0
231.0	28.61394557823129	16.83673469387755	22.321428571428573	32.22789115646258	0.0
232.0	31.855249745158005	15.035677879714576	20.74413863404689	32.364933741080534	0.0
233.0	29.641519529159975	18.24505082932049	23.434991974317818	28.678437667201713	0.0
234.0	25.625422582826236	21.23056118999324	23.32657200811359	29.817444219066935	0.0
235.0	30.31624863685932	19.083969465648856	23.991275899672846	26.608505997818977	0.0
236.0	24.146649810366625	19.848293299620735	24.020227560050568	31.98482932996207	0.0
237.0	25.97402597402597	20.259740259740262	25.97402597402597	27.79220779220779	0.0
238.0	28.116710875331563	20.159151193633953	18.56763925729443	33.15649867374005	0.0
239.0	32.526881720430104	21.50537634408602	15.053763440860216	30.913978494623656	0.0
240.0	24.383561643835616	18.356164383561644	21.36986301369863	35.89041095890411	0.0
241.0	32.48587570621469	16.101694915254235	17.231638418079097	34.18079096045198	0.0
242.0	26.436781609195403	18.39080459770115	26.14942528735632	29.022988505747126	0.0
243.0	29.705882352941178	18.235294117647058	18.823529411764707	33.23529411764706	0.0
244.0	25.846153846153847	22.153846153846153	21.53846153846154	30.461538461538463	0.0
245.0	27.55102040816326	21.428571428571427	21.428571428571427	29.591836734693878	0.0
246.0	38.853503184713375	14.64968152866242	21.656050955414013	24.840764331210192	0.0
247.0	32.432432432432435	18.243243243243242	22.2972972972973	27.027027027027028	0.0
248.0	28.169014084507044	17.6056338028169	21.12676056338028	33.098591549295776	0.0
249.0	31.297709923664126	17.557251908396946	26.717557251908396	24.427480916030532	0.0
250.0	20.54794520547945	16.43835616438356	21.91780821917808	41.0958904109589	0.0
