#Position (bp)	mapping quality
38.0	59.99900209477625
113.0	59.99656291999575
188.0	59.988579494659575
263.0	59.947718042334685
338.0	59.9951405357397
413.0	59.99742657751818
488.0	59.99655790447803
563.0	59.996119709741684
638.0	59.99723759490213
713.0	59.99467907180515
788.0	59.99876105663998
863.0	59.9959348610556
938.0	59.99845802346015
1013.0	59.99733309962826
1088.0	59.99702861446435
1163.0	59.996604818245906
1238.0	59.996266177986485
1313.0	59.99755750470674
1388.0	59.999223300970876
1463.0	60.0
1538.0	60.0
1613.0	59.99766277788484
1688.0	59.997215795756695
1763.0	59.99826919638284
1838.0	59.99714882751865
1913.0	59.99575635509733
1988.0	59.99684781198275
2063.0	59.99740541862741
2138.0	59.997695756001505
2213.0	59.99752347157537
2288.0	59.97025473988262
2363.0	59.98001910523802
2438.0	59.99752054406348
2513.0	60.0
2588.0	59.99874895746456
2663.0	59.997699188765694
2738.0	59.99611216406667
2813.0	59.9977229314829
2888.0	59.99694879235216
2963.0	59.99872863286185
3038.0	59.94688012830076
3113.0	59.99920610661097
3188.0	59.998073922028986
3263.0	59.99693824285255
3338.0	59.9992307500395
3413.0	59.9981291614334
3488.0	59.99848384618229
3563.0	59.99665141198795
3638.0	59.99970513652179
3713.0	59.999319949948315
3788.0	59.99806674861775
3863.0	59.998802415995556
3938.0	59.99985974016866
4013.0	59.99892799352751
4088.0	59.99814043009957
4163.0	59.99794216196711
4238.0	59.997848357128454
4313.0	59.99090310704177
4388.0	59.97296130151451
4463.0	59.99834000293256
4538.0	59.99901960499522
4613.0	59.99923389037893
4688.0	59.99620694268368
4763.0	59.997905750331704
4838.0	59.99796192335855
4913.0	59.99820302973651
4988.0	59.998399132630205
5063.0	59.99651987685718
5138.0	60.0
5213.0	60.0
5288.0	59.99628305518035
5363.0	59.996938569408776
5438.0	59.99758081120033
5513.0	59.9991596784756
5588.0	59.99800123531342
5663.0	59.9986390908846
5738.0	59.98394579815899
5813.0	59.99771956743867
5888.0	59.99916356801325
5963.0	59.9981070019776
6038.0	60.0
6113.0	60.0
6188.0	59.985464869072615
6263.0	59.94276152363519
6338.0	59.99845095651841
6413.0	59.99591238712031
6488.0	59.998536303627255
6563.0	59.950248713721535
6638.0	59.99828724034645
6713.0	59.99858819918668
6788.0	59.998355864084765
6863.0	59.9996802936562
6938.0	60.0
7013.0	59.99897645854657
7088.0	59.99882426424661
7163.0	59.99940729032895
7238.0	59.995878207685145
7313.0	59.99814836937045
7388.0	59.99853788564613
7463.0	59.999016050022746
7538.0	59.9988174539458
7613.0	59.997918514421485
7688.0	59.99859372366004
7763.0	59.998967635368814
7838.0	59.99957671957672
7913.0	59.99265966995175
7988.0	59.9982912012065
8063.0	59.999526002379405
8138.0	59.99846687326152
8213.0	59.99719752864961
8288.0	59.99916688486349
8363.0	59.99829382183908
8438.0	59.99897446415752
8513.0	59.99621221088516
8588.0	59.99951304347826
8663.0	59.997389582740055
8738.0	59.99656418078189
8813.0	59.99900321689094
8888.0	59.99881583846572
8963.0	59.99788855840954
9038.0	59.99878155562453
9113.0	59.9980774553036
9188.0	59.99746520114503
9263.0	59.99725888588651
9338.0	59.99922909102122
9413.0	59.999106698485214
9488.0	59.99905141637215
9563.0	59.997341467168134
9638.0	59.99862357017419
9713.0	59.998580694849394
9788.0	59.997225386044065
9863.0	59.996368939483844
9938.0	59.99893784510618
10013.0	59.997612670749994
10088.0	59.99863910749545
10163.0	59.997131554001854
10238.0	59.99923567554841
10313.0	59.99841752840405
10388.0	59.99921580838707
10463.0	59.998627008766384
10538.0	59.99760206381617
10613.0	59.99778069160979
10688.0	59.99896778288562
10763.0	59.99579209991861
10838.0	59.9986037070624
10913.0	59.99915047393752
10988.0	59.99812461778895
11063.0	59.99095923877102
11138.0	59.997413814809
11213.0	59.99639702384832
11288.0	59.9940111719841
11363.0	59.99791344618025
11438.0	59.99893989576663
11513.0	59.99788726467524
11588.0	59.99733526369349
11663.0	59.99810860935273
11738.0	59.99948377327322
11813.0	59.99822672577581
11888.0	59.99784341331749
11963.0	59.99826640024063
12038.0	59.997632257377774
12113.0	59.99692812395166
12188.0	59.998138701618615
12263.0	59.9980719844057
12338.0	59.99836198672539
12413.0	59.998640684029525
12488.0	59.99400629042787
12563.0	59.960854981366296
12638.0	59.99905577108607
12713.0	59.996215276442875
12788.0	59.99893295570105
12863.0	59.99823403005495
12938.0	59.99606731872615
13013.0	59.997635920246985
13088.0	59.99807172464433
13163.0	59.9984433839921
13238.0	59.997972411237924
13313.0	59.99718081654165
13388.0	59.992592898704046
13463.0	59.997205919140995
13538.0	59.99886070365443
13613.0	59.99884399906684
13688.0	59.998290489280315
13763.0	59.99218547081489
13838.0	59.99832270908789
13913.0	59.99778626274665
13988.0	59.995153884091444
14063.0	59.99691408547195
14138.0	59.99805805061103
14213.0	59.99558461634136
14288.0	59.99903011060447
14363.0	59.98482349238146
14438.0	59.95039454556894
14513.0	59.998696273097245
14588.0	59.99726129125078
14663.0	59.997026868943216
14738.0	59.998537419424025
14813.0	59.99802706132226
14888.0	59.995580578852284
14963.0	59.99993933290462
15038.0	59.99573132305204
15113.0	59.997941838269014
15188.0	59.99929090097765
15263.0	59.99923775037876
15338.0	59.998469116002674
15413.0	59.99827156971915
15488.0	59.99772953117448
15563.0	59.99823708995452
15638.0	59.995025334047355
15713.0	59.99746044787616
15788.0	59.99642284392507
15863.0	59.99781806273168
15938.0	59.99850212538952
16013.0	59.997339624207925
16088.0	59.99864574858452
16163.0	59.99902790627028
16238.0	59.99994167849297
16313.0	60.0
16388.0	59.999510512849035
16463.0	59.996717762491706
16538.0	60.0
16613.0	60.0
16688.0	60.0
16763.0	59.9986578307189
16838.0	59.99845045819488
16913.0	59.99850856155185
16988.0	59.99846658346226
17063.0	59.99698990597047
17138.0	59.99655246491723
17213.0	59.99836459230607
17288.0	59.998515642321166
17363.0	59.99774170181942
17438.0	59.99680199640637
17513.0	59.99876015770591
17588.0	59.9982273979519
17663.0	59.99728474378778
17738.0	59.99803549077551
17813.0	59.99662524763313
17888.0	59.99937446460944
17963.0	59.9995117009085
18038.0	59.99825710916001
18113.0	59.997862564414994
18188.0	59.997260983604605
18263.0	59.99941938854269
18338.0	59.99820624172491
18413.0	59.99882076103795
18488.0	59.997579457396775
18563.0	59.99341879115793
18638.0	59.9974528040988
18713.0	59.99850217785344
18788.0	59.99808094826236
18863.0	59.998203605138904
18938.0	59.99906102851149
19013.0	59.997967665931526
19088.0	59.99925179085245
19163.0	59.99907185911121
19238.0	59.99802473276043
19313.0	59.99270101033383
19388.0	60.0
19463.0	60.0
19538.0	59.9986401958118
19613.0	59.99944636371689
19688.0	59.99921048476236
19763.0	59.99915613848973
19838.0	59.99801400648061
19913.0	59.99844682011203
19988.0	59.99498315774385
20063.0	59.97169988717563
20138.0	59.99347270835304
20213.0	60.0
20288.0	59.99601366742597
20363.0	60.0
20438.0	60.0
20513.0	59.999581766446944
20588.0	59.99909300880799
20663.0	59.99730408982265
20738.0	59.99817523940235
20813.0	59.99920125485102
20888.0	59.99736879241556
20963.0	59.995580258926715
21038.0	59.995773305056055
21113.0	59.99861707166017
21188.0	60.0
21263.0	60.0
21338.0	60.0
21413.0	60.0
21488.0	60.0
21563.0	60.0
21638.0	60.0
21713.0	59.99892540598162
21788.0	59.99813221049263
21863.0	59.998549699644585
21938.0	59.99908637798623
22013.0	59.99832383342237
22088.0	59.998470815397745
22163.0	59.99828230930593
22238.0	59.99628660046098
22313.0	59.999798931825325
22388.0	60.0
22463.0	60.0
22538.0	59.999406286814896
22613.0	59.9978374836173
22688.0	59.99865336696515
22763.0	59.9992064710166
22838.0	59.997789964693176
22913.0	59.99688283147627
22988.0	59.99704705395336
23063.0	59.9978914769545
23138.0	59.99691938636378
23213.0	59.995849480874654
23288.0	59.997224447987314
23363.0	59.96678149150042
23438.0	59.94802986807841
23513.0	59.990970309772855
23588.0	59.999237440191386
23663.0	59.99918482804749
23738.0	59.9993050046684
23813.0	59.99814351282642
23888.0	59.99801735641213
23963.0	59.998926872235764
24038.0	59.99927289962245
24113.0	59.998516560182125
24188.0	59.998332716396924
24263.0	59.99779073370594
24338.0	59.99824908067199
24413.0	59.999323175529945
24488.0	59.99883443091089
24563.0	59.99694989106754
24638.0	59.99826531052019
24713.0	59.99676751351078
24788.0	59.997963693582165
24863.0	59.995071964470455
24938.0	59.99857925802366
25013.0	59.99795125630221
25088.0	59.997192460852354
25163.0	59.9979459692091
25238.0	59.99889183965439
25313.0	59.998448230396654
25388.0	59.999021435304456
25463.0	59.997849879829914
25538.0	59.96490803585955
25613.0	59.99727595494613
25688.0	59.991920897142165
25763.0	59.99436747901709
25838.0	59.99955303681965
25913.0	59.99889764896243
25988.0	59.99814685749172
26063.0	59.99891642506959
26138.0	59.99845622618151
26213.0	59.99781027031174
26288.0	59.99784574864583
26363.0	59.996040680071424
26438.0	59.99780706262892
26513.0	59.99877577080555
26588.0	59.99857805087461
26663.0	59.997008011807694
26738.0	59.99512250703874
26813.0	59.99635239530409
26888.0	59.99492119489395
26963.0	59.998096657329064
27038.0	59.99945111251112
27113.0	59.9985710127917
27188.0	59.99604987002984
27263.0	59.99938044703129
27338.0	59.99815535905967
27413.0	59.99827389330005
27488.0	59.998809035678846
27563.0	60.0
27638.0	60.0
27713.0	60.0
27788.0	60.0
27863.0	60.0
27938.0	60.0
28013.0	59.99822972416632
28088.0	59.99320582303406
28163.0	59.99718313520951
28238.0	59.99748257737583
28313.0	59.99634257014894
28388.0	59.998600015886346
28463.0	59.99830153280618
28538.0	59.99836780800817
28613.0	59.998625611305
28688.0	59.99532812231825
28763.0	59.99761369341118
28838.0	59.99686643866278
28913.0	59.99918504202855
28988.0	59.99689831316169
29063.0	59.99793961416657
29138.0	59.99753673073339
29213.0	59.99402736105254
29288.0	59.994819280060064
29363.0	59.998302053716465
29438.0	60.0
29513.0	60.0
29588.0	60.0
29663.0	60.0
29738.0	60.0
29813.0	60.0
29877.0	60.0
