# Position (bp)	A	C	G	T	N
0.0	25.843914091681647	23.744374437443742	24.21487380345664	26.196837667417967	0.0
1.0	26.12517382528444	20.145792508406153	15.467973227840496	38.26106043846892	0.0
2.0	28.365545414866432	19.196884394509315	18.308681813946418	34.12888837667783	0.0
3.0	22.62854601779392	22.390978361511245	15.500817673013653	39.47965794768118	0.0
4.0	33.60303509149908	13.283047503637976	14.838939997455805	38.274977407407135	0.0
5.0	34.265186543416185	14.883073547146886	23.352831082490233	27.498908826946693	0.0
6.0	30.634202765010837	17.408025956744478	21.412169919632607	30.54560135861208	0.0
7.0	34.88910426931103	17.0450309816977	20.21999027112202	27.845874477869252	0.0
8.0	22.70778935141222	26.508717393248844	22.67538017980045	28.108113075538487	0.0
9.0	27.5324918793276	18.543118901837584	15.838686871038455	38.08570234779636	0.0
10.0	26.018450559778074	16.610846106059473	25.166279267810033	32.204424066352416	0.0
11.0	28.031715652098267	18.06952839447782	19.46243660606744	34.43631934735647	0.0
12.0	25.63777451303535	19.896131361908136	21.219087225395068	33.24700689966145	0.0
13.0	26.40554717586846	20.510802852987343	18.751432068783412	34.33221790236078	0.0
14.0	30.55311244450925	18.477479607953175	20.102177724790383	30.867230222747192	0.0
15.0	29.82238058537458	18.275219420506858	19.857693716786727	32.044706277331834	0.0
16.0	29.664304697675732	17.519405680733513	18.576459301064663	34.239830320526096	0.0
17.0	30.394901773866078	17.75631733786531	19.81738136343976	32.031399524828856	0.0
18.0	31.178113210321435	17.388029069005192	18.79223454192791	32.64162317874547	0.0
19.0	29.655470288325226	18.32556697670828	20.125201102279426	31.893761632687067	0.0
20.0	29.707802829706655	17.426405449151908	19.96815446615539	32.89763725498605	0.0
21.0	29.063773162755307	18.130977164093334	19.59748911627725	33.20776055687411	0.0
22.0	29.62449471712123	18.775055843024433	22.694225286015534	28.9062241538388	0.0
23.0	29.681507902569088	19.994094056439746	21.286883046388613	29.037514994602553	0.0
24.0	32.46639309813301	19.12943696262959	18.10675299310034	30.297416946137055	0.0
25.0	29.052145070558872	21.05368404672312	19.52596838482246	30.368202497895545	0.0
26.0	31.8100859302535	16.577517959827333	21.833660692514766	29.778735417404402	0.0
27.0	26.014578613377576	20.840236874898146	25.02577417485269	28.119410336871592	0.0
28.0	26.147401078508615	19.67285728814265	18.707333540000516	35.47240809334822	0.0
29.0	27.96622339415312	19.68598024572156	17.393922759570508	34.953873600554815	0.0
30.0	26.510316897038024	19.01888039608477	16.27372357180995	38.197079135067256	0.0
31.0	33.773482576578374	14.31704698549106	18.352605039116572	33.55686539881399	0.0
32.0	33.928092690556205	15.439890718178622	22.90385102796594	27.728165563299235	0.0
33.0	31.03633064095558	17.503490699308998	20.809310011304177	30.650868648431246	0.0
34.0	33.4456862820902	16.33793910582823	21.706265279843326	28.510109332238237	0.0
35.0	26.17721237747587	20.443039622572734	25.460232489919477	27.91951551003192	0.0
