#Position (bp)	insert size
38.0	2540.3928571428573
113.0	187.43478260869566
188.0	173.35087719298247
263.0	129.40816326530611
338.0	218.6149732620321
413.0	194.4078947368421
488.0	165.49844236760126
563.0	138.05405405405406
638.0	192.5027624309392
713.0	200.35576923076923
788.0	169.457399103139
863.0	132.9931506849315
938.0	203.69874476987448
1013.0	188.755980861244
1088.0	168.98285714285714
1163.0	141.23115577889448
1238.0	285.3225806451613
1313.0	178.30693069306932
1388.0	167.71052631578948
1463.0	131.54545454545453
1538.0	176.70833333333334
1613.0	215.4060606060606
1688.0	187.31441048034935
1763.0	146.27044025157232
1838.0	133.52173913043478
1913.0	186.4119241192412
1988.0	174.8684210526316
2063.0	153.6095238095238
2138.0	127.19607843137256
2213.0	210.40361445783134
2288.0	190.50862068965517
2363.0	178.5612244897959
2438.0	135.7704918032787
2513.0	230.15625
2588.0	204.3913043478261
2663.0	174.0909090909091
2738.0	135.43478260869566
2813.0	212.70238095238096
2888.0	202.91284403669724
2963.0	176.5483870967742
3038.0	141.69387755102042
3113.0	110.9
3188.0	204.61872909698997
3263.0	186.875
3338.0	146.28187919463087
3413.0	120.38888888888889
3488.0	207.25157232704402
3563.0	198.41496598639455
3638.0	165.56363636363636
3713.0	133.07692307692307
3788.0	226.05882352941177
3863.0	215.68911917098447
3938.0	175.26865671641792
4013.0	134.1793103448276
4088.0	201.87192118226602
4163.0	194.27333333333334
4238.0	167.88
4313.0	191.70833333333334
4388.0	192.47368421052633
4463.0	176.66666666666666
4538.0	140.56666666666666
4613.0	245.86206896551724
4688.0	209.5
4763.0	174.83928571428572
4838.0	141.36486486486487
4913.0	137.135593220339
4988.0	215.62962962962962
5063.0	186.45263157894738
5138.0	156.1359223300971
5213.0	116.77272727272727
5288.0	198.67469879518072
5363.0	196.94581280788177
5438.0	160.224043715847
5513.0	123.97222222222223
5588.0	204.33484162895928
5663.0	181.43362831858408
5738.0	160.2078853046595
5813.0	124.73873873873873
5888.0	225.8148148148148
5963.0	252.31718061674007
6038.0	172.8515625
6113.0	131.59459459459458
6188.0	207.32804232804233
6263.0	182.58858858858858
6338.0	157.59375
6413.0	125.99009900990099
6488.0	213.47761194029852
6563.0	189.4860681114551
6638.0	173.9937888198758
6713.0	204.22254335260115
6788.0	222.6074074074074
6863.0	194.73652694610777
6938.0	132.61666666666667
7013.0	213.29310344827587
7088.0	210.25896414342628
7163.0	180.63013698630138
7238.0	159.92134831460675
7313.0	193.844
7388.0	183.9093567251462
7463.0	162.51256281407035
7538.0	126.98850574712644
7613.0	216.688
7688.0	211.3686274509804
7763.0	192.44052863436124
7838.0	149.86363636363637
7913.0	156.94871794871796
7988.0	229.18717504332756
8063.0	190.19277108433735
8138.0	162.2923076923077
8213.0	127.88235294117646
8288.0	219.96774193548387
8363.0	194.934693877551
8438.0	163.94630872483222
8513.0	138.96052631578948
8588.0	174.03947368421052
8663.0	189.58724832214764
8738.0	180.984375
8813.0	144.5047619047619
8888.0	202.63432835820896
8963.0	193.65060240963857
9038.0	171.14361702127658
9113.0	138.70689655172413
9188.0	213.41436464088397
9263.0	209.34883720930233
9338.0	178.71226415094338
9413.0	139.59230769230768
9488.0	207.34328358208955
9563.0	192.79365079365078
9638.0	152.28185328185327
9713.0	128.94252873563218
9788.0	206.87982832618025
9863.0	195.19601328903656
9938.0	164.72
10013.0	159.4792899408284
10088.0	213.4311111111111
10163.0	197.20229007633588
10238.0	162.56953642384107
10313.0	129.4909090909091
10388.0	247.59032258064516
10463.0	197.82062780269058
10538.0	159.8385093167702
10613.0	130.67105263157896
10688.0	209.99221789883268
10763.0	202.68047337278105
10838.0	170.99481865284974
10913.0	147.01273885350318
10988.0	205.23387096774192
11063.0	209.62603878116343
11138.0	178.78034682080926
11213.0	144.0548780487805
11288.0	168.4962962962963
11363.0	194.98360655737704
11438.0	161.25862068965517
11513.0	153.7826086956522
11588.0	209.23828125
11663.0	186.73134328358208
11738.0	147.57236842105263
11813.0	125.41025641025641
11888.0	211.6140350877193
11963.0	184.49025069637884
12038.0	164.53403141361255
12113.0	184.3080808080808
12188.0	197.02105263157895
12263.0	164.8140703517588
12338.0	131.14685314685315
12413.0	223.11877394636016
12488.0	210.96378269617705
12563.0	173.8022813688213
12638.0	137.518018018018
12713.0	202.57993730407523
12788.0	197.0
12863.0	189.38028169014083
12938.0	136.16417910447763
13013.0	202.46
13088.0	191.6911111111111
13163.0	175.02857142857144
13238.0	135.31489361702128
13313.0	147.8421052631579
13388.0	173.90625
13463.0	206.0
13538.0	153.29032258064515
13613.0	203.87457627118644
13688.0	185.18571428571428
13763.0	165.51436031331593
13838.0	135.68636363636364
13913.0	200.3278008298755
13988.0	195.0806100217865
14063.0	167.33870967741936
14138.0	136.78688524590163
14213.0	212.90631808278866
14288.0	196.52646239554318
14363.0	163.69393139841688
14438.0	131.32222222222222
14513.0	131.92307692307693
14588.0	212.46346555323592
14663.0	184.09633027522935
14738.0	147.87431693989072
14813.0	119.61194029850746
14888.0	184.40392156862745
14963.0	155.5047619047619
15038.0	152.6216216216216
15113.0	156.66666666666666
15188.0	207.24737945492663
15263.0	182.61237785016286
15338.0	153.4355300859599
15413.0	141.0
15488.0	215.32824427480915
15563.0	200.01168224299064
15638.0	168.64426877470356
15713.0	143.36666666666667
15788.0	138.85714285714286
15863.0	222.4218487394958
15938.0	190.75160599571734
16013.0	151.2
16088.0	125.9125
16163.0	214.11522633744855
16238.0	188.0701754385965
16313.0	147.06802721088437
16388.0	173.65384615384616
16463.0	210.48071979434448
16538.0	188.44285714285715
16613.0	170.07368421052632
16688.0	144.2127659574468
16763.0	219.74347826086955
16838.0	209.5810185185185
16913.0	173.57033248081842
16988.0	143.54460093896714
17063.0	215.80716253443526
17138.0	203.39453125
17213.0	172.002538071066
17288.0	137.54751131221718
17363.0	193.09345794392524
17438.0	209.29540918163673
17513.0	170.73851590106008
17588.0	139.81764705882352
17663.0	198.94535519125682
17738.0	196.8
17813.0	175.7948717948718
17888.0	150.31428571428572
17963.0	185.87686567164178
18038.0	186.40495867768595
18113.0	179.64808362369337
18188.0	135.63385826771653
18263.0	222.9451219512195
18338.0	213.57908847184987
18413.0	184.43276283618582
18488.0	162.88177339901478
18563.0	129.98648648648648
18638.0	203.5967503692762
18713.0	174.20794392523365
18788.0	162.31690140845072
18863.0	129.21621621621622
18938.0	224.3053435114504
19013.0	194.13454545454545
19088.0	164.59375
19163.0	123.4375
19238.0	190.5
19313.0	149.33333333333334
19388.0	159.75
19463.0	142.5
19538.0	191.7058823529412
19613.0	215.09782608695653
19688.0	176.62248995983936
19763.0	139.06315789473683
19838.0	183.3896103896104
19913.0	192.352
19988.0	168.10638297872342
20063.0	167.68965517241378
20138.0	145.5
20213.0	195.4470588235294
20288.0	193.25641025641025
20363.0	161.62745098039215
20438.0	138.12
20513.0	224.75725593667545
20588.0	198.26174496644296
20663.0	164.3019801980198
20738.0	122.03
20813.0	202.4031746031746
20888.0	183.3125
20963.0	160.70491803278688
21038.0	132.67741935483872
21113.0	184.72413793103448
21188.0	204.17948717948718
21263.0	166.0
21338.0	208.75862068965517
21413.0	214.70422535211267
21488.0	182.4392523364486
21563.0	133.34375
21638.0	200.15873015873015
21713.0	189.97037037037038
21788.0	179.14718614718615
21863.0	152.3783783783784
21938.0	167.82075471698113
22013.0	201.54679802955664
22088.0	171.79194630872485
22163.0	143.01315789473685
22238.0	129.52777777777777
22313.0	187.1851851851852
22388.0	198.26666666666668
22463.0	163.6
22538.0	183.06896551724137
22613.0	181.27472527472528
22688.0	164.54615384615386
22763.0	128.48684210526315
22838.0	205.4953846153846
22913.0	189.5142857142857
22988.0	167.6551724137931
23063.0	135.72327044025158
23138.0	204.61137440758293
23213.0	192.132
23288.0	162.96410256410257
23363.0	129.27272727272728
23438.0	205.4037558685446
23513.0	202.52916666666667
23588.0	180.67021276595744
23663.0	136.36206896551724
23738.0	141.2
23813.0	219.68533333333335
23888.0	184.69146005509643
23963.0	148.86567164179104
24038.0	127.86538461538461
24113.0	203.48901098901098
24188.0	193.27376425855513
24263.0	161.6
24338.0	121.9090909090909
24413.0	210.69387755102042
24488.0	198.41176470588235
24563.0	162.03004291845494
24638.0	132.21212121212122
24713.0	201.22284644194755
24788.0	185.95901639344262
24863.0	157.5645933014354
24938.0	139.10526315789474
25013.0	219.18047337278105
25088.0	181.40384615384616
25163.0	153.5148514851485
25238.0	176.02083333333334
25313.0	211.48603351955308
25388.0	186.39366515837105
25463.0	162.1095890410959
25538.0	120.98507462686567
25613.0	200.52083333333334
25688.0	206.14077669902912
25763.0	176.86666666666667
25838.0	135.30379746835442
25913.0	201.8116883116883
25988.0	204.51601423487546
26063.0	177.6751592356688
26138.0	147.44604316546761
26213.0	196.96923076923076
26288.0	199.57142857142858
26363.0	174.1304347826087
26438.0	133.72916666666666
26513.0	205.1590909090909
26588.0	200.34313725490196
26663.0	172.35638297872342
26738.0	146.53684210526316
26813.0	187.76612903225808
26888.0	201.1103896103896
26963.0	173.44198895027625
27038.0	141.77702702702703
27113.0	174.33823529411765
27188.0	224.5301724137931
27263.0	185.22881355932202
27338.0	142.6328502415459
27413.0	116.96
27488.0	214.25581395348837
27563.0	211.08
27638.0	197.66666666666666
27713.0	141.42857142857142
27788.0	199.60326086956522
27863.0	179.9375
27938.0	154.46099290780143
28013.0	133.1153846153846
28088.0	222.42307692307693
28163.0	204.0701754385965
28238.0	156.91928251121075
28313.0	130.24576271186442
28388.0	208.8235294117647
28463.0	192.979020979021
28538.0	152.89
28613.0	159.64705882352942
28688.0	172.3294117647059
28763.0	189.29090909090908
28838.0	155.63636363636363
28913.0	117.27272727272727
28988.0	207.1917098445596
29063.0	204.83102493074793
29138.0	171.68354430379748
29213.0	142.06849315068493
29288.0	155.48936170212767
29363.0	196.65217391304347
29438.0	170.22222222222223
29513.0	201.15350877192984
29588.0	176.67605633802816
29663.0	141.32183908045977
29738.0	108.25
29813.0	0.0
29877.0	0.0
