#Position (bp)	Coverage
38.0	1.8666666666666667
113.0	4.56
188.0	0.68
263.0	4.16
338.0	5.053333333333334
413.0	6.933333333333334
488.0	0.0
563.0	0.0
638.0	0.0
713.0	0.0
788.0	0.5733333333333334
863.0	0.7066666666666667
938.0	1.0
1013.0	0.56
1088.0	0.0
1163.0	0.0
1238.0	0.0
1313.0	0.0
1388.0	0.0
1463.0	0.0
1538.0	0.0
1613.0	1.0133333333333334
1688.0	0.7466666666666667
1763.0	0.8266666666666667
1838.0	2474.88
1913.0	8843.626666666667
1988.0	0.0
2063.0	0.013333333333333334
2138.0	1.64
2213.0	1.3466666666666667
2288.0	0.2
2363.0	0.0
2438.0	0.0
2513.0	0.16
2588.0	1.0
2663.0	0.36
2738.0	0.6266666666666667
2813.0	1.2
2888.0	2379.1866666666665
2963.0	0.013333333333333334
3038.0	0.25333333333333335
3113.0	1.0
3188.0	1.12
3263.0	1.0
3338.0	1.2533333333333334
3413.0	1.0
3488.0	0.08
3563.0	0.0
3638.0	0.0
3713.0	0.0
3788.0	0.0
3863.0	0.0
3938.0	0.29333333333333333
4013.0	2.0
4088.0	3.0
4163.0	2664.213333333333
4238.0	0.0
4313.0	14075.013333333334
4388.0	0.0
4463.0	0.0
4538.0	0.0
4613.0	0.0
4688.0	1869.16
4763.0	0.0
4838.0	0.0
4913.0	0.0
4988.0	0.0
5063.0	0.0
5138.0	0.0
5213.0	0.0
5288.0	0.0
5363.0	0.0
5438.0	0.8666666666666667
5513.0	0.84
5588.0	16.626666666666665
5663.0	0.013333333333333334
5738.0	0.7466666666666667
5813.0	1.4266666666666667
5888.0	0.25333333333333335
5963.0	0.12
6038.0	0.8533333333333334
6113.0	0.5733333333333334
6188.0	6437.72
6263.0	631.96
6338.0	576.52
6413.0	639.8266666666667
6488.0	713.3866666666667
6563.0	120.84
6638.0	0.5733333333333334
6713.0	0.6666666666666666
6788.0	0.0
6863.0	0.0
6938.0	0.0
7013.0	0.0
7088.0	0.0
7163.0	0.0
7238.0	0.0
7313.0	0.0
7388.0	0.0
7463.0	0.0
7538.0	0.0
7613.0	0.0
7688.0	0.0
7763.0	0.0
7838.0	0.0
7913.0	0.0
7988.0	0.0
8063.0	0.0
8138.0	0.0
8213.0	0.0
8288.0	0.0
8363.0	0.0
8438.0	0.0
8513.0	0.0
8588.0	0.0
8663.0	0.0
8738.0	0.0
8813.0	0.0
8888.0	0.49333333333333335
8963.0	1.8
9038.0	0.25333333333333335
9113.0	0.7466666666666667
9188.0	0.9333333333333333
9263.0	0.72
9338.0	0.38666666666666666
9413.0	0.0
9488.0	0.0
9563.0	0.0
9638.0	0.5333333333333333
9713.0	0.9866666666666667
9788.0	0.96
9863.0	8602.88
9938.0	0.0
10013.0	0.0
10088.0	0.0
10163.0	0.0
10238.0	0.0
10313.0	0.0
10388.0	0.0
10463.0	0.5066666666666667
10538.0	0.0
10613.0	0.0
10688.0	3218.32
10763.0	0.0
10838.0	0.0
10913.0	0.0
10988.0	0.84
11063.0	4.453333333333333
11138.0	4.426666666666667
11213.0	2.16
11288.0	1.9066666666666667
11363.0	2.68
11438.0	0.0
11513.0	0.0
11588.0	0.0
11663.0	885.5466666666666
11738.0	0.56
11813.0	0.0
11888.0	1.8266666666666667
11963.0	2.8266666666666667
12038.0	0.5066666666666667
12113.0	0.64
12188.0	2.1866666666666665
12263.0	0.5866666666666667
12338.0	0.0
12413.0	0.0
12488.0	0.0
12563.0	0.0
12638.0	0.0
12713.0	0.0
12788.0	33.013333333333335
12863.0	0.0
12938.0	0.0
13013.0	1.2266666666666666
13088.0	0.68
13163.0	0.0
13238.0	0.0
13313.0	0.92
13388.0	0.26666666666666666
13463.0	0.0
13538.0	0.0
13613.0	0.0
13688.0	0.0
13763.0	0.0
13838.0	0.0
13913.0	0.26666666666666666
13988.0	1570.9333333333334
14063.0	0.3466666666666667
14138.0	0.5333333333333333
14213.0	1.56
14288.0	1.8666666666666667
14363.0	0.26666666666666666
14438.0	0.0
14513.0	0.0
14588.0	5313.1466666666665
14663.0	2.3733333333333335
14738.0	1.72
14813.0	1.1066666666666667
14888.0	0.84
14963.0	0.0
15038.0	0.0
15113.0	0.0
15188.0	0.0
15263.0	0.0
15338.0	0.0
15413.0	0.0
15488.0	2.48
15563.0	4.16
15638.0	1.9733333333333334
15713.0	3.16
15788.0	4.1466666666666665
15863.0	5561.653333333334
15938.0	0.6133333333333333
16013.0	1.3466666666666667
16088.0	2.28
16163.0	3.0
16238.0	1.0666666666666667
16313.0	0.4666666666666667
16388.0	0.3333333333333333
16463.0	0.6666666666666666
16538.0	0.0
16613.0	0.0
16688.0	0.0
16763.0	0.0
16838.0	0.0
16913.0	0.0
16988.0	0.0
17063.0	0.0
17138.0	0.0
17213.0	0.0
17288.0	0.0
17363.0	0.0
17438.0	0.0
17513.0	0.0
17588.0	0.0
17663.0	10.666666666666666
17738.0	0.0
17813.0	0.0
17888.0	0.0
17963.0	0.7066666666666667
18038.0	0.0
18113.0	0.0
18188.0	0.0
18263.0	0.0
18338.0	0.0
18413.0	0.0
18488.0	0.0
18563.0	0.0
18638.0	0.0
18713.0	0.0
18788.0	0.0
18863.0	0.013333333333333334
18938.0	4.293333333333333
19013.0	2.4
19088.0	3.6666666666666665
19163.0	2.7466666666666666
19238.0	4.266666666666667
19313.0	0.52
19388.0	0.0
19463.0	0.0
19538.0	35.17333333333333
19613.0	6785.533333333334
19688.0	2.7333333333333334
19763.0	4.32
19838.0	6.92
19913.0	4.666666666666667
19988.0	0.0
20063.0	0.0
20138.0	0.0
20213.0	0.0
20288.0	0.0
20363.0	0.92
20438.0	1.0
20513.0	0.7333333333333333
20588.0	0.52
20663.0	0.0
20738.0	0.0
20813.0	6.573333333333333
20888.0	3360.5466666666666
20963.0	4.066666666666666
21038.0	3.026666666666667
21113.0	3.4133333333333336
21188.0	0.5066666666666667
21263.0	0.0
21338.0	0.22666666666666666
21413.0	4.786666666666667
21488.0	7.1866666666666665
21563.0	4.786666666666667
21638.0	13.226666666666667
21713.0	12.146666666666667
21788.0	1.5333333333333334
21863.0	0.9466666666666667
21938.0	1.0
22013.0	0.7733333333333333
22088.0	1.1466666666666667
22163.0	2.973333333333333
22238.0	1.2533333333333334
22313.0	0.0
22388.0	0.0
22463.0	0.0
22538.0	2.76
22613.0	5.36
22688.0	5.173333333333333
22763.0	200.17333333333335
22838.0	1790.2
22913.0	0.8
22988.0	0.64
23063.0	2.92
23138.0	6.04
23213.0	11.093333333333334
23288.0	6.706666666666667
23363.0	7.613333333333333
23438.0	11.666666666666666
23513.0	6.44
23588.0	0.0
23663.0	0.0
23738.0	0.0
23813.0	0.0
23888.0	0.0
23963.0	0.0
24038.0	0.0
24113.0	0.0
24188.0	0.0
24263.0	0.0
24338.0	0.0
24413.0	0.0
24488.0	0.0
24563.0	0.0
24638.0	0.0
24713.0	250.02666666666667
24788.0	4.8533333333333335
24863.0	3.6266666666666665
24938.0	1.72
25013.0	1.8933333333333333
25088.0	0.14666666666666667
25163.0	0.0
25238.0	0.0
25313.0	0.0
25388.0	0.0
25463.0	0.0
25538.0	0.0
25613.0	2356.1866666666665
25688.0	0.0
25763.0	0.0
25838.0	0.0
25913.0	0.5066666666666667
25988.0	1.6533333333333333
26063.0	1.0
26138.0	0.05333333333333334
26213.0	0.0
26288.0	0.0
26363.0	0.0
26438.0	0.0
26513.0	0.0
26588.0	0.0
26663.0	0.0
26738.0	0.0
26813.0	0.0
26888.0	0.0
26963.0	0.0
27038.0	0.0
27113.0	0.08
27188.0	1106.8666666666666
27263.0	129.78666666666666
27338.0	2.24
27413.0	4.906666666666666
27488.0	3.2266666666666666
27563.0	0.02666666666666667
27638.0	0.0
27713.0	0.0
27788.0	0.0
27863.0	0.0
27938.0	0.0
28013.0	0.0
28088.0	3.36
28163.0	8.146666666666667
28238.0	6.1066666666666665
28313.0	4.653333333333333
28388.0	3.3466666666666667
28463.0	0.8666666666666667
28538.0	0.0
28613.0	0.0
28688.0	0.48
28763.0	0.6266666666666667
28838.0	0.0
28913.0	0.8666666666666667
28988.0	0.37333333333333335
29063.0	0.0
29138.0	0.0
29213.0	0.0
29288.0	0.0
29363.0	0.0
29438.0	0.0
29513.0	0.0
29588.0	0.0
29663.0	0.0
29738.0	0.0
29813.0	0.0
29877.0	73.60377358490567
