# Position (bp)	A	C	G	T	N
0.0	61.656526548672566	7.231747787610619	14.352876106194689	16.758849557522122	0.0
1.0	11.70374464557137	59.12670996269173	15.724747823683845	13.44479756805306	0.0
2.0	20.422149122807017	51.67214912280702	13.911732456140353	13.993969298245615	0.0
3.0	58.60750853242321	12.040955631399317	11.48122866894198	17.870307167235495	0.0
4.0	57.2674022612723	12.54597466285247	8.69091404440812	21.495709031467104	0.0
5.0	20.25574751734458	52.80914161338593	10.338729424568086	16.596381444701404	0.0
6.0	17.24840418307755	52.845307619176964	13.730816243379056	16.175471954366426	0.0
7.0	62.53051261187957	9.289395172226742	10.577705451586656	17.602386764307024	0.0
8.0	59.853618866901606	13.580916237462725	10.62618595825427	15.939278937381404	0.0
9.0	18.792309775250473	52.653669103709724	10.966693744922827	17.587327376116978	0.0
10.0	16.308025443226416	11.354716470429016	10.312626877791311	62.02463120855326	0.0
11.0	17.935885296902477	10.022994724739618	13.580413905045313	58.46070607331259	0.0
12.0	12.126537785588752	13.5189941868325	11.180208192510477	63.17425983506827	0.0
13.0	12.934180294634409	53.49371536694147	11.312339505338558	22.25976483308555	0.0
14.0	17.86871961102107	9.697460831982713	52.849810913019994	19.58400864397623	0.0
15.0	55.880766118154845	10.169948745616402	12.813595899649313	21.135689236579445	0.0
16.0	12.710607898638631	15.042458552365549	15.50074133980321	56.746192209192614	0.0
17.0	16.97426916341102	48.22847905159639	13.283039202478783	21.51421258251381	0.0
18.0	17.485529680979944	12.66657692825414	14.90106340018845	54.94682999057746	0.0
19.0	22.78293634773247	50.00672856950612	11.06176826806621	16.148566814695194	0.0
20.0	15.320521435290956	12.00107512431125	15.266765219728532	57.41163822066927	0.0
21.0	17.1923231780969	13.112333914910751	13.447859347738559	56.247483559253794	0.0
22.0	14.343163538873997	8.592493297587131	52.56032171581769	24.50402144772118	0.0
23.0	13.744139316811788	10.569323509711989	17.10649698593436	58.58004018754186	0.0
24.0	58.778625954198475	9.495111825364939	10.740591937859916	20.98567028257667	0.0
25.0	16.604177825388327	14.381360471344404	49.30369576861275	19.710765934654525	0.0
26.0	57.477573972419336	15.209532735305931	8.541973490427099	18.770919801847636	0.0
27.0	16.374347302182354	15.477306198955684	11.059044048734771	57.089302450127185	0.0
28.0	17.751004016064257	51.285140562249	6.198125836680054	24.765729585006692	0.0
29.0	13.813411859188864	9.356177218578503	14.40235577566591	62.42805514656673	0.0
30.0	20.519725326511377	13.922175844890267	47.717786454826985	17.840312373771376	0.0
31.0	19.063726153429847	10.269246380733325	9.741577594371533	60.9254498714653	0.0
32.0	20.002734481815697	10.582444626743232	9.488651900464863	59.926168990976215	0.0
33.0	15.255164865234642	55.50690928991654	7.976467368997127	21.26145847585169	0.0
34.0	20.811070009590356	12.960679545143169	11.892040005480203	54.33621043978627	0.0
35.0	14.438796537985986	53.8672894628383	11.979667536749554	19.714246462426157	0.0
36.0	16.907613933636238	8.412501721051907	14.470604433429713	60.20927991188214	0.0
37.0	53.57636012151339	16.252416459541564	9.555371444352389	20.61585197459265	0.0
38.0	56.14400889630248	11.912705031971086	11.592994161801501	20.350291909924938	0.0
39.0	60.17231795441912	12.965536409116178	8.893829905503058	17.968315730961645	0.0
40.0	19.27405740011255	50.689364096792346	9.735509285312324	20.30106921778278	0.0
41.0	16.774286124264602	8.150380255416847	54.22585736834553	20.849476251973023	0.0
42.0	60.59684195277416	10.748949732000579	11.951325510647544	16.70288280457772	0.0
43.0	57.734107488462115	12.133392883727854	9.200535953550693	20.93196367425934	0.0
44.0	18.60744297719088	48.70948379351741	7.187875150060025	25.49519807923169	0.0
45.0	27.493551160791057	20.292347377472055	12.919174548581255	39.29492691315563	0.0
46.0	28.683943089430898	16.10772357723577	21.544715447154474	33.66361788617886	0.0
47.0	28.710526315789476	17.605263157894736	19.815789473684212	33.86842105263158	0.0
48.0	25.799457994579946	16.23306233062331	21.951219512195124	36.016260162601625	0.0
49.0	27.97913234486546	15.733113673805601	13.920922570016476	42.36683141131247	0.0
50.0	30.86557194544948	23.851934316726968	19.6214862232118	25.661007514611743	0.0
51.0	37.08999158957107	20.717689935520045	15.166806840482197	27.025511634426692	0.0
52.0	27.093318297152525	16.154496757823512	17.084860445446857	39.667324499577106	0.0
53.0	30.265790225778794	21.949128322377824	22.00628751071735	25.77879394112604	0.0
54.0	33.61614979520187	17.612638970157988	11.46869514335869	37.302516091281454	0.0
55.0	29.14798206278027	18.41554559043348	14.080717488789238	38.35575485799701	0.0
56.0	24.857228734595733	19.687406071535918	14.908325819056206	40.547039374812144	0.0
57.0	30.47790802524797	17.733694018635408	17.072437631499852	34.71596032461677	0.0
58.0	28.862530413625304	21.59367396593674	20.042579075425788	29.501216545012166	0.0
59.0	29.480479557331694	22.07193359975407	20.965262834306795	27.48232400860744	0.0
60.0	31.184454040715607	14.651449722393583	22.239358420727946	31.924737816162864	0.0
61.0	43.39739615623063	16.646001239925603	14.817110973341599	25.13949163050217	0.0
62.0	28.313065169940753	18.116619893981913	20.95416276894294	32.616152167134395	0.0
63.0	39.96194100856327	15.382175705677135	20.04440215667618	24.611481129083412	0.0
64.0	32.791777188328915	15.152519893899205	17.572944297082227	34.48275862068966	0.0
65.0	35.82869080779944	20.96100278551532	17.862116991643454	25.348189415041784	0.0
66.0	25.914861837191932	25.728155339805824	19.081404032860345	29.2755787901419	0.0
67.0	23.53161242050131	19.15450804339693	19.715675271230825	37.59820426487093	0.0
68.0	30.532633158289574	16.954238559639908	16.204051012753187	36.30907726931733	0.0
69.0	23.82420971472629	20.740169622205087	23.82420971472629	31.61141094834233	0.0
70.0	26.689841637697953	23.561220548474317	20.548474314407105	29.200463499420625	0.0
71.0	26.527455529775718	18.17478731631864	22.583139984532096	32.71461716937355	0.0
72.0	25.184037194885704	22.04571871367687	17.97752808988764	34.79271600154979	0.0
73.0	31.073227431228208	13.676869430453312	20.96086788066641	34.289035257652074	0.0
74.0	29.54898911353033	17.223950233281492	21.61741835147745	31.609642301710732	0.0
75.0	29.03225806451613	19.91238550378335	20.270808442851454	30.784547988849063	0.0
76.0	26.27356598475732	21.25952667468913	16.60649819494585	35.860409145607704	0.0
77.0	29.210314262691377	25.463336019339245	17.60676873489122	27.719580983078163	0.0
78.0	31.969949916527547	19.991652754590987	17.195325542570952	30.843071786310517	0.0
79.0	28.43881856540084	22.320675105485233	17.468354430379744	31.772151898734176	0.0
80.0	27.238175675675674	20.18581081081081	20.43918918918919	32.13682432432432	0.0
81.0	29.705505761843792	17.328211694408875	18.950064020486558	34.016218523260775	0.0
82.0	30.676949443016284	15.509854327335045	20.522707797772068	33.29048843187661	0.0
83.0	27.004768097095795	17.598612917208495	20.806241872561767	34.59037711313394	0.0
84.0	26.58569500674764	19.65811965811966	18.083670715249664	35.67251461988304	0.0
85.0	33.122458201536375	19.02394938996837	19.92769995481247	27.92589245368278	0.0
86.0	30.6823316764573	18.255761409850884	20.69588793492996	30.36601897876186	0.0
87.0	30.81447963800905	18.506787330316744	20.588235294117645	30.09049773755656	0.0
88.0	33.151927437641724	20.272108843537413	16.870748299319725	29.705215419501137	0.0
89.0	29.735883424408016	17.987249544626593	19.489981785063755	32.78688524590164	0.0
90.0	29.005524861878452	17.817679558011047	19.10681399631676	34.06998158379374	0.0
91.0	29.314312011044642	21.260929590427978	14.496088357109988	34.9286700414174	0.0
92.0	28.691197019096414	18.95668374476013	18.211457848160222	34.140661387983236	0.0
93.0	34.23381462505822	16.627852817885422	18.58407079646018	30.55426176059618	0.0
94.0	30.023310023310025	18.275058275058274	20.83916083916084	30.862470862470865	0.0
95.0	31.7016317016317	19.44055944055944	18.974358974358974	29.88344988344988	0.0
96.0	28.544600938967136	16.666666666666664	18.826291079812208	35.96244131455399	0.0
97.0	29.732268670737433	17.050258337247534	21.747299201503054	31.47017379051198	0.0
98.0	33.63123236124177	19.708372530573847	17.02728127939793	29.633113828786456	0.0
99.0	31.491973559962226	19.02738432483475	16.572237960339944	32.90840415486308	0.0
100.0	33.191287878787875	14.441287878787879	18.513257575757574	33.85416666666667	0.0
101.0	32.52611585944919	18.471035137701804	18.99335232668566	30.009496676163344	0.0
102.0	29.85714285714286	18.714285714285715	20.57142857142857	30.857142857142854	0.0
103.0	28.142857142857142	19.428571428571427	18.952380952380953	33.476190476190474	0.0
104.0	30.391221374045802	16.364503816793892	20.56297709923664	32.68129770992366	0.0
105.0	30.644391408114558	18.042959427207634	18.568019093078757	32.74463007159905	0.0
106.0	29.083094555873924	18.433619866284623	19.579751671442217	32.90353390639923	0.0
107.0	30.35372848948375	17.97323135755258	18.738049713193117	32.93499043977056	0.0
108.0	31.909788867562376	17.610364683301345	18.234165067178505	32.24568138195777	0.0
109.0	28.908128908128912	19.865319865319865	21.741221741221743	29.485329485329487	0.0
110.0	24.854932301740813	21.808510638297875	20.406189555125724	32.93036750483559	0.0
111.0	30.36779324055666	17.693836978131213	19.4831013916501	32.45526838966203	0.0
112.0	27.028372324539575	18.267794922847187	20.65704330512693	34.04678944748631	0.0
113.0	28.657014478282576	19.221168247628555	18.72191712431353	33.399900149775334	0.0
114.0	30.356246864024083	16.959357752132465	19.668840943301554	33.01555444054189	0.0
115.0	28.923541247484906	18.51106639839034	19.014084507042252	33.5513078470825	0.0
116.0	27.530364372469634	19.02834008097166	19.534412955465587	33.906882591093115	0.0
117.0	29.873417721518987	18.27848101265823	18.48101265822785	33.36708860759494	0.0
118.0	27.129817444219068	15.872210953346855	21.095334685598377	35.902636916835704	0.0
119.0	24.01015228426396	21.82741116751269	25.279187817258887	28.883248730964468	0.0
120.0	27.924720244150556	21.46490335707019	21.26144455747711	29.348931841302132	0.0
121.0	29.76554536187564	18.246687054026502	19.367991845056064	32.61977573904179	0.0
122.0	30.214723926380366	18.098159509202453	19.989775051124745	31.697341513292432	0.0
123.0	31.65983606557377	17.827868852459016	19.56967213114754	30.942622950819672	0.0
124.0	30.55983564458141	16.84643040575244	21.00667693888033	31.587057010785824	0.0
125.0	28.858024691358025	18.415637860082303	19.54732510288066	33.17901234567901	0.0
126.0	30.356220960247803	18.843572534847702	19.566339700567887	31.233866804336603	0.0
127.0	28.045619491964747	20.42509072058061	20.58061171591498	30.94867807153966	0.0
128.0	31.29216398546964	18.42241826673586	20.031136481577583	30.254281266216914	0.0
129.0	29.583333333333332	18.645833333333332	19.21875	32.55208333333333	0.0
130.0	30.412102243088157	19.61398017736046	16.692749087115285	33.281168492436095	0.0
131.0	30.0	19.68586387434555	18.48167539267016	31.83246073298429	0.0
132.0	27.79234399580493	19.24488725747247	20.81803880440482	32.14472994231778	0.0
133.0	27.865404837013667	20.92534174553102	18.92744479495268	32.28180862250263	0.0
134.0	26.396206533192835	20.969441517386723	19.968387776606956	32.66596417281349	0.0
135.0	27.12401055408971	18.258575197889183	19.577836411609496	35.03957783641161	0.0
136.0	25.753569539925962	17.18667371760973	20.94130089899524	36.118455843469064	0.0
137.0	28.609201480698044	15.335801163405606	20.624008461131677	35.430988894764674	0.0
138.0	27.388535031847134	18.471337579617835	21.709129511677283	32.430997876857745	0.0
139.0	29.0580095795636	18.04151144225652	20.17030335284726	32.73017562533263	0.0
140.0	29.05117270788913	17.590618336886994	20.948827292110874	32.40938166311301	0.0
141.0	32.13903743315508	15.668449197860962	20.37433155080214	31.818181818181817	0.0
142.0	30.472103004291846	16.738197424892704	19.4206008583691	33.36909871244635	0.0
143.0	32.33082706766917	17.669172932330827	19.763694951664874	30.236305048335122	0.0
144.0	31.129032258064516	18.064516129032256	17.634408602150536	33.17204301075269	0.0
145.0	29.081081081081084	19.783783783783786	19.027027027027028	32.108108108108105	0.0
146.0	30.823401950162516	17.984832069339113	18.41820151679307	32.773564463705306	0.0
147.0	29.121475054229933	18.22125813449024	18.329718004338392	34.32754880694143	0.0
148.0	24.80916030534351	19.738276990185387	20.50163576881134	34.95092693565976	0.0
149.0	29.518072289156628	19.55093099671413	17.031763417305587	33.89923329682366	0.0
150.0	28.37541163556531	20.52689352360044	17.83754116355653	33.260153677277714	0.0
151.0	28.296703296703296	19.615384615384617	20.21978021978022	31.868131868131865	0.0
152.0	27.688913403199116	20.628792057363484	17.429674572531713	34.25261996690568	0.0
153.0	31.61967938087341	17.30237700386954	18.85019347705915	32.2277501381979	0.0
154.0	31.886477462437394	16.082359488035614	20.311630495269895	31.719532554257096	0.0
155.0	30.876605248464546	19.765494137353436	19.318816303740928	30.039084310441094	0.0
156.0	31.83098591549296	16.507042253521124	18.197183098591548	33.46478873239437	0.0
157.0	30.31161473087819	17.280453257790366	20.56657223796034	31.841359773371103	0.0
158.0	30.02849002849003	20.0	17.20797720797721	32.763532763532766	0.0
159.0	33.0848623853211	15.88302752293578	19.782110091743117	31.25	0.0
160.0	28.596087456846952	17.14614499424626	22.036823935558115	32.22094361334868	0.0
161.0	28.752886836027713	19.22632794457275	22.0554272517321	29.965357967667437	0.0
162.0	32.177931831311376	19.064124783362217	19.75736568457539	29.000577700751013	0.0
163.0	28.50521436848204	16.975666280417148	17.786790266512167	36.73232908458864	0.0
164.0	30.452436194895594	16.009280742459396	23.317865429234338	30.220417633410673	0.0
165.0	30.61699650756694	18.39348079161816	22.0023282887078	28.987194412107105	0.0
166.0	27.453271028037385	20.093457943925234	19.801401869158877	32.651869158878505	0.0
167.0	27.86596119929453	20.04703115814227	21.92827748383304	30.158730158730158	0.0
168.0	28.96755162241888	17.640117994100297	19.233038348082594	34.15929203539823	0.0
169.0	26.331360946745562	19.112426035502956	18.816568047337277	35.739644970414204	0.0
170.0	29.38726948245092	16.894705532421177	19.036287923854847	34.68173706127305	0.0
171.0	31.742243436754176	17.18377088305489	16.58711217183771	34.48687350835322	0.0
172.0	30.612244897959183	19.92797118847539	16.206482593037215	33.25330132052821	0.0
173.0	31.219806763285025	18.236714975845413	18.59903381642512	31.944444444444443	0.0
174.0	30.35279805352798	20.012165450121657	17.39659367396594	32.23844282238443	0.0
175.0	27.28937728937729	19.291819291819294	21.428571428571427	31.990231990231987	0.0
176.0	28.23818293431553	19.2756292203806	19.70534069981584	32.78084714548803	0.0
177.0	27.037037037037038	21.419753086419753	19.753086419753085	31.790123456790127	0.0
178.0	24.51893234016139	21.787709497206702	20.297951582867785	33.39540657976412	0.0
179.0	25.326695706285	18.97946484131923	24.393279402613565	31.300560049782206	0.0
180.0	29.618033813400125	16.96931747025673	19.849718221665626	33.56293049467752	0.0
181.0	27.952261306532662	19.597989949748744	20.35175879396985	32.097989949748744	0.0
182.0	31.855604813172896	18.429385687143764	19.569347688410385	30.145661811272955	0.0
183.0	27.173913043478258	22.698209718670075	20.588235294117645	29.53964194373401	0.0
184.0	28.976175144880877	21.056020605280104	18.351577591757888	31.616226658081132	0.0
185.0	27.54374594944913	20.47958522359041	24.23849643551523	27.738172391445236	0.0
186.0	30.44328552803129	17.926988265971318	20.33898305084746	31.290743155149936	0.0
187.0	30.930537352555703	20.38007863695937	17.300131061598954	31.389252948885975	0.0
188.0	28.157894736842103	20.723684210526315	21.710526315789476	29.407894736842106	0.0
189.0	29.747675962815407	19.787516600265604	20.0531208499336	30.411686586985393	0.0
190.0	30.2	17.533333333333335	19.733333333333334	32.53333333333333	0.0
191.0	28.313253012048197	19.076305220883537	20.816599732262382	31.79384203480589	0.0
192.0	29.871881321645315	21.57788267026298	18.94807821982468	29.602157788267025	0.0
193.0	31.50033944331297	17.854718262050238	20.23082145281738	30.414120841819415	0.0
194.0	29.089664613278575	20.191649555099247	21.765913757700204	28.952772073921974	0.0
195.0	29.57843814789219	18.866620594333103	19.972356599861783	31.58258465791292	0.0
196.0	27.9020979020979	19.72027972027972	20.97902097902098	31.3986013986014	0.0
197.0	29.537366548042705	20.355871886120998	20.2135231316726	29.8932384341637	0.0
198.0	28.227571115973742	22.39241429613421	20.350109409190374	29.029905178701675	0.0
199.0	27.0849273144606	25.095638867635806	18.362662586074983	29.456771231828615	0.0
200.0	29.5169946332737	17.173524150268335	19.767441860465116	33.54203935599284	0.0
201.0	31.446540880503143	19.87421383647799	16.47798742138365	32.20125786163522	0.0
202.0	34.5088161209068	17.884130982367758	18.387909319899247	29.219143576826195	0.0
203.0	33.121827411167516	17.258883248730964	20.685279187817258	28.934010152284262	0.0
204.0	33.16326530612245	19.260204081632654	23.08673469387755	24.489795918367346	0.0
205.0	34.58064516129033	15.612903225806452	23.741935483870968	26.064516129032256	0.0
206.0	30.417754569190603	19.06005221932115	22.193211488250654	28.3289817232376	0.0
207.0	24.605263157894736	22.36842105263158	19.86842105263158	33.1578947368421	0.0
208.0	24.43559096945551	17.928286852589643	23.771580345285525	33.86454183266932	0.0
209.0	23.8031914893617	18.351063829787233	22.340425531914892	35.505319148936174	0.0
210.0	24.765729585006692	17.13520749665328	21.5528781793842	36.54618473895582	0.0
211.0	31.40161725067385	19.137466307277627	21.159029649595688	28.30188679245283	0.0
212.0	28.04878048780488	15.582655826558264	26.01626016260163	30.35230352303523	0.0
213.0	30.434782608695656	21.331521739130434	18.478260869565215	29.7554347826087	0.0
214.0	31.36986301369863	22.602739726027394	18.767123287671232	27.26027397260274	0.0
215.0	29.903978052126202	22.633744855967077	19.204389574759944	28.25788751714678	0.0
216.0	32.2268326417704	19.22544951590595	19.91701244813278	28.63070539419087	0.0
217.0	27.019498607242337	19.080779944289695	24.233983286908078	29.66573816155989	0.0
218.0	23.646723646723647	17.236467236467238	22.507122507122507	36.60968660968661	0.0
219.0	19.278996865203762	22.10031347962382	24.45141065830721	34.1692789968652	0.0
220.0	0.0	31.566820276497698	25.806451612903224	42.626728110599075	0.0
