#Position (bp)	Coverage
38.0	2438.8
113.0	28.973333333333333
188.0	2.2266666666666666
263.0	2.3466666666666667
338.0	6.8133333333333335
413.0	11.346666666666666
488.0	11.2
563.0	11.96
638.0	14.773333333333333
713.0	45.49333333333333
788.0	9.0
863.0	16.026666666666667
938.0	19.68
1013.0	23.72
1088.0	11.746666666666666
1163.0	10.12
1238.0	18.466666666666665
1313.0	31.186666666666667
1388.0	19.346666666666668
1463.0	16.786666666666665
1538.0	16.96
1613.0	24.88
1688.0	8.146666666666667
1763.0	8.373333333333333
1838.0	11.973333333333333
1913.0	24.426666666666666
1988.0	12.0
2063.0	11.2
2138.0	12.52
2213.0	20.373333333333335
2288.0	11.173333333333334
2363.0	9.386666666666667
2438.0	9.586666666666666
2513.0	15.6
2588.0	13.44
2663.0	8.16
2738.0	9.72
2813.0	13.08
2888.0	12.853333333333333
2963.0	5.213333333333333
3038.0	5.693333333333333
3113.0	5.866666666666666
3188.0	16.213333333333335
3263.0	12.066666666666666
3338.0	13.76
3413.0	10.573333333333334
3488.0	24.4
3563.0	13.28
3638.0	11.92
3713.0	11.48
3788.0	12.72
3863.0	7.36
3938.0	4.64
4013.0	6.04
4088.0	11.706666666666667
4163.0	8.173333333333334
4238.0	8.506666666666666
4313.0	13.333333333333334
4388.0	14.266666666666667
4463.0	7.866666666666666
4538.0	11.066666666666666
4613.0	17.24
4688.0	18.226666666666667
4763.0	8.333333333333334
4838.0	13.466666666666667
4913.0	12.56
4988.0	19.506666666666668
5063.0	9.013333333333334
5138.0	8.2
5213.0	7.293333333333333
5288.0	13.693333333333333
5363.0	9.066666666666666
5438.0	8.56
5513.0	9.32
5588.0	20.266666666666666
5663.0	13.933333333333334
5738.0	13.413333333333334
5813.0	13.133333333333333
5888.0	16.24
5963.0	13.573333333333334
6038.0	8.613333333333333
6113.0	6.84
6188.0	12.946666666666667
6263.0	12.386666666666667
6338.0	9.586666666666666
6413.0	9.946666666666667
6488.0	20.133333333333333
6563.0	18.226666666666667
6638.0	13.226666666666667
6713.0	17.14666666666667
6788.0	27.24
6863.0	19.666666666666668
6938.0	10.373333333333333
7013.0	12.72
7088.0	15.44
7163.0	5.0
7238.0	5.706666666666667
7313.0	13.04
7388.0	16.12
7463.0	12.946666666666667
7538.0	14.4
7613.0	21.733333333333334
7688.0	24.466666666666665
7763.0	9.24
7838.0	7.933333333333334
7913.0	10.96
7988.0	23.48
8063.0	12.0
8138.0	10.266666666666667
8213.0	11.68
8288.0	23.973333333333333
8363.0	11.453333333333333
8438.0	9.0
8513.0	14.44
8588.0	20.026666666666667
8663.0	18.32
8738.0	8.573333333333334
8813.0	8.426666666666666
8888.0	19.2
8963.0	23.69333333333333
9038.0	11.226666666666667
9113.0	13.08
9188.0	14.586666666666666
9263.0	10.453333333333333
9338.0	2.986666666666667
9413.0	2.7466666666666666
9488.0	8.866666666666667
9563.0	11.466666666666667
9638.0	7.0
9713.0	6.426666666666667
9788.0	8.893333333333333
9863.0	9.48
9938.0	7.293333333333333
10013.0	8.213333333333333
10088.0	21.413333333333334
10163.0	23.746666666666666
10238.0	19.16
10313.0	15.666666666666666
10388.0	28.973333333333333
10463.0	23.186666666666667
10538.0	20.44
10613.0	23.56
10688.0	21.226666666666667
10763.0	11.16
10838.0	6.573333333333333
10913.0	9.613333333333333
10988.0	21.64
11063.0	28.69333333333333
11138.0	12.266666666666667
11213.0	9.64
11288.0	15.746666666666666
11363.0	25.386666666666667
11438.0	12.333333333333334
11513.0	12.226666666666667
11588.0	22.893333333333334
11663.0	29.96
11738.0	14.413333333333334
11813.0	16.12
11888.0	24.786666666666665
11963.0	16.12
12038.0	12.266666666666667
12113.0	19.826666666666668
12188.0	29.213333333333335
12263.0	18.28
12338.0	11.133333333333333
12413.0	16.16
12488.0	24.546666666666667
12563.0	11.333333333333334
12638.0	13.68
12713.0	15.64
12788.0	18.8
12863.0	8.426666666666666
12938.0	9.293333333333333
13013.0	21.30666666666667
13088.0	25.893333333333334
13163.0	10.306666666666667
13238.0	10.64
13313.0	19.88
13388.0	18.466666666666665
13463.0	12.453333333333333
13538.0	15.386666666666667
13613.0	16.92
13688.0	14.933333333333334
13763.0	10.253333333333334
13838.0	9.16
13913.0	10.266666666666667
13988.0	14.333333333333334
14063.0	9.933333333333334
14138.0	11.226666666666667
14213.0	15.146666666666667
14288.0	13.546666666666667
14363.0	6.093333333333334
14438.0	8.506666666666666
14513.0	8.16
14588.0	20.066666666666666
14663.0	10.133333333333333
14738.0	13.253333333333334
14813.0	15.08
14888.0	26.226666666666667
14963.0	12.826666666666666
15038.0	14.386666666666667
15113.0	12.36
15188.0	18.546666666666667
15263.0	8.973333333333333
15338.0	3.4266666666666667
15413.0	3.3733333333333335
15488.0	10.053333333333333
15563.0	17.48
15638.0	14.8
15713.0	14.4
15788.0	15.573333333333334
15863.0	17.333333333333332
15938.0	6.0
16013.0	8.12
16088.0	8.986666666666666
16163.0	16.0
16238.0	8.96
16313.0	7.986666666666666
16388.0	9.28
16463.0	26.16
16538.0	19.866666666666667
16613.0	15.52
16688.0	15.146666666666667
16763.0	23.546666666666667
16838.0	17.373333333333335
16913.0	9.693333333333333
16988.0	12.573333333333334
17063.0	16.506666666666668
17138.0	20.786666666666665
17213.0	8.4
17288.0	10.92
17363.0	20.266666666666666
17438.0	43.32
17513.0	10.853333333333333
17588.0	13.253333333333334
17663.0	15.826666666666666
17738.0	29.84
17813.0	8.48
17888.0	9.546666666666667
17963.0	12.613333333333333
18038.0	12.946666666666667
18113.0	7.0
18188.0	14.426666666666666
18263.0	21.973333333333333
18338.0	23.24
18413.0	14.013333333333334
18488.0	12.24
18563.0	13.693333333333333
18638.0	26.213333333333335
18713.0	11.28
18788.0	16.066666666666666
18863.0	11.853333333333333
18938.0	20.773333333333333
19013.0	11.946666666666667
19088.0	12.08
19163.0	14.853333333333333
19238.0	25.213333333333335
19313.0	16.053333333333335
19388.0	9.053333333333333
19463.0	10.026666666666667
19538.0	16.906666666666666
19613.0	16.906666666666666
19688.0	9.88
19763.0	11.146666666666667
19838.0	12.88
19913.0	21.30666666666667
19988.0	11.106666666666667
20063.0	11.573333333333334
20138.0	15.68
20213.0	26.253333333333334
20288.0	10.373333333333333
20363.0	11.053333333333333
20438.0	15.506666666666666
20513.0	23.266666666666666
20588.0	14.946666666666667
20663.0	8.746666666666666
20738.0	9.16
20813.0	14.173333333333334
20888.0	12.133333333333333
20963.0	9.906666666666666
21038.0	10.906666666666666
21113.0	14.253333333333334
21188.0	8.16
21263.0	5.093333333333334
21338.0	6.866666666666666
21413.0	12.72
21488.0	8.706666666666667
21563.0	15.32
21638.0	21.2
21713.0	26.32
21788.0	9.0
21863.0	10.68
21938.0	11.866666666666667
22013.0	19.36
22088.0	9.16
22163.0	11.8
22238.0	17.906666666666666
22313.0	28.733333333333334
22388.0	12.226666666666667
22463.0	11.16
22538.0	12.6
22613.0	17.026666666666667
22688.0	10.36
22763.0	8.786666666666667
22838.0	23.346666666666668
22913.0	10.253333333333334
22988.0	5.786666666666667
23063.0	7.493333333333333
23138.0	15.666666666666666
23213.0	12.426666666666666
23288.0	9.84
23363.0	14.653333333333334
23438.0	19.066666666666666
23513.0	17.30666666666667
23588.0	7.626666666666667
23663.0	7.08
23738.0	8.0
23813.0	16.76
23888.0	11.4
23963.0	13.466666666666667
24038.0	10.64
24113.0	18.56
24188.0	15.186666666666667
24263.0	15.693333333333333
24338.0	13.64
24413.0	26.213333333333335
24488.0	14.066666666666666
24563.0	10.786666666666667
24638.0	9.906666666666666
24713.0	20.30666666666667
24788.0	17.266666666666666
24863.0	10.586666666666666
24938.0	11.066666666666666
25013.0	16.36
25088.0	8.16
25163.0	3.9066666666666667
25238.0	2.8533333333333335
25313.0	10.613333333333333
25388.0	18.52
25463.0	18.213333333333335
25538.0	20.386666666666667
25613.0	22.04
25688.0	12.44
25763.0	9.373333333333333
25838.0	23.093333333333334
25913.0	36.013333333333335
25988.0	33.17333333333333
26063.0	20.066666666666666
26138.0	16.946666666666665
26213.0	26.933333333333334
26288.0	26.96
26363.0	9.32
26438.0	12.813333333333333
26513.0	40.6
26588.0	36.96
26663.0	16.533333333333335
26738.0	14.373333333333333
26813.0	17.546666666666667
26888.0	29.813333333333333
26963.0	12.0
27038.0	23.786666666666665
27113.0	30.44
27188.0	37.17333333333333
27263.0	11.546666666666667
27338.0	14.506666666666666
27413.0	23.8
27488.0	54.70666666666666
27563.0	22.72
27638.0	11.693333333333333
27713.0	14.853333333333333
27788.0	37.89333333333333
27863.0	25.893333333333334
27938.0	11.36
28013.0	9.866666666666667
28088.0	18.533333333333335
28163.0	17.613333333333333
28238.0	18.56
28313.0	44.346666666666664
28388.0	56.36
28463.0	47.053333333333335
28538.0	22.6
28613.0	20.706666666666667
28688.0	33.0
28763.0	36.57333333333333
28838.0	30.666666666666668
28913.0	30.426666666666666
28988.0	35.84
29063.0	31.333333333333332
29138.0	35.2
29213.0	31.0
29288.0	46.42666666666667
29363.0	50.96
29438.0	16.746666666666666
29513.0	59.733333333333334
29588.0	38.693333333333335
29663.0	25.173333333333332
29738.0	12.04
29813.0	18.173333333333332
29877.0	7.886792452830188
