# Position (bp)	A	C	G	T	N
0.0	25.88349203815333	23.429540233988167	24.31770163386883	26.369266093989673	0.0
1.0	25.77169475035393	19.818148248123666	15.85086867508716	38.55928832643525	0.0
2.0	27.71497440663112	19.106747848237447	19.02217182980958	34.15610591532185	0.0
3.0	23.074972818986815	21.945084663760674	15.74641033540067	39.233532181851835	0.0
4.0	33.82221273129242	13.617374352680574	14.892275570988117	37.66813734503889	0.0
5.0	34.70728003076495	15.019183996669092	22.934409892672775	27.339126079893187	0.0
6.0	30.650166877844402	17.4844609663242	21.29056386259244	30.57480829323896	0.0
7.0	34.444110853546874	17.34964392400701	20.149335595159787	28.05690962728633	0.0
8.0	22.42091590877175	26.91924886731638	22.116635581250517	28.54319964266135	0.0
9.0	28.102605790291758	18.58178350520836	15.79393007979325	37.52168062470663	0.0
10.0	26.13001466953724	16.25094515565222	25.684984815378815	31.934055359431724	0.0
11.0	27.95564318885997	17.72017032643495	19.79151593279564	34.53267055190944	0.0
12.0	26.22962428801837	19.058934287982296	21.865426937781198	32.84601448621813	0.0
13.0	26.346296479645098	20.794239397387862	18.629470524438293	34.22999359852874	0.0
14.0	30.726981860627507	18.10329657731731	20.686652992557537	30.48306856949765	0.0
15.0	29.85944955898526	17.84822647445952	20.0603216074574	32.23200235909782	0.0
16.0	29.627374513593075	17.628016397707334	18.68247540123436	34.062133687465234	0.0
17.0	30.473354794496206	17.615069151522462	19.634799472008897	32.27677658197244	0.0
18.0	30.442262697620876	17.3275841681234	19.15047358995604	33.07967954429969	0.0
19.0	29.84774492775931	17.912829090872165	19.65651183016206	32.58291415120647	0.0
20.0	30.07721449017312	17.334799351755837	20.114141532774905	32.47384462529614	0.0
21.0	28.985664098194906	18.206300004395917	19.645969645188	33.16206625222117	0.0
22.0	29.693727480109146	18.752288983603762	22.58377863709724	28.970204899189856	0.0
23.0	29.391103972533134	20.083289942020656	21.497652994294526	29.027953091151687	0.0
24.0	31.634638600136793	19.698079304755595	18.505048691132288	30.162233403975325	0.0
25.0	28.870515112001698	21.179463396104094	19.440123128444835	30.509898363449377	0.0
26.0	31.829515365468424	16.533432956313266	21.59425628626214	30.04279539195617	0.0
27.0	26.07858644397938	20.78162618748227	25.38838732228101	27.751400046257345	0.0
28.0	25.91719347528272	19.534989431760195	18.548379877280414	35.99943721567667	0.0
29.0	27.495434726171087	19.690236132918113	17.70529903128143	35.109030109629366	0.0
30.0	26.343670750407654	19.0852398757673	16.9343169872566	37.63677238656844	0.0
31.0	33.62550144746057	14.27069180116593	17.8696430242728	34.2341637271007	0.0
32.0	34.13923544297972	15.624531720500338	22.359350327550302	27.876882508969647	0.0
33.0	30.612214500975593	18.002691495283127	21.192215460844785	30.1928785428965	0.0
34.0	33.443590836376416	16.289031385687796	21.474126372608143	28.793251405327645	0.0
35.0	25.701053915496182	20.764936822244668	24.92418669360218	28.609822568656973	0.0
