#Position (bp)	Coverage
38.0	1419.3733333333332
113.0	32.12
188.0	24.906666666666666
263.0	21.24
338.0	52.17333333333333
413.0	62.78666666666667
488.0	56.14666666666667
563.0	51.906666666666666
638.0	69.4
713.0	95.04
788.0	59.346666666666664
863.0	76.82666666666667
938.0	93.26666666666667
1013.0	109.56
1088.0	62.266666666666666
1163.0	72.96
1238.0	89.78666666666666
1313.0	121.42666666666666
1388.0	69.28
1463.0	67.94666666666667
1538.0	62.56
1613.0	105.85333333333334
1688.0	44.6
1763.0	47.86666666666667
1838.0	54.49333333333333
1913.0	117.37333333333333
1988.0	85.66666666666667
2063.0	83.06666666666666
2138.0	81.14666666666666
2213.0	111.44
2288.0	48.45333333333333
2363.0	30.64
2438.0	29.573333333333334
2513.0	77.01333333333334
2588.0	97.05333333333333
2663.0	85.56
2738.0	86.09333333333333
2813.0	105.18666666666667
2888.0	139.13333333333333
2963.0	92.08
3038.0	100.90666666666667
3113.0	91.8
3188.0	123.22666666666667
3263.0	70.56
3338.0	88.28
3413.0	77.06666666666666
3488.0	133.65333333333334
3563.0	85.77333333333333
3638.0	91.45333333333333
3713.0	76.10666666666667
3788.0	104.88
3863.0	60.373333333333335
3938.0	31.44
4013.0	28.0
4088.0	64.69333333333333
4163.0	52.72
4238.0	47.053333333333335
4313.0	82.98666666666666
4388.0	94.41333333333333
4463.0	61.86666666666667
4538.0	57.4
4613.0	76.84
4688.0	100.69333333333333
4763.0	75.50666666666666
4838.0	96.08
4913.0	82.54666666666667
4988.0	119.61333333333333
5063.0	55.45333333333333
5138.0	68.28
5213.0	56.266666666666666
5288.0	84.2
5363.0	43.49333333333333
5438.0	55.973333333333336
5513.0	49.52
5588.0	86.22666666666667
5663.0	57.06666666666667
5738.0	46.42666666666667
5813.0	46.89333333333333
5888.0	91.52
5963.0	81.49333333333334
6038.0	61.17333333333333
6113.0	54.333333333333336
6188.0	95.10666666666667
6263.0	83.86666666666666
6338.0	67.01333333333334
6413.0	65.01333333333334
6488.0	112.18666666666667
6563.0	89.94666666666667
6638.0	72.02666666666667
6713.0	107.81333333333333
6788.0	160.45333333333335
6863.0	130.04
6938.0	91.4
7013.0	95.30666666666667
7088.0	140.85333333333332
7163.0	100.88
7238.0	130.72
7313.0	125.34666666666666
7388.0	145.37333333333333
7463.0	66.25333333333333
7538.0	76.94666666666667
7613.0	91.09333333333333
7688.0	90.14666666666666
7763.0	46.8
7838.0	45.92
7913.0	44.12
7988.0	108.96
8063.0	76.42666666666666
8138.0	77.42666666666666
8213.0	80.77333333333333
8288.0	156.42666666666668
8363.0	91.38666666666667
8438.0	64.18666666666667
8513.0	61.306666666666665
8588.0	95.2
8663.0	88.14666666666666
8738.0	58.586666666666666
8813.0	68.93333333333334
8888.0	84.42666666666666
8963.0	92.78666666666666
9038.0	45.81333333333333
9113.0	41.16
9188.0	45.13333333333333
9263.0	45.986666666666665
9338.0	28.826666666666668
9413.0	40.48
9488.0	73.30666666666667
9563.0	79.22666666666667
9638.0	56.986666666666665
9713.0	49.586666666666666
9788.0	79.41333333333333
9863.0	90.16
9938.0	73.65333333333334
10013.0	72.28
10088.0	115.98666666666666
10163.0	104.28
10238.0	72.6
10313.0	72.30666666666667
10388.0	112.53333333333333
10463.0	86.30666666666667
10538.0	86.50666666666666
10613.0	70.4
10688.0	68.66666666666667
10763.0	32.18666666666667
10838.0	6.16
10913.0	9.453333333333333
10988.0	21.69333333333333
11063.0	51.77333333333333
11138.0	46.24
11213.0	41.36
11288.0	55.973333333333336
11363.0	81.65333333333334
11438.0	48.54666666666667
11513.0	54.06666666666667
11588.0	79.05333333333333
11663.0	97.96
11738.0	77.88
11813.0	77.33333333333333
11888.0	109.05333333333333
11963.0	83.4
12038.0	62.14666666666667
12113.0	86.14666666666666
12188.0	119.25333333333333
12263.0	76.93333333333334
12338.0	54.53333333333333
12413.0	79.21333333333334
12488.0	95.86666666666666
12563.0	66.97333333333333
12638.0	64.09333333333333
12713.0	74.05333333333333
12788.0	80.42666666666666
12863.0	48.85333333333333
12938.0	57.81333333333333
13013.0	90.08
13088.0	76.45333333333333
13163.0	36.81333333333333
13238.0	38.68
13313.0	85.34666666666666
13388.0	107.41333333333333
13463.0	96.25333333333333
13538.0	85.32
13613.0	96.64
13688.0	69.86666666666666
13763.0	42.266666666666666
13838.0	34.76
13913.0	53.64
13988.0	57.50666666666667
14063.0	39.36
14138.0	58.666666666666664
14213.0	63.373333333333335
14288.0	47.88
14363.0	14.56
14438.0	11.88
14513.0	16.72
14588.0	112.33333333333333
14663.0	125.41333333333333
14738.0	135.05333333333334
14813.0	108.32
14888.0	133.48
14963.0	55.973333333333336
15038.0	70.89333333333333
15113.0	70.68
15188.0	100.90666666666667
15263.0	51.36
15338.0	36.25333333333333
15413.0	31.88
15488.0	54.70666666666666
15563.0	58.68
15638.0	47.053333333333335
15713.0	50.76
15788.0	56.10666666666667
15863.0	94.22666666666667
15938.0	58.82666666666667
16013.0	71.42666666666666
16088.0	64.26666666666667
16163.0	125.41333333333333
16238.0	82.26666666666667
16313.0	91.44
16388.0	78.44
16463.0	123.37333333333333
16538.0	69.04
16613.0	67.10666666666667
16688.0	68.13333333333334
16763.0	85.88
16838.0	56.52
16913.0	31.12
16988.0	36.76
17063.0	64.64
17138.0	76.56
17213.0	44.10666666666667
17288.0	51.92
17363.0	60.093333333333334
17438.0	89.70666666666666
17513.0	60.57333333333333
17588.0	67.33333333333333
17663.0	75.48
17738.0	99.73333333333333
17813.0	53.266666666666666
17888.0	62.44
17963.0	75.85333333333334
18038.0	84.21333333333334
18113.0	52.06666666666667
18188.0	61.093333333333334
18263.0	94.30666666666667
18338.0	95.4
18413.0	59.21333333333333
18488.0	55.36
18563.0	73.46666666666667
18638.0	109.44
18713.0	46.77333333333333
18788.0	57.653333333333336
18863.0	53.93333333333333
18938.0	106.78666666666666
19013.0	70.37333333333333
19088.0	83.78666666666666
19163.0	76.37333333333333
19238.0	141.24
19313.0	96.04
19388.0	75.14666666666666
19463.0	69.86666666666666
19538.0	92.46666666666667
19613.0	96.44
19688.0	60.24
19763.0	49.626666666666665
19838.0	54.44
19913.0	68.73333333333333
19988.0	44.333333333333336
20063.0	47.906666666666666
20138.0	52.45333333333333
20213.0	122.04
20288.0	85.72
20363.0	82.56
20438.0	79.90666666666667
20513.0	118.96
20588.0	66.06666666666666
20663.0	39.57333333333333
20738.0	48.28
20813.0	94.92
20888.0	89.52
20963.0	83.65333333333334
21038.0	71.29333333333334
21113.0	118.25333333333333
21188.0	74.97333333333333
21263.0	69.57333333333334
21338.0	81.22666666666667
21413.0	152.77333333333334
21488.0	112.69333333333333
21563.0	112.70666666666666
21638.0	104.49333333333334
21713.0	116.34666666666666
21788.0	57.586666666666666
21863.0	61.973333333333336
21938.0	67.37333333333333
22013.0	121.46666666666667
22088.0	81.77333333333333
22163.0	103.26666666666667
22238.0	106.52
22313.0	189.36
22388.0	112.54666666666667
22463.0	130.22666666666666
22538.0	145.26666666666668
22613.0	161.29333333333332
22688.0	81.53333333333333
22763.0	76.74666666666667
22838.0	109.54666666666667
22913.0	67.4
22988.0	39.86666666666667
23063.0	48.946666666666665
23138.0	78.33333333333333
23213.0	65.93333333333334
23288.0	47.32
23363.0	45.50666666666667
23438.0	66.29333333333334
23513.0	78.76
23588.0	50.56
23663.0	49.54666666666667
23738.0	48.17333333333333
23813.0	85.88
23888.0	58.74666666666667
23963.0	62.25333333333333
24038.0	59.36
24113.0	57.53333333333333
24188.0	22.533333333333335
24263.0	21.706666666666667
24338.0	26.866666666666667
24413.0	54.586666666666666
24488.0	51.026666666666664
24563.0	48.32
24638.0	48.6
24713.0	78.73333333333333
24788.0	74.4
24863.0	56.413333333333334
24938.0	54.81333333333333
25013.0	80.01333333333334
25088.0	49.17333333333333
25163.0	34.08
25238.0	22.026666666666667
25313.0	61.54666666666667
25388.0	57.306666666666665
25463.0	68.93333333333334
25538.0	66.90666666666667
25613.0	79.38666666666667
25688.0	52.16
25763.0	43.013333333333335
25838.0	53.29333333333334
25913.0	89.52
25988.0	102.89333333333333
26063.0	69.10666666666667
26138.0	63.52
26213.0	137.6
26288.0	164.46666666666667
26363.0	96.52
26438.0	79.42666666666666
26513.0	136.05333333333334
26588.0	120.8
26663.0	60.29333333333334
26738.0	55.733333333333334
26813.0	83.50666666666666
26888.0	165.94666666666666
26963.0	137.34666666666666
27038.0	134.57333333333332
27113.0	125.82666666666667
27188.0	149.53333333333333
27263.0	76.8
27338.0	88.52
27413.0	94.73333333333333
27488.0	178.36
27563.0	114.64
27638.0	118.01333333333334
27713.0	108.68
27788.0	165.74666666666667
27863.0	111.26666666666667
27938.0	72.22666666666667
28013.0	78.38666666666667
28088.0	102.93333333333334
28163.0	111.82666666666667
28238.0	83.48
28313.0	103.78666666666666
28388.0	115.97333333333333
28463.0	108.69333333333333
28538.0	43.8
28613.0	39.4
28688.0	83.6
28763.0	115.42666666666666
28838.0	137.14666666666668
28913.0	131.61333333333334
28988.0	140.08
29063.0	84.81333333333333
29138.0	65.44
29213.0	51.25333333333333
29288.0	64.6
29363.0	72.36
29438.0	44.10666666666667
29513.0	84.26666666666667
29588.0	90.22666666666667
29663.0	92.72
29738.0	50.0
29813.0	44.2
29877.0	11.339622641509434
