#Position (bp)	Coverage
38.0	1997.2133333333334
113.0	2048.2533333333336
188.0	1898.4533333333334
263.0	1930.9466666666667
338.0	2701.72
413.0	2336.84
488.0	1829.16
563.0	2025.0133333333333
638.0	2907.52
713.0	3184.0
788.0	2350.2933333333335
863.0	2284.8
938.0	2797.9333333333334
1013.0	2560.1866666666665
1088.0	1437.56
1163.0	1186.7066666666667
1238.0	1837.9066666666668
1313.0	1808.9866666666667
1388.0	902.3466666666667
1463.0	686.0
1538.0	952.4266666666666
1613.0	3185.64
1688.0	3323.92
1763.0	2370.2933333333335
1838.0	3570.96
1913.0	8256.133333333333
1988.0	2640.306666666667
2063.0	1926.96
2138.0	2657.2266666666665
2213.0	2439.6133333333332
2288.0	397.37333333333333
2363.0	76.65333333333334
2438.0	96.73333333333333
2513.0	410.2133333333333
2588.0	663.24
2663.0	492.88
2738.0	463.37333333333333
2813.0	614.2
2888.0	3342.7733333333335
2963.0	204.34666666666666
3038.0	173.41333333333333
3113.0	323.93333333333334
3188.0	2343.64
3263.0	3063.6666666666665
3338.0	2331.3333333333335
3413.0	2489.1866666666665
3488.0	1779.72
3563.0	275.0133333333333
3638.0	155.52
3713.0	139.05333333333334
3788.0	1269.52
3863.0	2291.7466666666664
3938.0	2103.56
4013.0	2624.8533333333335
4088.0	5962.933333333333
4163.0	6831.013333333333
4238.0	3884.4666666666667
4313.0	7949.733333333334
4388.0	6330.946666666667
4463.0	3057.306666666667
4538.0	3046.9866666666667
4613.0	3224.266666666667
4688.0	3335.0266666666666
4763.0	2383.693333333333
4838.0	1858.4933333333333
4913.0	2218.8
4988.0	1467.6
5063.0	106.54666666666667
5138.0	63.4
5213.0	279.08
5288.0	2745.0
5363.0	3719.1066666666666
5438.0	2895.32
5513.0	3238.68
5588.0	3866.173333333333
5663.0	2811.0266666666666
5738.0	2119.0933333333332
5813.0	2120.1866666666665
5888.0	2463.1466666666665
5963.0	1701.5866666666666
6038.0	1005.0
6113.0	1146.8133333333333
6188.0	4006.6666666666665
6263.0	5721.506666666667
6338.0	4684.48
6413.0	5098.986666666667
6488.0	5515.44
6563.0	3341.6
6638.0	2290.08
6713.0	2420.84
6788.0	2661.4
6863.0	1283.2666666666667
6938.0	113.44
7013.0	252.13333333333333
7088.0	757.92
7163.0	676.5466666666666
7238.0	461.53333333333336
7313.0	1398.72
7388.0	2184.693333333333
7463.0	1611.1333333333334
7538.0	1817.8133333333333
7613.0	2578.693333333333
7688.0	3129.48
7763.0	2553.84
7838.0	2099.826666666667
7913.0	2567.76
7988.0	3713.4266666666667
8063.0	3144.213333333333
8138.0	2608.56
8213.0	3153.72
8288.0	3668.32
8363.0	1890.8133333333333
8438.0	1025.28
8513.0	1269.5066666666667
8588.0	1482.76
8663.0	1247.8133333333333
8738.0	873.44
8813.0	796.52
8888.0	1990.8133333333333
8963.0	3609.6
9038.0	3389.4133333333334
9113.0	3480.5733333333333
9188.0	3954.4666666666667
9263.0	3290.8933333333334
9338.0	2116.72
9413.0	1992.1466666666668
9488.0	3352.52
9563.0	3419.4533333333334
9638.0	2079.4533333333334
9713.0	2070.5066666666667
9788.0	2783.48
9863.0	7193.266666666666
9938.0	2194.5866666666666
10013.0	2123.36
10088.0	3683.8133333333335
10163.0	4500.893333333333
10238.0	3235.866666666667
10313.0	2862.4933333333333
10388.0	3169.8533333333335
10463.0	2285.786666666667
10538.0	1511.3866666666668
10613.0	1863.6533333333334
10688.0	5011.506666666667
10763.0	4313.84
10838.0	3272.1466666666665
10913.0	3279.48
10988.0	4198.44
11063.0	4767.733333333334
11138.0	3306.2533333333336
11213.0	2636.3733333333334
11288.0	3448.346666666667
11363.0	5482.84
11438.0	4849.133333333333
11513.0	3914.2266666666665
11588.0	5271.32
11663.0	6672.88
11738.0	849.3466666666667
11813.0	1100.5733333333333
11888.0	3456.32
11963.0	4782.453333333333
12038.0	4575.44
12113.0	5647.8533333333335
12188.0	5931.533333333334
12263.0	3346.693333333333
12338.0	2674.266666666667
12413.0	3550.8533333333335
12488.0	4088.6266666666666
12563.0	3536.84
12638.0	3164.72
12713.0	4579.746666666667
12788.0	5802.826666666667
12863.0	5044.986666666667
12938.0	5035.64
13013.0	6625.96
13088.0	6942.8133333333335
13163.0	5498.8533333333335
13238.0	5528.933333333333
13313.0	5524.84
13388.0	4258.013333333333
13463.0	3009.3866666666668
13538.0	3094.4666666666667
13613.0	5970.426666666666
13688.0	7478.893333333333
13763.0	6556.293333333333
13838.0	7131.746666666667
13913.0	7401.72
13988.0	5568.253333333333
14063.0	2927.88
14138.0	2597.3866666666668
14213.0	4172.1866666666665
14288.0	4882.293333333333
14363.0	4084.0
14438.0	4789.666666666667
14513.0	6135.706666666667
14588.0	8741.64
14663.0	4493.84
14738.0	3744.346666666667
14813.0	4587.733333333334
14888.0	4543.84
14963.0	2455.7733333333335
15038.0	2090.1866666666665
15113.0	2530.96
15188.0	4262.506666666667
15263.0	4479.173333333333
15338.0	3907.3733333333334
15413.0	3985.2533333333336
15488.0	5148.266666666666
15563.0	4589.733333333334
15638.0	3630.9333333333334
15713.0	3891.3866666666668
15788.0	4638.56
15863.0	9985.44
15938.0	3824.306666666667
16013.0	3742.3733333333334
16088.0	4397.133333333333
16163.0	4487.213333333333
16238.0	2012.0
16313.0	1216.36
16388.0	1461.1333333333334
16463.0	1217.16
16538.0	352.38666666666666
16613.0	210.6
16688.0	270.93333333333334
16763.0	1226.9466666666667
16838.0	1990.7466666666667
16913.0	1871.3466666666666
16988.0	2139.84
17063.0	3694.84
17138.0	5478.0
17213.0	5069.986666666667
17288.0	5044.72
17363.0	5456.066666666667
17438.0	5092.066666666667
17513.0	3330.6
17588.0	2634.0
17663.0	3176.24
17738.0	3846.266666666667
17813.0	2807.1466666666665
17888.0	2422.3333333333335
17963.0	3858.8
18038.0	4510.986666666667
18113.0	3048.32
18188.0	3042.68
18263.0	4497.946666666667
18338.0	4750.28
18413.0	3844.4933333333333
18488.0	3891.9466666666667
18563.0	4817.706666666667
18638.0	6732.746666666667
18713.0	5425.56
18788.0	4366.613333333334
18863.0	4865.88
18938.0	5776.72
19013.0	3895.6666666666665
19088.0	3083.693333333333
19163.0	3473.4666666666667
19238.0	2770.0133333333333
19313.0	550.16
19388.0	13.76
19463.0	13.946666666666667
19538.0	333.18666666666667
19613.0	1156.2266666666667
19688.0	1221.32
19763.0	1107.3066666666666
19838.0	1688.8533333333332
19913.0	1579.5333333333333
19988.0	653.3466666666667
20063.0	430.8933333333333
20138.0	633.3466666666667
20213.0	680.9733333333334
20288.0	255.4
20363.0	159.88
20438.0	246.54666666666665
20513.0	2238.2
20588.0	2870.0666666666666
20663.0	2304.0266666666666
20738.0	2700.0133333333333
20813.0	4016.8
20888.0	3576.28
20963.0	2311.1866666666665
21038.0	2761.76
21113.0	2577.0933333333332
21188.0	699.52
21263.0	211.70666666666668
21338.0	390.2266666666667
21413.0	525.84
21488.0	244.02666666666667
21563.0	224.72
21638.0	509.88
21713.0	1509.0133333333333
21788.0	1518.68
21863.0	1094.3866666666668
21938.0	1424.5333333333333
22013.0	2090.5466666666666
22088.0	1611.9333333333334
22163.0	1192.28
22238.0	1626.5866666666666
22313.0	1610.0133333333333
22388.0	636.4133333333333
22463.0	414.25333333333333
22538.0	996.3333333333334
22613.0	1128.4933333333333
22688.0	506.14666666666665
22763.0	609.3066666666666
22838.0	3709.866666666667
22913.0	4996.68
22988.0	4627.933333333333
23063.0	4752.466666666666
23138.0	7174.1466666666665
23213.0	8048.453333333333
23288.0	4828.293333333333
23363.0	4584.6
23438.0	5053.066666666667
23513.0	3998.1866666666665
23588.0	2422.56
23663.0	1954.1333333333334
23738.0	2472.5066666666667
23813.0	3226.64
23888.0	2617.16
23963.0	2420.28
24038.0	3100.693333333333
24113.0	4749.64
24188.0	3781.9733333333334
24263.0	2828.2266666666665
24338.0	3518.96
24413.0	4556.0
24488.0	3307.6666666666665
24563.0	2481.0
24638.0	2682.4666666666667
24713.0	4093.213333333333
24788.0	3944.5733333333333
24863.0	3259.9466666666667
24938.0	3405.56
25013.0	4346.32
25088.0	3073.84
25163.0	1951.6133333333332
25238.0	1917.6
25313.0	3556.653333333333
25388.0	4116.36
25463.0	3478.4533333333334
25538.0	4184.7733333333335
25613.0	4882.573333333334
25688.0	1232.2266666666667
25763.0	475.2266666666667
25838.0	521.7733333333333
25913.0	1303.3066666666666
25988.0	1699.5466666666666
26063.0	1246.5066666666667
26138.0	1091.1466666666668
26213.0	2039.04
26288.0	2293.8933333333334
26363.0	1077.8533333333332
26438.0	1104.12
26513.0	1991.52
26588.0	3291.7066666666665
26663.0	3296.826666666667
26738.0	3032.84
26813.0	3531.7733333333335
26888.0	5217.426666666666
26963.0	4673.213333333333
27038.0	4366.2
27113.0	5613.2
27188.0	6477.653333333334
27263.0	4021.76
27338.0	3033.5466666666666
27413.0	3743.653333333333
27488.0	2787.653333333333
27563.0	184.65333333333334
27638.0	45.946666666666665
27713.0	70.14666666666666
27788.0	398.9066666666667
27863.0	839.4533333333334
27938.0	801.2266666666667
28013.0	842.2533333333333
28088.0	2375.1066666666666
28163.0	3895.733333333333
28238.0	3465.173333333333
28313.0	3650.0266666666666
28388.0	3803.733333333333
28463.0	2468.306666666667
28538.0	1298.0133333333333
28613.0	1095.8133333333333
28688.0	1416.7733333333333
28763.0	1053.84
28838.0	302.18666666666667
28913.0	297.68
28988.0	4153.32
29063.0	4865.36
29138.0	4319.613333333334
29213.0	3796.2266666666665
29288.0	3947.56
29363.0	2314.32
29438.0	24.16
29513.0	373.3333333333333
29588.0	180.57333333333332
29663.0	35.38666666666666
29738.0	8.866666666666667
29813.0	4.746666666666667
29877.0	370.37735849056605
