#Insert size (bp)	insert size
2.0	17.0
3.0	101.0
4.0	22.0
5.0	8.0
6.0	14.0
7.0	2.0
8.0	9.0
9.0	16.0
10.0	18.0
11.0	16.0
12.0	27.0
13.0	317.0
14.0	126.0
15.0	85.0
16.0	171.0
17.0	106.0
18.0	172.0
19.0	2017.0
20.0	5026.0
21.0	630.0
22.0	608.0
23.0	319.0
24.0	3220.0
25.0	3340.0
26.0	1650.0
27.0	2379.0
28.0	7622.0
29.0	529.0
30.0	3921.0
31.0	72.0
32.0	5.0
33.0	8.0
34.0	3.0
35.0	6.0
36.0	8.0
37.0	5.0
38.0	3.0
39.0	3.0
40.0	1.0
41.0	4.0
42.0	4.0
43.0	5.0
44.0	3.0
45.0	7.0
46.0	11.0
47.0	2.0
48.0	10.0
49.0	4.0
50.0	11.0
51.0	11.0
52.0	5.0
53.0	5.0
54.0	8.0
55.0	8.0
56.0	11.0
57.0	5.0
58.0	4.0
59.0	8.0
60.0	11.0
61.0	8.0
62.0	13.0
63.0	12.0
64.0	17.0
65.0	17.0
66.0	15.0
67.0	18.0
68.0	20.0
69.0	18.0
70.0	18.0
71.0	19.0
72.0	25.0
73.0	23.0
74.0	25.0
75.0	21.0
76.0	14.0
77.0	21.0
78.0	17.0
79.0	21.0
80.0	23.0
81.0	23.0
82.0	12.0
83.0	22.0
84.0	26.0
85.0	21.0
86.0	33.0
87.0	23.0
88.0	41.0
89.0	30.0
90.0	29.0
91.0	24.0
92.0	26.0
93.0	36.0
94.0	32.0
95.0	24.0
96.0	31.0
97.0	37.0
98.0	41.0
99.0	28.0
100.0	33.0
101.0	29.0
102.0	37.0
103.0	30.0
104.0	38.0
105.0	46.0
106.0	40.0
107.0	40.0
108.0	40.0
109.0	35.0
110.0	41.0
111.0	32.0
112.0	33.0
113.0	41.0
114.0	45.0
115.0	36.0
116.0	42.0
117.0	44.0
118.0	52.0
119.0	49.0
120.0	55.0
121.0	51.0
122.0	46.0
123.0	41.0
124.0	44.0
125.0	56.0
126.0	69.0
127.0	71.0
128.0	58.0
129.0	69.0
130.0	47.0
131.0	65.0
132.0	58.0
133.0	42.0
134.0	48.0
135.0	73.0
136.0	67.0
137.0	70.0
138.0	121.0
139.0	146.0
140.0	80.0
141.0	166.0
142.0	155.0
143.0	91.0
144.0	72.0
145.0	79.0
146.0	81.0
147.0	133.0
148.0	137.0
149.0	360.0
150.0	352.0
151.0	371.0
152.0	346.0
153.0	355.0
154.0	383.0
155.0	339.0
156.0	354.0
157.0	381.0
158.0	360.0
159.0	359.0
160.0	374.0
161.0	331.0
162.0	348.0
163.0	353.0
164.0	346.0
165.0	401.0
166.0	388.0
167.0	390.0
168.0	342.0
169.0	352.0
170.0	384.0
171.0	374.0
172.0	381.0
173.0	355.0
174.0	392.0
175.0	345.0
176.0	363.0
177.0	362.0
178.0	378.0
179.0	374.0
180.0	358.0
181.0	352.0
182.0	376.0
183.0	391.0
184.0	353.0
185.0	384.0
186.0	357.0
187.0	374.0
188.0	349.0
189.0	336.0
190.0	357.0
191.0	372.0
192.0	340.0
193.0	332.0
194.0	340.0
195.0	357.0
196.0	347.0
197.0	311.0
198.0	353.0
199.0	330.0
200.0	345.0
201.0	336.0
202.0	317.0
203.0	324.0
204.0	354.0
205.0	326.0
206.0	355.0
207.0	307.0
208.0	334.0
209.0	315.0
210.0	331.0
211.0	324.0
212.0	312.0
213.0	297.0
214.0	308.0
215.0	306.0
216.0	337.0
217.0	311.0
218.0	305.0
219.0	340.0
220.0	333.0
221.0	309.0
222.0	287.0
223.0	300.0
224.0	283.0
225.0	275.0
226.0	260.0
227.0	303.0
228.0	288.0
229.0	275.0
230.0	283.0
231.0	299.0
232.0	276.0
233.0	268.0
234.0	266.0
235.0	255.0
236.0	307.0
237.0	260.0
238.0	250.0
239.0	259.0
240.0	278.0
241.0	270.0
242.0	297.0
243.0	275.0
244.0	252.0
245.0	242.0
246.0	239.0
247.0	225.0
248.0	249.0
249.0	250.0
250.0	263.0
251.0	244.0
252.0	234.0
253.0	247.0
254.0	247.0
255.0	248.0
256.0	240.0
257.0	245.0
258.0	229.0
259.0	217.0
260.0	237.0
261.0	231.0
262.0	214.0
263.0	243.0
264.0	250.0
265.0	221.0
266.0	210.0
267.0	222.0
268.0	196.0
269.0	213.0
270.0	218.0
271.0	213.0
272.0	227.0
273.0	228.0
274.0	180.0
275.0	190.0
276.0	188.0
277.0	216.0
278.0	210.0
279.0	200.0
280.0	186.0
281.0	205.0
282.0	181.0
283.0	198.0
284.0	195.0
285.0	176.0
286.0	181.0
287.0	192.0
288.0	185.0
289.0	168.0
290.0	162.0
291.0	183.0
292.0	195.0
293.0	167.0
294.0	165.0
295.0	165.0
296.0	159.0
297.0	157.0
298.0	156.0
299.0	153.0
300.0	171.0
301.0	172.0
302.0	148.0
303.0	152.0
304.0	153.0
305.0	152.0
306.0	144.0
307.0	132.0
308.0	153.0
309.0	138.0
310.0	152.0
311.0	141.0
312.0	124.0
313.0	158.0
314.0	129.0
315.0	143.0
316.0	146.0
317.0	139.0
318.0	124.0
319.0	135.0
320.0	133.0
321.0	159.0
322.0	136.0
323.0	129.0
324.0	148.0
325.0	142.0
326.0	122.0
327.0	124.0
328.0	110.0
329.0	131.0
330.0	107.0
331.0	143.0
332.0	129.0
333.0	116.0
334.0	121.0
335.0	111.0
336.0	111.0
337.0	117.0
338.0	100.0
339.0	123.0
340.0	112.0
341.0	106.0
342.0	133.0
343.0	124.0
344.0	108.0
345.0	137.0
346.0	131.0
347.0	136.0
348.0	117.0
349.0	125.0
350.0	135.0
351.0	106.0
352.0	141.0
353.0	127.0
354.0	139.0
355.0	113.0
356.0	123.0
357.0	138.0
358.0	132.0
359.0	153.0
360.0	138.0
361.0	143.0
362.0	131.0
363.0	134.0
364.0	139.0
365.0	147.0
366.0	111.0
367.0	134.0
368.0	128.0
369.0	122.0
370.0	127.0
371.0	113.0
372.0	117.0
373.0	103.0
374.0	89.0
375.0	97.0
376.0	70.0
377.0	73.0
378.0	68.0
379.0	61.0
380.0	70.0
381.0	53.0
382.0	55.0
383.0	47.0
384.0	54.0
385.0	55.0
386.0	35.0
387.0	43.0
388.0	32.0
389.0	40.0
390.0	43.0
391.0	32.0
392.0	28.0
393.0	30.0
394.0	33.0
395.0	39.0
396.0	53.0
397.0	30.0
398.0	29.0
399.0	41.0
400.0	61.0
401.0	204.0
402.0	260.0
403.0	1272.0
404.0	91.0
405.0	17.0
406.0	19.0
407.0	15.0
408.0	17.0
409.0	18.0
410.0	15.0
411.0	14.0
412.0	18.0
413.0	23.0
414.0	11.0
415.0	21.0
416.0	17.0
417.0	18.0
418.0	17.0
419.0	23.0
420.0	22.0
421.0	19.0
422.0	15.0
423.0	16.0
424.0	10.0
425.0	13.0
426.0	14.0
427.0	10.0
428.0	20.0
429.0	11.0
430.0	20.0
431.0	17.0
432.0	17.0
433.0	13.0
434.0	11.0
435.0	10.0
436.0	13.0
437.0	14.0
438.0	11.0
439.0	14.0
440.0	20.0
441.0	16.0
442.0	13.0
443.0	9.0
444.0	16.0
445.0	17.0
446.0	25.0
447.0	10.0
448.0	11.0
449.0	17.0
450.0	9.0
451.0	11.0
452.0	11.0
453.0	8.0
454.0	12.0
455.0	11.0
456.0	8.0
457.0	6.0
458.0	13.0
459.0	12.0
460.0	12.0
461.0	8.0
462.0	1.0
463.0	11.0
464.0	9.0
465.0	11.0
466.0	7.0
467.0	13.0
468.0	6.0
469.0	7.0
470.0	8.0
471.0	5.0
472.0	7.0
473.0	11.0
474.0	7.0
475.0	10.0
476.0	5.0
477.0	11.0
478.0	4.0
479.0	14.0
480.0	6.0
481.0	4.0
482.0	5.0
483.0	4.0
484.0	5.0
485.0	5.0
486.0	11.0
487.0	10.0
488.0	6.0
489.0	4.0
490.0	6.0
491.0	9.0
492.0	6.0
493.0	3.0
494.0	9.0
495.0	6.0
496.0	7.0
497.0	8.0
498.0	3.0
499.0	9.0
500.0	7.0
501.0	9.0
502.0	7.0
503.0	3.0
504.0	2.0
505.0	9.0
506.0	10.0
507.0	4.0
508.0	3.0
509.0	5.0
510.0	3.0
511.0	9.0
512.0	5.0
513.0	5.0
514.0	5.0
515.0	4.0
516.0	4.0
517.0	5.0
518.0	2.0
519.0	7.0
520.0	5.0
521.0	5.0
522.0	3.0
523.0	4.0
524.0	2.0
525.0	1.0
526.0	2.0
527.0	6.0
528.0	2.0
529.0	5.0
530.0	8.0
531.0	5.0
532.0	4.0
533.0	4.0
534.0	4.0
535.0	5.0
536.0	4.0
537.0	6.0
538.0	3.0
539.0	4.0
540.0	6.0
541.0	1.0
542.0	4.0
543.0	2.0
544.0	2.0
545.0	4.0
546.0	2.0
547.0	4.0
548.0	6.0
549.0	1.0
550.0	5.0
551.0	2.0
552.0	2.0
553.0	4.0
554.0	3.0
555.0	3.0
556.0	1.0
557.0	2.0
558.0	2.0
559.0	4.0
560.0	1.0
561.0	2.0
562.0	1.0
563.0	3.0
564.0	3.0
565.0	4.0
566.0	3.0
567.0	4.0
568.0	3.0
569.0	2.0
570.0	1.0
571.0	3.0
572.0	5.0
573.0	3.0
574.0	3.0
