#Position (bp)	Coverage
38.0	1923.9733333333334
113.0	61.92
188.0	55.52
263.0	48.92
338.0	91.82666666666667
413.0	96.18666666666667
488.0	85.44
563.0	84.48
638.0	97.17333333333333
713.0	101.92
788.0	71.10666666666667
863.0	97.72
938.0	118.54666666666667
1013.0	151.85333333333332
1088.0	101.92
1163.0	120.42666666666666
1238.0	140.58666666666667
1313.0	159.82666666666665
1388.0	74.08
1463.0	74.33333333333333
1538.0	75.54666666666667
1613.0	121.05333333333333
1688.0	45.25333333333333
1763.0	51.76
1838.0	58.50666666666667
1913.0	121.82666666666667
1988.0	87.81333333333333
2063.0	92.34666666666666
2138.0	101.76
2213.0	146.76
2288.0	80.26666666666667
2363.0	67.98666666666666
2438.0	57.28
2513.0	121.2
2588.0	140.41333333333333
2663.0	130.01333333333332
2738.0	131.29333333333332
2813.0	152.25333333333333
2888.0	189.49333333333334
2963.0	130.92
3038.0	149.88
3113.0	130.29333333333332
3188.0	157.48
3263.0	75.05333333333333
3338.0	94.10666666666667
3413.0	82.24
3488.0	170.58666666666667
3563.0	125.49333333333334
3638.0	129.81333333333333
3713.0	102.64
3788.0	140.70666666666668
3863.0	72.76
3938.0	38.92
4013.0	37.53333333333333
4088.0	91.76
4163.0	71.61333333333333
4238.0	61.72
4313.0	87.98666666666666
4388.0	104.68
4463.0	69.77333333333333
4538.0	67.54666666666667
4613.0	76.13333333333334
4688.0	115.38666666666667
4763.0	86.81333333333333
4838.0	111.49333333333334
4913.0	99.93333333333334
4988.0	140.34666666666666
5063.0	67.54666666666667
5138.0	87.12
5213.0	62.25333333333333
5288.0	65.58666666666667
5363.0	11.066666666666666
5438.0	8.12
5513.0	6.293333333333333
5588.0	44.693333333333335
5663.0	50.626666666666665
5738.0	48.77333333333333
5813.0	44.21333333333333
5888.0	104.49333333333334
5963.0	103.06666666666666
6038.0	82.78666666666666
6113.0	70.4
6188.0	119.73333333333333
6263.0	99.64
6338.0	76.29333333333334
6413.0	67.57333333333334
6488.0	120.90666666666667
6563.0	108.18666666666667
6638.0	92.24
6713.0	144.68
6788.0	222.50666666666666
6863.0	191.86666666666667
6938.0	153.98666666666668
7013.0	157.6
7088.0	297.0933333333333
7163.0	231.05333333333334
7238.0	275.2
7313.0	238.38666666666666
7388.0	223.22666666666666
7463.0	94.78666666666666
7538.0	106.14666666666666
7613.0	124.2
7688.0	127.09333333333333
7763.0	69.65333333333334
7838.0	77.49333333333334
7913.0	74.86666666666666
7988.0	153.16
8063.0	103.02666666666667
8138.0	114.89333333333333
8213.0	101.18666666666667
8288.0	201.38666666666666
8363.0	128.48
8438.0	103.64
8513.0	111.44
8588.0	141.93333333333334
8663.0	129.54666666666665
8738.0	90.72
8813.0	101.94666666666667
8888.0	124.96
8963.0	127.54666666666667
9038.0	65.90666666666667
9113.0	67.33333333333333
9188.0	70.0
9263.0	78.88
9338.0	59.026666666666664
9413.0	64.85333333333334
9488.0	95.4
9563.0	122.12
9638.0	102.38666666666667
9713.0	93.06666666666666
9788.0	122.65333333333334
9863.0	119.52
9938.0	100.68
10013.0	100.52
10088.0	164.93333333333334
10163.0	151.52
10238.0	98.73333333333333
10313.0	93.66666666666667
10388.0	138.73333333333332
10463.0	104.86666666666666
10538.0	80.41333333333333
10613.0	71.78666666666666
10688.0	96.44
10763.0	75.08
10838.0	53.64
10913.0	70.2
10988.0	89.73333333333333
11063.0	104.28
11138.0	57.22666666666667
11213.0	68.61333333333333
11288.0	85.86666666666666
11363.0	164.82666666666665
11438.0	120.4
11513.0	133.12
11588.0	153.70666666666668
11663.0	147.65333333333334
11738.0	78.82666666666667
11813.0	84.96
11888.0	132.2
11963.0	97.37333333333333
12038.0	72.8
12113.0	94.21333333333334
12188.0	142.52
12263.0	99.85333333333334
12338.0	69.16
12413.0	87.72
12488.0	105.28
12563.0	82.26666666666667
12638.0	88.97333333333333
12713.0	93.26666666666667
12788.0	98.34666666666666
12863.0	54.0
12938.0	64.16
13013.0	97.13333333333334
13088.0	93.84
13163.0	60.77333333333333
13238.0	51.50666666666667
13313.0	85.16
13388.0	100.54666666666667
13463.0	101.53333333333333
13538.0	108.85333333333334
13613.0	141.10666666666665
13688.0	119.8
13763.0	81.49333333333334
13838.0	76.65333333333334
13913.0	97.88
13988.0	91.38666666666667
14063.0	69.64
14138.0	72.94666666666667
14213.0	80.48
14288.0	80.01333333333334
14363.0	51.06666666666667
14438.0	52.28
14513.0	50.77333333333333
14588.0	131.66666666666666
14663.0	118.38666666666667
14738.0	135.58666666666667
14813.0	105.57333333333334
14888.0	164.6
14963.0	95.48
15038.0	128.92
15113.0	113.81333333333333
15188.0	144.04
15263.0	75.69333333333333
15338.0	58.64
15413.0	60.14666666666667
15488.0	86.12
15563.0	79.62666666666667
15638.0	56.89333333333333
15713.0	56.08
15788.0	51.89333333333333
15863.0	101.81333333333333
15938.0	67.8
16013.0	79.70666666666666
16088.0	73.41333333333333
16163.0	182.06666666666666
16238.0	136.16
16313.0	148.14666666666668
16388.0	134.41333333333333
16463.0	207.74666666666667
16538.0	106.09333333333333
16613.0	81.89333333333333
16688.0	72.92
16763.0	110.29333333333334
16838.0	84.93333333333334
16913.0	62.266666666666666
16988.0	55.346666666666664
17063.0	87.38666666666667
17138.0	97.94666666666667
17213.0	66.06666666666666
17288.0	74.64
17363.0	82.45333333333333
17438.0	130.81333333333333
17513.0	93.82666666666667
17588.0	113.01333333333334
17663.0	109.6
17738.0	128.82666666666665
17813.0	61.973333333333336
17888.0	77.26666666666667
17963.0	105.46666666666667
18038.0	126.08
18113.0	85.56
18188.0	105.33333333333333
18263.0	120.24
18338.0	112.45333333333333
18413.0	60.76
18488.0	58.906666666666666
18563.0	69.46666666666667
18638.0	138.46666666666667
18713.0	79.09333333333333
18788.0	77.68
18863.0	54.45333333333333
18938.0	137.02666666666667
19013.0	97.89333333333333
19088.0	125.12
19163.0	125.37333333333333
19238.0	223.22666666666666
19313.0	154.48
19388.0	140.61333333333334
19463.0	147.74666666666667
19538.0	175.49333333333334
19613.0	168.4
19688.0	102.64
19763.0	102.4
19838.0	108.01333333333334
19913.0	145.25333333333333
19988.0	85.54666666666667
20063.0	92.41333333333333
20138.0	95.65333333333334
20213.0	176.06666666666666
20288.0	106.38666666666667
20363.0	124.86666666666666
20438.0	114.04
20513.0	164.82666666666665
20588.0	88.77333333333333
20663.0	59.68
20738.0	71.61333333333333
20813.0	131.68
20888.0	112.18666666666667
20963.0	87.0
21038.0	63.2
21113.0	256.3466666666667
21188.0	226.90666666666667
21263.0	253.8
21338.0	210.30666666666667
21413.0	362.1333333333333
21488.0	258.0933333333333
21563.0	285.8
21638.0	232.01333333333332
21713.0	233.18666666666667
21788.0	89.26666666666667
21863.0	104.94666666666667
21938.0	100.64
22013.0	160.48
22088.0	107.65333333333334
22163.0	147.68
22238.0	140.96
22313.0	252.18666666666667
22388.0	172.97333333333333
22463.0	213.97333333333333
22538.0	211.70666666666668
22613.0	230.14666666666668
22688.0	120.72
22763.0	110.49333333333334
22838.0	153.76
22913.0	95.76
22988.0	59.46666666666667
23063.0	64.50666666666666
23138.0	100.34666666666666
23213.0	82.25333333333333
23288.0	55.54666666666667
23363.0	52.373333333333335
23438.0	70.38666666666667
23513.0	90.78666666666666
23588.0	71.29333333333334
23663.0	81.26666666666667
23738.0	73.96
23813.0	113.45333333333333
23888.0	67.72
23963.0	76.50666666666666
24038.0	64.6
24113.0	113.6
24188.0	77.48
24263.0	76.92
24338.0	74.73333333333333
24413.0	104.36
24488.0	72.94666666666667
24563.0	70.08
24638.0	60.82666666666667
24713.0	93.53333333333333
24788.0	81.52
24863.0	63.53333333333333
24938.0	54.68
25013.0	91.30666666666667
25088.0	61.13333333333333
25163.0	41.586666666666666
25238.0	28.186666666666667
25313.0	83.18666666666667
25388.0	88.88
25463.0	111.10666666666667
25538.0	96.77333333333333
25613.0	112.56
25688.0	70.92
25763.0	61.4
25838.0	74.46666666666667
25913.0	115.73333333333333
25988.0	125.53333333333333
26063.0	86.90666666666667
26138.0	86.16
26213.0	171.85333333333332
26288.0	190.73333333333332
26363.0	104.56
26438.0	92.70666666666666
26513.0	161.18666666666667
26588.0	126.58666666666667
26663.0	53.6
26738.0	64.17333333333333
26813.0	94.25333333333333
26888.0	177.61333333333334
26963.0	132.8
27038.0	146.88
27113.0	129.98666666666668
27188.0	183.84
27263.0	101.22666666666667
27338.0	130.04
27413.0	131.52
27488.0	250.88
27563.0	149.82666666666665
27638.0	166.4
27713.0	150.66666666666666
27788.0	194.4
27863.0	123.48
27938.0	74.88
28013.0	81.34666666666666
28088.0	128.4
28163.0	153.73333333333332
28238.0	131.13333333333333
28313.0	175.89333333333335
28388.0	181.09333333333333
28463.0	116.0
28538.0	50.22666666666667
28613.0	45.56
28688.0	85.2
28763.0	97.08
28838.0	82.72
28913.0	63.053333333333335
28988.0	84.72
29063.0	85.48
29138.0	71.12
29213.0	72.90666666666667
29288.0	94.70666666666666
29363.0	112.58666666666667
29438.0	71.04
29513.0	123.8
29588.0	148.76
29663.0	157.26666666666668
29738.0	75.18666666666667
29813.0	60.85333333333333
29877.0	18.81132075471698
