#Insert size (bp)	insert size
20.0	1.0
22.0	1.0
27.0	1.0
60.0	1.0
61.0	1.0
63.0	1.0
67.0	1.0
71.0	1.0
72.0	1.0
76.0	1.0
81.0	1.0
84.0	2.0
85.0	2.0
86.0	1.0
87.0	3.0
88.0	1.0
89.0	1.0
90.0	1.0
92.0	1.0
93.0	2.0
97.0	1.0
98.0	1.0
100.0	4.0
102.0	1.0
103.0	3.0
104.0	4.0
105.0	1.0
106.0	1.0
107.0	2.0
108.0	2.0
109.0	9.0
110.0	5.0
111.0	3.0
112.0	3.0
113.0	2.0
115.0	1.0
117.0	3.0
118.0	4.0
119.0	3.0
120.0	3.0
121.0	5.0
122.0	2.0
123.0	8.0
124.0	2.0
125.0	1.0
126.0	4.0
127.0	3.0
129.0	1.0
130.0	5.0
131.0	2.0
132.0	3.0
133.0	3.0
134.0	2.0
135.0	1.0
136.0	1.0
137.0	5.0
138.0	6.0
139.0	4.0
140.0	2.0
141.0	2.0
142.0	1.0
143.0	3.0
144.0	6.0
145.0	1.0
146.0	5.0
147.0	1.0
148.0	1.0
150.0	5.0
151.0	1.0
152.0	1.0
153.0	1.0
154.0	5.0
155.0	2.0
156.0	2.0
157.0	1.0
158.0	3.0
159.0	1.0
160.0	10.0
161.0	4.0
162.0	1.0
163.0	5.0
164.0	3.0
165.0	8.0
166.0	5.0
167.0	4.0
168.0	5.0
169.0	4.0
170.0	5.0
171.0	2.0
172.0	3.0
173.0	3.0
174.0	3.0
175.0	11.0
176.0	1.0
177.0	2.0
178.0	4.0
179.0	3.0
180.0	4.0
181.0	4.0
182.0	5.0
183.0	3.0
184.0	3.0
185.0	4.0
186.0	4.0
187.0	7.0
188.0	5.0
189.0	6.0
190.0	7.0
191.0	7.0
192.0	24.0
193.0	7.0
194.0	5.0
195.0	3.0
196.0	4.0
197.0	6.0
198.0	2.0
199.0	4.0
200.0	5.0
201.0	2.0
202.0	6.0
203.0	7.0
204.0	3.0
205.0	7.0
206.0	5.0
207.0	10.0
208.0	7.0
209.0	6.0
210.0	15.0
211.0	3.0
212.0	3.0
213.0	6.0
214.0	6.0
215.0	14.0
216.0	6.0
217.0	5.0
218.0	3.0
219.0	4.0
220.0	4.0
221.0	3.0
222.0	2.0
223.0	6.0
224.0	5.0
225.0	3.0
226.0	2.0
227.0	2.0
228.0	4.0
229.0	9.0
230.0	8.0
231.0	6.0
232.0	7.0
233.0	6.0
234.0	8.0
235.0	2.0
236.0	6.0
237.0	8.0
238.0	10.0
239.0	5.0
240.0	8.0
241.0	6.0
242.0	5.0
243.0	7.0
244.0	9.0
245.0	5.0
246.0	5.0
247.0	4.0
248.0	5.0
249.0	6.0
250.0	12.0
251.0	10.0
252.0	10.0
253.0	6.0
254.0	2.0
255.0	3.0
256.0	7.0
257.0	4.0
258.0	6.0
259.0	3.0
260.0	4.0
261.0	6.0
262.0	7.0
263.0	5.0
264.0	8.0
265.0	6.0
266.0	5.0
267.0	5.0
268.0	8.0
269.0	4.0
270.0	9.0
271.0	4.0
273.0	5.0
274.0	6.0
275.0	3.0
276.0	10.0
277.0	6.0
278.0	10.0
279.0	4.0
280.0	5.0
281.0	7.0
282.0	6.0
283.0	9.0
284.0	5.0
285.0	9.0
286.0	9.0
287.0	7.0
288.0	5.0
289.0	8.0
290.0	8.0
291.0	7.0
292.0	7.0
293.0	12.0
294.0	8.0
295.0	6.0
296.0	10.0
297.0	9.0
298.0	11.0
299.0	13.0
300.0	13.0
301.0	6.0
302.0	8.0
303.0	11.0
304.0	16.0
305.0	9.0
306.0	13.0
307.0	10.0
308.0	5.0
309.0	14.0
310.0	6.0
311.0	10.0
312.0	13.0
313.0	13.0
314.0	22.0
315.0	12.0
316.0	14.0
317.0	17.0
318.0	10.0
319.0	13.0
320.0	15.0
321.0	19.0
322.0	21.0
323.0	15.0
324.0	11.0
325.0	20.0
326.0	26.0
327.0	24.0
328.0	23.0
329.0	30.0
330.0	19.0
331.0	12.0
332.0	23.0
333.0	23.0
334.0	28.0
335.0	30.0
336.0	30.0
337.0	26.0
338.0	35.0
339.0	35.0
340.0	31.0
341.0	23.0
342.0	36.0
343.0	41.0
344.0	44.0
345.0	33.0
346.0	51.0
347.0	53.0
348.0	51.0
349.0	61.0
350.0	56.0
351.0	52.0
352.0	59.0
353.0	55.0
354.0	58.0
355.0	62.0
356.0	59.0
357.0	72.0
358.0	67.0
359.0	51.0
360.0	59.0
361.0	62.0
362.0	80.0
363.0	58.0
364.0	70.0
365.0	74.0
366.0	68.0
367.0	62.0
368.0	70.0
369.0	90.0
370.0	86.0
371.0	79.0
372.0	104.0
373.0	110.0
374.0	106.0
375.0	124.0
376.0	141.0
377.0	142.0
378.0	138.0
379.0	146.0
380.0	145.0
381.0	134.0
382.0	117.0
383.0	111.0
384.0	105.0
385.0	107.0
386.0	111.0
387.0	106.0
388.0	84.0
389.0	99.0
390.0	97.0
391.0	77.0
392.0	79.0
393.0	85.0
394.0	59.0
395.0	46.0
396.0	53.0
397.0	45.0
398.0	46.0
399.0	53.0
400.0	36.0
401.0	37.0
402.0	43.0
403.0	39.0
404.0	41.0
405.0	35.0
406.0	32.0
407.0	28.0
408.0	28.0
409.0	30.0
410.0	20.0
411.0	16.0
412.0	19.0
413.0	18.0
414.0	15.0
415.0	11.0
416.0	12.0
417.0	7.0
418.0	9.0
419.0	4.0
420.0	3.0
421.0	1.0
426.0	1.0
429.0	1.0
432.0	1.0
433.0	2.0
438.0	2.0
440.0	1.0
443.0	2.0
444.0	2.0
445.0	3.0
446.0	2.0
447.0	2.0
449.0	1.0
450.0	1.0
452.0	1.0
453.0	1.0
455.0	1.0
458.0	3.0
459.0	1.0
461.0	2.0
463.0	1.0
465.0	3.0
466.0	1.0
467.0	1.0
468.0	1.0
470.0	2.0
476.0	3.0
479.0	2.0
481.0	2.0
482.0	1.0
486.0	1.0
487.0	1.0
488.0	4.0
489.0	3.0
491.0	1.0
492.0	1.0
493.0	2.0
496.0	1.0
497.0	1.0
498.0	1.0
500.0	1.0
501.0	1.0
502.0	2.0
504.0	1.0
505.0	2.0
510.0	1.0
511.0	2.0
512.0	1.0
513.0	1.0
514.0	1.0
515.0	3.0
519.0	2.0
524.0	2.0
525.0	3.0
527.0	2.0
528.0	1.0
530.0	1.0
533.0	1.0
534.0	1.0
537.0	1.0
538.0	1.0
546.0	2.0
547.0	1.0
550.0	1.0
552.0	1.0
556.0	2.0
557.0	1.0
558.0	1.0
560.0	1.0
563.0	2.0
564.0	1.0
565.0	1.0
566.0	1.0
567.0	1.0
568.0	1.0
571.0	2.0
572.0	3.0
573.0	2.0
575.0	2.0
576.0	1.0
577.0	3.0
578.0	2.0
579.0	2.0
580.0	1.0
581.0	2.0
584.0	4.0
587.0	2.0
588.0	6.0
589.0	2.0
590.0	1.0
591.0	1.0
593.0	1.0
594.0	1.0
596.0	1.0
597.0	3.0
598.0	2.0
599.0	2.0
600.0	4.0
601.0	3.0
602.0	3.0
604.0	2.0
605.0	2.0
606.0	1.0
607.0	1.0
608.0	3.0
609.0	4.0
610.0	2.0
611.0	5.0
612.0	3.0
613.0	8.0
614.0	5.0
615.0	3.0
616.0	3.0
617.0	2.0
618.0	1.0
619.0	2.0
620.0	2.0
621.0	4.0
622.0	2.0
623.0	3.0
624.0	2.0
625.0	6.0
626.0	9.0
627.0	4.0
628.0	4.0
629.0	3.0
630.0	3.0
631.0	2.0
632.0	2.0
634.0	5.0
635.0	3.0
636.0	4.0
637.0	4.0
638.0	4.0
639.0	9.0
640.0	3.0
641.0	2.0
642.0	7.0
643.0	6.0
644.0	4.0
645.0	6.0
646.0	5.0
647.0	11.0
648.0	2.0
649.0	4.0
650.0	4.0
651.0	7.0
652.0	4.0
653.0	7.0
654.0	4.0
655.0	4.0
656.0	4.0
657.0	4.0
658.0	5.0
659.0	9.0
660.0	7.0
661.0	5.0
662.0	7.0
663.0	6.0
664.0	2.0
665.0	8.0
666.0	4.0
667.0	7.0
668.0	8.0
669.0	5.0
670.0	2.0
671.0	4.0
672.0	8.0
673.0	4.0
674.0	2.0
675.0	6.0
676.0	6.0
677.0	5.0
678.0	7.0
679.0	6.0
680.0	6.0
681.0	8.0
682.0	3.0
683.0	4.0
684.0	5.0
685.0	5.0
686.0	2.0
687.0	5.0
688.0	5.0
689.0	1.0
690.0	5.0
691.0	3.0
692.0	5.0
693.0	4.0
694.0	6.0
695.0	5.0
696.0	5.0
697.0	5.0
698.0	3.0
699.0	1.0
700.0	2.0
701.0	8.0
702.0	4.0
703.0	1.0
704.0	3.0
705.0	3.0
706.0	3.0
707.0	5.0
708.0	5.0
709.0	4.0
710.0	2.0
711.0	2.0
712.0	2.0
713.0	1.0
714.0	3.0
715.0	5.0
716.0	2.0
717.0	1.0
718.0	4.0
719.0	4.0
720.0	2.0
721.0	4.0
722.0	1.0
723.0	2.0
724.0	5.0
725.0	3.0
726.0	3.0
727.0	1.0
728.0	3.0
733.0	1.0
734.0	2.0
735.0	2.0
736.0	1.0
752.0	1.0
761.0	1.0
763.0	1.0
787.0	1.0
795.0	1.0
797.0	1.0
799.0	1.0
809.0	1.0
814.0	1.0
815.0	1.0
816.0	1.0
817.0	1.0
825.0	8.0
827.0	1.0
828.0	1.0
835.0	1.0
836.0	1.0
838.0	1.0
841.0	1.0
842.0	1.0
844.0	1.0
845.0	1.0
849.0	1.0
854.0	1.0
857.0	1.0
858.0	5.0
871.0	1.0
874.0	1.0
879.0	1.0
880.0	1.0
881.0	1.0
883.0	1.0
884.0	1.0
897.0	1.0
903.0	1.0
904.0	1.0
909.0	1.0
911.0	1.0
916.0	1.0
921.0	2.0
922.0	1.0
926.0	1.0
932.0	1.0
944.0	1.0
947.0	1.0
950.0	2.0
957.0	2.0
963.0	2.0
964.0	1.0
967.0	1.0
968.0	1.0
972.0	1.0
973.0	1.0
977.0	1.0
983.0	1.0
984.0	1.0
985.0	1.0
989.0	1.0
992.0	1.0
996.0	1.0
998.0	1.0
1000.0	1.0
1006.0	1.0
1011.0	1.0
1016.0	2.0
1018.0	1.0
1020.0	1.0
1024.0	1.0
1029.0	1.0
1032.0	1.0
1034.0	1.0
1036.0	1.0
1046.0	1.0
1183.0	1.0
1188.0	1.0
1190.0	1.0
1194.0	2.0
1219.0	1.0
1220.0	1.0
1229.0	1.0
1231.0	1.0
1239.0	2.0
1240.0	1.0
1244.0	1.0
1247.0	1.0
1250.0	1.0
1263.0	1.0
1264.0	1.0
1269.0	1.0
1271.0	1.0
1276.0	1.0
1291.0	1.0
1318.0	1.0
1334.0	1.0
1349.0	1.0
1352.0	1.0
1386.0	1.0
1406.0	2.0
1410.0	1.0
1417.0	1.0
1430.0	1.0
1436.0	1.0
1454.0	2.0
1457.0	1.0
1460.0	1.0
1471.0	2.0
1477.0	1.0
1491.0	1.0
1492.0	1.0
1493.0	3.0
1494.0	1.0
1495.0	1.0
1498.0	1.0
1499.0	1.0
1504.0	1.0
1514.0	1.0
1523.0	1.0
1528.0	1.0
1530.0	1.0
1533.0	1.0
1537.0	1.0
1541.0	1.0
1549.0	1.0
1553.0	2.0
1555.0	1.0
1558.0	1.0
1569.0	1.0
1580.0	1.0
1585.0	1.0
1603.0	1.0
1610.0	1.0
1611.0	1.0
1615.0	2.0
1626.0	1.0
1629.0	1.0
1642.0	1.0
1644.0	1.0
1649.0	1.0
1653.0	1.0
1656.0	1.0
1657.0	1.0
1660.0	1.0
1663.0	1.0
1696.0	1.0
1697.0	1.0
1724.0	1.0
1736.0	1.0
1759.0	1.0
1773.0	1.0
1780.0	1.0
1798.0	1.0
1826.0	1.0
1828.0	1.0
1831.0	1.0
1839.0	1.0
1840.0	1.0
1846.0	1.0
1849.0	2.0
1854.0	1.0
1860.0	1.0
1861.0	1.0
1872.0	2.0
1875.0	1.0
1885.0	1.0
1909.0	1.0
1910.0	1.0
1912.0	1.0
1914.0	1.0
1935.0	1.0
1944.0	1.0
1966.0	1.0
1972.0	1.0
1976.0	1.0
1997.0	1.0
2009.0	1.0
2034.0	1.0
2048.0	2.0
2057.0	1.0
2058.0	1.0
2064.0	1.0
2065.0	1.0
2074.0	1.0
2075.0	1.0
2085.0	1.0
2102.0	2.0
2103.0	1.0
2104.0	1.0
2112.0	1.0
2136.0	1.0
2137.0	1.0
2140.0	1.0
2151.0	1.0
2160.0	1.0
2161.0	1.0
2174.0	1.0
2188.0	1.0
2195.0	2.0
2211.0	1.0
2225.0	1.0
2226.0	1.0
2232.0	1.0
2233.0	1.0
2234.0	2.0
2267.0	1.0
2279.0	1.0
2297.0	1.0
2352.0	1.0
2354.0	1.0
2362.0	1.0
2369.0	1.0
2383.0	1.0
2394.0	1.0
2399.0	1.0
2405.0	1.0
2420.0	1.0
2424.0	1.0
2449.0	1.0
2458.0	1.0
2472.0	1.0
2480.0	1.0
2487.0	1.0
2491.0	1.0
2495.0	1.0
2516.0	1.0
2541.0	1.0
2543.0	1.0
2551.0	1.0
2553.0	1.0
2575.0	2.0
2577.0	1.0
2604.0	1.0
2634.0	1.0
2670.0	1.0
2678.0	1.0
2681.0	1.0
2687.0	1.0
2701.0	1.0
2705.0	1.0
2711.0	1.0
2712.0	1.0
2715.0	1.0
2718.0	3.0
2722.0	1.0
2729.0	1.0
2734.0	1.0
2736.0	2.0
2737.0	1.0
2815.0	1.0
2817.0	1.0
2823.0	1.0
2847.0	2.0
2848.0	1.0
2854.0	2.0
2858.0	1.0
2863.0	1.0
2867.0	1.0
2872.0	10.0
2877.0	1.0
2896.0	1.0
2908.0	1.0
2967.0	2.0
2992.0	2.0
3015.0	1.0
3024.0	1.0
3057.0	1.0
3058.0	1.0
3060.0	2.0
3064.0	1.0
3067.0	1.0
3070.0	1.0
3073.0	1.0
3087.0	1.0
3090.0	1.0
3094.0	1.0
3102.0	1.0
3136.0	1.0
3145.0	1.0
3158.0	1.0
3179.0	1.0
3180.0	1.0
3200.0	1.0
3221.0	1.0
3231.0	1.0
3234.0	1.0
3255.0	1.0
3296.0	3.0
3302.0	1.0
3309.0	1.0
3312.0	1.0
3318.0	1.0
3326.0	1.0
3338.0	1.0
3341.0	1.0
3369.0	1.0
3371.0	1.0
3389.0	1.0
3396.0	1.0
3412.0	1.0
3424.0	1.0
3426.0	1.0
3431.0	1.0
3444.0	1.0
3453.0	1.0
3480.0	1.0
3503.0	1.0
3526.0	1.0
3532.0	1.0
3558.0	1.0
3568.0	1.0
3576.0	1.0
3598.0	1.0
3602.0	1.0
3614.0	1.0
3617.0	1.0
3622.0	1.0
3641.0	1.0
3664.0	1.0
3695.0	1.0
3714.0	1.0
3744.0	1.0
3764.0	1.0
3778.0	1.0
3780.0	1.0
3803.0	1.0
3820.0	1.0
3823.0	1.0
3826.0	1.0
3842.0	1.0
3850.0	1.0
3853.0	2.0
3893.0	1.0
3896.0	1.0
3899.0	1.0
3900.0	1.0
3901.0	1.0
3905.0	1.0
3906.0	1.0
3908.0	1.0
3913.0	1.0
3916.0	1.0
3920.0	1.0
3925.0	1.0
3960.0	1.0
4011.0	1.0
4015.0	1.0
4038.0	1.0
4045.0	1.0
4049.0	1.0
4052.0	1.0
4058.0	1.0
4065.0	1.0
4067.0	1.0
4069.0	1.0
4077.0	1.0
4090.0	1.0
4093.0	2.0
4112.0	1.0
4114.0	1.0
4124.0	1.0
4126.0	1.0
4135.0	1.0
4137.0	1.0
4184.0	1.0
4205.0	1.0
4226.0	1.0
4253.0	1.0
4255.0	1.0
4266.0	1.0
4271.0	1.0
4295.0	1.0
4299.0	1.0
4309.0	1.0
4344.0	1.0
4347.0	1.0
4356.0	1.0
4367.0	1.0
4371.0	1.0
4372.0	1.0
4375.0	1.0
4383.0	1.0
4388.0	1.0
4414.0	1.0
4449.0	1.0
4456.0	2.0
4492.0	1.0
4496.0	1.0
4508.0	6.0
4519.0	1.0
4552.0	1.0
4560.0	1.0
4563.0	1.0
4567.0	1.0
4581.0	1.0
4586.0	1.0
4589.0	1.0
4598.0	1.0
4614.0	1.0
4644.0	1.0
4659.0	6.0
4660.0	2.0
4669.0	1.0
4699.0	1.0
4707.0	1.0
4709.0	1.0
4735.0	1.0
4746.0	1.0
4769.0	1.0
4772.0	1.0
4790.0	1.0
4818.0	1.0
4841.0	1.0
4842.0	1.0
4861.0	1.0
4870.0	1.0
4878.0	1.0
4914.0	1.0
4932.0	1.0
4938.0	1.0
4951.0	1.0
4958.0	1.0
4967.0	1.0
4975.0	1.0
5009.0	1.0
5023.0	1.0
5027.0	1.0
5044.0	1.0
5077.0	1.0
5082.0	1.0
5097.0	1.0
5109.0	1.0
5111.0	1.0
5123.0	2.0
5131.0	1.0
5138.0	1.0
5147.0	1.0
5159.0	1.0
5164.0	1.0
5170.0	1.0
5200.0	1.0
5206.0	1.0
5220.0	1.0
5227.0	2.0
5232.0	1.0
5233.0	1.0
5239.0	1.0
5246.0	1.0
5247.0	1.0
5259.0	1.0
5269.0	1.0
5300.0	1.0
5303.0	1.0
5306.0	1.0
5314.0	1.0
5337.0	1.0
5344.0	1.0
5347.0	1.0
5351.0	1.0
5365.0	1.0
5376.0	1.0
5385.0	1.0
5388.0	1.0
5422.0	1.0
5481.0	1.0
5484.0	1.0
5502.0	1.0
5515.0	2.0
5517.0	1.0
5529.0	1.0
5548.0	1.0
5556.0	1.0
5558.0	1.0
5577.0	1.0
5592.0	1.0
5620.0	1.0
5658.0	1.0
5666.0	1.0
5673.0	1.0
5680.0	1.0
5688.0	1.0
5701.0	1.0
5744.0	1.0
5760.0	1.0
5761.0	1.0
5764.0	1.0
5772.0	1.0
5776.0	1.0
5781.0	1.0
5831.0	1.0
5838.0	1.0
5839.0	1.0
5859.0	1.0
5871.0	1.0
5872.0	1.0
5910.0	1.0
5916.0	1.0
5927.0	2.0
5928.0	1.0
5944.0	1.0
5956.0	1.0
5966.0	1.0
5978.0	1.0
5984.0	1.0
6006.0	1.0
6025.0	1.0
6027.0	1.0
6044.0	1.0
6059.0	1.0
6069.0	1.0
6071.0	1.0
6079.0	1.0
6087.0	1.0
6090.0	1.0
6113.0	1.0
6125.0	1.0
6147.0	1.0
6151.0	1.0
6152.0	1.0
6175.0	1.0
6176.0	1.0
6190.0	1.0
6199.0	1.0
6206.0	1.0
6211.0	1.0
6227.0	1.0
6232.0	1.0
6255.0	1.0
6261.0	1.0
6262.0	1.0
6271.0	1.0
6275.0	1.0
6306.0	1.0
6341.0	1.0
6344.0	1.0
6348.0	1.0
6355.0	1.0
6358.0	1.0
6371.0	1.0
6378.0	1.0
6398.0	1.0
6409.0	1.0
6414.0	1.0
6434.0	1.0
6482.0	1.0
6530.0	1.0
6531.0	1.0
6566.0	1.0
6576.0	1.0
6579.0	1.0
6608.0	1.0
6623.0	1.0
6626.0	1.0
6644.0	1.0
6649.0	1.0
6671.0	1.0
6677.0	1.0
6690.0	1.0
6710.0	1.0
6711.0	1.0
6720.0	1.0
6725.0	2.0
6729.0	1.0
6765.0	1.0
6766.0	1.0
6779.0	1.0
6785.0	1.0
6822.0	1.0
6832.0	1.0
6861.0	1.0
6898.0	1.0
6902.0	1.0
6910.0	1.0
6913.0	1.0
6917.0	1.0
6928.0	1.0
6935.0	1.0
6939.0	1.0
6940.0	1.0
6946.0	1.0
6969.0	1.0
6970.0	1.0
6999.0	2.0
7006.0	1.0
7042.0	1.0
7057.0	1.0
7065.0	1.0
7069.0	1.0
7078.0	1.0
7087.0	1.0
7093.0	1.0
7098.0	1.0
7115.0	1.0
7137.0	1.0
7158.0	1.0
7168.0	1.0
7187.0	1.0
7201.0	1.0
7228.0	1.0
7240.0	1.0
7250.0	1.0
7272.0	1.0
7277.0	1.0
7281.0	1.0
7295.0	1.0
7298.0	1.0
7303.0	1.0
7317.0	1.0
7321.0	1.0
7323.0	1.0
7368.0	1.0
7374.0	2.0
7388.0	1.0
7397.0	1.0
7399.0	1.0
7405.0	1.0
7480.0	1.0
7517.0	1.0
7521.0	1.0
7527.0	1.0
7543.0	1.0
7554.0	1.0
7608.0	1.0
7612.0	1.0
7620.0	1.0
7633.0	1.0
7654.0	1.0
7667.0	1.0
7671.0	1.0
7672.0	2.0
7692.0	1.0
7694.0	1.0
7700.0	1.0
7725.0	1.0
7767.0	2.0
7771.0	1.0
7819.0	1.0
7828.0	1.0
7829.0	1.0
7847.0	1.0
7850.0	1.0
7863.0	1.0
7883.0	1.0
7885.0	1.0
7891.0	1.0
7899.0	1.0
7914.0	2.0
7915.0	1.0
7960.0	1.0
7962.0	1.0
7967.0	1.0
7981.0	1.0
7986.0	1.0
7988.0	1.0
7992.0	2.0
7995.0	1.0
8011.0	1.0
8021.0	1.0
8028.0	1.0
8040.0	1.0
8165.0	1.0
8176.0	1.0
8178.0	1.0
8200.0	1.0
8205.0	1.0
8217.0	1.0
8243.0	1.0
8252.0	1.0
8268.0	1.0
8275.0	2.0
8280.0	1.0
8287.0	1.0
8298.0	1.0
8303.0	1.0
8310.0	1.0
8328.0	1.0
8329.0	1.0
8349.0	1.0
8421.0	1.0
8427.0	1.0
8452.0	1.0
8485.0	1.0
8489.0	1.0
8516.0	1.0
8532.0	1.0
8563.0	1.0
8579.0	1.0
8582.0	1.0
8596.0	1.0
8635.0	1.0
8637.0	1.0
8658.0	1.0
8675.0	1.0
8679.0	1.0
8713.0	1.0
8741.0	1.0
8752.0	1.0
8771.0	1.0
8795.0	1.0
8839.0	1.0
8842.0	1.0
8843.0	1.0
8854.0	1.0
8867.0	1.0
8888.0	1.0
8895.0	1.0
8914.0	1.0
8937.0	1.0
8941.0	1.0
8950.0	1.0
8953.0	1.0
8962.0	1.0
8967.0	1.0
9030.0	1.0
9031.0	1.0
9094.0	1.0
9096.0	1.0
9101.0	1.0
9130.0	1.0
9154.0	1.0
9164.0	1.0
9168.0	1.0
9200.0	1.0
9208.0	1.0
9209.0	1.0
9233.0	1.0
9242.0	1.0
9250.0	1.0
9348.0	1.0
9355.0	1.0
9402.0	1.0
9420.0	1.0
9440.0	1.0
9462.0	1.0
9512.0	1.0
9521.0	1.0
9534.0	1.0
9557.0	1.0
9596.0	1.0
9621.0	1.0
9623.0	1.0
9633.0	1.0
9636.0	1.0
9674.0	1.0
9688.0	1.0
9704.0	1.0
9763.0	1.0
9773.0	1.0
9785.0	1.0
9792.0	1.0
9793.0	1.0
9806.0	1.0
9807.0	1.0
9811.0	1.0
9825.0	1.0
9831.0	1.0
9832.0	1.0
9837.0	1.0
9893.0	1.0
9908.0	1.0
9939.0	1.0
9965.0	1.0
9967.0	1.0
9987.0	1.0
9997.0	2.0
10003.0	1.0
10025.0	1.0
10027.0	1.0
10058.0	1.0
10077.0	1.0
10085.0	1.0
10090.0	1.0
10102.0	1.0
10107.0	1.0
10121.0	1.0
10124.0	1.0
10141.0	7.0
10152.0	1.0
10170.0	1.0
10229.0	1.0
10255.0	1.0
10299.0	1.0
10307.0	1.0
10314.0	1.0
10315.0	1.0
10330.0	1.0
10360.0	1.0
10389.0	1.0
10403.0	1.0
10409.0	1.0
10483.0	1.0
10530.0	1.0
10539.0	1.0
10545.0	1.0
10567.0	1.0
10586.0	1.0
10643.0	1.0
10702.0	1.0
10726.0	1.0
10777.0	1.0
10788.0	1.0
10804.0	1.0
10811.0	1.0
10812.0	1.0
10916.0	1.0
10921.0	1.0
10957.0	1.0
10996.0	1.0
10997.0	1.0
11000.0	1.0
11024.0	1.0
11061.0	1.0
11070.0	1.0
11080.0	1.0
11128.0	1.0
11140.0	1.0
11144.0	1.0
11202.0	1.0
11236.0	1.0
11292.0	1.0
11313.0	2.0
11349.0	1.0
11358.0	2.0
11367.0	1.0
11372.0	1.0
11373.0	1.0
11379.0	1.0
11425.0	1.0
11431.0	2.0
11473.0	1.0
11474.0	1.0
11490.0	1.0
11494.0	1.0
11523.0	1.0
11602.0	1.0
11646.0	1.0
11651.0	1.0
11657.0	1.0
11663.0	1.0
11671.0	2.0
11680.0	1.0
11690.0	1.0
11720.0	1.0
11736.0	1.0
11738.0	1.0
11785.0	1.0
11800.0	1.0
11889.0	1.0
11894.0	2.0
11900.0	1.0
11908.0	1.0
11964.0	1.0
11965.0	1.0
11984.0	1.0
12039.0	1.0
12042.0	1.0
12132.0	1.0
12169.0	1.0
12188.0	1.0
12230.0	1.0
12232.0	1.0
12235.0	1.0
12270.0	1.0
12277.0	1.0
12301.0	1.0
12332.0	1.0
12346.0	2.0
12368.0	1.0
12373.0	1.0
12404.0	1.0
12437.0	1.0
12445.0	1.0
12499.0	1.0
12519.0	1.0
12541.0	1.0
12565.0	1.0
12654.0	1.0
12658.0	1.0
12661.0	1.0
12671.0	1.0
12677.0	1.0
12686.0	1.0
12734.0	1.0
12736.0	1.0
12739.0	1.0
12742.0	1.0
12745.0	1.0
12827.0	2.0
12855.0	1.0
12861.0	1.0
12894.0	1.0
12902.0	1.0
12983.0	1.0
12986.0	1.0
13050.0	1.0
13125.0	1.0
13138.0	1.0
13206.0	1.0
13219.0	1.0
13278.0	1.0
13279.0	1.0
13283.0	1.0
13297.0	1.0
13319.0	1.0
13338.0	1.0
13390.0	1.0
13400.0	1.0
13415.0	1.0
13476.0	1.0
13514.0	1.0
13522.0	1.0
13527.0	1.0
13530.0	3.0
13546.0	2.0
13583.0	1.0
13591.0	1.0
13601.0	1.0
13659.0	2.0
13668.0	1.0
13713.0	1.0
13734.0	1.0
13747.0	1.0
13831.0	1.0
13835.0	1.0
13899.0	1.0
13919.0	1.0
13923.0	1.0
13931.0	1.0
13943.0	1.0
13948.0	2.0
13960.0	2.0
14005.0	1.0
14032.0	1.0
14060.0	1.0
14099.0	1.0
14129.0	1.0
14134.0	1.0
14230.0	1.0
14231.0	1.0
14247.0	1.0
14251.0	1.0
14281.0	1.0
14295.0	1.0
14296.0	1.0
14301.0	1.0
14304.0	1.0
14310.0	1.0
14329.0	2.0
14343.0	1.0
14358.0	1.0
14420.0	1.0
14434.0	1.0
14453.0	1.0
14469.0	1.0
14478.0	1.0
14486.0	1.0
14507.0	1.0
14546.0	2.0
14610.0	1.0
14617.0	1.0
14624.0	1.0
14653.0	1.0
14658.0	1.0
14661.0	1.0
14776.0	1.0
14798.0	1.0
14844.0	1.0
14853.0	1.0
14861.0	1.0
14871.0	1.0
14891.0	1.0
14910.0	1.0
14965.0	1.0
15007.0	1.0
15110.0	1.0
15126.0	1.0
15175.0	1.0
15193.0	1.0
15211.0	1.0
15257.0	1.0
15278.0	1.0
15353.0	1.0
15375.0	1.0
15402.0	1.0
15423.0	1.0
15448.0	1.0
15450.0	1.0
15457.0	1.0
15474.0	1.0
15513.0	1.0
15514.0	1.0
15519.0	1.0
15526.0	1.0
15628.0	1.0
15663.0	1.0
15683.0	1.0
15688.0	1.0
15765.0	1.0
15776.0	1.0
15778.0	1.0
15799.0	1.0
15837.0	1.0
15841.0	1.0
15889.0	1.0
15892.0	1.0
15975.0	1.0
16047.0	1.0
16060.0	1.0
16081.0	2.0
16121.0	1.0
16129.0	1.0
16180.0	1.0
16188.0	1.0
16219.0	1.0
16224.0	1.0
16304.0	1.0
16339.0	1.0
16374.0	1.0
16379.0	1.0
16396.0	1.0
16409.0	2.0
16439.0	1.0
16440.0	1.0
16487.0	1.0
16519.0	1.0
16528.0	1.0
16576.0	1.0
16598.0	1.0
16632.0	1.0
16691.0	1.0
16722.0	1.0
16734.0	1.0
16740.0	1.0
16754.0	1.0
16897.0	1.0
16943.0	1.0
16964.0	1.0
16972.0	1.0
17012.0	2.0
17046.0	1.0
17075.0	1.0
17087.0	1.0
17158.0	1.0
17224.0	1.0
17274.0	1.0
17320.0	1.0
17336.0	1.0
17353.0	1.0
17377.0	1.0
17417.0	1.0
17508.0	1.0
17573.0	1.0
17615.0	1.0
17616.0	1.0
17647.0	1.0
17671.0	1.0
17684.0	1.0
17709.0	1.0
17745.0	1.0
17807.0	1.0
17845.0	1.0
17898.0	1.0
17912.0	1.0
17918.0	1.0
17932.0	1.0
17977.0	1.0
17979.0	1.0
18068.0	1.0
18070.0	1.0
18089.0	1.0
18092.0	1.0
18176.0	1.0
18219.0	1.0
18245.0	1.0
18263.0	1.0
18280.0	1.0
18294.0	1.0
18310.0	1.0
18315.0	1.0
18318.0	1.0
18321.0	1.0
18351.0	1.0
18388.0	1.0
18457.0	1.0
18496.0	1.0
18538.0	1.0
18562.0	1.0
18572.0	1.0
18594.0	1.0
18606.0	1.0
18610.0	1.0
18741.0	1.0
18753.0	1.0
18758.0	1.0
18774.0	1.0
18813.0	1.0
18824.0	1.0
18837.0	1.0
18895.0	1.0
18920.0	1.0
18927.0	1.0
18966.0	1.0
18977.0	1.0
19051.0	1.0
19113.0	1.0
19194.0	1.0
19208.0	1.0
19267.0	1.0
19330.0	1.0
19339.0	1.0
19367.0	1.0
19429.0	1.0
19433.0	1.0
19437.0	1.0
19447.0	1.0
19482.0	1.0
19499.0	1.0
19506.0	1.0
19575.0	1.0
19694.0	1.0
19740.0	1.0
19742.0	1.0
19804.0	1.0
19824.0	1.0
19995.0	1.0
20033.0	1.0
20055.0	1.0
20114.0	1.0
20170.0	1.0
20241.0	1.0
20312.0	1.0
20343.0	1.0
20383.0	1.0
20401.0	1.0
20424.0	1.0
20434.0	1.0
20498.0	1.0
20530.0	1.0
20549.0	1.0
20638.0	1.0
20639.0	1.0
20691.0	1.0
20756.0	1.0
20800.0	1.0
20819.0	1.0
20870.0	1.0
20944.0	1.0
20972.0	1.0
20981.0	1.0
21001.0	1.0
21027.0	1.0
21035.0	1.0
21038.0	1.0
21046.0	1.0
21136.0	1.0
21139.0	2.0
21236.0	1.0
21284.0	8.0
21285.0	1.0
21304.0	1.0
21322.0	1.0
21326.0	2.0
21327.0	1.0
21328.0	37.0
21329.0	1.0
21333.0	1.0
21339.0	1.0
21348.0	1.0
21352.0	1.0
21353.0	1.0
21355.0	1.0
21379.0	2.0
21411.0	1.0
21414.0	2.0
21425.0	1.0
21428.0	2.0
21435.0	1.0
21478.0	128.0
21527.0	1.0
21580.0	1.0
21584.0	1.0
21615.0	2.0
21633.0	1.0
21679.0	1.0
21682.0	1.0
21697.0	1.0
21698.0	8.0
21707.0	2.0
21708.0	3.0
21709.0	1.0
21710.0	1.0
21711.0	5.0
21712.0	20.0
21713.0	420.0
21714.0	2.0
21811.0	1.0
21888.0	1.0
21902.0	1.0
21954.0	1.0
21982.0	1.0
22008.0	7.0
22073.0	1.0
22106.0	1.0
22151.0	1.0
22203.0	1.0
22291.0	1.0
22343.0	1.0
22371.0	1.0
22388.0	1.0
22452.0	1.0
22504.0	1.0
22526.0	1.0
22577.0	1.0
22594.0	1.0
22738.0	1.0
22743.0	1.0
22811.0	1.0
22844.0	1.0
22845.0	1.0
22873.0	2.0
22915.0	6.0
23111.0	1.0
23218.0	1.0
23290.0	1.0
23309.0	1.0
23422.0	1.0
23446.0	1.0
23620.0	1.0
23670.0	1.0
23749.0	1.0
23810.0	1.0
23834.0	1.0
23987.0	1.0
24071.0	1.0
24139.0	1.0
24205.0	1.0
24337.0	1.0
24352.0	1.0
24394.0	1.0
24403.0	1.0
24546.0	1.0
24645.0	2.0
24665.0	1.0
24948.0	1.0
25005.0	1.0
25184.0	1.0
25334.0	1.0
25353.0	1.0
25530.0	1.0
25535.0	1.0
25579.0	1.0
25581.0	1.0
25590.0	1.0
25591.0	1.0
25593.0	18.0
25643.0	1.0
25797.0	1.0
25822.0	1.0
25873.0	1.0
25883.0	1.0
25891.0	1.0
25914.0	1.0
25922.0	1.0
25932.0	1.0
25947.0	1.0
25964.0	29.0
25970.0	1.0
26115.0	1.0
26123.0	18.0
26132.0	1.0
26167.0	2.0
26168.0	35.0
26169.0	1.0
26171.0	1.0
26187.0	1.0
26188.0	1.0
26214.0	1.0
26233.0	1.0
26272.0	1.0
26285.0	1.0
26391.0	1.0
26393.0	248.0
26394.0	1.0
26427.0	2.0
26432.0	1.0
26518.0	1.0
26535.0	1.0
26548.0	1.0
26549.0	9.0
26551.0	1.0
26553.0	5.0
26555.0	2.0
26556.0	5.0
26557.0	6.0
26558.0	10.0
26559.0	9.0
26560.0	373.0
26573.0	1.0
26784.0	1.0
26785.0	1.0
26808.0	2.0
26809.0	9.0
26811.0	1.0
26815.0	1.0
26818.0	1.0
26824.0	1.0
26882.0	1.0
26883.0	1.0
26896.0	1.0
26967.0	84.0
26973.0	1.0
27026.0	1.0
27115.0	1.0
27173.0	1.0
27176.0	1.0
27180.0	1.0
27181.0	3.0
27182.0	7.0
27183.0	4.0
27184.0	8.0
27185.0	136.0
27186.0	2.0
27475.0	1.0
27476.0	2.0
27486.0	2.0
27499.0	1.0
27501.0	1.0
27502.0	3.0
27503.0	9.0
27525.0	1.0
27684.0	5.0
27685.0	4.0
27686.0	2.0
27696.0	1.0
27720.0	1.0
27729.0	1.0
27822.0	1.0
27823.0	3.0
27824.0	36.0
27825.0	1.0
27914.0	1.0
28050.0	2.0
28051.0	1.0
28052.0	26.0
28053.0	1.0
28056.0	2.0
28071.0	2.0
28075.0	1.0
28079.0	1.0
28089.0	1.0
28099.0	1.0
28130.0	3.0
28164.0	4.0
28175.0	1.0
28180.0	9.0
28181.0	3.0
28245.0	1.0
28389.0	1.0
28404.0	2.0
28412.0	1.0
28413.0	1.0
28415.0	1.0
28421.0	1.0
28427.0	1.0
28428.0	1.0
28429.0	5.0
28430.0	6.0
28431.0	6.0
28432.0	19.0
28433.0	49.0
28434.0	1194.0
28435.0	2.0
28436.0	1.0
28648.0	1.0
28749.0	1.0
28750.0	1.0
29033.0	3.0
29546.0	1.0
