# Position (bp)	A	C	G	T	N
0.0	49.041896719714195	15.62195518025333	16.10912633972069	19.22702176031179	0.0
1.0	14.74025974025974	47.30519480519481	21.818181818181817	16.136363636363637	0.0
2.0	19.98716714789862	47.44947064485082	13.827398139236447	18.735964068014116	0.0
3.0	48.996495699267285	13.061484549219497	19.496654985664225	18.445364765848996	0.0
4.0	54.07124681933843	13.326972010178118	10.90966921119593	21.692111959287534	0.0
5.0	20.05721551176097	41.989828353464716	10.330578512396695	27.62237762237762	0.0
6.0	19.96191685179308	48.23865439543002	11.583624246271025	20.215804506505872	0.0
7.0	52.02788339670469	13.783269961977188	11.787072243346007	22.401774397972115	0.0
8.0	53.02502375673107	13.272093759898636	11.815014254038644	21.887868229331644	0.0
9.0	23.917851500789887	41.20063191153239	12.827804107424962	22.053712480252766	0.0
10.0	22.488945041061275	12.381554011370815	12.823752368919772	52.305748578648135	0.0
11.0	16.91919191919192	18.023989898989896	12.973484848484848	52.083333333333336	0.0
12.0	23.9281210592686	11.317780580075661	13.934426229508196	50.81967213114754	0.0
13.0	22.01950298836112	42.403271469015415	14.155394778232147	21.421830764391316	0.0
14.0	17.75407779171895	16.09159347553325	44.479297365119194	21.67503136762861	0.0
15.0	44.9375	11.9375	22.1875	20.9375	0.0
16.0	16.957605985037407	12.06359102244389	17.269326683291773	53.709476309226936	0.0
17.0	21.586314152410576	45.72317262830482	13.343701399688959	19.346811819595647	0.0
18.0	22.37414543194531	14.574269732753262	16.56308266003729	46.48850217526414	0.0
19.0	18.22981366459627	43.04347826086957	16.801242236024844	21.925465838509318	0.0
20.0	15.737298636926889	18.463444857496903	17.100371747211895	48.698884758364315	0.0
21.0	18.92559431923433	18.369867242976227	15.18987341772152	47.51466502006792	0.0
22.0	18.526510480887794	15.752157829839705	43.21824907521578	22.503082614056723	0.0
23.0	19.907550077041602	18.55161787365177	14.144838212634822	47.3959938366718	0.0
24.0	52.23283030489683	11.333538651062518	13.212195873113645	23.22143517092701	0.0
25.0	23.884272083718066	12.680824869190522	39.673745767928594	23.76115727916282	0.0
26.0	48.00123001230012	10.947109471094711	17.25092250922509	23.800738007380073	0.0
27.0	16.748617086662566	15.089121081745544	15.212046711739397	52.95021511985249	0.0
28.0	16.69223688247929	44.277385701135316	11.1997545259282	27.830622890457196	0.0
29.0	18.700183936235437	11.250766400980993	10.453709380748007	59.59534028203556	0.0
30.0	18.79029782007983	11.820693890082898	40.15965612526865	29.229352164568624	0.0
31.0	24.248993496438526	13.502632393930009	11.861257355218333	50.38711675441313	0.0
32.0	19.801673380849085	16.145026340254105	10.288193368453673	53.76510691044314	0.0
33.0	18.549642079053843	46.28073451602863	13.383131030189855	21.78649237472767	0.0
34.0	21.993127147766323	14.901593252108716	13.245860668541082	49.85941893158388	0.0
35.0	26.23156573580169	38.71979918418575	10.825227486664575	24.223407593347975	0.0
36.0	23.80503144654088	11.823899371069183	12.955974842767295	51.41509433962265	0.0
37.0	49.02084649399874	13.26595072646873	11.37081490840177	26.34238787113076	0.0
38.0	51.137455943607826	12.463953860942006	14.93111182313361	21.467478372316563	0.0
39.0	53.04878048780488	11.0397946084724	10.269576379974326	25.641848523748394	0.0
40.0	21.343619414979106	40.91931854709097	12.632594021215043	25.104468016714883	0.0
41.0	23.57538261152719	9.573428850537285	45.131878866818624	21.7193096711169	0.0
42.0	51.74665360757428	15.148547175971268	13.287626509957558	19.817172706496898	0.0
43.0	51.38843515191114	10.650114341718393	13.002286834367855	24.959163672002614	0.0
44.0	22.74091363787929	42.08069356452151	14.404801600533512	20.773591197065688	0.0
45.0	26.666666666666668	18.980891719745223	15.626326963906582	38.726114649681534	0.0
46.0	32.26116178588574	14.930388862217955	23.523763802208354	29.28468554968795	0.0
47.0	29.8485588666341	16.707376648754273	18.0752320468979	35.36883243771373	0.0
48.0	24.901960784313726	25.098039215686274	19.754901960784313	30.245098039215684	0.0
49.0	28.171091445427727	18.23992133726647	16.764995083579155	36.82399213372665	0.0
50.0	24.544110399211434	18.679152291769345	18.03844258255298	38.738294726466236	0.0
51.0	24.021792966815255	17.236255572065378	23.130262506191183	35.611688954928184	0.0
52.0	27.9839518555667	17.352056168505516	24.974924774322968	29.689067201604814	0.0
53.0	25.705645161290324	18.14516129032258	22.328629032258064	33.82056451612903	0.0
54.0	26.02324406265791	19.252147549267306	19.201616978271854	35.52299140980293	0.0
55.0	27.061203844208396	24.83560950935761	17.653009610520993	30.450177035913	0.0
56.0	32.27783452502553	17.415730337078653	17.31358529111338	32.99284984678243	0.0
57.0	28.476482617586914	24.079754601226995	21.012269938650306	26.431492842535786	0.0
58.0	27.57544224765869	24.97398543184183	13.787721123829344	33.66285119667013	0.0
59.0	23.844537815126053	18.960084033613445	26.15546218487395	31.039915966386555	0.0
60.0	25.894736842105264	24.31578947368421	18.10526315789474	31.684210526315788	0.0
61.0	24.524197933659597	17.29200652528548	21.479064709081022	36.7047308319739	0.0
62.0	25.711159737417944	28.719912472647703	17.99781181619256	27.571115973741794	0.0
63.0	33.73560065825562	15.57871640153593	15.68842567196928	34.99725726823917	0.0
64.0	29.085872576177284	25.20775623268698	19.058171745152354	26.64819944598338	0.0
65.0	33.96967995508142	18.809657495788883	21.055586749017404	26.165075800112298	0.0
66.0	26.187782805429865	21.945701357466064	18.32579185520362	33.54072398190045	0.0
67.0	27.7306168647425	15.166949632144878	18.61912846632711	38.48330503678552	0.0
68.0	25.97844583096994	26.091888825865002	16.903006239364718	31.02665910380034	0.0
69.0	33.238474672737624	18.099032441661926	19.52191235059761	29.140580535002847	0.0
70.0	32.193732193732195	21.65242165242165	18.575498575498575	27.57834757834758	0.0
71.0	23.888255416191562	25.65564424173318	19.66932725199544	30.786773090079816	0.0
72.0	33.618721461187214	14.726027397260275	21.17579908675799	30.47945205479452	0.0
73.0	28.448769318832284	15.34058385804236	20.950200343445907	35.26044647967945	0.0
74.0	25.919540229885058	15.517241379310345	26.436781609195403	32.12643678160919	0.0
75.0	26.75233644859813	18.457943925233643	25.992990654205606	28.796728971962615	0.0
76.0	25.936768149882905	26.697892271662766	17.388758782201403	29.97658079625293	0.0
77.0	37.712609970674485	19.70674486803519	15.894428152492669	26.68621700879765	0.0
78.0	37.67605633802817	18.427230046948356	17.72300469483568	26.173708920187792	0.0
79.0	25.470588235294116	21.058823529411764	26.35294117647059	27.11764705882353	0.0
80.0	28.20665083135392	14.133016627078385	29.097387173396676	28.56294536817102	0.0
81.0	32.897085068411656	16.656751933372995	19.80963712076145	30.636525877453895	0.0
82.0	36.54883163571	16.59676452965848	21.15038945476333	25.704014379868184	0.0
83.0	25.734853029394124	19.376124775044993	25.974805038992198	28.91421715656869	0.0
84.0	32.87176399759181	17.39915713425647	19.38591210114389	30.34316676700783	0.0
85.0	31.32530120481928	23.373493975903614	17.83132530120482	27.469879518072286	0.0
86.0	32.28346456692913	24.227740763173834	19.079345850999392	24.409448818897637	0.0
87.0	30.61472915398661	16.798539257455875	20.14607425441266	32.44065733414486	0.0
88.0	35.324675324675326	19.025974025974026	18.636363636363637	27.01298701298701	0.0
89.0	29.361979166666668	16.145833333333336	17.7734375	36.71875	0.0
90.0	29.18848167539267	17.93193717277487	21.465968586387437	31.413612565445025	0.0
91.0	28.805774278215225	18.635170603674542	16.666666666666664	35.892388451443566	0.0
92.0	30.434782608695656	17.786561264822133	16.469038208168644	35.30961791831357	0.0
93.0	30.85177733065057	19.114688128772634	20.187793427230048	29.845741113346747	0.0
94.0	29.320780094149296	16.139878950907868	19.09885675857431	35.44048419636853	0.0
95.0	30.717185385656293	17.794316644113668	19.01217861975643	32.47631935047362	0.0
96.0	30.67027758970887	17.535545023696685	18.07718348002708	33.71699390656737	0.0
97.0	30.35230352303523	18.766937669376695	18.157181571815716	32.72357723577235	0.0
98.0	31.593220338983052	19.93220338983051	16.8135593220339	31.661016949152543	0.0
99.0	30.284552845528456	18.157181571815716	21.544715447154474	30.013550135501355	0.0
100.0	34.779661016949156	13.084745762711863	18.23728813559322	33.89830508474576	0.0
101.0	31.428571428571427	17.61904761904762	21.768707482993197	29.183673469387756	0.0
102.0	30.5728088336784	16.977225672877847	21.11801242236025	31.331953071083507	0.0
103.0	27.247579529737205	18.6030428769018	19.294605809128633	34.85477178423236	0.0
104.0	26.624293785310734	18.926553672316384	20.97457627118644	33.47457627118644	0.0
105.0	29.582448690728945	17.97593772116065	18.18825194621373	34.253361641896674	0.0
106.0	33.096085409252666	17.93594306049822	18.36298932384342	30.604982206405694	0.0
107.0	30.64861012116892	20.59871703492516	17.89023521026372	30.862437633642198	0.0
108.0	34.714285714285715	17.642857142857142	16.071428571428573	31.571428571428573	0.0
109.0	27.403156384505024	20.22955523672884	20.875179340028694	31.492109038737446	0.0
110.0	26.34989200863931	21.0943124550036	19.222462203023756	33.33333333333333	0.0
111.0	31.389488840892728	19.07847372210223	18.070554355651545	31.461483081353492	0.0
112.0	27.80979827089337	19.09221902017291	20.7492795389049	32.34870317002882	0.0
113.0	29.41600576784427	18.817591925018025	17.231434751261716	34.53496755587599	0.0
114.0	27.391304347826086	17.391304347826086	20.869565217391305	34.34782608695652	0.0
115.0	28.665207877461707	17.797228300510575	20.20423048869438	33.33333333333333	0.0
116.0	29.093567251461987	17.616959064327485	19.736842105263158	33.55263157894737	0.0
117.0	30.88888888888889	20.37037037037037	19.25925925925926	29.48148148148148	0.0
118.0	28.041543026706233	17.210682492581604	20.919881305637983	33.82789317507419	0.0
119.0	23.71747211895911	19.33085501858736	25.427509293680295	31.524163568773233	0.0
120.0	24.869694713328368	20.699925539836187	24.646314221891288	29.784065524944154	0.0
121.0	30.441286462228874	18.24981301421092	17.277486910994764	34.031413612565444	0.0
122.0	31.08108108108108	18.243243243243242	20.045045045045047	30.630630630630627	0.0
123.0	32.38166791885801	18.707738542449288	18.632607062359128	30.277986476333584	0.0
124.0	31.32530120481928	18.52409638554217	17.545180722891565	32.605421686746986	0.0
125.0	26.224566691785984	20.798794272795778	19.89449886963075	33.082140165787486	0.0
126.0	30.385487528344672	18.669690098261526	18.594104308390023	32.35071806500378	0.0
127.0	27.58881330309902	18.972033257747544	20.93726379440665	32.50188964474679	0.0
128.0	32.069749810462476	15.16300227445034	20.0909780136467	32.676269901440484	0.0
129.0	29.25531914893617	16.869300911854104	18.617021276595743	35.25835866261398	0.0
130.0	29.7029702970297	17.745620715917745	16.907844630616907	35.64356435643564	0.0
131.0	32.3394495412844	19.113149847094803	18.807339449541285	29.740061162079513	0.0
132.0	28.560431100846806	17.551963048498845	24.018475750577366	29.869130100076983	0.0
133.0	29.352850539291218	19.26040061633282	20.647149460708782	30.739599383667183	0.0
134.0	24.167312161115415	20.29434546862897	20.836560805577072	34.70178156467854	0.0
135.0	23.60248447204969	18.400621118012424	22.282608695652172	35.714285714285715	0.0
136.0	25.253312548713954	16.835541699142635	22.992985190958688	34.91816056118473	0.0
137.0	29.039812646370024	16.705698672911787	19.12568306010929	35.1288056206089	0.0
138.0	26.525821596244132	18.779342723004692	20.579029733959313	34.11580594679186	0.0
139.0	27.49410840534171	18.460329929300865	19.7172034564022	34.32835820895522	0.0
140.0	28.762805358550043	14.342001576044131	21.749408983451538	35.1457840819543	0.0
141.0	29.41640378548896	17.823343848580443	19.558359621451103	33.201892744479494	0.0
142.0	32.88537549407115	15.256916996047432	18.57707509881423	33.280632411067195	0.0
143.0	34.84126984126984	18.412698412698415	18.571428571428573	28.174603174603174	0.0
144.0	31.717011128775834	17.885532591414943	18.124006359300477	32.273449920508746	0.0
145.0	30.4	18.96	16.72	33.92	0.0
146.0	28.514056224899598	19.27710843373494	19.759036144578314	32.44979919678715	0.0
147.0	29.5016077170418	17.122186495176848	18.086816720257236	35.28938906752412	0.0
148.0	29.227053140096622	17.632850241545896	19.243156199677937	33.89694041867955	0.0
149.0	32.98302344381568	19.24009700889248	15.925626515763943	31.851253031527886	0.0
150.0	29.1869918699187	19.43089430894309	18.455284552845526	32.926829268292686	0.0
151.0	28.05872756933116	18.02610114192496	21.61500815660685	32.30016313213703	0.0
152.0	29.296235679214405	17.18494271685761	19.230769230769234	34.288052373158756	0.0
153.0	29.508196721311474	17.54098360655738	20.737704918032787	32.213114754098356	0.0
154.0	32.510288065843625	16.378600823045268	19.50617283950617	31.604938271604937	0.0
155.0	30.64250411861614	21.16968698517298	16.556836902800658	31.630971993410213	0.0
156.0	29.387417218543042	17.880794701986755	18.543046357615893	34.188741721854306	0.0
157.0	31.916666666666664	18.416666666666668	19.833333333333332	29.833333333333336	0.0
158.0	28.655462184873947	20.504201680672267	17.81512605042017	33.02521008403361	0.0
159.0	34.28812131423757	13.310867733782644	20.55602358887953	31.844987363100252	0.0
160.0	26.123833757421544	17.048346055979643	23.240033927056828	33.587786259541986	0.0
161.0	31.037414965986393	19.217687074829932	20.408163265306122	29.336734693877553	0.0
162.0	30.97269624573379	18.600682593856654	21.331058020477816	29.09556313993174	0.0
163.0	29.426860564585116	17.023096663815227	18.477331052181352	35.0727117194183	0.0
164.0	29.71576227390181	14.728682170542637	22.48062015503876	33.0749354005168	0.0
165.0	30.942091616248916	17.45894554883319	22.212618841832324	29.386343993085568	0.0
166.0	27.840416305290542	19.080659150043367	20.64180398959237	32.437120555073726	0.0
167.0	27.201394943330428	20.226678291194418	22.319093286835223	30.25283347863993	0.0
168.0	27.947598253275107	18.8646288209607	19.82532751091703	33.362445414847166	0.0
169.0	25.41776605101143	17.150395778364118	21.284080914687774	36.147757255936675	0.0
170.0	29.521276595744684	15.868794326241135	19.592198581560282	35.0177304964539	0.0
171.0	28.545941123996432	16.859946476360392	18.01962533452275	36.57448706512042	0.0
172.0	29.39068100358423	20.43010752688172	16.129032258064516	34.05017921146953	0.0
173.0	29.36936936936937	20.36036036036036	18.55855855855856	31.71171171171171	0.0
174.0	32.30209281164696	18.471337579617835	18.289353958143767	30.937215650591448	0.0
175.0	28.073394495412845	17.889908256880734	22.660550458715598	31.376146788990827	0.0
176.0	29.16283348666053	18.491260349586017	18.491260349586017	33.854645814167434	0.0
177.0	29.48243992606285	23.01293900184843	17.652495378927913	29.852125693160815	0.0
178.0	27.948003714020427	20.148560817084494	20.2414113277623	31.66202414113278	0.0
179.0	24.022346368715084	18.6219739292365	24.767225325884542	32.588454376163874	0.0
180.0	30.195712954333644	14.445479962721341	23.019571295433362	32.33923578751165	0.0
181.0	27.699530516431924	18.591549295774648	19.154929577464788	34.55399061032864	0.0
182.0	31.350330500472147	18.69688385269122	21.246458923512748	28.706326723323887	0.0
183.0	29.361296472831267	22.592945662535747	20.11439466158246	27.931363203050523	0.0
184.0	30.288461538461537	20.576923076923077	17.596153846153847	31.538461538461537	0.0
185.0	27.360308285163775	20.03853564547206	24.470134874759154	28.13102119460501	0.0
186.0	28.91682785299807	16.054158607350097	23.88781431334623	31.14119922630561	0.0
187.0	30.155642023346303	21.595330739299612	18.28793774319066	29.961089494163424	0.0
188.0	32.29268292682927	18.829268292682926	20.0	28.878048780487802	0.0
189.0	28.641732283464567	19.980314960629922	18.700787401574804	32.677165354330704	0.0
190.0	30.327056491575817	17.244796828543112	20.118929633300297	32.30921704658078	0.0
191.0	26.021934197407777	18.743768693918245	20.638085742771686	34.59621136590229	0.0
192.0	30.120481927710845	19.67871485943775	20.281124497991968	29.919678714859437	0.0
193.0	27.77212614445575	17.70091556459817	21.770091556459818	32.756866734486266	0.0
194.0	29.042224510813597	21.215242018537587	21.215242018537587	28.527291452111225	0.0
195.0	28.333333333333332	20.9375	17.708333333333336	33.020833333333336	0.0
196.0	30.168776371308013	18.670886075949365	21.41350210970464	29.746835443037973	0.0
197.0	30.22269353128314	19.51219512195122	19.830328738069987	30.434782608695656	0.0
198.0	27.282608695652172	23.695652173913043	20.76086956521739	28.26086956521739	0.0
199.0	26.237054085155354	25.20138089758343	20.253164556962027	28.308400460299193	0.0
200.0	29.81029810298103	16.395663956639567	19.10569105691057	34.68834688346883	0.0
201.0	33.76623376623377	17.25417439703154	17.625231910946194	31.3543599257885	0.0
202.0	37.570093457943926	17.19626168224299	17.38317757009346	27.850467289719628	0.0
203.0	35.714285714285715	18.984962406015036	18.23308270676692	27.06766917293233	0.0
204.0	35.294117647058826	16.318785578747626	23.52941176470588	24.857685009487664	0.0
205.0	38.16793893129771	16.412213740458014	20.99236641221374	24.427480916030532	0.0
206.0	33.911368015414254	22.928709055876688	17.341040462427745	25.818882466281313	0.0
207.0	25.387596899224807	26.16279069767442	17.248062015503876	31.2015503875969	0.0
208.0	27.09551656920078	17.348927875243664	20.077972709551656	35.4775828460039	0.0
209.0	24.165029469548134	22.20039292730845	21.218074656188605	32.416502946954814	0.0
210.0	27.236580516898606	17.296222664015904	18.48906560636183	36.97813121272366	0.0
211.0	34.66933867735471	17.234468937875754	19.438877755511022	28.65731462925852	0.0
212.0	27.878787878787882	13.939393939393941	24.444444444444443	33.73737373737374	0.0
213.0	28.600405679513187	19.47261663286004	18.052738336713997	33.874239350912774	0.0
214.0	30.816326530612244	21.63265306122449	17.755102040816325	29.795918367346943	0.0
215.0	29.97946611909651	23.203285420944557	16.01642710472279	30.800821355236142	0.0
216.0	31.67701863354037	19.25465838509317	14.906832298136646	34.161490683229815	0.0
217.0	26.834381551362686	19.91614255765199	22.641509433962266	30.60796645702306	0.0
218.0	27.35229759299781	17.067833698030636	18.599562363238512	36.98030634573304	0.0
219.0	19.002375296912113	21.61520190023753	25.415676959619955	33.966745843230406	0.0
220.0	0.0	28.47222222222222	27.083333333333332	44.44444444444444	0.0
