#Position (bp)	mapping quality
38.0	60.0
113.0	60.0
188.0	60.0
263.0	60.0
338.0	60.0
413.0	60.0
488.0	60.0
563.0	60.0
638.0	60.0
713.0	60.0
788.0	60.0
863.0	60.0
938.0	60.0
1013.0	60.0
1088.0	60.0
1163.0	60.0
1238.0	60.0
1313.0	60.0
1388.0	60.0
1463.0	60.0
1538.0	60.0
1613.0	60.0
1688.0	60.0
1763.0	60.0
1838.0	60.0
1913.0	60.0
1988.0	60.0
2063.0	60.0
2138.0	60.0
2213.0	60.0
2288.0	60.0
2363.0	60.0
2438.0	60.0
2513.0	60.0
2588.0	60.0
2663.0	60.0
2738.0	60.0
2813.0	60.0
2888.0	60.0
2963.0	60.0
3038.0	59.97303370786517
3113.0	60.0
3188.0	60.0
3263.0	60.0
3338.0	60.0
3413.0	60.0
3488.0	60.0
3563.0	60.0
3638.0	60.0
3713.0	60.0
3788.0	60.0
3863.0	60.0
3938.0	60.0
4013.0	60.0
4088.0	60.0
4163.0	54.29671665991082
4238.0	49.98569384835479
4313.0	52.674418604651166
4388.0	52.12991880074953
4463.0	48.89280677009873
4538.0	44.448284374228585
4613.0	37.88697788697789
4688.0	27.64252696456086
4763.0	24.566929133858267
4838.0	20.893854748603353
4913.0	22.633451957295375
4988.0	19.53757225433526
5063.0	4.93006993006993
5138.0	6.700507614213198
5213.0	7.847682119205298
5288.0	14.181818181818182
5363.0	21.063040791100125
5438.0	21.956521739130434
5513.0	30.099667774086377
5588.0	55.9734009974626
5663.0	57.545350547475074
5738.0	58.08900968235094
5813.0	56.58651293332322
5888.0	55.769881556683586
5963.0	45.02994011976048
6038.0	32.18788627935723
6113.0	35.28830313014827
6188.0	58.29584185412406
6263.0	59.01662988134001
6338.0	58.905593471449734
6413.0	58.920529012272134
6488.0	58.683016769586466
6563.0	55.32904297280465
6638.0	52.509986684420774
6713.0	51.498205176648405
6788.0	47.59647188533627
6863.0	40.035492457852705
6938.0	18.061509785647715
7013.0	34.73329590117911
7088.0	12.330508474576272
7163.0	0.0
7238.0	4.852941176470588
7313.0	39.62879130828429
7388.0	53.19625037798609
7463.0	54.01913875598086
7538.0	53.202416918429
7613.0	52.56812551610239
7688.0	52.880873279544375
7763.0	51.23490455784963
7838.0	51.43998478219517
7913.0	52.16573816155989
7988.0	55.59212459594475
8063.0	53.564993564993564
8138.0	54.14368932038835
8213.0	54.4568827654078
8288.0	53.762993762993766
8363.0	37.23823975720789
8438.0	22.025316455696203
8513.0	20.0
8588.0	37.52247752247752
8663.0	31.608832807570977
8738.0	25.90909090909091
8813.0	28.96551724137931
8888.0	48.02873104549082
8963.0	57.89719626168224
9038.0	58.269164198623024
9113.0	58.566468095951066
9188.0	58.149899272293716
9263.0	53.87755102040816
9338.0	38.62232779097387
9413.0	37.73379515091539
9488.0	48.13916710595677
9563.0	54.031038599283725
9638.0	53.57356501922803
9713.0	51.66975194372455
9788.0	53.08543331284573
9863.0	31.64461247637051
9938.0	12.279957582184517
10013.0	11.974386339381002
10088.0	51.00899100899101
10163.0	56.795100064098
10238.0	57.14810824513594
10313.0	56.98006845178176
10388.0	57.23643054277829
10463.0	54.08361819616093
10538.0	53.29858525688756
10613.0	53.904091032240586
10688.0	54.4403261675315
10763.0	52.14385474860335
10838.0	51.74008810572687
10913.0	50.38461538461539
10988.0	51.410574537125406
11063.0	50.30590262817751
11138.0	49.80516538287268
11213.0	45.650510204081634
11288.0	47.29889923793395
11363.0	55.047325555800136
11438.0	48.3930874387413
11513.0	49.10147735529184
11588.0	58.351118257564686
11663.0	58.467183041174074
11738.0	58.25240459199504
11813.0	57.739417592314624
11888.0	57.057519238293985
11963.0	55.98680103451351
12038.0	55.74749574749575
12113.0	56.268966089047346
12188.0	57.63245120218867
12263.0	56.40316521461114
12338.0	56.68263914485809
12413.0	57.94302930703917
12488.0	53.31053961647094
12563.0	44.50946643717728
12638.0	37.843426883308716
12713.0	54.523528020808705
12788.0	57.44166838736321
12863.0	57.996685395529326
12938.0	57.47680701396676
13013.0	57.90733068402807
13088.0	52.978553350206475
13163.0	48.54378818737271
13238.0	48.099435825105786
13313.0	48.21681068342498
13388.0	28.993350858203186
13463.0	0.6082631981637338
13538.0	0.7442748091603053
13613.0	29.086021505376344
13688.0	45.104341568721516
13763.0	46.145814742102445
13838.0	45.93240304458137
13913.0	45.17616728731023
13988.0	48.797084716409294
14063.0	49.098950472112044
14138.0	50.11398369842078
14213.0	49.62059167641652
14288.0	49.26431459276409
14363.0	47.95204097470123
14438.0	48.529737717029924
14513.0	47.38996264414487
14588.0	36.47549056746723
14663.0	27.0906200317965
14738.0	24.542651593011307
14813.0	29.594594594594593
14888.0	31.49545579730102
14963.0	36.213235294117645
15038.0	34.68406033428455
15113.0	32.51482694520669
15188.0	42.409515717926936
15263.0	45.541327124563445
15338.0	46.968018131453036
15413.0	48.07145601229351
15488.0	50.53488159458718
15563.0	48.68068973059677
15638.0	44.42828485456369
15713.0	45.19525103704763
15788.0	45.100052785642305
15863.0	54.63690044545737
15938.0	55.68606202067356
16013.0	55.43359397965783
16088.0	55.659752776031844
16163.0	53.489415216935654
16238.0	2.6486885851496123
16313.0	3.790731354091238
16388.0	4.662270540010693
16463.0	11.179245283018869
16538.0	6.326707000864304
16613.0	5.053972748186162
16688.0	11.286476310009414
16763.0	12.825888787602553
16838.0	8.813056379821958
16913.0	7.470817120622568
16988.0	11.0020514439009
17063.0	42.619740376007165
17138.0	55.54667500995506
17213.0	57.49641470213829
17288.0	57.006130002313206
17363.0	57.164146394915626
17438.0	54.19470614625393
17513.0	40.124183843297914
17588.0	37.632905921336985
17663.0	39.392048848476804
17738.0	28.377635197066912
17813.0	6.968403074295474
17888.0	6.14050303555941
17963.0	21.595547309833023
18038.0	33.56546909586242
18113.0	31.110697674418606
18188.0	29.904041872637393
18263.0	37.671508701280025
18338.0	46.73810946972932
18413.0	46.94500504540868
18488.0	45.65687361419069
18563.0	45.20371694067191
18638.0	43.49975815553287
18713.0	27.30070527890575
18788.0	33.659292416286476
18863.0	29.199798691494717
18938.0	43.286908077994426
19013.0	45.552407932011334
19088.0	44.64857271860733
19163.0	43.2668015530158
19238.0	42.26909259473867
19313.0	9.662773482480672
19388.0	1.6475972540045767
19463.0	0.0
19538.0	2.231451765150085
19613.0	15.926832781218494
19688.0	23.199037883343355
19763.0	27.089696708969672
19838.0	26.082908446020838
19913.0	21.785491322262455
19988.0	4.854928816002883
20063.0	3.458980044345898
20138.0	5.879023700035373
20213.0	3.625644804716286
20288.0	2.4920127795527156
20363.0	2.5567861835930166
20438.0	3.8016528925619837
20513.0	37.818050018122506
20588.0	34.16849569474928
20663.0	39.1921664626683
20738.0	37.46078503571692
20813.0	46.620611254427004
20888.0	48.871688651477164
20963.0	49.1400787876637
21038.0	48.14364298442705
21113.0	47.65688014195838
21188.0	6.2592202318229715
21263.0	0.0
21338.0	0.12913324202700058
21413.0	1.0177332305319968
21488.0	0.5247813411078717
21563.0	0.0
21638.0	0.9949865021210953
21713.0	6.754828606229337
21788.0	5.121951219512195
21863.0	10.46138902379796
21938.0	7.50386001029336
22013.0	5.207587687902649
22088.0	8.415374241402562
22163.0	8.880721683929169
22238.0	8.81231180996989
22313.0	7.049662571379131
22388.0	0.0
22463.0	0.0
22538.0	14.873912402300546
22613.0	26.692064874278874
22688.0	34.01053167997282
22763.0	33.42134977851125
22838.0	36.13099415204678
22913.0	10.72463768115942
22988.0	0.0
23063.0	0.0
23138.0	32.45972459724597
23213.0	46.02976081796604
23288.0	48.83114987410138
23363.0	48.188976377952756
23438.0	47.94517310646343
23513.0	41.18131530424093
23588.0	22.31991134096786
23663.0	20.51103368176539
23738.0	26.34774001979545
23813.0	19.763313609467456
23888.0	13.332316608204971
23963.0	8.135593220338983
24038.0	11.947236180904522
24113.0	24.402047463936714
24188.0	28.845448992058643
24263.0	31.44989736891211
24338.0	31.887919154800183
24413.0	38.515762128765004
24488.0	32.95625276182059
24563.0	34.928308070462926
24638.0	33.943470117486804
24713.0	47.708868894601544
24788.0	51.9270022943643
24863.0	51.18368757560049
24938.0	50.701914311759346
25013.0	49.44850406728251
25088.0	34.76912928759894
25163.0	27.083870967741934
25238.0	25.536659533731275
25313.0	25.813953488372093
25388.0	12.834224598930481
25463.0	13.995409972877113
25538.0	19.466911764705884
25613.0	31.400951814396194
25688.0	27.048441607209913
25763.0	18.2441113490364
25838.0	23.821892393320965
25913.0	45.16260994068317
25988.0	60.0
26063.0	60.0
26138.0	60.0
26213.0	60.0
26288.0	60.0
26363.0	60.0
26438.0	60.0
26513.0	60.0
26588.0	60.0
26663.0	60.0
26738.0	60.0
26813.0	60.0
26888.0	60.0
26963.0	60.0
27038.0	60.0
27113.0	60.0
27188.0	60.0
27263.0	60.0
27338.0	60.0
27413.0	60.0
27488.0	60.0
27563.0	60.0
27638.0	0.0
27713.0	60.0
27788.0	60.0
27863.0	60.0
27938.0	60.0
28013.0	60.0
28088.0	60.0
28163.0	60.0
28238.0	59.59665177603331
28313.0	59.9976802180595
28388.0	59.99712556490634
28463.0	59.99577821559246
28538.0	60.0
28613.0	60.0
28688.0	60.0
28763.0	60.0
28838.0	0.0
28913.0	0.0
28988.0	60.0
29063.0	60.0
29138.0	60.0
29213.0	60.0
29288.0	60.0
29363.0	60.0
29438.0	60.0
29513.0	60.0
29588.0	60.0
29663.0	60.0
29738.0	59.978070175438596
29813.0	60.0
29877.0	60.0
