#Position (bp)	mapping quality
38.0	60.0
113.0	60.0
188.0	60.0
263.0	60.0
338.0	59.997207527265395
413.0	59.96915331158701
488.0	59.78276841206489
563.0	59.987091618772475
638.0	59.996651262474046
713.0	59.98226646962744
788.0	59.973514894527746
863.0	60.0
938.0	60.0
1013.0	59.99826142389383
1088.0	59.9993758322237
1163.0	60.0
1238.0	60.0
1313.0	59.998776009791925
1388.0	59.99680298388171
1463.0	59.96704353000412
1538.0	60.0
1613.0	59.97775718257646
1688.0	59.99766550590432
1763.0	59.9984387197502
1838.0	59.994519146448404
1913.0	59.994890573107384
1988.0	60.0
2063.0	60.0
2138.0	60.0
2213.0	60.0
2288.0	59.99176276771005
2363.0	60.0
2438.0	59.996777831480586
2513.0	59.995270376793314
2588.0	60.0
2663.0	60.0
2738.0	60.0
2813.0	59.93596584845251
2888.0	60.0
2963.0	59.99236310872388
3038.0	59.99696233292831
3113.0	59.99216659050852
3188.0	60.0
3263.0	60.0
3338.0	60.0
3413.0	59.99439278538386
3488.0	60.0
3563.0	59.987743095277004
3638.0	59.996327467482786
3713.0	59.99301919720768
3788.0	59.98949441891005
3863.0	60.0
3938.0	59.998464727105244
4013.0	60.0
4088.0	60.0
4163.0	59.9931434056704
4238.0	59.99827238698531
4313.0	59.99876198041866
4388.0	59.98809535426079
4463.0	59.99415332894833
4538.0	60.0
4613.0	60.0
4688.0	59.99895115896934
4763.0	60.0
4838.0	60.0
4913.0	59.99937495442376
4988.0	59.99850444926344
5063.0	60.0
5138.0	59.995417048579284
5213.0	59.9616515403298
5288.0	60.0
5363.0	59.99680808618167
5438.0	59.99883304807842
5513.0	59.99921474191184
5588.0	59.9959910466709
5663.0	60.0
5738.0	60.0
5813.0	60.0
5888.0	60.0
5963.0	59.99602016449987
6038.0	59.975021558773676
6113.0	60.0
6188.0	60.0
6263.0	59.99802718106094
6338.0	59.9989826025028
6413.0	59.99471937899897
6488.0	59.99435794790505
6563.0	59.99776240466912
6638.0	59.99905246201952
6713.0	59.99412312062295
6788.0	59.99861425469999
6863.0	60.0
6938.0	60.0
7013.0	59.89510489510489
7088.0	59.99963555643905
7163.0	59.99655649707977
7238.0	59.998956793879856
7313.0	59.99622823376569
7388.0	59.99515556034019
7463.0	59.9948444749957
7538.0	59.998296712655424
7613.0	60.0
7688.0	59.99862068965517
7763.0	60.0
7838.0	59.99490784616037
7913.0	59.99428870591595
7988.0	59.99914091024465
8063.0	59.996507973460595
8138.0	59.99873692187862
8213.0	60.0
8288.0	60.0
8363.0	60.0
8438.0	60.0
8513.0	60.0
8588.0	59.99361362426823
8663.0	60.0
8738.0	60.0
8813.0	60.0
8888.0	60.0
8963.0	60.0
9038.0	59.99716159959632
9113.0	59.99909521368037
9188.0	59.99767234356209
9263.0	59.99242017496763
9338.0	59.99475829935935
9413.0	59.937713184042714
9488.0	60.0
9563.0	59.97825227362594
9638.0	59.98591879840413
9713.0	59.997122274554194
9788.0	59.99751030457274
9863.0	59.97354441808218
9938.0	59.99314246528373
10013.0	59.99889675461984
10088.0	59.99780062682136
10163.0	59.99792090186657
10238.0	59.997316420820994
10313.0	59.996052075010574
10388.0	59.980990349962376
10463.0	59.993681661021114
10538.0	60.0
10613.0	59.97316675562993
10688.0	59.99920897549143
10763.0	59.997542514499166
10838.0	59.99810392992125
10913.0	59.99887518981172
10988.0	59.9980164764688
11063.0	59.96269887177602
11138.0	59.99895638107745
11213.0	59.99795145809238
11288.0	59.99006414471281
11363.0	59.99871715379188
11438.0	59.97622213807012
11513.0	59.931267695817034
11588.0	59.99687088488768
11663.0	59.9972988790348
11738.0	60.0
11813.0	59.996461012150526
11888.0	59.9961798038966
11963.0	59.99869034236633
12038.0	59.99889815256914
12113.0	59.96698819852347
12188.0	59.989768599832885
12263.0	60.0
12338.0	60.0
12413.0	60.0
12488.0	59.994037901909294
12563.0	59.997764738753844
12638.0	59.998885069218616
12713.0	59.993582132657316
12788.0	59.99016450350028
12863.0	59.99953082847871
12938.0	59.99804801873902
13013.0	60.0
13088.0	59.999302147060874
13163.0	59.9970436332851
13238.0	60.0
13313.0	59.98333707559768
13388.0	60.0
13463.0	59.985640665634925
13538.0	60.0
13613.0	59.99721448467967
13688.0	59.99838456360781
13763.0	59.99914994297534
13838.0	59.996145417686826
13913.0	59.997670242197735
13988.0	60.0
14063.0	59.996557264172594
14138.0	60.0
14213.0	59.99800849707913
14288.0	59.9967656032689
14363.0	59.997995037718354
14438.0	59.99519199948715
14513.0	59.99530678445718
14588.0	60.0
14663.0	59.998116642601545
14738.0	60.0
14813.0	60.0
14888.0	59.99686422075886
14963.0	60.0
15038.0	60.0
15113.0	59.99382525470824
15188.0	60.0
15263.0	59.97843665768194
15338.0	60.0
15413.0	60.0
15488.0	60.0
15563.0	59.9992220017894
15638.0	59.99844739248193
15713.0	60.0
15788.0	60.0
15863.0	59.998925405211786
15938.0	59.993645638436824
16013.0	59.99905482041588
16088.0	60.0
16163.0	60.0
16238.0	59.998246024321794
16313.0	60.0
16388.0	59.991369141805
16463.0	60.0
16538.0	59.97635001970832
16613.0	59.982303495059725
16688.0	60.0
16763.0	60.0
16838.0	59.99682329583057
16913.0	59.999406093480886
16988.0	59.99780545344818
17063.0	59.99876781533659
17138.0	59.98282313968468
17213.0	60.0
17288.0	60.0
17363.0	59.96175974995416
17438.0	60.0
17513.0	59.99170879443568
17588.0	60.0
17663.0	60.0
17738.0	59.99268939047793
17813.0	60.0
17888.0	60.0
17963.0	60.0
18038.0	59.99666860997751
18113.0	59.99778172138421
18188.0	59.99725475841874
18263.0	59.96004303058245
18338.0	60.0
18413.0	60.0
18488.0	60.0
18563.0	59.998451912533056
18638.0	59.99791161490179
18713.0	59.997689374975934
18788.0	59.99809060098334
18863.0	59.99657218536167
18938.0	59.99556101153941
19013.0	59.99855046204023
19088.0	60.0
19163.0	60.0
19238.0	60.0
19313.0	60.0
19388.0	60.0
19463.0	60.0
19538.0	60.0
19613.0	59.876543209876544
19688.0	60.0
19763.0	60.0
19838.0	60.0
19913.0	59.996359002366646
19988.0	60.0
20063.0	59.99414891023453
20138.0	59.97826086956522
20213.0	60.0
20288.0	60.0
20363.0	59.996326005755925
20438.0	60.0
20513.0	59.99366152545954
20588.0	59.99690050625065
20663.0	59.99923483051496
20738.0	59.97662109945774
20813.0	59.99154585590381
20888.0	59.99480856586632
20963.0	60.0
21038.0	60.0
21113.0	60.0
21188.0	60.0
21263.0	60.0
21338.0	60.0
21413.0	60.0
21488.0	60.0
21563.0	60.0
21638.0	60.0
21713.0	59.99484092863285
21788.0	60.0
21863.0	59.99771175775142
21938.0	60.0
22013.0	60.0
22088.0	60.0
22163.0	60.0
22238.0	60.0
22313.0	59.98016856717898
22388.0	60.0
22463.0	60.0
22538.0	60.0
22613.0	60.0
22688.0	60.0
22763.0	60.0
22838.0	59.99725287303695
22913.0	60.0
22988.0	60.0
23063.0	59.99602306621595
23138.0	59.99522454583441
23213.0	60.0
23288.0	60.0
23363.0	60.0
23438.0	59.97618852122506
23513.0	60.0
23588.0	59.861187949504604
23663.0	59.99861220335847
23738.0	60.0
23813.0	60.0
23888.0	60.0
23963.0	60.0
24038.0	60.0
24113.0	59.984609070387855
24188.0	60.0
24263.0	59.99898664054451
24338.0	59.97258082942991
24413.0	60.0
24488.0	59.971783674840445
24563.0	60.0
24638.0	60.0
24713.0	59.9919534372234
24788.0	59.998132431366855
24863.0	59.99663669050346
24938.0	59.997279947775
25013.0	59.998494995861236
25088.0	59.99877919752584
25163.0	60.0
25238.0	60.0
25313.0	60.0
25388.0	59.99190841524814
25463.0	59.99220407986487
25538.0	59.99791565344265
25613.0	59.99820525859232
25688.0	60.0
25763.0	59.988706945228685
25838.0	60.0
25913.0	60.0
25988.0	59.99737968381518
26063.0	60.0
26138.0	59.97802287249196
26213.0	59.99847827741003
26288.0	60.0
26363.0	60.0
26438.0	60.0
26513.0	59.99287608342898
26588.0	59.97561774922986
26663.0	59.99898846854137
26738.0	59.99530516431925
26813.0	59.69457566378889
26888.0	59.99723470445904
26963.0	59.99883412515666
27038.0	59.99846611389957
27113.0	59.994791829422
27188.0	59.98168795124417
27263.0	59.99917900440601
27338.0	59.9988310170152
27413.0	59.99909508404407
27488.0	60.0
27563.0	60.0
27638.0	60.0
27713.0	60.0
27788.0	60.0
27863.0	59.995638266938066
27938.0	60.0
28013.0	60.0
28088.0	59.99386879215206
28163.0	60.0
28238.0	60.0
28313.0	59.99906623505976
28388.0	59.99867870513103
28463.0	60.0
28538.0	59.99901073354108
28613.0	59.998904509768124
28688.0	60.0
28763.0	60.0
28838.0	60.0
28913.0	59.99399819945984
28988.0	60.0
29063.0	59.98285126329027
29138.0	59.99677355751134
29213.0	59.996322928583105
29288.0	59.99621844767277
29363.0	59.99423354156655
29438.0	60.0
29513.0	60.0
29588.0	60.0
29663.0	59.99600133288904
29738.0	60.0
29813.0	60.0
29877.0	60.0
