#Insert size (bp)	insert size
22.0	1.0
35.0	5.0
40.0	1.0
45.0	1.0
52.0	1.0
53.0	1.0
54.0	1.0
55.0	1.0
56.0	3.0
58.0	1.0
60.0	2.0
61.0	1.0
63.0	2.0
67.0	3.0
68.0	2.0
69.0	1.0
70.0	6.0
73.0	1.0
74.0	1.0
75.0	2.0
77.0	1.0
78.0	2.0
82.0	2.0
83.0	1.0
84.0	5.0
85.0	1.0
86.0	2.0
87.0	1.0
88.0	2.0
89.0	1.0
90.0	1.0
91.0	3.0
92.0	2.0
94.0	2.0
96.0	4.0
97.0	1.0
98.0	3.0
99.0	2.0
100.0	1.0
101.0	2.0
103.0	3.0
104.0	2.0
105.0	4.0
107.0	2.0
108.0	6.0
109.0	4.0
110.0	21.0
111.0	1.0
112.0	1.0
113.0	1.0
114.0	3.0
115.0	6.0
116.0	3.0
117.0	3.0
118.0	2.0
119.0	5.0
121.0	1.0
122.0	5.0
123.0	14.0
124.0	6.0
125.0	1.0
126.0	2.0
127.0	1.0
128.0	4.0
130.0	2.0
131.0	5.0
132.0	3.0
133.0	4.0
135.0	1.0
137.0	2.0
139.0	2.0
140.0	1.0
141.0	2.0
142.0	6.0
143.0	1.0
144.0	1.0
145.0	3.0
146.0	3.0
147.0	3.0
148.0	1.0
149.0	2.0
150.0	1.0
151.0	1.0
152.0	1.0
153.0	4.0
154.0	2.0
155.0	1.0
156.0	2.0
157.0	2.0
158.0	5.0
159.0	2.0
160.0	4.0
161.0	1.0
162.0	2.0
163.0	2.0
165.0	7.0
166.0	1.0
167.0	3.0
168.0	2.0
169.0	6.0
170.0	7.0
172.0	11.0
174.0	4.0
175.0	11.0
176.0	1.0
178.0	3.0
179.0	1.0
181.0	1.0
182.0	1.0
183.0	4.0
184.0	3.0
185.0	1.0
186.0	2.0
187.0	2.0
188.0	5.0
189.0	1.0
190.0	7.0
191.0	2.0
192.0	12.0
193.0	15.0
194.0	6.0
195.0	3.0
197.0	5.0
198.0	3.0
199.0	1.0
200.0	1.0
202.0	2.0
203.0	2.0
204.0	3.0
205.0	7.0
207.0	3.0
208.0	11.0
209.0	1.0
210.0	21.0
211.0	7.0
213.0	3.0
214.0	6.0
215.0	25.0
216.0	2.0
217.0	7.0
218.0	1.0
219.0	4.0
220.0	4.0
221.0	1.0
222.0	2.0
224.0	5.0
225.0	1.0
226.0	8.0
227.0	3.0
229.0	17.0
230.0	4.0
231.0	5.0
232.0	2.0
233.0	21.0
234.0	6.0
235.0	3.0
236.0	4.0
237.0	3.0
238.0	4.0
240.0	1.0
241.0	1.0
242.0	6.0
243.0	3.0
244.0	5.0
245.0	1.0
246.0	2.0
248.0	3.0
249.0	3.0
250.0	3.0
251.0	1.0
252.0	3.0
253.0	2.0
255.0	1.0
256.0	2.0
257.0	2.0
258.0	2.0
259.0	1.0
260.0	2.0
261.0	2.0
262.0	2.0
263.0	1.0
264.0	4.0
265.0	3.0
266.0	1.0
267.0	1.0
268.0	2.0
269.0	2.0
270.0	2.0
271.0	2.0
272.0	9.0
273.0	2.0
274.0	2.0
275.0	2.0
277.0	2.0
278.0	3.0
279.0	1.0
280.0	6.0
281.0	1.0
283.0	3.0
284.0	2.0
285.0	2.0
286.0	2.0
287.0	1.0
289.0	2.0
290.0	4.0
291.0	1.0
292.0	2.0
293.0	2.0
295.0	3.0
296.0	1.0
297.0	4.0
298.0	1.0
299.0	1.0
301.0	1.0
302.0	2.0
303.0	1.0
304.0	1.0
305.0	2.0
306.0	4.0
307.0	1.0
309.0	2.0
310.0	3.0
311.0	2.0
312.0	2.0
313.0	1.0
314.0	1.0
315.0	2.0
318.0	3.0
320.0	1.0
321.0	4.0
322.0	3.0
323.0	2.0
325.0	2.0
326.0	5.0
327.0	1.0
328.0	1.0
329.0	1.0
330.0	1.0
331.0	3.0
333.0	1.0
334.0	3.0
335.0	2.0
336.0	2.0
337.0	5.0
338.0	2.0
340.0	1.0
342.0	3.0
343.0	1.0
345.0	1.0
346.0	1.0
349.0	4.0
353.0	1.0
354.0	3.0
355.0	3.0
356.0	3.0
357.0	3.0
359.0	2.0
360.0	1.0
361.0	1.0
362.0	2.0
364.0	1.0
365.0	2.0
366.0	1.0
368.0	1.0
369.0	1.0
370.0	2.0
371.0	7.0
372.0	5.0
373.0	4.0
374.0	9.0
375.0	5.0
376.0	12.0
377.0	18.0
378.0	16.0
379.0	42.0
380.0	66.0
381.0	39.0
382.0	35.0
383.0	24.0
384.0	34.0
385.0	30.0
386.0	33.0
387.0	31.0
388.0	23.0
389.0	18.0
390.0	28.0
391.0	20.0
392.0	31.0
393.0	37.0
394.0	27.0
395.0	16.0
396.0	8.0
397.0	14.0
398.0	13.0
399.0	16.0
400.0	14.0
401.0	13.0
402.0	11.0
403.0	14.0
404.0	12.0
405.0	13.0
406.0	15.0
407.0	12.0
408.0	14.0
409.0	28.0
410.0	9.0
411.0	13.0
412.0	7.0
413.0	7.0
414.0	3.0
415.0	7.0
416.0	8.0
417.0	6.0
418.0	6.0
419.0	6.0
420.0	3.0
421.0	2.0
422.0	1.0
423.0	1.0
424.0	1.0
425.0	1.0
427.0	1.0
430.0	2.0
431.0	1.0
432.0	1.0
433.0	2.0
434.0	2.0
436.0	1.0
437.0	2.0
438.0	4.0
439.0	1.0
440.0	1.0
441.0	1.0
442.0	1.0
443.0	2.0
444.0	6.0
445.0	1.0
446.0	1.0
447.0	4.0
448.0	2.0
449.0	2.0
450.0	2.0
453.0	1.0
456.0	3.0
457.0	2.0
458.0	1.0
461.0	3.0
462.0	2.0
463.0	1.0
465.0	1.0
466.0	3.0
467.0	2.0
468.0	1.0
469.0	2.0
470.0	4.0
471.0	1.0
473.0	2.0
476.0	1.0
477.0	1.0
480.0	1.0
482.0	1.0
485.0	2.0
486.0	1.0
488.0	3.0
489.0	2.0
490.0	3.0
493.0	1.0
494.0	5.0
495.0	2.0
496.0	3.0
497.0	11.0
498.0	6.0
500.0	2.0
504.0	1.0
505.0	2.0
506.0	1.0
507.0	1.0
509.0	1.0
510.0	3.0
513.0	1.0
514.0	1.0
517.0	1.0
518.0	1.0
519.0	2.0
521.0	1.0
522.0	1.0
523.0	3.0
524.0	1.0
526.0	1.0
528.0	2.0
529.0	3.0
530.0	1.0
536.0	4.0
537.0	3.0
542.0	1.0
544.0	5.0
545.0	2.0
547.0	3.0
550.0	1.0
554.0	3.0
556.0	1.0
557.0	1.0
559.0	2.0
563.0	1.0
564.0	2.0
566.0	1.0
569.0	1.0
571.0	2.0
572.0	1.0
575.0	1.0
576.0	1.0
577.0	1.0
578.0	1.0
581.0	1.0
583.0	1.0
584.0	2.0
585.0	1.0
587.0	2.0
588.0	15.0
589.0	2.0
596.0	2.0
597.0	1.0
598.0	1.0
600.0	1.0
601.0	3.0
608.0	1.0
609.0	4.0
610.0	1.0
611.0	2.0
612.0	4.0
613.0	5.0
614.0	4.0
616.0	2.0
617.0	1.0
618.0	2.0
619.0	1.0
620.0	1.0
621.0	2.0
622.0	2.0
623.0	1.0
624.0	1.0
625.0	3.0
626.0	1.0
627.0	1.0
628.0	3.0
629.0	2.0
632.0	2.0
633.0	1.0
634.0	2.0
635.0	1.0
637.0	3.0
639.0	2.0
640.0	4.0
641.0	2.0
642.0	1.0
643.0	2.0
644.0	1.0
645.0	1.0
646.0	2.0
647.0	2.0
648.0	3.0
649.0	3.0
650.0	2.0
651.0	2.0
652.0	4.0
653.0	2.0
654.0	1.0
655.0	2.0
657.0	2.0
662.0	3.0
663.0	1.0
664.0	1.0
665.0	6.0
667.0	4.0
668.0	6.0
670.0	1.0
671.0	2.0
672.0	1.0
673.0	3.0
675.0	1.0
676.0	2.0
677.0	1.0
678.0	1.0
682.0	2.0
684.0	2.0
685.0	1.0
686.0	2.0
688.0	3.0
697.0	1.0
699.0	1.0
701.0	1.0
704.0	2.0
708.0	1.0
710.0	1.0
713.0	1.0
714.0	1.0
719.0	1.0
732.0	1.0
735.0	1.0
748.0	1.0
754.0	1.0
755.0	1.0
756.0	1.0
757.0	2.0
758.0	1.0
761.0	1.0
763.0	1.0
775.0	2.0
776.0	1.0
777.0	1.0
782.0	1.0
786.0	1.0
787.0	1.0
795.0	1.0
802.0	1.0
803.0	1.0
807.0	1.0
809.0	1.0
810.0	2.0
812.0	1.0
813.0	1.0
814.0	1.0
815.0	1.0
816.0	1.0
820.0	1.0
823.0	1.0
825.0	144.0
826.0	3.0
828.0	1.0
830.0	1.0
834.0	1.0
844.0	1.0
846.0	1.0
848.0	3.0
849.0	2.0
851.0	1.0
858.0	2.0
865.0	1.0
868.0	1.0
871.0	2.0
873.0	1.0
876.0	2.0
877.0	1.0
878.0	1.0
881.0	2.0
883.0	1.0
902.0	1.0
918.0	1.0
939.0	1.0
949.0	2.0
950.0	3.0
951.0	1.0
957.0	1.0
962.0	1.0
964.0	1.0
966.0	2.0
967.0	3.0
968.0	3.0
970.0	1.0
971.0	1.0
973.0	1.0
976.0	1.0
977.0	2.0
978.0	1.0
982.0	1.0
983.0	2.0
984.0	1.0
985.0	1.0
986.0	2.0
989.0	1.0
990.0	1.0
992.0	1.0
995.0	1.0
997.0	1.0
998.0	6.0
999.0	1.0
1000.0	1.0
1006.0	4.0
1007.0	1.0
1008.0	1.0
1011.0	1.0
1012.0	1.0
1013.0	2.0
1014.0	1.0
1015.0	2.0
1016.0	6.0
1017.0	2.0
1018.0	3.0
1020.0	3.0
1021.0	2.0
1022.0	3.0
1024.0	1.0
1027.0	2.0
1028.0	1.0
1029.0	2.0
1031.0	1.0
1032.0	1.0
1034.0	3.0
1035.0	1.0
1036.0	3.0
1037.0	1.0
1038.0	1.0
1039.0	1.0
1043.0	1.0
1044.0	1.0
1045.0	1.0
1046.0	1.0
1047.0	1.0
1049.0	1.0
1050.0	1.0
1060.0	1.0
1168.0	1.0
1228.0	2.0
1243.0	1.0
1316.0	1.0
1318.0	1.0
1360.0	1.0
1396.0	1.0
1436.0	1.0
1446.0	1.0
1454.0	4.0
1464.0	3.0
1472.0	1.0
1475.0	1.0
1491.0	1.0
1493.0	1.0
1512.0	1.0
1576.0	1.0
1587.0	1.0
1634.0	1.0
1941.0	1.0
1953.0	1.0
1955.0	1.0
2023.0	1.0
2047.0	1.0
2051.0	1.0
2074.0	1.0
2075.0	1.0
2089.0	1.0
2102.0	1.0
2116.0	1.0
2126.0	1.0
2131.0	1.0
2161.0	1.0
2186.0	1.0
2237.0	1.0
2247.0	1.0
2628.0	1.0
2650.0	1.0
2685.0	1.0
2687.0	1.0
2718.0	2.0
2722.0	1.0
2736.0	2.0
2799.0	1.0
2817.0	1.0
2855.0	2.0
2872.0	9.0
3243.0	1.0
3253.0	1.0
3257.0	1.0
3282.0	1.0
3286.0	1.0
3291.0	1.0
3292.0	1.0
3296.0	2.0
3336.0	1.0
3354.0	2.0
3403.0	1.0
3501.0	4.0
3511.0	1.0
3724.0	1.0
3750.0	1.0
3795.0	1.0
3815.0	1.0
3952.0	1.0
4074.0	1.0
4092.0	1.0
4105.0	2.0
4134.0	5.0
4508.0	3.0
4516.0	2.0
4659.0	5.0
5002.0	1.0
5024.0	1.0
5102.0	1.0
5142.0	1.0
5157.0	1.0
5255.0	1.0
5338.0	1.0
5705.0	3.0
5717.0	1.0
5720.0	1.0
5862.0	1.0
5927.0	11.0
6025.0	1.0
6276.0	1.0
6333.0	1.0
6485.0	1.0
6513.0	1.0
6517.0	1.0
6518.0	1.0
6590.0	1.0
6949.0	1.0
7027.0	1.0
7087.0	1.0
7740.0	1.0
7741.0	1.0
8130.0	2.0
8311.0	9.0
8336.0	2.0
8929.0	1.0
8953.0	3.0
9408.0	1.0
9589.0	1.0
9950.0	1.0
10035.0	1.0
10145.0	1.0
10185.0	1.0
10569.0	2.0
10609.0	2.0
10733.0	4.0
11270.0	1.0
11301.0	1.0
11364.0	3.0
11413.0	1.0
11450.0	1.0
11919.0	1.0
11921.0	14.0
12922.0	1.0
13066.0	11.0
13659.0	1.0
13741.0	1.0
13884.0	1.0
14290.0	1.0
14480.0	1.0
15145.0	1.0
15448.0	1.0
15530.0	1.0
16179.0	2.0
16304.0	2.0
16353.0	1.0
17251.0	1.0
17345.0	1.0
18003.0	2.0
19266.0	1.0
19267.0	10.0
19649.0	1.0
19859.0	1.0
20489.0	1.0
21014.0	3.0
21098.0	1.0
21104.0	1.0
21139.0	8.0
21712.0	3.0
21713.0	402.0
21728.0	1.0
21739.0	1.0
21740.0	1.0
21746.0	1.0
22162.0	3.0
22199.0	4.0
22316.0	15.0
22442.0	1.0
22915.0	7.0
22975.0	2.0
23295.0	1.0
23453.0	1.0
23492.0	1.0
24139.0	1.0
24759.0	1.0
25181.0	1.0
25348.0	1.0
25789.0	1.0
25918.0	1.0
25964.0	195.0
26278.0	1.0
26391.0	1.0
26393.0	585.0
26394.0	1.0
26395.0	1.0
26396.0	1.0
26427.0	1.0
26549.0	3.0
26554.0	1.0
26556.0	1.0
26557.0	1.0
26559.0	4.0
26560.0	782.0
26569.0	1.0
26574.0	1.0
26576.0	1.0
26583.0	1.0
26587.0	1.0
26967.0	1.0
27021.0	1.0
27038.0	1.0
27173.0	1.0
27184.0	2.0
27185.0	690.0
27186.0	1.0
27190.0	1.0
27203.0	1.0
27222.0	1.0
27372.0	1.0
27492.0	1.0
27684.0	5.0
27685.0	10.0
27690.0	2.0
27736.0	1.0
27820.0	1.0
27823.0	1.0
27824.0	106.0
27825.0	1.0
28181.0	1.0
28269.0	1.0
28306.0	1.0
28422.0	4.0
28423.0	3.0
28431.0	1.0
28433.0	8.0
28434.0	1601.0
28447.0	1.0
28449.0	1.0
28451.0	2.0
28457.0	1.0
28459.0	1.0
28603.0	3.0
29033.0	1.0
29413.0	5.0
29663.0	1.0
