# Position (bp)	A	C	G	T	N
0.0	25.83993541806533	24.00551225950528	24.60348636395358	25.551065958475817	0.0
1.0	26.790760565646565	20.958669329340747	15.842550145318496	36.408019959694194	0.0
2.0	28.721236695464945	20.20199265827463	17.482169344724273	33.594601301536144	0.0
3.0	23.396881023037846	22.54746658320559	15.459245332157568	38.596407061598995	0.0
4.0	33.69998618980327	13.580448050287997	15.178715669974974	37.54085008993377	0.0
5.0	34.44347046633828	15.220283806191414	24.10166504585072	26.23458068161958	0.0
6.0	31.32420057959207	17.67238236331505	21.435772890149536	29.567644166943342	0.0
7.0	35.21879623443262	17.55143738802695	20.52770370627466	26.702062671265775	0.0
8.0	23.054289147239736	26.981705112554945	22.671116589281674	27.29288915092365	0.0
9.0	27.158030556074397	19.001650605874197	15.76878913300644	38.071529705044966	0.0
10.0	26.605946047732846	17.06123347434193	24.880474548808262	31.45234592911696	0.0
11.0	27.9889354756654	18.872439661853377	19.50464165351038	33.63398320897085	0.0
12.0	25.725095191839735	20.519498628655995	20.61301215706315	33.14239402244111	0.0
13.0	26.409648318803953	21.196257693021405	19.318573631742417	33.07552035643223	0.0
14.0	30.314062665785574	18.893386205087666	20.14635788173819	30.64619324738857	0.0
15.0	29.300804082383852	18.61995465743192	20.606512030637973	31.472729229546253	0.0
16.0	29.49003844208258	18.15887191904283	18.788546929466627	33.562542709407964	0.0
17.0	29.990776518498798	18.028245256620274	20.040239892722038	31.940738332158897	0.0
18.0	31.982250849164647	17.91253691714074	19.359781693177897	30.745430540516722	0.0
19.0	30.427244024031896	18.74564913961617	20.16040850630596	30.66669833004597	0.0
20.0	29.687051641601602	17.721217036785692	20.606146683953654	31.985584637659052	0.0
21.0	29.07217317189272	18.833027888282462	20.369356364179403	31.725442575645413	0.0
22.0	29.777490168749065	18.799690003338355	23.31083863352424	28.111981194388335	0.0
23.0	29.576412487366998	20.34483246799449	21.605293751673553	28.47346129296496	0.0
24.0	33.03140474430071	19.553324099195887	17.79118092683278	29.624090229670625	0.0
25.0	29.061943464731794	21.077733139516916	20.042599423391597	29.817723972359694	0.0
26.0	31.176098167436255	16.66886635816184	23.03116574667805	29.12386972772386	0.0
27.0	26.07097194244024	20.722189924560478	25.093958794678667	28.112879338320617	0.0
28.0	26.862023627883442	19.905990209013318	19.37515669947632	33.85682946362692	0.0
29.0	28.017721749834035	20.67589745510156	17.419242779417523	33.88713801564688	0.0
30.0	26.602285329017516	19.044408479299786	16.441586215417658	37.91171997626504	0.0
31.0	34.027032056628094	14.843032877591453	18.882693372482258	32.24724169329819	0.0
32.0	34.00783097530607	15.365640103650069	23.065070941319508	27.561457979724352	0.0
33.0	31.317436039609415	17.719332775518915	21.174705223032937	29.788525961838737	0.0
34.0	32.69717320635072	16.998005774814448	22.02780842755168	28.277012591283153	0.0
35.0	26.505994819337463	20.559797078061205	25.59893410005461	27.335274002546722	0.0
