#Read position (bp)	Clipping profile
0.0	6.635869608207627
1.0	0.0933403997816784
2.0	0.07672897270188817
3.0	0.07000529983625879
4.0	0.06644570831916088
5.0	0.06525917781346159
6.0	0.062490606633496544
7.0	0.061699586296363684
8.0	0.061304076127797244
9.0	0.061304076127797244
10.0	0.06051305579066438
11.0	0.05893101511639864
12.0	0.05774448461069934
13.0	0.05774448461069934
14.0	0.05537142359930073
15.0	0.05220734225076926
16.0	0.05102081174506996
17.0	0.049834281239370656
18.0	0.04943877107080423
19.0	0.04943877107080423
20.0	0.04746122022797206
21.0	0.04429713887944059
22.0	0.04311060837374129
23.0	0.041133057530909116
24.0	0.04073754736234268
25.0	0.03994652702520982
26.0	0.03955101685664338
27.0	0.038759996519510516
28.0	0.038759996519510516
29.0	0.03836448635094408
30.0	0.25193997737681834
31.0	0.6003844358838465
32.0	0.4235913905346506
33.0	0.46630648873982555
34.0	0.11390692854713294
35.0	0.4801493446396507
36.0	0.20250120630601415
37.0	0.3096844619875177
38.0	0.30216976878475543
39.0	0.16650978096646865
40.0	0.3504220093498604
41.0	0.5426399512731472
42.0	0.29307303490772746
43.0	0.2792301790079023
44.0	0.7403950355563641
45.0	61.46742182741518
46.0	15.639658595622494
47.0	3.7083033404788837
48.0	0.3049383399647205
49.0	0.12774978444695814
50.0	0.12774978444695814
51.0	0.03401387449671331
52.0	0.010283264382727279
53.0	0.0490432609022378
54.0	0.1918224317547204
55.0	0.009887754214160846
56.0	0.04350611854230772
57.0	0.05616244393643361
58.0	0.009096733877027979
59.0	0.04943877107080423
60.0	0.09848203197304203
61.0	0.008701223708461546
62.0	0.008701223708461546
63.0	0.2001281452946155
64.0	0.008701223708461546
65.0	0.1684873318093008
66.0	0.007514693202762243
67.0	0.007514693202762243
68.0	0.1906359012490211
69.0	0.041528567699475556
70.0	0.005932652528496508
71.0	0.16650978096646865
72.0	0.005537142359930074
73.0	0.005537142359930074
74.0	0.004746122022797206
75.0	0.3820628228351751
76.0	0.037573466013811216
77.0	0.20487426731741273
78.0	0.003164081348531471
79.0	0.3820628228351751
80.0	0.0035595915170979044
81.0	0.003164081348531471
82.0	0.003164081348531471
83.0	0.003164081348531471
84.0	0.22979140793709807
85.0	0.003164081348531471
86.0	0.1087652963557693
87.0	0.0035595915170979044
88.0	0.0035595915170979044
89.0	0.04746122022797206
90.0	0.0035595915170979044
91.0	0.0035595915170979044
92.0	0.003955101685664338
93.0	0.0466701998908392
94.0	0.004746122022797206
95.0	0.0051416321913636395
96.0	0.0051416321913636395
97.0	0.0051416321913636395
98.0	0.005537142359930074
99.0	0.04429713887944059
100.0	0.0051416321913636395
101.0	0.0051416321913636395
102.0	0.005537142359930074
103.0	0.005537142359930074
104.0	0.005537142359930074
105.0	0.005932652528496508
106.0	0.14238366068391617
107.0	0.006328162697062942
108.0	0.006328162697062942
109.0	0.0067236728656293755
110.0	0.006328162697062942
111.0	0.006328162697062942
112.0	0.0067236728656293755
113.0	0.007119183034195809
114.0	0.007910203371328675
115.0	0.008701223708461546
116.0	0.008701223708461546
117.0	0.008701223708461546
118.0	0.008701223708461546
119.0	0.009096733877027979
120.0	0.009096733877027979
121.0	0.00830571353989511
122.0	0.007514693202762243
123.0	0.007514693202762243
124.0	0.00830571353989511
125.0	0.009096733877027979
126.0	0.009096733877027979
127.0	0.009492244045594412
128.0	0.009887754214160846
129.0	0.010283264382727279
130.0	0.009096733877027979
131.0	0.009492244045594412
132.0	0.009492244045594412
133.0	0.009492244045594412
134.0	0.009887754214160846
135.0	0.010678774551293714
136.0	0.011074284719860147
137.0	0.011074284719860147
138.0	0.01146979488842658
139.0	0.01226081522555945
140.0	0.01226081522555945
141.0	0.014238366068391618
142.0	0.014633876236958053
143.0	0.015424896574090921
144.0	0.015424896574090921
145.0	0.01661142707979022
146.0	0.01740244741692309
147.0	0.01740244741692309
148.0	0.01740244741692309
149.0	0.018193467754055958
150.0	0.01858897792262239
151.0	0.01858897792262239
152.0	0.01858897792262239
153.0	0.019379998259755258
154.0	0.018984488091188825
155.0	0.01977550842832169
156.0	0.01977550842832169
157.0	0.01977550842832169
158.0	0.020566528765454558
159.0	0.020566528765454558
160.0	0.020566528765454558
161.0	0.020962038934020995
162.0	0.020962038934020995
163.0	0.021357549102587428
164.0	0.021357549102587428
165.0	0.020171018596888128
166.0	0.01977550842832169
167.0	0.019379998259755258
168.0	0.018984488091188825
169.0	0.01858897792262239
170.0	0.01858897792262239
171.0	0.018984488091188825
172.0	0.019379998259755258
173.0	0.01858897792262239
174.0	0.01858897792262239
175.0	0.018984488091188825
176.0	0.020171018596888128
177.0	0.01977550842832169
178.0	0.020171018596888128
179.0	0.020962038934020995
180.0	0.022544079608286728
181.0	0.02373061011398603
182.0	0.024126120282552465
183.0	0.024126120282552465
184.0	0.02531265078825177
185.0	0.02531265078825177
186.0	0.024917140619685328
187.0	0.02610367112538463
188.0	0.02610367112538463
189.0	0.0257081609568182
190.0	0.0257081609568182
191.0	0.02531265078825177
192.0	0.0245216304511189
193.0	0.02531265078825177
194.0	0.024917140619685328
195.0	0.02649918129395107
196.0	0.02610367112538463
197.0	0.028476732136783235
198.0	0.02966326264248254
199.0	0.03480489483384618
200.0	0.027685711799650365
201.0	0.01146979488842658
202.0	0.01146979488842658
203.0	0.011074284719860147
204.0	0.011074284719860147
205.0	0.010283264382727279
206.0	0.010283264382727279
207.0	0.010283264382727279
208.0	0.009887754214160846
209.0	0.010283264382727279
210.0	0.010283264382727279
211.0	0.009887754214160846
212.0	0.009887754214160846
213.0	0.009887754214160846
214.0	0.009887754214160846
215.0	0.010283264382727279
216.0	0.010283264382727279
217.0	0.010283264382727279
218.0	0.009492244045594412
219.0	0.008701223708461546
220.0	0.006328162697062942
