#Read position (bp)	Clipping profile
0.0	14.927327820861795
1.0	14.927327820861795
2.0	11.165322787735606
3.0	5.839453546299625
4.0	3.2201735914950436
5.0	1.055415746494787
6.0	0.0
7.0	0.0
8.0	0.0
9.0	0.0
10.0	0.0
11.0	0.0
12.0	0.0
13.0	0.0
14.0	0.0
15.0	0.0
16.0	0.0
17.0	0.0
18.0	0.0
19.0	0.0
20.0	0.0
21.0	0.0
22.0	0.0
23.0	0.0
24.0	0.0
25.0	0.0
26.0	0.0
27.0	0.0
28.0	0.0
29.0	0.0
30.0	1.766730008730933
31.0	4.172872477017102
32.0	7.395613990036464
33.0	11.208977453649016
34.0	13.597144471264958
35.0	10.723640285552873
