#Read position (bp)	Clipping profile
0.0	1.697870574438445
1.0	0.9866177309730048
2.0	0.9780316302370677
3.0	0.9665351098941057
4.0	0.9546466627212699
5.0	0.9419235565588883
6.0	0.9292439978220481
7.0	0.9099016829773549
8.0	0.8939560673249004
9.0	0.8795200957578856
10.0	0.8599237542642002
11.0	0.8394129168341428
12.0	0.8253761300012586
13.0	0.8135747776795057
14.0	0.8006411922936734
15.0	0.7891664456634819
16.0	0.7746941845751826
17.0	0.762871058540659
18.0	0.7483407342183042
19.0	0.7381578945458447
20.0	0.7335418674384432
21.0	0.7298621099801844
22.0	0.7279968285861559
23.0	0.7257251045537397
24.0	0.7222630842231886
25.0	0.7221977630848764
26.0	0.7238525652554543
27.0	0.7293395408736862
28.0	0.7323588290445652
29.0	0.7309943430442641
30.0	0.8222479732665258
31.0	0.8226181263836287
32.0	0.7792739221612993
33.0	0.8597423066577773
34.0	0.7975420671759683
35.0	0.9532749188167119
36.0	0.8348476950565398
37.0	0.816107786265171
38.0	0.8044661078370705
39.0	0.8901166359729895
40.0	0.8364952393228607
41.0	0.8268204529483857
42.0	0.7910389849617675
43.0	0.788070502120687
44.0	0.787889054514264
45.0	0.800938766368207
46.0	0.7974985197504268
47.0	0.7986888160485617
48.0	0.8018750360173499
49.0	0.8002637812723136
50.0	0.8076305540930879
51.0	0.7966856344736517
52.0	0.8040524072944261
53.0	0.7937026358240574
54.0	0.7839334966942424
55.0	0.7868656900140383
56.0	0.7779820152035676
57.0	0.7867132740246429
58.0	0.7743312893623365
59.0	0.7734022776174507
60.0	0.7637347491472326
61.0	0.7616880201467809
62.0	0.753457556719433
63.0	0.7452053195793145
64.0	0.7440077653769226
65.0	0.7399288231845332
66.0	0.7361837445879623
67.0	0.7303846790866828
68.0	0.7260154207240166
69.0	0.721588099127295
70.0	0.7185107477223608
71.0	0.7110786537632742
72.0	0.706077957730256
73.0	0.7024054581762541
74.0	0.694116931514851
75.0	0.6889928511094651
76.0	0.6852405146086371
77.0	0.6760520078193757
78.0	0.6723069292228048
79.0	0.667625580977091
80.0	0.6601499395924628
81.0	0.6554395597297215
82.0	0.6492050199730267
83.0	0.6430358013546443
84.0	0.6382310687365629
85.0	0.6331287620439479
86.0	0.6277651707980835
87.0	0.6242668609462478
88.0	0.6198032498282418
89.0	0.6147227168483973
90.0	0.6114203704114984
91.0	0.606528542942334
92.0	0.60260201673934
93.0	0.5972311675892189
94.0	0.5911563017261764
95.0	0.585531425927063
96.0	0.5798121973726096
97.0	0.5750945596056113
98.0	0.5705148220194944
99.0	0.566443137731362
100.0	0.5619359791878143
101.0	0.5550990333777953
102.0	0.5500257583022078
103.0	0.5440452451945053
104.0	0.539501797129673
105.0	0.5344140062455718
106.0	0.5289342885315967
107.0	0.5237231132751278
108.0	0.5194336918592878
109.0	0.5142080007943051
110.0	0.509461331410279
111.0	0.5044170879517192
112.0	0.49972848180174856
113.0	0.4944156958856828
114.0	0.48950935260800454
115.0	0.4846030093303262
116.0	0.48176516876587033
117.0	0.4785644329885683
118.0	0.4755886922432309
119.0	0.47237344065741516
120.0	0.46879529385875335
121.0	0.46587761634747127
122.0	0.4618349636763666
123.0	0.458590680473523
124.0	0.4552230128983119
125.0	0.45305289952549277
126.0	0.45105697585483956
127.0	0.44789252959882225
128.0	0.44672400701345805
129.0	0.44558451604512156
130.0	0.44531597358761543
131.0	0.44489501514071406
132.0	0.44538129472592775
133.0	0.4459546691622245
134.0	0.44601999030053674
135.0	0.4468256176730549
136.0	0.4468836809071103
137.0	0.44711593384333176
138.0	0.4484513882266051
139.0	0.4477618873221977
140.0	0.4470651285135333
141.0	0.44680384396028416
142.0	0.4461578904814183
143.0	0.4437337504596068
144.0	0.4410773575015739
145.0	0.43677342027722
146.0	0.4309525810631698
147.0	0.421343115827007
148.0	0.39969278742861303
149.0	0.3506148388433165
150.0	0.1944610287556715
