# Position (bp)	A	C	G	T	N
0.0	50.19305019305019	12.087912087912088	18.62191862191862	19.097119097119098	0.0
1.0	16.5083135391924	51.12826603325416	15.973871733966746	16.389548693586697	0.0
2.0	21.67791141097096	44.03050748019947	12.29099442651804	22.00058668231153	0.0
3.0	49.578855649143186	13.970374673250072	16.81672959628231	19.63404008132443	0.0
4.0	49.56521739130435	16.0	13.507246376811594	20.92753623188406	0.0
5.0	20.13888888888889	43.51851851851852	13.541666666666666	22.800925925925927	0.0
6.0	20.196191575302944	44.8932487016734	14.05077899596076	20.859780727062898	0.0
7.0	51.756912442396306	13.018433179723502	16.157834101382488	19.066820276497694	0.0
8.0	50.10060362173038	15.090543259557343	15.952860017246334	18.855993101465938	0.0
9.0	20.011484352569624	42.57823715188056	13.494114269308069	23.916164226241747	0.0
10.0	21.60458452722063	11.862464183381089	13.2378223495702	53.29512893982808	0.0
11.0	18.760708166761848	12.764134780125644	13.963449457452883	54.51170759565962	0.0
12.0	21.773735076748153	12.279704377487208	14.04206935758954	51.90449118817509	0.0
13.0	20.768578694546484	42.18705849109918	13.987001977959876	23.057360836394462	0.0
14.0	19.455362156092082	12.408759124087592	46.63110612015722	21.50477259966311	0.0
15.0	46.26492640933074	14.273812829769508	15.912246598167176	23.549014162732572	0.0
16.0	17.95084230875449	14.63684065175366	16.487158243579124	50.92515879591273	0.0
17.0	22.02136400986031	40.86551629690496	14.626129827444537	22.486989865790193	0.0
18.0	18.176855895196507	14.437772925764191	15.775109170305676	51.61026200873362	0.0
19.0	20.130576713819366	45.40261153427639	14.825897714907507	19.640914036996733	0.0
20.0	18.73644251626898	16.16052060737527	14.126898047722342	50.97613882863341	0.0
21.0	19.502971366828742	15.829281469475958	15.721231766612643	48.946515397082656	0.0
22.0	19.666397632499326	12.590799031477	43.153080441216034	24.589722894807643	0.0
23.0	20.49422508729519	15.874294923448831	14.2358313188289	49.39564867042707	0.0
24.0	50.134048257372655	11.742627345844504	14.15549597855228	23.967828418230564	0.0
25.0	22.978039635779325	12.80128548473487	40.09105516871987	24.129619710765933	0.0
26.0	51.24431362055124	12.30933904201231	12.657211667112659	23.789135670323788	0.0
27.0	19.020866773675763	15.248796147672552	13.670411985018728	52.05992509363296	0.0
28.0	19.209190488912636	40.52898744322736	12.102591504141063	28.15923056371894	0.0
29.0	22.376502002670225	10.307076101468624	14.44592790387183	52.87049399198932	0.0
30.0	22.257891920813268	13.857677902621724	40.208667736757626	23.675762439807382	0.0
31.0	21.06251676951972	13.710759323852963	13.576603166085324	51.65012074054199	0.0
32.0	21.699381554181233	12.315138478085506	13.794030653401451	52.191449314331805	0.0
33.0	22.273094532722865	40.8564503097226	14.11257743064907	22.757877726905466	0.0
34.0	23.26145552560647	14.50134770889488	15.17520215633423	47.06199460916442	0.0
35.0	20.301968185494744	41.08924238339175	13.37287678619574	25.235912644917768	0.0
36.0	22.683189655172413	13.84698275862069	12.796336206896552	50.67349137931034	0.0
37.0	47.76159654800431	16.316073354908305	13.592233009708737	22.330097087378643	0.0
38.0	50.5926724137931	14.601293103448276	12.311422413793103	22.494612068965516	0.0
39.0	49.15117219078415	13.985448666127729	12.66504985179197	24.198329291296147	0.0
40.0	19.795589026358257	41.60839160839161	14.147391070467993	24.44862829478214	0.0
41.0	20.193103448275863	12.082758620689656	45.13103448275862	22.593103448275862	0.0
42.0	49.15629322268326	13.499308437067773	15.601659751037344	21.74273858921162	0.0
43.0	50.40266592613163	13.912801999444598	13.27409053040822	22.41044154401555	0.0
44.0	22.544642857142858	40.56919642857143	12.946428571428573	23.939732142857142	0.0
45.0	30.55167597765363	14.52513966480447	15.43296089385475	39.49022346368715	0.0
46.0	30.093457943925234	15.77570093457944	19.55140186915888	34.57943925233645	0.0
47.0	30.29839326702372	17.521040550879878	20.04590665646519	32.134659525631214	0.0
48.0	27.09850517439632	20.505940973553084	19.662706017631276	32.73284783441932	0.0
49.0	29.716257668711656	20.552147239263803	18.328220858895705	31.403374233128833	0.0
50.0	27.300731613400075	21.486330381209086	19.368502117828264	31.84443588756257	0.0
51.0	28.709055876685934	18.689788053949904	16.53179190751445	36.06936416184971	0.0
52.0	28.769764751253373	18.241419205553413	19.6683378326263	33.32047821056691	0.0
53.0	31.66023166023166	18.841698841698843	20.154440154440152	29.343629343629345	0.0
54.0	29.880170081175105	21.685349826053343	18.74758407421724	29.68689601855431	0.0
55.0	31.39984532095901	17.130703789636502	19.87625676720804	31.593194122196444	0.0
56.0	26.174757281553397	19.650485436893202	21.126213592233007	33.04854368932039	0.0
57.0	30.36200856364344	17.983651226158038	19.268197742312186	32.38614246788634	0.0
58.0	29.051151893791488	17.72745021475986	19.718859820382665	33.50253807106599	0.0
59.0	26.16165560327997	20.109332292073407	21.788363920343613	31.940648184303004	0.0
60.0	28.442879499217526	19.014084507042252	19.561815336463223	32.98122065727699	0.0
61.0	29.05748924520923	19.358623386781385	20.844739929605005	30.73914743840438	0.0
62.0	28.946337641989818	20.36819428123776	21.229925577751665	29.45554249902076	0.0
63.0	32.8890631125049	16.816934535476282	20.815366522932184	29.47863582908663	0.0
64.0	30.117647058823525	18.549019607843135	21.019607843137255	30.31372549019608	0.0
65.0	29.82731554160126	19.27001569858713	21.07535321821036	29.82731554160126	0.0
66.0	27.79740871613663	17.314487632508836	21.554770318021202	33.33333333333333	0.0
67.0	29.01452689438555	16.5685119748724	20.259128386336865	34.157832744405184	0.0
68.0	26.334379905808476	18.759811616954476	21.350078492935637	33.555729984301415	0.0
69.0	26.19984264358773	20.377655389457118	22.226593233674272	31.19590873328088	0.0
70.0	27.451752658526978	20.67743205986609	19.495864513588028	32.374950768018905	0.0
71.0	27.760252365930597	19.834384858044164	20.347003154574132	32.0583596214511	0.0
72.0	26.992896606156275	18.310970797158642	21.704814522494082	32.991318074191	0.0
73.0	28.644804425128406	16.989332279731332	20.82180956143817	33.54405373370209	0.0
74.0	29.86138613861386	17.306930693069305	22.33663366336634	30.495049504950494	0.0
75.0	30.808881839809676	19.191118160190328	21.094369547977795	28.9056304520222	0.0
76.0	26.28026994839222	20.16673283048829	19.849146486701073	33.703850734418424	0.0
77.0	30.43305522447358	18.990862137465236	18.87167262614223	31.70441001191895	0.0
78.0	29.542743538767397	19.08548707753479	18.09145129224652	33.28031809145129	0.0
79.0	27.75347912524851	20.755467196819087	20.03976143141153	31.45129224652087	0.0
80.0	31.570576540755468	16.898608349900595	21.07355864811133	30.457256461232607	0.0
81.0	28.44621513944223	18.44621513944223	17.928286852589643	35.179282868525895	0.0
82.0	31.67132030315118	17.431192660550458	20.981252493019547	29.91623454327882	0.0
83.0	29.24980047885076	17.99680766161213	21.707901037509977	31.045490822027134	0.0
84.0	28.913738019169326	19.169329073482427	19.768370607028753	32.14856230031949	0.0
85.0	32.2	17.64	20.96	29.2	0.0
86.0	28.811524609843936	18.567426970788315	22.488995598239296	30.132052821128454	0.0
87.0	31.277533039647576	19.22306768121746	21.105326391670005	28.39407288746496	0.0
88.0	31.903807615230463	19.07815631262525	17.595190380761522	31.42284569138277	0.0
89.0	30.41733547351525	16.773675762439808	17.415730337078653	35.39325842696629	0.0
90.0	29.706945002007224	16.7402649538338	19.67081493376154	33.881975110397434	0.0
91.0	29.36444086886565	20.07240547063556	17.37731295253419	33.1858407079646	0.0
92.0	28.611670020120723	18.551307847082494	18.792756539235413	34.04426559356137	0.0
93.0	31.627719580983076	17.647058823529413	19.50040290088638	31.22481869460113	0.0
94.0	30.72264836495761	18.04602341542188	18.89382317319338	32.337505046427125	0.0
95.0	30.157448526443275	17.561566410981026	20.993136859103753	31.287848203471942	0.0
96.0	30.1010101010101	17.17171717171717	19.11111111111111	33.61616161616162	0.0
97.0	30.787878787878785	17.494949494949495	19.636363636363637	32.08080808080808	0.0
98.0	30.89068825910931	20.12145748987854	17.813765182186234	31.17408906882591	0.0
99.0	30.59490084985836	18.49453662484824	18.939700526102794	31.970861999190607	0.0
100.0	32.602517255379624	15.265935850588713	18.55460820138043	33.57693869265124	0.0
101.0	31.686402613311554	19.02817476521029	19.31400571661903	29.971416904859126	0.0
102.0	31.185884283955684	15.716044316782929	20.147722609766106	32.95034878949528	0.0
103.0	28.26534816646065	17.38772146683148	21.631644004944377	32.715286361763496	0.0
104.0	26.881720430107524	18.4449958643507	21.174524400330853	33.49875930521092	0.0
105.0	27.763923524522028	19.74231088944306	19.243557772236073	33.25020781379884	0.0
106.0	30.51839464882943	18.645484949832774	17.851170568561873	32.98494983277592	0.0
107.0	29.525409491810162	19.02561948761025	19.277614447711045	32.17135657286854	0.0
108.0	33.58617783396545	17.656974294142437	16.77201854193005	31.98482932996207	0.0
109.0	27.61985574883326	20.49215103945694	19.34662706830717	32.54136614340263	0.0
110.0	27.066381156316915	19.31477516059957	19.700214132762312	33.9186295503212	0.0
111.0	29.28295405753542	17.732932589094034	20.781451266638044	32.2026620867325	0.0
112.0	27.08423326133909	19.00647948164147	19.611231101511876	34.29805615550756	0.0
113.0	29.383680555555557	19.31423611111111	18.40277777777778	32.89930555555556	0.0
114.0	29.855958096900913	18.02706241815801	18.4199039720646	33.697075512876474	0.0
115.0	28.48378615249781	18.31726555652936	18.930762489044696	34.268185801928134	0.0
116.0	28.891820580474935	18.86543535620053	19.61301671064204	32.629727352682494	0.0
117.0	31.80414644905161	18.438464931627703	18.30613145125717	31.451257168063517	0.0
118.0	28.00177226406735	16.792202038103675	20.82410279131591	34.38192290651307	0.0
119.0	23.432636727434417	20.89817696754113	27.790128946198312	27.87905735882614	0.0
120.0	26.11607142857143	21.33928571428571	21.74107142857143	30.80357142857143	0.0
121.0	30.335570469798657	18.25503355704698	19.015659955257274	32.39373601789709	0.0
122.0	28.084342754598474	19.33602512337371	21.71377299237326	30.865859129654556	0.0
123.0	32.1203953279425	18.10422282120395	19.227313566936207	30.54806828391734	0.0
124.0	31.272563176895307	18.637184115523468	19.494584837545126	30.595667870036102	0.0
125.0	30.158730158730158	18.68480725623583	20.453514739229025	30.70294784580499	0.0
126.0	30.628988149498632	19.64448495897903	17.41112123974476	32.315405651777574	0.0
127.0	29.166666666666668	20.054945054945055	21.10805860805861	29.67032967032967	0.0
128.0	29.017447199265384	18.365472910927455	20.752984389348025	31.86409550045914	0.0
129.0	29.783310281235593	19.317657906869528	17.93453204241586	32.96449976947902	0.0
130.0	29.796107506950882	19.184430027803522	17.84059314179796	33.178869323447636	0.0
131.0	30.779944289693596	19.452181987000927	18.477251624883937	31.29062209842154	0.0
132.0	30.097993467102192	18.9920671955203	20.718618758749415	30.19132057862809	0.0
133.0	29.439252336448597	21.822429906542055	19.158878504672895	29.57943925233645	0.0
134.0	25.71428571428571	21.35831381733021	20.327868852459016	32.59953161592506	0.0
135.0	26.990108337258594	16.53320772491757	21.149317004239286	35.32736693358455	0.0
136.0	25.28409090909091	18.702651515151516	21.259469696969695	34.753787878787875	0.0
137.0	28.15764482431149	15.7644824311491	21.082621082621085	34.99525166191833	0.0
138.0	28.823249166269655	17.770366841353024	20.96236303001429	32.44402096236303	0.0
139.0	29.58891013384321	19.07265774378585	18.929254302103253	32.409177820267686	0.0
140.0	28.18050888142103	18.194911185789724	21.267402784445512	32.35717714834374	0.0
141.0	30.95467695274831	18.322082931533267	18.948891031822566	31.774349083895853	0.0
142.0	30.13565891472868	15.843023255813954	19.040697674418606	34.980620155038764	0.0
143.0	31.7429406037001	19.571567672833496	20.642648490749757	28.042843232716653	0.0
144.0	30.5992141453831	17.38703339882122	17.534381139489195	34.479371316306484	0.0
145.0	28.44400396432111	18.533201189296335	18.780971258671954	34.241823587710606	0.0
146.0	28.57142857142857	20.12987012987013	19.08091908091908	32.21778221778222	0.0
147.0	29.453085800301054	18.866031108881085	17.46111389864526	34.219769192172606	0.0
148.0	27.631578947368425	19.939271255060728	18.977732793522268	33.45141700404859	0.0
149.0	28.556910569105693	20.78252032520325	18.69918699186992	31.96138211382114	0.0
150.0	29.204892966360855	18.85830784913354	18.144750254842	33.79204892966361	0.0
151.0	28.95812053115424	19.101123595505616	20.531154239019408	31.409601634320733	0.0
152.0	28.878648233486942	20.07168458781362	17.665130568356375	33.38453661034306	0.0
153.0	31.324059763008762	18.083462132921174	18.907779495105615	31.68469860896445	0.0
154.0	30.29518384256862	17.089590885551527	20.507509062661832	32.107716209218026	0.0
155.0	31.312075274438055	20.700470465237846	16.20491374803973	31.782540512284367	0.0
156.0	31.934976402726793	16.203460933403253	17.566858940744627	34.29470372312533	0.0
157.0	30.570221752903908	19.271383315733896	18.004223864836323	32.15417106652587	0.0
158.0	28.374070138150902	22.52922422954304	16.524973432518596	32.57173219978746	0.0
159.0	35.14666666666667	14.613333333333333	20.16	30.080000000000002	0.0
160.0	27.5307980717729	19.764327798607393	22.710230316014997	29.994643813604714	0.0
161.0	28.540656973613356	18.955304254173395	21.486268174474958	31.017770597738288	0.0
162.0	31.16883116883117	17.586580086580085	19.20995670995671	32.03463203463203	0.0
163.0	30.567685589519648	17.521834061135372	17.84934497816594	34.06113537117904	0.0
164.0	29.812981298129813	16.39163916391639	21.012101210121013	32.78327832783278	0.0
165.0	29.258849557522126	17.035398230088493	22.289823008849556	31.41592920353982	0.0
166.0	27.802441731409544	20.477247502774695	19.644839067702552	32.075471698113205	0.0
167.0	27.780883174958078	19.84348798211291	23.08552263834544	29.290106204583566	0.0
168.0	27.665544332211	18.46240179573513	18.74298540965208	35.1290684624018	0.0
169.0	28.812605514912775	17.95160382667417	19.24592009003939	33.98987056837367	0.0
170.0	29.790842283776144	16.39344262295082	18.654607122668175	35.16110797060486	0.0
171.0	28.522727272727273	19.261363636363637	17.727272727272727	34.48863636363637	0.0
172.0	30.444697833523378	18.814139110604334	16.590649942987458	34.15051311288483	0.0
173.0	29.08777969018933	18.072289156626507	18.473895582329316	34.36603557085485	0.0
174.0	29.01734104046243	20.751445086705203	16.936416184971097	33.29479768786127	0.0
175.0	27.732558139534884	20.52325581395349	20.75581395348837	30.98837209302325	0.0
176.0	28.3704572098476	20.5158264947245	20.22274325908558	30.890973036342324	0.0
177.0	28.697701826753093	21.979964643488508	17.324690630524454	31.99764289923394	0.0
178.0	25.96783799880881	20.726622989874926	21.44133412745682	31.864204883859443	0.0
179.0	25.82781456953642	18.96447922937989	23.600240818783867	31.60746538229982	0.0
180.0	28.407026044821322	16.474863718958208	21.865536038764386	33.252574197456084	0.0
181.0	26.805385556915546	20.195838433292536	19.583843329253366	33.414932680538556	0.0
182.0	33.68162261831592	17.02519975414874	20.651505838967424	28.64167178856792	0.0
183.0	28.9375	22.9375	19.8125	28.3125	0.0
184.0	30.100755667506295	20.21410579345088	18.513853904282115	31.171284634760703	0.0
185.0	28.29113924050633	21.772151898734176	22.278481012658226	27.658227848101262	0.0
186.0	30.223642172523963	17.763578274760384	21.916932907348244	30.095846645367413	0.0
187.0	31.10539845758355	21.979434447300772	17.35218508997429	29.562982005141386	0.0
188.0	29.46138870863076	19.27319922128488	19.9870214146658	31.27839065541856	0.0
189.0	29.731499672560574	18.402095612311722	20.825147347740668	31.041257367387033	0.0
190.0	30.343007915567284	18.139841688654354	18.20580474934037	33.31134564643799	0.0
191.0	27.33908427339084	21.566025215660254	19.708029197080293	31.386861313868614	0.0
192.0	31.417112299465238	20.18716577540107	18.449197860962567	29.946524064171122	0.0
193.0	31.978319783197833	16.93766937669377	21.070460704607047	30.013550135501355	0.0
194.0	27.9291553133515	19.754768392370572	24.114441416893733	28.201634877384198	0.0
195.0	28.85813148788927	19.58477508650519	18.961937716262973	32.59515570934256	0.0
196.0	27.969079409697823	20.098383696416022	21.082220660576247	30.85031623330991	0.0
197.0	29.592566118656183	20.87205146533238	21.086490350250177	28.448892065761257	0.0
198.0	29.129793510324486	21.828908554572273	20.206489675516224	28.83480825958702	0.0
199.0	27.769110764430575	21.996879875195006	18.720748829953198	31.513260530421217	0.0
200.0	28.044280442804425	16.88191881918819	20.940959409594097	34.132841328413285	0.0
201.0	31.17206982543641	19.825436408977556	16.708229426433917	32.294264339152114	0.0
202.0	36.888331242158095	17.189460476787954	18.569636135508155	27.352572145545796	0.0
203.0	32.99748110831234	19.64735516372796	20.780856423173805	26.574307304785894	0.0
204.0	33.29097839898348	18.170266836086405	22.236340533672173	26.30241423125794	0.0
205.0	35.5584082156611	16.43132220795892	22.721437740693197	25.288831835686775	0.0
206.0	31.007751937984494	18.217054263565892	21.44702842377261	29.328165374677003	0.0
207.0	29.518855656697006	23.27698309492848	16.775032509752926	30.429128738621586	0.0
208.0	28.964613368283093	18.74180865006553	19.39711664482307	32.89646133682831	0.0
209.0	24.03718459495352	19.787516600265604	20.849933598937582	35.3253652058433	0.0
210.0	24.89905787348587	17.631224764468374	20.457604306864063	37.01211305518169	0.0
211.0	29.6195652173913	21.331521739130434	20.652173913043477	28.396739130434785	0.0
212.0	30.21978021978022	15.659340659340659	22.802197802197803	31.318681318681318	0.0
213.0	26.944444444444443	21.52777777777778	18.88888888888889	32.63888888888889	0.0
214.0	29.46927374301676	26.256983240223462	16.899441340782122	27.37430167597765	0.0
215.0	31.08298171589311	21.09704641350211	18.846694796061886	28.973277074542896	0.0
216.0	31.152204836415365	17.496443812233288	19.34566145092461	32.005689900426745	0.0
217.0	26.262626262626267	18.75901875901876	22.51082251082251	32.467532467532465	0.0
218.0	23.994038748137108	19.076005961251862	19.821162444113263	37.108792846497764	0.0
219.0	19.601328903654487	22.591362126245848	25.083056478405314	32.72425249169435	0.0
220.0	0.0	31.65829145728643	26.38190954773869	41.959798994974875	0.0
