#Insert size (bp)	insert size
9.0	1.0
11.0	1.0
47.0	2.0
58.0	1.0
65.0	1.0
79.0	1.0
81.0	1.0
85.0	2.0
96.0	2.0
97.0	1.0
98.0	1.0
99.0	1.0
100.0	70.0
101.0	62.0
102.0	68.0
103.0	88.0
104.0	86.0
105.0	97.0
106.0	87.0
107.0	97.0
108.0	80.0
109.0	93.0
110.0	75.0
111.0	87.0
112.0	78.0
113.0	109.0
114.0	85.0
115.0	118.0
116.0	104.0
117.0	110.0
118.0	100.0
119.0	102.0
120.0	88.0
121.0	89.0
122.0	83.0
123.0	94.0
124.0	114.0
125.0	122.0
126.0	146.0
127.0	125.0
128.0	97.0
129.0	100.0
130.0	101.0
131.0	95.0
132.0	94.0
133.0	119.0
134.0	110.0
135.0	123.0
136.0	153.0
137.0	130.0
138.0	141.0
139.0	146.0
140.0	100.0
141.0	131.0
142.0	116.0
143.0	117.0
144.0	134.0
145.0	140.0
146.0	148.0
147.0	137.0
148.0	142.0
149.0	131.0
150.0	133.0
151.0	126.0
152.0	122.0
153.0	140.0
154.0	133.0
155.0	145.0
156.0	147.0
157.0	168.0
158.0	144.0
159.0	144.0
160.0	151.0
161.0	162.0
162.0	164.0
163.0	156.0
164.0	146.0
165.0	156.0
166.0	158.0
167.0	156.0
168.0	161.0
169.0	144.0
170.0	173.0
171.0	165.0
172.0	152.0
173.0	181.0
174.0	179.0
175.0	142.0
176.0	179.0
177.0	157.0
178.0	170.0
179.0	150.0
180.0	179.0
181.0	169.0
182.0	191.0
183.0	167.0
184.0	171.0
185.0	167.0
186.0	167.0
187.0	185.0
188.0	177.0
189.0	191.0
190.0	182.0
191.0	191.0
192.0	171.0
193.0	187.0
194.0	194.0
195.0	182.0
196.0	184.0
197.0	205.0
198.0	200.0
199.0	215.0
200.0	196.0
201.0	194.0
202.0	187.0
203.0	197.0
204.0	180.0
205.0	172.0
206.0	197.0
207.0	215.0
208.0	231.0
209.0	195.0
210.0	201.0
211.0	214.0
212.0	220.0
213.0	211.0
214.0	203.0
215.0	189.0
216.0	198.0
217.0	201.0
218.0	191.0
219.0	195.0
220.0	252.0
221.0	196.0
222.0	232.0
223.0	173.0
224.0	213.0
225.0	206.0
226.0	203.0
227.0	213.0
228.0	198.0
229.0	190.0
230.0	228.0
231.0	222.0
232.0	219.0
233.0	210.0
234.0	220.0
235.0	225.0
236.0	196.0
237.0	211.0
238.0	215.0
239.0	212.0
240.0	184.0
241.0	204.0
242.0	228.0
243.0	212.0
244.0	204.0
245.0	205.0
246.0	197.0
247.0	199.0
248.0	217.0
249.0	220.0
250.0	218.0
251.0	212.0
252.0	213.0
253.0	217.0
254.0	221.0
255.0	215.0
256.0	204.0
257.0	211.0
258.0	224.0
259.0	214.0
260.0	193.0
261.0	206.0
262.0	217.0
263.0	240.0
264.0	231.0
265.0	230.0
266.0	209.0
267.0	214.0
268.0	216.0
269.0	220.0
270.0	216.0
271.0	229.0
272.0	207.0
273.0	220.0
274.0	241.0
275.0	241.0
276.0	225.0
277.0	215.0
278.0	198.0
279.0	226.0
280.0	211.0
281.0	220.0
282.0	194.0
283.0	203.0
284.0	217.0
285.0	215.0
286.0	202.0
287.0	195.0
288.0	192.0
289.0	196.0
290.0	201.0
291.0	194.0
292.0	198.0
293.0	194.0
294.0	204.0
295.0	207.0
296.0	201.0
297.0	191.0
298.0	189.0
299.0	186.0
300.0	183.0
301.0	182.0
302.0	179.0
303.0	190.0
304.0	201.0
305.0	181.0
306.0	185.0
307.0	193.0
308.0	209.0
309.0	174.0
310.0	186.0
311.0	182.0
312.0	164.0
313.0	188.0
314.0	180.0
315.0	191.0
316.0	172.0
317.0	157.0
318.0	171.0
319.0	167.0
320.0	158.0
321.0	167.0
322.0	170.0
323.0	172.0
324.0	161.0
325.0	165.0
326.0	153.0
327.0	145.0
328.0	159.0
329.0	144.0
330.0	148.0
331.0	137.0
332.0	139.0
333.0	133.0
334.0	123.0
335.0	134.0
336.0	153.0
337.0	142.0
338.0	121.0
339.0	127.0
340.0	114.0
341.0	117.0
342.0	135.0
343.0	123.0
344.0	127.0
345.0	123.0
346.0	109.0
347.0	122.0
348.0	122.0
349.0	113.0
350.0	107.0
351.0	105.0
352.0	102.0
353.0	88.0
354.0	93.0
355.0	89.0
356.0	103.0
357.0	80.0
358.0	79.0
359.0	94.0
360.0	67.0
361.0	74.0
362.0	78.0
363.0	69.0
364.0	66.0
365.0	47.0
366.0	59.0
367.0	43.0
368.0	57.0
369.0	48.0
370.0	46.0
371.0	31.0
372.0	31.0
373.0	31.0
374.0	37.0
375.0	31.0
376.0	29.0
377.0	30.0
378.0	20.0
379.0	16.0
380.0	19.0
381.0	25.0
382.0	16.0
383.0	16.0
384.0	7.0
385.0	11.0
386.0	9.0
387.0	6.0
388.0	13.0
389.0	9.0
390.0	6.0
391.0	12.0
392.0	5.0
393.0	7.0
394.0	2.0
395.0	7.0
396.0	3.0
397.0	6.0
398.0	2.0
399.0	9.0
400.0	4.0
401.0	5.0
402.0	6.0
403.0	2.0
404.0	6.0
405.0	2.0
406.0	3.0
407.0	10.0
408.0	3.0
409.0	4.0
410.0	5.0
411.0	2.0
412.0	2.0
413.0	4.0
414.0	5.0
415.0	5.0
416.0	1.0
417.0	4.0
418.0	1.0
419.0	3.0
420.0	6.0
421.0	4.0
422.0	3.0
424.0	2.0
425.0	4.0
426.0	3.0
427.0	7.0
428.0	4.0
429.0	1.0
430.0	1.0
431.0	2.0
432.0	5.0
433.0	3.0
434.0	2.0
435.0	1.0
437.0	1.0
438.0	4.0
440.0	3.0
441.0	2.0
442.0	4.0
443.0	4.0
444.0	2.0
445.0	1.0
446.0	1.0
447.0	4.0
448.0	2.0
449.0	5.0
450.0	1.0
451.0	5.0
453.0	4.0
454.0	1.0
455.0	3.0
456.0	3.0
457.0	6.0
458.0	4.0
459.0	1.0
460.0	4.0
462.0	2.0
463.0	7.0
464.0	2.0
465.0	1.0
466.0	4.0
467.0	5.0
468.0	2.0
470.0	2.0
471.0	2.0
472.0	2.0
473.0	1.0
474.0	3.0
475.0	1.0
476.0	4.0
477.0	1.0
478.0	1.0
479.0	1.0
480.0	2.0
481.0	3.0
482.0	6.0
483.0	2.0
486.0	3.0
487.0	4.0
488.0	3.0
490.0	1.0
491.0	1.0
492.0	1.0
493.0	2.0
496.0	1.0
500.0	2.0
501.0	1.0
502.0	1.0
504.0	2.0
506.0	2.0
507.0	3.0
508.0	4.0
510.0	1.0
512.0	2.0
516.0	1.0
517.0	1.0
518.0	3.0
519.0	2.0
520.0	1.0
521.0	1.0
523.0	1.0
525.0	1.0
527.0	1.0
528.0	1.0
530.0	1.0
531.0	1.0
536.0	1.0
537.0	1.0
539.0	1.0
541.0	1.0
543.0	2.0
544.0	2.0
545.0	2.0
554.0	1.0
557.0	1.0
560.0	1.0
561.0	1.0
562.0	1.0
573.0	2.0
585.0	1.0
