#Position (bp)	insert size
38.0	4851.350695683196
113.0	214.99309392265192
188.0	201.044776119403
263.0	153.03229813664595
338.0	140.94117647058823
413.0	209.9438202247191
488.0	213.35
563.0	200.82191780821918
638.0	223.37174721189592
713.0	224.43410852713177
788.0	204.8736842105263
863.0	156.5
938.0	224.47524752475246
1013.0	244.2741935483871
1088.0	224.61764705882354
1163.0	157.15384615384616
1238.0	203.91666666666666
1313.0	255.58333333333334
1388.0	190.16666666666666
1463.0	195.0909090909091
1538.0	263.79487179487177
1613.0	251.40095302927162
1688.0	220.8117359413203
1763.0	184.45454545454547
1838.0	61.05474236399019
1913.0	91.41910112359551
1988.0	231.4569536423841
2063.0	190.04
2138.0	161.73170731707316
2213.0	39.07434052757794
2288.0	222.45833333333334
2363.0	224.0
2438.0	234.5
2513.0	227.71428571428572
2588.0	193.9047619047619
2663.0	201.6086956521739
2738.0	156.35
2813.0	225.44615384615383
2888.0	33.11918063314712
2963.0	199.66959064327486
3038.0	154.40959409594095
3113.0	183.83823529411765
3188.0	245.23287671232876
3263.0	209.5897435897436
3338.0	184.8
3413.0	494.8695652173913
3488.0	212.0952380952381
3563.0	223.75
3638.0	165.125
3713.0	222.16666666666666
3788.0	248.3846153846154
3863.0	226.5
3938.0	203.2888888888889
4013.0	164.93617021276594
4088.0	207.35892116182572
4163.0	44.97302504816955
4238.0	155.13793103448276
4313.0	90.61793646331178
4388.0	212.3783783783784
4463.0	204.21428571428572
4538.0	151.05128205128204
4613.0	105.54761904761905
4688.0	25.07467714766985
4763.0	190.57142857142858
4838.0	202.0
4913.0	178.9090909090909
4988.0	198.2
5063.0	226.71428571428572
5138.0	201.6
5213.0	218.2941176470588
5288.0	225.72881355932202
5363.0	230.3170731707317
5438.0	202.64102564102564
5513.0	616.85
5588.0	327.67692307692306
5663.0	235.06060606060606
5738.0	193.63013698630138
5813.0	194.27659574468086
5888.0	244.94181818181818
5963.0	227.41176470588235
6038.0	207.56066945606693
6113.0	181.8643216080402
6188.0	209.7595384817097
6263.0	208.79231119199272
6338.0	196.58853666346462
6413.0	143.970281124498
6488.0	1719.9027777777778
6563.0	247.28571428571428
6638.0	172.85714285714286
6713.0	238.66666666666666
6788.0	195.57142857142858
6863.0	204.11764705882354
6938.0	165.2
7013.0	215.25925925925927
7088.0	217.5
7163.0	222.33333333333334
7238.0	246.0
7313.0	260.6666666666667
7388.0	134.25
7463.0	228.54545454545453
7538.0	205.0625
7613.0	196.78571428571428
7688.0	277.5
7763.0	213.91666666666666
7838.0	191.54545454545453
7913.0	219.1153846153846
7988.0	221.96875
8063.0	212.78333333333333
8138.0	184.80392156862746
8213.0	141.10714285714286
8288.0	167.26666666666668
8363.0	194.0
8438.0	175.85714285714286
8513.0	171.1
8588.0	217.0
8663.0	217.33333333333334
8738.0	213.66666666666666
8813.0	207.57142857142858
8888.0	227.54929577464787
8963.0	220.61666666666667
9038.0	194.265625
9113.0	181.98387096774192
9188.0	210.51111111111112
9263.0	215.41304347826087
9338.0	217.49019607843138
9413.0	206.66666666666666
9488.0	198.52727272727273
9563.0	199.25
9638.0	188.11111111111111
9713.0	143.55555555555554
9788.0	247.6153846153846
9863.0	85.6842105263158
9938.0	189.9090909090909
10013.0	177.05882352941177
10088.0	76.20833333333333
10163.0	221.78571428571428
10238.0	199.22222222222223
10313.0	180.6
10388.0	223.0290909090909
10463.0	233.46825396825398
10538.0	205.59067357512953
10613.0	190.3212121212121
10688.0	98.37262357414448
10763.0	226.71428571428572
10838.0	234.56470588235294
10913.0	216.9247311827957
10988.0	236.6310249307479
11063.0	235.7530864197531
11138.0	200.39163822525597
11213.0	168.13666666666666
11288.0	141.74418604651163
11363.0	356.2283464566929
11438.0	213.3846153846154
11513.0	221.44871794871796
11588.0	221.06991869918699
11663.0	155.6353711790393
11738.0	197.43506493506493
11813.0	187.47391304347826
11888.0	225.6016548463357
11963.0	227.89121887287024
12038.0	188.1894451962111
12113.0	142.59948320413437
12188.0	1204.9
12263.0	197.0
12338.0	0.0
12413.0	237.7058823529412
12488.0	229.2
12563.0	210.60655737704917
12638.0	169.4943820224719
12713.0	219.5954415954416
12788.0	209.79896907216494
12863.0	206.82872928176795
12938.0	166.40625
13013.0	79.24215809284819
13088.0	209.22471910112358
13163.0	184.61744966442953
13238.0	139.5188679245283
13313.0	339.1333333333333
13388.0	241.0952380952381
13463.0	209.26470588235293
13538.0	192.74358974358975
13613.0	204.73333333333332
13688.0	225.88888888888889
13763.0	216.875
13838.0	239.9
13913.0	229.34931506849315
13988.0	188.64387096774195
14063.0	205.03010033444815
14138.0	169.93801652892563
14213.0	203.57421875
14288.0	221.6595744680851
14363.0	226.86309523809524
14438.0	211.32085561497325
14513.0	220.64819944598338
14588.0	225.3
14663.0	214.24513618677042
14738.0	173.4466501240695
14813.0	135.92814371257484
14888.0	216.47826086956522
14963.0	216.6153846153846
15038.0	189.0
15113.0	179.76923076923077
15188.0	233.63025210084032
15263.0	223.59615384615384
15338.0	189.9
15413.0	161.0
15488.0	224.019312009656
15563.0	220.22134387351778
15638.0	202.32197414806112
15713.0	160.28672566371682
15788.0	214.82644628099175
15863.0	204.7360532889259
15938.0	200.9561510353228
16013.0	171.47286821705427
16088.0	142.62871287128712
16163.0	205.96666666666667
16238.0	214.80645161290323
16313.0	202.11764705882354
16388.0	202.41176470588235
16463.0	240.0
16538.0	182.66666666666666
16613.0	169.57142857142858
16688.0	161.33333333333334
16763.0	231.45454545454547
16838.0	167.16666666666666
16913.0	184.66666666666666
16988.0	227.2
17063.0	238.62222222222223
17138.0	234.86666666666667
17213.0	203.71698113207546
17288.0	165.5142857142857
17363.0	172.7
17438.0	191.6
17513.0	251.5
17588.0	198.6
17663.0	183.11111111111111
17738.0	47.36363636363637
17813.0	225.5
17888.0	184.0
17963.0	190.78125
18038.0	230.21428571428572
18113.0	163.6
18188.0	161.71428571428572
18263.0	216.2
18338.0	226.0
18413.0	208.57142857142858
18488.0	177.75
18563.0	350.0
18638.0	199.26470588235293
18713.0	182.42857142857142
18788.0	195.52
18863.0	224.11
18938.0	221.5541111472213
19013.0	214.4853228962818
19088.0	182.91930116472545
19163.0	135.54982206405694
19238.0	791.8484848484849
19313.0	253.22222222222223
19388.0	200.78571428571428
19463.0	145.25
19538.0	230.09515789473684
19613.0	220.87102371312898
19688.0	197.42359978249047
19763.0	162.71959459459458
19838.0	129.6102236421725
19913.0	401.78723404255317
19988.0	226.15625
20063.0	213.07894736842104
20138.0	220.0
20213.0	182.16374269005848
20288.0	226.75257731958763
20363.0	214.86486486486487
20438.0	210.50588235294117
20513.0	244.2185430463576
20588.0	215.0
20663.0	217.7704918032787
20738.0	209.58666666666667
20813.0	233.77452574525745
20888.0	141.34698914116487
20963.0	193.5433231396534
21038.0	166.0358361774744
21113.0	219.8684210526316
21188.0	228.73946360153258
21263.0	218.83574879227052
21338.0	231.78966259870782
21413.0	230.430749682338
21488.0	212.66630076838638
21563.0	178.7942196531792
21638.0	193.01484230055658
21713.0	229.6861111111111
21788.0	217.94444444444446
21863.0	214.003300330033
21938.0	234.0954356846473
22013.0	240.73643410852713
22088.0	218.29611650485438
22163.0	171.52694610778443
22238.0	157.2037037037037
22313.0	221.91304347826087
22388.0	228.0
22463.0	197.05882352941177
22538.0	238.2160345655305
22613.0	226.62130937098846
22688.0	210.30964467005077
22763.0	191.17362924281986
22838.0	221.93788819875778
22913.0	221.50557620817844
22988.0	214.3422131147541
23063.0	216.19731800766283
23138.0	226.3155903809781
23213.0	212.28434237995825
23288.0	185.08915662650602
23363.0	147.28774422735347
23438.0	46.80042016806723
23513.0	199.5
23588.0	203.16666666666666
23663.0	363.72727272727275
23738.0	124.0
23813.0	0.0
23888.0	0.0
23963.0	0.0
24038.0	0.0
24113.0	144.0
24188.0	0.0
24263.0	0.0
24338.0	0.0
24413.0	208.47619047619048
24488.0	229.6
24563.0	174.0
24638.0	225.0
24713.0	224.35833333333332
24788.0	216.61596009975062
24863.0	208.9933920704846
24938.0	204.7127659574468
25013.0	222.1144578313253
25088.0	225.0064308681672
25163.0	224.54418604651164
25238.0	229.08494208494207
25313.0	221.67955801104972
25388.0	210.15
25463.0	184.76969696969698
25538.0	149.16571428571427
25613.0	32.76488095238095
25688.0	220.9264705882353
25763.0	218.47619047619048
25838.0	158.30232558139534
25913.0	233.5137614678899
25988.0	222.05128205128204
26063.0	220.57142857142858
26138.0	175.42857142857142
26213.0	182.07407407407408
26288.0	249.3846153846154
26363.0	224.2
26438.0	243.3125
26513.0	231.11612903225807
26588.0	251.51923076923077
26663.0	205.71621621621622
26738.0	184.72619047619048
26813.0	226.1764705882353
26888.0	234.9108108108108
26963.0	209.06756756756758
27038.0	178.35230352303523
27113.0	204.37065637065638
27188.0	219.74903474903476
27263.0	223.43388429752065
27338.0	177.9913043478261
27413.0	160.0
27488.0	187.03333333333333
27563.0	242.6
27638.0	225.33333333333334
27713.0	221.4
27788.0	159.5
27863.0	222.54545454545453
27938.0	217.125
28013.0	219.53846153846155
28088.0	230.7373572593801
28163.0	220.20667284522708
28238.0	195.89197224975223
28313.0	148.46822742474916
28388.0	170.16071428571428
28463.0	232.82608695652175
28538.0	196.57894736842104
28613.0	177.96428571428572
28688.0	222.7827380952381
28763.0	226.60915492957747
28838.0	195.97230769230768
28913.0	153.17365269461078
28988.0	198.20754716981133
29063.0	244.6
29138.0	229.0
29213.0	171.53846153846155
29288.0	248.76470588235293
29363.0	223.75
29438.0	215.875
29513.0	169.83333333333334
29588.0	0.0
29663.0	0.0
29738.0	0.0
29813.0	0.0
29877.0	29.705882352941178
