#Position (bp)	insert size
38.0	18530.53023255814
113.0	0.0
188.0	0.0
263.0	0.0
338.0	1153.1176470588234
413.0	0.0
488.0	0.0
563.0	0.0
638.0	380.68
713.0	0.0
788.0	0.0
863.0	0.0
938.0	385.02941176470586
1013.0	358.0
1088.0	0.0
1163.0	0.0
1238.0	635.0277777777778
1313.0	3182.8333333333335
1388.0	0.0
1463.0	0.0
1538.0	386.8333333333333
1613.0	384.1111111111111
1688.0	0.0
1763.0	0.0
1838.0	396.0
1913.0	0.0
1988.0	0.0
2063.0	0.0
2138.0	0.0
2213.0	396.90909090909093
2288.0	0.0
2363.0	0.0
2438.0	0.0
2513.0	707.0333333333333
2588.0	348.0
2663.0	0.0
2738.0	0.0
2813.0	370.36
2888.0	339.29411764705884
2963.0	0.0
3038.0	0.0
3113.0	384.44444444444446
3188.0	378.5
3263.0	0.0
3338.0	0.0
3413.0	0.0
3488.0	383.0
3563.0	0.0
3638.0	0.0
3713.0	0.0
3788.0	381.95652173913044
3863.0	0.0
3938.0	0.0
4013.0	2195.214285714286
4088.0	372.3333333333333
4163.0	0.0
4238.0	0.0
4313.0	386.8888888888889
4388.0	0.0
4463.0	0.0
4538.0	0.0
4613.0	379.5
4688.0	0.0
4763.0	0.0
4838.0	0.0
4913.0	380.0
4988.0	0.0
5063.0	0.0
5138.0	0.0
5213.0	0.0
5288.0	372.0975609756098
5363.0	0.0
5438.0	0.0
5513.0	444.0
5588.0	384.6923076923077
5663.0	0.0
5738.0	0.0
5813.0	0.0
5888.0	382.6666666666667
5963.0	0.0
6038.0	0.0
6113.0	0.0
6188.0	369.6875
6263.0	0.0
6338.0	0.0
6413.0	0.0
6488.0	392.6222222222222
6563.0	345.0
6638.0	0.0
6713.0	379.28169014084506
6788.0	345.25
6863.0	0.0
6938.0	0.0
7013.0	371.64864864864865
7088.0	347.5625
7163.0	0.0
7238.0	0.0
7313.0	382.02777777777777
7388.0	0.0
7463.0	0.0
7538.0	0.0
7613.0	383.2
7688.0	369.0
7763.0	0.0
7838.0	0.0
7913.0	388.54545454545456
7988.0	378.125
8063.0	0.0
8138.0	0.0
8213.0	394.2903225806452
8288.0	392.0888888888889
8363.0	0.0
8438.0	0.0
8513.0	175.0
8588.0	385.6521739130435
8663.0	0.0
8738.0	0.0
8813.0	0.0
8888.0	374.6
8963.0	0.0
9038.0	0.0
9113.0	0.0
9188.0	376.875
9263.0	0.0
9338.0	0.0
9413.0	0.0
9488.0	378.39130434782606
9563.0	274.0
9638.0	0.0
9713.0	0.0
9788.0	382.1304347826087
9863.0	0.0
9938.0	0.0
10013.0	413.5
10088.0	374.25
10163.0	333.0
10238.0	0.0
10313.0	0.0
10388.0	373.6730769230769
10463.0	0.0
10538.0	0.0
10613.0	465.0
10688.0	391.796875
10763.0	0.0
10838.0	0.0
10913.0	0.0
10988.0	382.9230769230769
11063.0	344.0
11138.0	0.0
11213.0	0.0
11288.0	384.59090909090907
11363.0	0.0
11438.0	0.0
11513.0	288.5
11588.0	387.72727272727275
11663.0	0.0
11738.0	0.0
11813.0	0.0
11888.0	385.76190476190476
11963.0	0.0
12038.0	0.0
12113.0	376.8095238095238
12188.0	0.0
12263.0	0.0
12338.0	0.0
12413.0	380.0
12488.0	0.0
12563.0	0.0
12638.0	0.0
12713.0	379.9583333333333
12788.0	0.0
12863.0	0.0
12938.0	0.0
13013.0	375.0
13088.0	0.0
13163.0	0.0
13238.0	0.0
13313.0	382.0
13388.0	0.0
13463.0	0.0
13538.0	153.0
13613.0	370.5
13688.0	0.0
13763.0	0.0
13838.0	0.0
13913.0	373.6551724137931
13988.0	347.0
14063.0	0.0
14138.0	159.0
14213.0	384.3333333333333
14288.0	0.0
14363.0	0.0
14438.0	0.0
14513.0	370.93333333333334
14588.0	367.77777777777777
14663.0	0.0
14738.0	175.0
14813.0	0.0
14888.0	936.5
14963.0	0.0
15038.0	0.0
15113.0	0.0
15188.0	460.4117647058824
15263.0	0.0
15338.0	0.0
15413.0	0.0
15488.0	397.3333333333333
15563.0	345.0
15638.0	379.0
15713.0	0.0
15788.0	0.0
15863.0	370.06060606060606
15938.0	0.0
16013.0	0.0
16088.0	377.0652173913044
16163.0	368.1818181818182
16238.0	0.0
16313.0	0.0
16388.0	402.8076923076923
16463.0	384.77777777777777
16538.0	0.0
16613.0	0.0
16688.0	0.0
16763.0	394.1666666666667
16838.0	0.0
16913.0	0.0
16988.0	0.0
17063.0	379.9117647058824
17138.0	0.0
17213.0	0.0
17288.0	0.0
17363.0	373.1875
17438.0	359.0
17513.0	0.0
17588.0	0.0
17663.0	385.2631578947368
17738.0	0.0
17813.0	0.0
17888.0	458.0
17963.0	373.21875
18038.0	329.0
18113.0	0.0
18188.0	0.0
18263.0	410.16129032258067
18338.0	365.0
18413.0	0.0
18488.0	0.0
18563.0	374.7857142857143
18638.0	363.3125
18713.0	0.0
18788.0	0.0
18863.0	385.92857142857144
18938.0	383.4375
19013.0	0.0
19088.0	0.0
19163.0	0.0
19238.0	385.1666666666667
19313.0	0.0
19388.0	0.0
19463.0	0.0
19538.0	379.80434782608694
19613.0	355.0
19688.0	0.0
19763.0	0.0
19838.0	394.1454545454545
19913.0	375.44444444444446
19988.0	0.0
20063.0	0.0
20138.0	391.57142857142856
20213.0	383.52
20288.0	0.0
20363.0	233.5
20438.0	410.6470588235294
20513.0	396.7894736842105
20588.0	0.0
20663.0	0.0
20738.0	0.0
20813.0	373.96774193548384
20888.0	0.0
20963.0	0.0
21038.0	382.0
21113.0	355.9247311827957
21188.0	0.0
21263.0	0.0
21338.0	377.8222222222222
21413.0	365.5
21488.0	0.0
21563.0	192.0
21638.0	377.2352941176471
21713.0	0.0
21788.0	259.0
21863.0	0.0
21938.0	378.23333333333335
22013.0	370.0
22088.0	0.0
22163.0	0.0
22238.0	382.3529411764706
22313.0	367.0769230769231
22388.0	0.0
22463.0	0.0
22538.0	377.7037037037037
22613.0	0.0
22688.0	0.0
22763.0	403.46153846153845
22838.0	707.6363636363636
22913.0	0.0
22988.0	0.0
23063.0	0.0
23138.0	437.3478260869565
23213.0	0.0
23288.0	0.0
23363.0	0.0
23438.0	393.64516129032256
23513.0	358.2857142857143
23588.0	257.0
23663.0	0.0
23738.0	0.0
23813.0	369.1034482758621
23888.0	0.0
23963.0	0.0
24038.0	0.0
24113.0	370.93548387096774
24188.0	0.0
24263.0	0.0
24338.0	0.0
24413.0	384.96774193548384
24488.0	337.0
24563.0	0.0
24638.0	0.0
24713.0	376.1578947368421
24788.0	0.0
24863.0	0.0
24938.0	407.0
25013.0	596.85
25088.0	0.0
25163.0	0.0
25238.0	0.0
25313.0	377.39473684210526
25388.0	0.0
25463.0	0.0
25538.0	0.0
25613.0	374.3
25688.0	0.0
25763.0	0.0
25838.0	0.0
25913.0	395.89473684210526
25988.0	348.0
26063.0	0.0
26138.0	0.0
26213.0	378.97058823529414
26288.0	0.0
26363.0	222.0
26438.0	122.88888888888889
26513.0	380.0344827586207
26588.0	0.0
26663.0	0.0
26738.0	0.0
26813.0	363.3333333333333
26888.0	525.3
26963.0	0.0
27038.0	0.0
27113.0	383.90625
27188.0	351.3333333333333
27263.0	0.0
27338.0	223.0
27413.0	386.1666666666667
27488.0	375.6
27563.0	0.0
27638.0	0.0
27713.0	0.0
27788.0	381.6896551724138
27863.0	0.0
27938.0	0.0
28013.0	0.0
28088.0	378.39130434782606
28163.0	0.0
28238.0	202.0
28313.0	0.0
28388.0	398.29411764705884
28463.0	0.0
28538.0	0.0
28613.0	0.0
28688.0	380.1904761904762
28763.0	338.0
28838.0	0.0
28913.0	0.0
28988.0	381.55882352941177
29063.0	353.0
29138.0	0.0
29213.0	0.0
29288.0	396.030303030303
29363.0	358.5
29438.0	0.0
29513.0	366.40909090909093
29588.0	100.0
29663.0	0.0
29738.0	0.0
29813.0	0.0
29877.0	0.0
