# Position (bp)	A	C	G	T	N
0.0	26.930417101855912	23.994202970205244	24.200498124308588	24.874510991489863	3.7081214038947634E-4
1.0	27.1877796776882	20.074933615980914	15.239764181313006	37.49721476415054	3.077608673439868E-4
2.0	27.895719390001727	20.180956013938754	17.81808971385326	34.10462159672555	6.132854807115584E-4
3.0	23.66645528167916	21.998083469958974	14.989784417889162	39.34329186966862	0.0023849608040864773
4.0	34.34857228212327	14.043976210290786	14.267423889087036	37.33825954682494	0.0017680716739675833
5.0	36.00871111738705	14.689359070651836	22.54957217409088	26.748279627355053	0.004078010515180546
6.0	32.35266590090008	17.587531375158775	20.139053488188356	29.920506135248964	2.4310050382579418E-4
7.0	35.18031921189442	16.93285867331919	20.597573892485258	27.288701938397388	5.462839037447761E-4
8.0	23.290350161755388	26.856124116560903	21.848953516928983	28.00445092611402	1.2127864070899493E-4
9.0	28.913445504430612	18.23513514823648	15.797934481220793	37.052454772846254	0.0010300932658561651
10.0	26.824962512384843	17.274704883443192	24.940649656131374	30.95829003180694	0.0013929162336514028
11.0	28.599145260869722	18.44672767565906	19.463954384864994	33.49011216181705	6.051678917282022E-5
12.0	26.564643295198053	19.90121034563678	21.049139597390123	32.48488579978856	1.2096198648612687E-4
13.0	27.58854342336069	21.33220421352695	18.28013534930784	32.79881478687561	3.022269289029283E-4
14.0	31.53212128245766	18.63646089848439	20.19975991092768	29.631537017358706	1.2089077156117133E-4
15.0	29.80338324913291	18.751307131467502	19.227193653718054	32.21769284798106	4.231177004640997E-4
16.0	30.45153912085813	17.69266664490633	19.191168203792827	32.66450513967115	1.2089077156117133E-4
17.0	29.915267658212773	18.56005793085773	20.338723852837244	31.18552744039178	4.231177004640997E-4
18.0	31.923444710001174	18.023242459740352	18.166981587126582	31.88633124313189	0.0
19.0	30.74572681345224	18.32359558168408	19.680292265529324	31.250324893948573	6.044538578058567E-5
20.0	30.29474379014329	18.04911308485444	19.738742953579152	31.91691660833687	4.8356308624468533E-4
21.0	30.20492194687334	17.349699525987287	19.25421274116198	33.19044044134803	7.253446293670281E-4
22.0	28.6919134953995	18.911185176857153	19.753249846166494	32.64340970003373	2.4178154312234267E-4
23.0	29.817164797090882	17.623094005872876	20.01522014813955	32.54270768732327	0.00181336157341757
24.0	30.891521083955016	17.863606195893826	18.59100596837739	32.65356452484487	3.022269289029283E-4
25.0	29.28536629299329	18.062773742040854	19.400551020136774	33.25112760867174	1.8133615734175701E-4
26.0	31.49585405098931	17.64140895776439	20.244126824090632	30.6181870494552	4.231177004640997E-4
27.0	28.78143311174055	18.211408945675313	19.918809757819517	33.088106403221495	2.4178154312234267E-4
28.0	30.10899511963955	18.059751472751824	20.03891473936554	31.79215733208574	1.8133615734175701E-4
29.0	29.15014237936439	18.846663680659194	19.18890607555808	32.814046082436775	2.4178198156049716E-4
30.0	30.157052998586753	18.224240878268514	19.03017869296991	32.586532684214795	0.0019947459600349626
31.0	30.969745291270556	18.241018520589414	19.395208064214863	31.392396034385108	0.0016320895400590333
32.0	29.254252287693905	18.446084897049243	19.37095520363468	32.928405366423945	3.022451982305357E-4
33.0	29.627737742536286	17.9440430845157	19.48868269782383	32.939415573463776	1.2090166040295315E-4
34.0	29.72543429477879	18.311473507051247	19.468242798831564	32.49327761979378	0.0015717795446191943
35.0	30.413785414258047	17.46566128832884	19.35535082807982	32.764899498522716	3.0297081058022545E-4
36.0	31.035515587181017	17.497138186774542	18.930651959857006	32.53608794982611	6.063163613257471E-4
37.0	28.918650673280155	19.057747514481164	19.350950163436362	32.67168097998724	9.706688150803107E-4
38.0	30.71407712851373	18.44613747285458	19.199743556586025	31.639798997903647	2.4284414202253957E-4
39.0	29.66086649886307	18.877479054949596	19.5366553581634	31.92408711195418	9.119760697479299E-4
40.0	29.774413515416846	18.708922279274187	19.443790116570714	32.070982301414205	0.0018917873240485224
41.0	29.571382082730445	18.228288574172367	20.580389071006103	31.618837150440665	0.0011031216504170719
42.0	29.110413235330267	18.454300744856067	19.72491949162959	32.70999778755623	3.687406278423757E-4
43.0	29.67072022213558	18.307337237213375	20.329680144230444	31.691954422292888	3.0797412770947936E-4
44.0	29.47351986280278	18.90127440616474	19.723581420119586	31.90131575293392	3.085579789699224E-4
45.0	29.399258508696168	18.57684858159032	19.725498608699198	32.2978379043381	5.563966762099E-4
46.0	30.101675355783264	17.600305589451466	19.61907804355888	32.67869336983567	2.4764137071975106E-4
47.0	29.740188737255522	18.40646943309398	19.589300591105648	32.263545344547154	4.958939976990519E-4
48.0	30.4005148075429	17.83141666397762	18.65997383764946	33.10654331805128	0.0015513727787444553
49.0	29.15077539465656	18.143389914339362	20.183002832157097	32.52276972288604	6.213596093884952E-5
50.0	29.779983993173744	18.444099117756053	19.315194339687274	32.46041113252967	3.114168532572646E-4
51.0	30.197911483092067	18.07928712356308	19.42724574332147	32.29511804171533	4.376083080562439E-4
52.0	29.423615257173026	18.265189339792087	19.910576899534615	32.40017904709529	4.394564049829334E-4
53.0	31.051412235678487	17.990753158749207	19.074320100031258	31.883514505541044	0.0
54.0	29.98561995449481	18.70424027955719	19.020424217666083	32.288956706830454	7.588414514613389E-4
55.0	29.00949126779256	18.386008674794184	18.29827106796905	34.30610210931865	1.2688012556057225E-4
56.0	29.493147948583214	18.245121626934395	20.43789258863899	31.82364698862169	1.9084722170976208E-4
57.0	28.234028052713754	18.87109535130283	19.52941161469819	33.365337474745736	1.2750653949164417E-4
58.0	30.773049106221663	17.813215308553325	21.78256089326087	29.63091915332382	2.5553864031722565E-4
59.0	29.39406298640888	20.415167089354853	20.90305660863001	29.287393178126415	3.201374798393422E-4
60.0	31.20679183925295	18.94202064929932	19.8034042744628	30.04746189712626	3.2133985867473014E-4
61.0	29.129591464067754	21.05211197990938	19.489501076928438	30.32660161648959	0.0021938626048375962
62.0	30.982501792649646	16.771738107675784	21.440479164706378	30.804437335133013	8.435998351735706E-4
63.0	26.65319779959136	20.27543658927513	24.96231483302547	28.108789415875012	2.6136223302664655E-4
64.0	26.218063734788384	20.231709073025637	18.24756617371014	35.30193779056503	7.232279108115341E-4
65.0	27.439979425106266	19.44539025191683	18.579486064013572	34.53415253850685	9.917204564823146E-4
66.0	26.8253226300843	19.505148716693917	17.108088142891432	36.55685264370827	0.004587866622073489
67.0	33.296163706801174	14.177805855553217	18.121195712122578	34.40229435536436	0.002540370158672857
68.0	34.19290932632853	15.594343417952178	22.895161208531526	27.315963312677276	0.0016227345104919927
69.0	31.812929631829594	17.067650611865563	20.417162523139005	30.701773189660003	4.8404350583030405E-4
70.0	32.91608525643082	16.212041773533038	22.17706840964195	28.694580821554105	2.237388400931052E-4
71.0	25.983622457723683	20.321731318659587	25.157117808693886	28.53743424782144	9.416710140478482E-5
