#Position (bp)	mapping quality
38.0	58.47704123318263
113.0	57.67128324549577
188.0	57.73688249146667
263.0	55.78004266413842
338.0	56.32066656284068
413.0	40.59934318555008
488.0	11.711803781297904
563.0	11.997968167964782
638.0	43.78424755476749
713.0	56.28774492480465
788.0	56.714671362862205
863.0	56.44865900863095
938.0	56.573768709455294
1013.0	50.54632301721564
1088.0	29.747899159663866
1163.0	30.60024499795835
1238.0	27.479674796747968
1313.0	24.049432030957433
1388.0	21.191214122085974
1463.0	22.766645119586297
1538.0	23.96847241336169
1613.0	31.109087597887452
1688.0	24.434687156970362
1763.0	20.747663551401867
1838.0	16.904361330399897
1913.0	46.644742119194675
1988.0	47.28425232931114
2063.0	45.8289020291828
2138.0	44.95731128879252
2213.0	39.078972168122135
2288.0	34.562754870865426
2363.0	32.728603970061826
2438.0	39.50982226379794
2513.0	38.45256048783686
2588.0	43.68917576961271
2663.0	42.66490765171504
2738.0	43.026764493128034
2813.0	46.12811958954436
2888.0	47.562942490440314
2963.0	44.510562052055825
3038.0	42.88705980412586
3113.0	44.38910801691774
3188.0	44.46735070216086
3263.0	45.32433881343817
3338.0	45.98967885017273
3413.0	45.47231558464532
3488.0	41.7854172442473
3563.0	7.3051010587102985
3638.0	3.547001202955834
3713.0	5.666556400926233
3788.0	30.376048336189015
3863.0	37.00224026883226
3938.0	43.972482435597186
4013.0	45.546809726924934
4088.0	51.86337943475647
4163.0	49.54324741693598
4238.0	43.916401635620176
4313.0	46.739959614090196
4388.0	46.21113194130196
4463.0	40.872356834119486
4538.0	36.982133609528745
4613.0	35.99432777365116
4688.0	19.426332407653973
4763.0	6.9640459495748175
4838.0	8.740747861193887
4913.0	11.414514145141451
4988.0	10.070224719101123
5063.0	10.08190966534051
5138.0	10.604418507711546
5213.0	10.427628520963093
5288.0	9.809402795425667
5363.0	5.045602102334209
5438.0	4.305185649381169
5513.0	6.285570385293377
5588.0	41.42546116697015
5663.0	49.0751527205569
5738.0	51.17133670188333
5813.0	46.64098814057545
5888.0	42.60108630054315
5963.0	17.776455510801902
6038.0	7.267634617583171
6113.0	8.411810759422883
6188.0	51.494085431629806
6263.0	55.323897410949115
6338.0	54.7760357391585
6413.0	54.71473742095133
6488.0	53.69792840604061
6563.0	31.992835023377253
6638.0	20.288420146362462
6713.0	19.682706175429395
6788.0	18.96450493728316
6863.0	12.77706680317379
6938.0	4.694244604316546
7013.0	7.152841429880843
7088.0	2.8048856097712194
7163.0	1.5176873335869152
7238.0	0.9788867562380038
7313.0	7.813543022005996
7388.0	24.959927071067725
7463.0	27.393609500918988
7538.0	25.506281782829795
7613.0	26.431352570867144
7688.0	26.475526000218032
7763.0	20.201044048492168
7838.0	18.40660083863114
7913.0	21.459725935828878
7988.0	38.186332466304094
8063.0	35.31178076326072
8138.0	37.59743571064326
8213.0	38.73991796100844
8288.0	37.12677592918599
8363.0	11.850305339527115
8438.0	4.353963083604778
8513.0	4.012866419857984
8588.0	8.124613394815274
8663.0	14.51407721512746
8738.0	14.275092936802974
8813.0	14.666076957098628
8888.0	25.192619703429802
8963.0	48.80279638799883
9038.0	50.0715569281095
9113.0	51.297096390770335
9188.0	50.99326369227765
9263.0	45.459159547303045
9338.0	41.81979425328131
9413.0	43.1477422183253
9488.0	48.1222077738152
9563.0	46.35785596304796
9638.0	38.83414358394573
9713.0	34.533000241760014
9788.0	32.25743903348497
9863.0	11.080524262481918
9938.0	2.6545398489286263
10013.0	1.0677509637218143
10088.0	27.300536200884878
10163.0	44.298055547738976
10238.0	43.95860284605433
10313.0	44.04118404118404
10388.0	46.942786942786945
10463.0	39.02492200127805
10538.0	34.09109903886335
10613.0	36.20012369111343
10688.0	39.38258604444937
10763.0	34.444952241670855
10838.0	32.00709503347657
10913.0	32.44965700376189
10988.0	36.90262203166227
11063.0	37.63346899688772
11138.0	33.32523925153549
11213.0	34.56472884934057
11288.0	36.70277125215692
11363.0	43.50114820703056
11438.0	28.641114982578397
11513.0	26.18165601308161
11588.0	41.075808695374086
11663.0	42.78621291448517
11738.0	39.49376299376299
11813.0	34.63674938922464
11888.0	42.22092027581234
11963.0	46.14217299158109
12038.0	45.486849365458895
12113.0	46.86476410279171
12188.0	48.81619231205352
12263.0	41.26827878711148
12338.0	39.743286953843
12413.0	44.8954903912411
12488.0	33.73327118982622
12563.0	25.224928745629242
12638.0	19.83370100118785
12713.0	35.935098206660975
12788.0	45.07471344085344
12863.0	47.06562482924431
12938.0	45.460285482642554
13013.0	46.09805948409529
13088.0	38.726861004277346
13163.0	34.455714779005525
13238.0	34.6313126982766
13313.0	36.90560736722988
13388.0	22.89020521190559
13463.0	2.6713054000907577
13538.0	2.599915860328145
13613.0	10.292758987511476
13688.0	21.36817640723315
13763.0	23.89277537522259
13838.0	23.939535080662235
13913.0	22.890445429688775
13988.0	35.01811301937433
14063.0	31.923647512610028
14138.0	34.5847384284819
14213.0	35.25424960046492
14288.0	29.966144134294932
14363.0	23.305363163393906
14438.0	22.19074996947734
14513.0	21.538895788641753
14588.0	29.897938444953034
14663.0	30.368965817169695
14738.0	29.045113806732996
14813.0	30.191353649893692
14888.0	24.05349295507477
14963.0	11.27003628675105
15038.0	8.17212143312973
15113.0	8.72064704290568
15188.0	25.118419437967848
15263.0	35.71966488479525
15338.0	36.162269820748456
15413.0	37.00103161599612
15488.0	39.32441524278259
15563.0	32.874875750467176
15638.0	22.327956929811954
15713.0	22.619335015911336
15788.0	23.279006596818004
15863.0	35.96444557047547
15938.0	37.03208735712463
16013.0	35.872164802991286
16088.0	36.58670828883595
16163.0	31.45980589329973
16238.0	0.6610566496052745
16313.0	1.1420507348638695
16388.0	1.2744475161838693
16463.0	3.4804164600892413
16538.0	3.527080581241744
16613.0	3.69072708113804
16688.0	5.2063573442707
16763.0	7.49769726742401
16838.0	9.929580557792255
16913.0	11.11003102082827
16988.0	17.07788459125022
17063.0	30.778458462563762
17138.0	47.52566903630322
17213.0	49.630420150742495
17288.0	47.539498945359036
17363.0	48.662591816711306
17438.0	40.916620651573716
17513.0	22.65311463967894
17588.0	21.887749991653035
17663.0	25.220885979601157
17738.0	22.836689809823625
17813.0	16.831348386369612
17888.0	14.599934145538361
17963.0	12.564437777808358
18038.0	12.41119379288446
18113.0	9.219958456711009
18188.0	7.630695370778323
18263.0	12.761993735231082
18338.0	19.735212721046953
18413.0	17.980467985118466
18488.0	16.018906352073166
18563.0	16.334711006549245
18638.0	36.685586106107465
18713.0	36.1222358380215
18788.0	38.565320665083135
18863.0	37.04210547458206
18938.0	36.63214271112989
19013.0	28.809919607575964
19088.0	27.24697128684537
19163.0	25.799748988983406
19238.0	25.056280404648984
19313.0	3.076693524321098
19388.0	0.03981628625814226
19463.0	0.002096912296643193
19538.0	0.7598474783898963
19613.0	7.479005736137667
19688.0	8.171237942850242
19763.0	11.685077042144515
19838.0	13.122643203447657
19913.0	8.856058305496507
19988.0	2.4707211834805833
20063.0	3.096872616323417
20138.0	2.851367093812102
20213.0	2.8822042206284504
20288.0	1.4006669842782278
20363.0	0.7915849527545017
20438.0	0.837994798161542
20513.0	17.398073217726395
20588.0	16.369663882128528
20663.0	19.48253747205629
20738.0	18.453938965564276
20813.0	28.132755965009153
20888.0	28.564247625236522
20963.0	27.34274481772695
21038.0	26.397744568270735
21113.0	25.45523281456745
21188.0	1.1917191075514875
21263.0	0.006565628932538163
21338.0	0.0852412436478881
21413.0	0.6141681109185442
21488.0	0.984930032292788
21563.0	3.0667119881210083
21638.0	4.9324324324324325
21713.0	6.754966887417218
21788.0	2.000630528716874
21863.0	3.5255241156395023
21938.0	2.612525000458724
22013.0	2.1401231486104177
22088.0	7.8158579723686845
22163.0	5.517637836425399
22238.0	5.6766192486061176
22313.0	5.374995633492857
22388.0	0.0
22463.0	0.0
22538.0	9.67256110315532
22613.0	16.26195670414499
22688.0	19.721571152607854
22763.0	18.33593094353195
22838.0	18.63806488302276
22913.0	3.264276902982367
22988.0	0.31260735142562696
23063.0	0.295515720749098
23138.0	18.463440574315342
23213.0	32.62351414846243
23288.0	35.74877650897227
23363.0	36.43674773896684
23438.0	36.886131679007406
23513.0	26.584102437080674
23588.0	10.739073016277109
23663.0	11.224891689641591
23738.0	12.644958015325553
23813.0	10.652534268409308
23888.0	6.70339128937855
23963.0	4.492254733218589
24038.0	6.024999564163805
24113.0	18.283365896382133
24188.0	21.88600270835898
24263.0	23.237113646888396
24338.0	22.63802570445906
24413.0	24.359307907490763
24488.0	16.302663335732735
24563.0	15.147335786515226
24638.0	14.756929730993468
24713.0	29.645280207066943
24788.0	37.8245734668443
24863.0	35.890782429810415
24938.0	35.37362295982986
25013.0	35.55664487156174
25088.0	21.145952467731597
25163.0	17.954792732020454
25238.0	15.28356740963594
25313.0	12.640286777885013
25388.0	7.0615432035343675
25463.0	6.933415726865441
25538.0	8.679426949318549
25613.0	20.463038416763677
25688.0	23.803647133979904
25763.0	22.185684600100107
25838.0	22.431621935231092
25913.0	36.80125444281831
25988.0	46.44471870821763
26063.0	19.957042037434796
26138.0	13.952011291460833
26213.0	52.48055315471046
26288.0	57.57683741648107
26363.0	50.52585769202872
26438.0	50.611510791366904
26513.0	55.86349250034402
26588.0	45.40342298288508
26663.0	34.26937738246506
26738.0	37.39114253814663
26813.0	40.01973359644795
26888.0	46.48498331479421
26963.0	39.54545454545455
27038.0	41.65760869565217
27113.0	56.7201166180758
27188.0	59.78101656974622
27263.0	59.781423401688784
27338.0	59.64579479711913
27413.0	59.66793725260226
27488.0	59.53249181860683
27563.0	29.072164948453608
27638.0	32.30769230769231
27713.0	26.91176470588235
27788.0	55.41751527494908
27863.0	58.651281282781355
27938.0	58.82583170254403
28013.0	59.07273851226046
28088.0	59.77654178815573
28163.0	59.93417413932234
28238.0	59.48790413746326
28313.0	59.96914141635881
28388.0	59.97709279427722
28463.0	59.9473302277675
28538.0	59.8959080289607
28613.0	59.90493022122006
28688.0	59.92458148437351
28763.0	60.0
28838.0	60.0
28913.0	60.0
28988.0	60.0
29063.0	60.0
29138.0	59.997425997426
29213.0	59.996368698178294
29288.0	60.0
29363.0	60.0
29438.0	60.0
29513.0	60.0
29588.0	60.0
29663.0	60.0
29738.0	59.967532467532465
29813.0	60.0
29877.0	60.0
