#Read position (bp)	Clipping profile
0.0	30.009918613024634
1.0	1.3600728270764548
2.0	1.2078968464245439
3.0	1.1046345738393184
4.0	1.0380575823041074
5.0	0.9415888802836996
6.0	0.9266430250411011
7.0	0.9144145980244297
8.0	0.9035448851207217
9.0	0.8953926004429408
10.0	0.8818054593133059
11.0	0.862783461731817
12.0	0.851913748828109
13.0	0.8410440359244011
14.0	0.8247394665688393
15.0	0.7921303278577154
16.0	0.7228359080965774
17.0	0.6603350589002568
18.0	0.5964754955909727
19.0	0.5366920746205791
20.0	0.46875636897240447
21.0	0.42120137501868227
22.0	0.39538580687237596
23.0	0.37500509517792363
24.0	0.3301675294501284
25.0	0.31522167420753
26.0	0.3029932471908586
27.0	0.29619967662604113
28.0	0.2839712496093697
29.0	0.27581896493158875
30.0	0.9212081685892471
31.0	0.41576651856682834
32.0	1.2201252734412151
33.0	1.4565415290968629
34.0	0.8247394665688393
35.0	0.5366920746205791
36.0	0.6671286294650742
37.0	0.9837090177855677
38.0	0.5108765064742727
39.0	1.2785499802986453
40.0	0.48913708066685685
41.0	0.33831981412790935
42.0	0.6168562072854251
43.0	0.4565279419557331
44.0	0.16440440766858244
45.0	1.442954387967228
46.0	0.43750594437424417
47.0	0.4252775173575728
48.0	0.6983790540632345
49.0	0.9606108778651885
50.0	0.27581896493158875
51.0	0.5298985040557617
52.0	0.5217462193779806
53.0	0.9443063085096265
54.0	0.953817307300371
55.0	0.49185450889278387
56.0	0.6032690661557901
57.0	0.21603554396119512
58.0	0.7146836234187964
59.0	0.4524517996168426
60.0	0.6888680552724901
61.0	0.5462030734113235
62.0	0.18206769113710786
63.0	0.6576176306743298
64.0	0.17935026291118086
65.0	0.5244636476039076
66.0	0.707890052853979
67.0	0.5068003641353823
68.0	0.3831573798557046
69.0	0.3763638092908871
70.0	0.7839780431799346
71.0	0.2513621108982459
72.0	0.461962798407587
73.0	0.24592725444639194
74.0	0.13723012540931265
75.0	0.13587141129634914
76.0	0.43886465848720774
77.0	0.033967852824087284
78.0	0.13179526895745866
79.0	0.2336988274297205
80.0	0.13858883952227613
81.0	0.044837565727795216
82.0	0.05027242217964918
83.0	0.05298985040557617
84.0	0.05706599274446664
85.0	0.061142135083357106
86.0	0.06657699153521109
87.0	0.07472927621299202
88.0	0.08016413266484598
89.0	0.08967513145559043
90.0	0.09918613024633488
91.0	0.10190355847226186
92.0	0.10462098669818884
93.0	0.1114145572630063
94.0	0.11684941371486025
95.0	0.12907784073153167
96.0	0.13315398307042217
97.0	0.13723012540931265
98.0	0.1440236959741301
99.0	0.14809983831302057
100.0	0.15217598065191104
101.0	0.154893408877838
102.0	0.15353469476487452
103.0	0.154893408877838
104.0	0.16168697944265548
105.0	0.16440440766858244
106.0	0.1711979782333999
107.0	0.1752741205722904
108.0	0.18206769113710786
109.0	0.17799154879821738
110.0	0.18342640525007134
111.0	0.18750254758896182
112.0	0.19701354637970625
113.0	0.19973097460563322
114.0	0.21060068750934113
115.0	0.20788325928341417
116.0	0.20924197339637768
117.0	0.20924197339637768
118.0	0.21195940162230467
119.0	0.2309813992037935
120.0	0.2364162556556475
121.0	0.2513621108982459
122.0	0.26494925202788083
123.0	0.27310153670566173
124.0	0.2880473919482602
125.0	0.30027581896493155
126.0	0.3138629600945665
127.0	0.33152624356309185
128.0	0.3641353822742157
129.0	0.3967445209853395
130.0	0.41169037622793786
131.0	0.4646802266335141
132.0	0.5135939347001998
133.0	0.542126931072433
134.0	0.5638663568798489
135.0	0.5706599274446664
136.0	0.5923993532520823
137.0	0.5937580673650457
138.0	0.6046277802687536
139.0	0.6154974931724616
140.0	0.6236497778502426
141.0	0.6290846343020965
142.0	0.6290846343020965
143.0	0.63044334841506
144.0	0.6426717754317314
145.0	0.6630524871261837
146.0	0.6766396282558187
147.0	0.7282707645484314
148.0	0.7812606149540074
149.0	0.788054185518825
150.0	0.5828883544613378
