#Position (bp)	mapping quality
38.0	60.0
113.0	60.0
188.0	59.99729609454656
263.0	59.999012589484074
338.0	59.99702633814783
413.0	59.99732062116932
488.0	59.99566400272062
563.0	60.0
638.0	59.99918078671782
713.0	59.99584556583393
788.0	59.999361100610685
863.0	60.0
938.0	60.0
1013.0	59.99673623325053
1088.0	60.0
1163.0	59.997528932086816
1238.0	59.993842926206334
1313.0	59.99176886986583
1388.0	60.0
1463.0	60.0
1538.0	60.0
1613.0	59.99833391183617
1688.0	59.97478172821581
1763.0	59.99565197136513
1838.0	59.99146459287886
1913.0	59.99195272224318
1988.0	59.99902092767103
2063.0	59.99956595966319
2138.0	59.99795544575542
2213.0	60.0
2288.0	59.986992339933515
2363.0	59.993123209169056
2438.0	60.0
2513.0	60.0
2588.0	60.0
2663.0	60.0
2738.0	59.99797526448108
2813.0	60.0
2888.0	59.99868493150685
2963.0	60.0
3038.0	59.99902311950505
3113.0	60.0
3188.0	59.99651081646895
3263.0	59.99692998838512
3338.0	59.999277529149694
3413.0	59.99829714772243
3488.0	59.99935200285119
3563.0	60.0
3638.0	60.0
3713.0	59.99618101966775
3788.0	59.983012938478524
3863.0	59.99760569843772
3938.0	59.999056841046276
4013.0	59.99592590580694
4088.0	59.99697461703694
4163.0	59.99513139439183
4238.0	60.0
4313.0	59.99634259706087
4388.0	59.994805442165095
4463.0	59.995626383839486
4538.0	59.99672043334007
4613.0	60.0
4688.0	59.99159742320978
4763.0	59.998878588516746
4838.0	60.0
4913.0	60.0
4988.0	60.0
5063.0	60.0
5138.0	60.0
5213.0	59.99397287795078
5288.0	59.997595672209975
5363.0	60.0
5438.0	59.99231429679278
5513.0	59.99084378849152
5588.0	60.0
5663.0	59.99782540936668
5738.0	59.97188457054239
5813.0	59.993235746115005
5888.0	59.99880179730405
5963.0	59.99860068100191
6038.0	59.997690397828976
6113.0	59.99631306200201
6188.0	59.996382491257684
6263.0	59.99970111037496
6338.0	59.99955742584117
6413.0	59.999756780750005
6488.0	59.997514773292096
6563.0	59.99681721251472
6638.0	59.99897277863379
6713.0	60.0
6788.0	60.0
6863.0	59.998742533794406
6938.0	59.99829089044608
7013.0	59.9979234443137
7088.0	60.0
7163.0	59.99697283115966
7238.0	59.989211543648295
7313.0	60.0
7388.0	60.0
7463.0	59.99307287337213
7538.0	60.0
7613.0	59.99844766697282
7688.0	59.997951449349586
7763.0	60.0
7838.0	59.99605778165742
7913.0	59.996670514072626
7988.0	59.99897715649506
8063.0	59.99838884652152
8138.0	60.0
8213.0	59.9972431397575
8288.0	59.9947931230655
8363.0	59.98834196891192
8438.0	59.995600850502235
8513.0	60.0
8588.0	60.0
8663.0	59.99873978702401
8738.0	59.99700912217736
8813.0	59.99631048174567
8888.0	60.0
8963.0	60.0
9038.0	59.99796809915676
9113.0	59.99713305035478
9188.0	60.0
9263.0	59.998105422701244
9338.0	59.99021334899197
9413.0	59.99895203828554
9488.0	59.98728345587075
9563.0	59.85544355492173
9638.0	59.99615017965828
9713.0	59.984726870958305
9788.0	59.99525297677914
9863.0	59.999493435771875
9938.0	60.0
10013.0	59.99786035232865
10088.0	59.998171609669136
10163.0	59.99239125840132
10238.0	60.0
10313.0	60.0
10388.0	59.998549264557724
10463.0	59.99925877883813
10538.0	59.84552856506299
10613.0	59.98171395399463
10688.0	60.0
10763.0	59.996431253299235
10838.0	59.996276737677555
10913.0	59.99960726044524
10988.0	59.998974288840266
11063.0	59.966471611576786
11138.0	59.993103294134926
11213.0	59.993040457545305
11288.0	59.998472127235424
11363.0	60.0
11438.0	59.997961771899625
11513.0	59.99488185618016
11588.0	59.997445359068976
11663.0	59.99348897776951
11738.0	59.99459907104022
11813.0	59.9943832057853
11888.0	59.99650064154905
11963.0	60.0
12038.0	59.997699386503065
12113.0	59.982880132393646
12188.0	59.995061863872046
12263.0	59.99447076802568
12338.0	59.99850570323266
12413.0	60.0
12488.0	59.996077341745256
12563.0	59.99842104432128
12638.0	59.99873844892295
12713.0	60.0
12788.0	59.994984876267495
12863.0	60.0
12938.0	59.999294430311274
13013.0	59.9976780073433
13088.0	59.99585692583897
13163.0	59.999206616815755
13238.0	59.9977618134285
13313.0	59.9924611031919
13388.0	60.0
13463.0	59.88684041015999
13538.0	59.98837307883295
13613.0	59.994947139303484
13688.0	59.996017824973926
13763.0	60.0
13838.0	59.999582235250294
13913.0	59.99582473842483
13988.0	59.99824684431977
14063.0	59.99797542552217
14138.0	59.999417970170974
14213.0	60.0
14288.0	59.99804132797963
14363.0	59.996250378567545
14438.0	59.9793308826529
14513.0	59.99958087387797
14588.0	60.0
14663.0	59.99618716770107
14738.0	59.997285734596545
14813.0	59.99753785547212
14888.0	59.9987987987988
14963.0	60.0
15038.0	60.0
15113.0	59.989309576837414
15188.0	59.99675289533499
15263.0	59.98656556006687
15338.0	60.0
15413.0	60.0
15488.0	60.0
15563.0	59.99800196473468
15638.0	59.990415556371104
15713.0	59.999155181025046
15788.0	60.0
15863.0	59.99825515456423
15938.0	59.99654602706764
16013.0	59.99814931502624
16088.0	59.99939101441773
16163.0	60.0
16238.0	60.0
16313.0	60.0
16388.0	60.0
16463.0	60.0
16538.0	60.0
16613.0	60.0
16688.0	60.0
16763.0	59.997609942638626
16838.0	59.997867387015944
16913.0	59.99582302273921
16988.0	59.994900220383336
17063.0	59.997559371673795
17138.0	59.99897934882455
17213.0	59.998688022740936
17288.0	59.98945806653131
17363.0	59.99736057222794
17438.0	59.99952716813113
17513.0	59.995563532234975
17588.0	59.99544756160018
17663.0	59.998980632008156
17738.0	59.99865830342468
17813.0	59.99154373766795
17888.0	59.998597820937945
17963.0	59.990028845126595
18038.0	60.0
18113.0	59.96376245665552
18188.0	59.99595578322998
18263.0	60.0
18338.0	60.0
18413.0	59.99773128594494
18488.0	59.99934031137303
18563.0	59.99783278099349
18638.0	59.99537333618051
18713.0	59.98751661561579
18788.0	59.99723996651159
18863.0	59.99728528283959
18938.0	59.99970969474402
19013.0	59.99848772413315
19088.0	59.99857430824248
19163.0	60.0
19238.0	59.993129059171885
19313.0	60.0
19388.0	60.0
19463.0	60.0
19538.0	60.0
19613.0	60.0
19688.0	59.99564162538317
19763.0	59.9979676403175
19838.0	60.0
19913.0	60.0
19988.0	60.0
20063.0	59.99007553619673
20138.0	60.0
20213.0	59.99384236453202
20288.0	60.0
20363.0	60.0
20438.0	60.0
20513.0	59.99068558011371
20588.0	59.998365953738336
20663.0	59.9980899019483
20738.0	59.99651898963674
20813.0	59.99888554552547
20888.0	59.99751238624349
20963.0	59.99384547000949
21038.0	59.999387448826454
21113.0	59.995168595873174
21188.0	60.0
21263.0	60.0
21338.0	60.0
21413.0	60.0
21488.0	60.0
21563.0	60.0
21638.0	59.99213114754098
21713.0	59.997449196496895
21788.0	60.0
21863.0	59.998874402026075
21938.0	60.0
22013.0	59.90919839205486
22088.0	59.99154780771263
22163.0	60.0
22238.0	60.0
22313.0	60.0
22388.0	59.98939742003888
22463.0	60.0
22538.0	60.0
22613.0	59.95211984261176
22688.0	59.99731065317511
22763.0	59.99861294125806
22838.0	59.998234099537925
22913.0	59.999134935624795
22988.0	59.993122736234014
23063.0	60.0
23138.0	59.991215778135654
23213.0	59.9992495966582
23288.0	59.99812926760827
23363.0	59.967355821545155
23438.0	59.99427285743506
23513.0	59.99824330259113
23588.0	59.99650084562897
23663.0	60.0
23738.0	59.999115500847644
23813.0	59.99719848718308
23888.0	60.0
23963.0	59.997109269608785
24038.0	60.0
24113.0	59.998445595854925
24188.0	59.997954708148214
24263.0	60.0
24338.0	59.99579161479247
24413.0	59.99833017922743
24488.0	59.987254155676325
24563.0	59.99634743224487
24638.0	59.99563187070337
24713.0	59.99752595173544
24788.0	59.98772767232885
24863.0	59.96993134887744
24938.0	59.99468564868909
25013.0	59.99832207726834
25088.0	60.0
25163.0	59.999212774053035
25238.0	59.99549711815562
25313.0	60.0
25388.0	59.99372773126813
25463.0	59.997995791161436
25538.0	59.996377577202885
25613.0	59.99369505061473
25688.0	59.9810625986323
25763.0	60.0
25838.0	60.0
25913.0	59.98413747521481
25988.0	60.0
26063.0	60.0
26138.0	60.0
26213.0	59.99311365905726
26288.0	59.99253359880537
26363.0	60.0
26438.0	60.0
26513.0	60.0
26588.0	60.0
26663.0	59.98658186051713
26738.0	59.99540405974722
26813.0	59.95500412462191
26888.0	59.991749772033174
26963.0	60.0
27038.0	59.99815277334144
27113.0	59.9955821499222
27188.0	59.99530524909265
27263.0	60.0
27338.0	59.999271741549165
27413.0	59.99969112605146
27488.0	60.0
27563.0	60.0
27638.0	60.0
27713.0	60.0
27788.0	60.0
27863.0	60.0
27938.0	60.0
28013.0	60.0
28088.0	60.0
28163.0	59.99894185492831
28238.0	59.99590205921525
28313.0	59.99548386349688
28388.0	59.94938821416586
28463.0	59.99897553229634
28538.0	60.0
28613.0	60.0
28688.0	59.998768321221824
28763.0	60.0
28838.0	59.99579242636746
28913.0	59.98241349728339
28988.0	59.99577435030636
29063.0	60.0
29138.0	59.99071730890365
29213.0	59.999290520166966
29288.0	59.99890536916425
29363.0	59.9962960676585
29438.0	60.0
29513.0	60.0
29588.0	60.0
29663.0	60.0
29738.0	60.0
29813.0	60.0
29877.0	23.333333333333332
