#GC Content (%)	Sample
1.0	0.0
2.0	0.0
3.0	0.0
4.0	0.0
5.0	0.0
6.0	0.0
7.0	0.0
8.0	0.0
9.0	0.0
10.0	0.0
11.0	0.0
12.0	0.0
13.0	0.0
14.0	0.0
15.0	0.0
16.0	0.0
17.0	0.0
18.0	0.0
19.0	0.0
20.0	0.0
21.0	0.0
22.0	0.0
23.0	0.0
24.0	0.0
25.0	6.805190091643227E-5
26.0	7.939388440250431E-4
27.0	0.003062335541239452
28.0	0.002563288267852282
29.0	0.004695581163233826
30.0	0.009867525632882677
31.0	0.011636875056709918
32.0	0.025837038381272118
33.0	0.03922057889483713
34.0	0.06281190454586698
35.0	0.07419925596588331
36.0	0.09747300607930313
37.0	0.1107204427910353
38.0	0.09388893929770438
39.0	0.0821613283731059
40.0	0.07859994555847927
41.0	0.07113692042464385
42.0	0.05675528536430451
43.0	0.040717720714998636
44.0	0.027220760366572908
45.0	0.018714272752018875
46.0	0.014721894564921513
47.0	0.018623536884130296
48.0	0.01596951274838944
49.0	0.009141638689774068
50.0	0.00859722348244261
51.0	0.010230469104436984
52.0	0.006782506124671083
53.0	0.003221123310044461
54.0	4.990472733871699E-4
55.0	2.268396697214409E-5
56.0	0.0
57.0	0.0
58.0	0.0
59.0	0.0
60.0	0.0
61.0	0.0
62.0	0.0
63.0	2.268396697214409E-5
64.0	0.0
65.0	0.0
66.0	0.0
67.0	0.0
68.0	0.0
69.0	0.0
70.0	0.0
71.0	0.0
72.0	0.0
73.0	0.0
74.0	0.0
75.0	0.0
76.0	0.0
77.0	0.0
78.0	0.0
79.0	0.0
80.0	0.0
81.0	0.0
82.0	0.0
83.0	0.0
84.0	0.0
85.0	0.0
86.0	0.0
87.0	0.0
88.0	0.0
89.0	0.0
90.0	0.0
91.0	0.0
92.0	0.0
93.0	0.0
94.0	0.0
95.0	0.0
96.0	0.0
97.0	0.0
98.0	0.0
99.0	0.0
100.0	2.268396697214409E-5
