#Coverage	Number of genomic locations
0.0	552.0
1.0	518.0
2.0	648.0
3.0	890.0
4.0	1296.0
5.0	971.0
6.0	798.0
7.0	796.0
8.0	697.0
9.0	451.0
10.0	541.0
11.0	549.0
12.0	545.0
13.0	591.0
14.0	320.0
15.0	315.0
16.0	389.0
17.0	474.0
18.0	413.0
19.0	422.0
20.0	421.0
21.0	296.0
22.0	282.0
23.0	192.0
24.0	152.0
25.0	164.0
26.0	184.0
27.0	147.0
28.0	181.0
29.0	250.0
30.0	269.0
31.0	230.0
32.0	208.0
33.0	99.0
34.0	178.0
35.0	166.0
36.0	151.0
37.0	168.0
38.0	170.0
39.0	137.0
40.0	131.0
41.0	128.0
42.0	103.0
43.0	89.0
44.0	98.0
45.0	102.0
46.0	133.0
47.0	95.0
48.0	127.0
49.0	143.0
50.0	115.0
51.0	123.0
52.0	97.0
53.0	100.0
54.0	99.0
55.0	101.0
56.0	146.0
57.0	99.0
58.0	93.0
59.0	96.0
60.0	147.0
61.0	91.0
62.0	107.0
63.0	108.0
64.0	91.0
65.0	99.0
66.0	95.0
67.0	104.0
68.0	77.0
69.0	70.0
70.0	58.0
71.0	60.0
72.0	73.0
73.0	106.0
74.0	91.0
75.0	106.0
76.0	78.0
77.0	109.0
78.0	73.0
79.0	98.0
80.0	138.0
81.0	131.0
82.0	91.0
83.0	75.0
84.0	75.0
85.0	76.0
86.0	98.0
87.0	120.0
88.0	106.0
89.0	94.0
90.0	75.0
91.0	78.0
92.0	47.0
93.0	52.0
94.0	37.0
95.0	35.0
96.0	37.0
97.0	57.0
98.0	71.0
99.0	58.0
100.0	49.0
101.0	45.0
102.0	65.0
103.0	48.0
104.0	55.0
105.0	56.0
106.0	65.0
107.0	60.0
108.0	44.0
109.0	54.0
110.0	50.0
111.0	61.0
112.0	60.0
113.0	61.0
114.0	67.0
115.0	76.0
116.0	63.0
117.0	53.0
118.0	39.0
119.0	42.0
120.0	30.0
121.0	42.0
122.0	52.0
123.0	53.0
124.0	50.0
125.0	61.0
126.0	59.0
127.0	41.0
128.0	55.0
129.0	38.0
130.0	40.0
131.0	62.0
132.0	55.0
133.0	59.0
134.0	85.0
135.0	54.0
136.0	91.0
137.0	71.0
138.0	62.0
139.0	71.0
140.0	65.0
141.0	72.0
142.0	64.0
143.0	63.0
144.0	79.0
145.0	77.0
146.0	73.0
147.0	70.0
148.0	67.0
149.0	41.0
150.0	30.0
151.0	38.0
152.0	40.0
153.0	40.0
154.0	37.0
155.0	37.0
156.0	45.0
157.0	22.0
158.0	27.0
159.0	34.0
160.0	29.0
161.0	30.0
162.0	31.0
163.0	31.0
164.0	26.0
165.0	41.0
166.0	58.0
167.0	32.0
168.0	34.0
169.0	34.0
170.0	20.0
171.0	39.0
172.0	27.0
173.0	24.0
174.0	28.0
175.0	21.0
176.0	29.0
177.0	24.0
178.0	24.0
179.0	16.0
180.0	17.0
181.0	29.0
182.0	26.0
183.0	21.0
184.0	23.0
185.0	43.0
186.0	36.0
187.0	43.0
188.0	38.0
189.0	25.0
190.0	20.0
191.0	28.0
192.0	36.0
193.0	34.0
194.0	23.0
195.0	34.0
196.0	16.0
197.0	30.0
198.0	14.0
199.0	9.0
200.0	15.0
201.0	16.0
202.0	12.0
203.0	21.0
204.0	16.0
205.0	15.0
206.0	16.0
207.0	10.0
208.0	12.0
209.0	4.0
210.0	11.0
211.0	16.0
212.0	8.0
213.0	6.0
214.0	16.0
215.0	12.0
216.0	5.0
217.0	11.0
218.0	11.0
219.0	13.0
220.0	7.0
221.0	5.0
222.0	13.0
223.0	15.0
224.0	7.0
225.0	7.0
226.0	8.0
227.0	2.0
228.0	4.0
229.0	3.0
230.0	1.0
232.0	3.0
233.0	3.0
234.0	1.0
235.0	6.0
236.0	2.0
237.0	11.0
238.0	11.0
239.0	7.0
240.0	8.0
241.0	1.0
242.0	4.0
243.0	5.0
244.0	1.0
245.0	9.0
246.0	7.0
247.0	2.0
248.0	10.0
249.0	8.0
250.0	11.0
251.0	6.0
252.0	18.0
253.0	13.0
254.0	8.0
255.0	10.0
256.0	9.0
257.0	13.0
258.0	16.0
259.0	6.0
260.0	14.0
261.0	12.0
262.0	3.0
263.0	9.0
264.0	3.0
265.0	7.0
266.0	11.0
267.0	12.0
268.0	10.0
269.0	6.0
270.0	3.0
271.0	4.0
272.0	3.0
274.0	2.0
277.0	2.0
278.0	5.0
279.0	2.0
280.0	3.0
282.0	1.0
283.0	4.0
289.0	1.0
290.0	1.0
291.0	2.0
293.0	2.0
294.0	1.0
296.0	2.0
297.0	3.0
299.0	3.0
300.0	1.0
301.0	2.0
302.0	3.0
304.0	1.0
308.0	1.0
310.0	1.0
312.0	1.0
314.0	1.0
320.0	1.0
326.0	1.0
327.0	1.0
328.0	2.0
329.0	1.0
336.0	3.0
337.0	1.0
338.0	2.0
339.0	1.0
340.0	2.0
341.0	1.0
343.0	3.0
345.0	3.0
346.0	2.0
348.0	2.0
349.0	1.0
350.0	1.0
352.0	1.0
356.0	1.0
358.0	1.0
359.0	1.0
361.0	1.0
372.0	1.0
377.0	1.0
381.0	3.0
382.0	1.0
384.0	1.0
387.0	1.0
390.0	1.0
395.0	1.0
397.0	1.0
398.0	1.0
400.0	1.0
404.0	1.0
407.0	1.0
411.0	1.0
413.0	1.0
414.0	1.0
415.0	2.0
417.0	1.0
421.0	1.0
423.0	1.0
425.0	1.0
428.0	1.0
429.0	1.0
434.0	1.0
435.0	1.0
443.0	1.0
445.0	2.0
446.0	1.0
450.0	1.0
451.0	1.0
452.0	1.0
456.0	1.0
459.0	1.0
461.0	1.0
462.0	2.0
465.0	1.0
470.0	1.0
476.0	2.0
477.0	1.0
479.0	1.0
480.0	1.0
481.0	2.0
482.0	1.0
486.0	1.0
487.0	1.0
489.0	1.0
490.0	1.0
493.0	2.0
494.0	1.0
495.0	1.0
497.0	1.0
504.0	1.0
505.0	1.0
507.0	1.0
508.0	1.0
510.0	1.0
512.0	1.0
513.0	2.0
514.0	3.0
515.0	1.0
516.0	1.0
517.0	1.0
518.0	1.0
519.0	4.0
520.0	1.0
524.0	1.0
528.0	1.0
529.0	1.0
530.0	1.0
533.0	3.0
534.0	1.0
537.0	3.0
538.0	3.0
539.0	4.0
540.0	3.0
542.0	1.0
543.0	1.0
544.0	3.0
546.0	2.0
547.0	4.0
549.0	3.0
551.0	1.0
552.0	2.0
554.0	1.0
556.0	2.0
557.0	2.0
558.0	6.0
559.0	3.0
561.0	1.0
563.0	2.0
564.0	2.0
566.0	2.0
567.0	2.0
568.0	1.0
569.0	2.0
570.0	2.0
571.0	3.0
572.0	1.0
573.0	2.0
574.0	1.0
575.0	4.0
577.0	1.0
578.0	3.0
579.0	3.0
580.0	2.0
581.0	2.0
582.0	4.0
583.0	1.0
584.0	1.0
585.0	1.0
586.0	1.0
587.0	1.0
589.0	2.0
590.0	1.0
591.0	3.0
592.0	1.0
594.0	2.0
595.0	1.0
596.0	7.0
597.0	5.0
598.0	1.0
599.0	3.0
600.0	3.0
601.0	1.0
602.0	1.0
603.0	1.0
604.0	4.0
605.0	3.0
607.0	5.0
608.0	6.0
609.0	4.0
610.0	4.0
611.0	3.0
612.0	5.0
613.0	4.0
615.0	1.0
616.0	3.0
617.0	3.0
618.0	4.0
619.0	2.0
620.0	5.0
621.0	3.0
622.0	2.0
623.0	5.0
624.0	1.0
625.0	6.0
626.0	5.0
627.0	2.0
628.0	2.0
629.0	3.0
630.0	5.0
631.0	11.0
632.0	5.0
633.0	5.0
634.0	4.0
635.0	4.0
636.0	5.0
637.0	5.0
638.0	6.0
639.0	1.0
640.0	2.0
641.0	1.0
642.0	3.0
643.0	2.0
644.0	1.0
645.0	3.0
646.0	2.0
647.0	1.0
648.0	2.0
649.0	6.0
650.0	5.0
651.0	1.0
652.0	4.0
653.0	5.0
654.0	5.0
655.0	3.0
656.0	4.0
657.0	3.0
658.0	3.0
659.0	9.0
660.0	1.0
661.0	2.0
662.0	1.0
664.0	3.0
665.0	2.0
666.0	1.0
668.0	1.0
669.0	2.0
670.0	3.0
671.0	3.0
672.0	4.0
673.0	3.0
674.0	2.0
675.0	2.0
676.0	1.0
677.0	3.0
678.0	1.0
679.0	2.0
680.0	1.0
681.0	3.0
682.0	2.0
683.0	1.0
684.0	1.0
685.0	4.0
686.0	4.0
687.0	4.0
688.0	1.0
689.0	3.0
690.0	6.0
691.0	5.0
692.0	3.0
693.0	5.0
694.0	3.0
695.0	4.0
696.0	2.0
697.0	8.0
698.0	5.0
699.0	4.0
700.0	8.0
701.0	2.0
702.0	6.0
703.0	2.0
704.0	3.0
705.0	6.0
706.0	2.0
707.0	5.0
708.0	2.0
709.0	4.0
710.0	4.0
711.0	3.0
712.0	3.0
713.0	3.0
714.0	3.0
715.0	3.0
716.0	1.0
717.0	3.0
718.0	3.0
719.0	1.0
720.0	2.0
721.0	3.0
722.0	2.0
723.0	3.0
724.0	2.0
725.0	4.0
726.0	1.0
727.0	2.0
728.0	2.0
729.0	3.0
730.0	2.0
732.0	3.0
734.0	2.0
735.0	1.0
736.0	1.0
737.0	2.0
738.0	1.0
739.0	3.0
740.0	1.0
741.0	1.0
742.0	1.0
743.0	1.0
745.0	2.0
746.0	8.0
747.0	2.0
748.0	2.0
749.0	2.0
750.0	3.0
751.0	1.0
752.0	3.0
753.0	1.0
754.0	7.0
755.0	3.0
756.0	1.0
757.0	3.0
759.0	3.0
761.0	2.0
762.0	3.0
763.0	2.0
764.0	6.0
766.0	2.0
767.0	5.0
768.0	1.0
769.0	1.0
771.0	3.0
772.0	2.0
774.0	1.0
775.0	3.0
776.0	2.0
778.0	1.0
779.0	3.0
780.0	6.0
781.0	2.0
782.0	1.0
783.0	3.0
784.0	5.0
785.0	5.0
786.0	2.0
787.0	3.0
788.0	2.0
789.0	1.0
790.0	2.0
791.0	3.0
794.0	3.0
795.0	3.0
796.0	1.0
797.0	2.0
798.0	2.0
799.0	1.0
800.0	3.0
801.0	6.0
802.0	1.0
803.0	2.0
804.0	2.0
806.0	1.0
808.0	3.0
809.0	3.0
810.0	4.0
811.0	3.0
812.0	1.0
813.0	2.0
814.0	3.0
815.0	2.0
816.0	2.0
817.0	3.0
818.0	4.0
820.0	3.0
821.0	3.0
822.0	2.0
823.0	2.0
824.0	3.0
825.0	3.0
827.0	3.0
828.0	1.0
830.0	1.0
831.0	2.0
832.0	3.0
833.0	1.0
834.0	3.0
835.0	4.0
837.0	3.0
838.0	2.0
839.0	3.0
840.0	2.0
841.0	1.0
842.0	2.0
843.0	2.0
844.0	1.0
845.0	1.0
846.0	2.0
847.0	4.0
848.0	4.0
849.0	1.0
850.0	2.0
851.0	1.0
852.0	2.0
853.0	3.0
856.0	1.0
857.0	3.0
858.0	1.0
859.0	2.0
860.0	2.0
861.0	2.0
862.0	1.0
863.0	2.0
864.0	1.0
865.0	1.0
866.0	4.0
867.0	1.0
869.0	5.0
870.0	3.0
871.0	3.0
872.0	1.0
873.0	1.0
874.0	1.0
875.0	4.0
877.0	2.0
878.0	2.0
879.0	2.0
880.0	1.0
881.0	2.0
882.0	2.0
883.0	4.0
886.0	4.0
887.0	1.0
889.0	2.0
890.0	2.0
892.0	1.0
893.0	2.0
895.0	5.0
896.0	2.0
897.0	2.0
898.0	3.0
899.0	1.0
900.0	4.0
901.0	4.0
902.0	1.0
903.0	1.0
904.0	2.0
905.0	3.0
906.0	1.0
907.0	2.0
908.0	2.0
909.0	1.0
910.0	3.0
912.0	1.0
913.0	2.0
914.0	1.0
916.0	3.0
917.0	1.0
918.0	1.0
920.0	2.0
923.0	1.0
924.0	2.0
926.0	1.0
927.0	3.0
928.0	2.0
930.0	1.0
931.0	2.0
932.0	1.0
934.0	3.0
935.0	2.0
936.0	1.0
937.0	1.0
938.0	3.0
941.0	1.0
942.0	1.0
944.0	1.0
947.0	1.0
949.0	1.0
950.0	1.0
955.0	1.0
957.0	1.0
958.0	3.0
959.0	2.0
961.0	1.0
962.0	3.0
964.0	1.0
965.0	5.0
966.0	2.0
967.0	1.0
969.0	2.0
970.0	1.0
971.0	5.0
972.0	1.0
973.0	4.0
974.0	1.0
975.0	1.0
976.0	2.0
977.0	1.0
978.0	1.0
979.0	2.0
980.0	1.0
981.0	2.0
983.0	1.0
984.0	1.0
986.0	1.0
989.0	1.0
990.0	2.0
992.0	2.0
993.0	2.0
994.0	1.0
996.0	2.0
997.0	1.0
1000.0	1.0
1007.0	2.0
1011.0	1.0
1013.0	1.0
1016.0	1.0
1017.0	1.0
1021.0	3.0
1022.0	1.0
1027.0	3.0
1029.0	2.0
1030.0	2.0
1031.0	3.0
1034.0	1.0
1035.0	1.0
1036.0	1.0
1037.0	1.0
1038.0	3.0
1040.0	1.0
1041.0	1.0
1042.0	1.0
1043.0	2.0
1044.0	2.0
1045.0	1.0
1046.0	3.0
1047.0	1.0
1049.0	2.0
1050.0	1.0
1052.0	2.0
1056.0	1.0
1058.0	1.0
1060.0	2.0
1062.0	1.0
1064.0	1.0
1065.0	2.0
1066.0	1.0
1068.0	1.0
1074.0	2.0
1075.0	2.0
1077.0	1.0
1078.0	2.0
1079.0	1.0
1080.0	1.0
1082.0	2.0
1086.0	1.0
1087.0	2.0
1088.0	2.0
1090.0	2.0
1092.0	1.0
1093.0	1.0
1094.0	1.0
1097.0	1.0
1098.0	1.0
1103.0	1.0
1105.0	1.0
1106.0	1.0
1107.0	3.0
1108.0	3.0
1111.0	1.0
1112.0	2.0
1113.0	1.0
1114.0	1.0
1117.0	1.0
1118.0	1.0
1120.0	1.0
1121.0	2.0
1122.0	1.0
1124.0	1.0
1128.0	1.0
1133.0	1.0
1138.0	1.0
1139.0	1.0
1142.0	1.0
1145.0	1.0
1146.0	1.0
1147.0	1.0
1148.0	1.0
1150.0	1.0
1153.0	1.0
1165.0	1.0
1167.0	1.0
1169.0	1.0
1173.0	1.0
1175.0	1.0
1176.0	1.0
1183.0	1.0
1188.0	1.0
1190.0	1.0
1192.0	1.0
1193.0	1.0
1194.0	1.0
1196.0	1.0
1199.0	1.0
1204.0	1.0
1206.0	1.0
1207.0	1.0
1210.0	1.0
1211.0	1.0
1212.0	2.0
1216.0	1.0
1217.0	1.0
1218.0	1.0
1219.0	2.0
1220.0	2.0
1221.0	1.0
1224.0	1.0
1225.0	1.0
1226.0	3.0
1227.0	1.0
1229.0	1.0
1231.0	2.0
1232.0	1.0
1237.0	1.0
1238.0	1.0
1240.0	1.0
1242.0	1.0
1243.0	1.0
1246.0	1.0
1252.0	1.0
1255.0	2.0
1256.0	1.0
1259.0	1.0
1260.0	2.0
1261.0	1.0
1264.0	1.0
1266.0	2.0
1267.0	1.0
1268.0	2.0
1271.0	2.0
1272.0	2.0
1275.0	2.0
1277.0	2.0
1279.0	1.0
1281.0	1.0
1282.0	1.0
1283.0	1.0
1284.0	2.0
1285.0	2.0
1286.0	2.0
1287.0	3.0
1288.0	1.0
1291.0	1.0
1292.0	2.0
1294.0	2.0
1296.0	1.0
1297.0	1.0
1298.0	1.0
1300.0	1.0
1301.0	3.0
1302.0	1.0
1303.0	2.0
1304.0	2.0
1305.0	3.0
1306.0	2.0
1307.0	1.0
1308.0	1.0
1309.0	1.0
1312.0	1.0
1313.0	1.0
1314.0	1.0
1316.0	4.0
1318.0	1.0
1319.0	1.0
1320.0	1.0
1322.0	2.0
1323.0	1.0
1325.0	1.0
1327.0	1.0
1328.0	1.0
1329.0	1.0
1331.0	1.0
1332.0	3.0
1333.0	2.0
1335.0	1.0
1336.0	1.0
1337.0	1.0
1341.0	1.0
1343.0	2.0
1344.0	1.0
1347.0	2.0
1348.0	2.0
1349.0	2.0
1350.0	1.0
1351.0	1.0
1352.0	1.0
1353.0	1.0
1354.0	3.0
1356.0	3.0
1357.0	1.0
1359.0	1.0
1360.0	3.0
1361.0	1.0
1362.0	1.0
1364.0	2.0
1365.0	1.0
1366.0	2.0
1367.0	1.0
1368.0	1.0
1369.0	1.0
1370.0	3.0
1371.0	2.0
1372.0	3.0
1374.0	1.0
1375.0	2.0
1376.0	1.0
1379.0	1.0
1383.0	2.0
1385.0	1.0
1387.0	3.0
1389.0	1.0
1390.0	3.0
1391.0	2.0
1392.0	2.0
1393.0	4.0
1396.0	3.0
1397.0	1.0
1398.0	1.0
1399.0	2.0
1400.0	3.0
1401.0	3.0
1402.0	2.0
1403.0	3.0
1404.0	3.0
1406.0	2.0
1408.0	1.0
1409.0	2.0
1410.0	2.0
1411.0	4.0
1412.0	3.0
1413.0	1.0
1414.0	4.0
1415.0	3.0
1417.0	1.0
1418.0	2.0
1419.0	2.0
1421.0	3.0
1422.0	5.0
1424.0	2.0
1425.0	1.0
1426.0	2.0
1427.0	1.0
1429.0	3.0
1430.0	5.0
1431.0	2.0
1432.0	6.0
1433.0	4.0
1434.0	3.0
1435.0	3.0
1436.0	1.0
1437.0	3.0
1438.0	4.0
1439.0	2.0
1440.0	2.0
1441.0	2.0
1443.0	2.0
1444.0	3.0
1445.0	4.0
1446.0	3.0
1447.0	3.0
1448.0	4.0
1449.0	1.0
1450.0	1.0
1451.0	4.0
1452.0	6.0
1453.0	4.0
1454.0	3.0
1455.0	3.0
1456.0	4.0
1457.0	6.0
1458.0	5.0
1459.0	8.0
1460.0	4.0
1461.0	1.0
1462.0	2.0
1463.0	1.0
1464.0	3.0
1465.0	5.0
1466.0	6.0
1467.0	4.0
1468.0	7.0
1469.0	3.0
1470.0	2.0
1471.0	5.0
1472.0	2.0
1473.0	1.0
1475.0	2.0
1476.0	3.0
1477.0	3.0
1478.0	3.0
1479.0	5.0
1480.0	5.0
1481.0	3.0
1482.0	4.0
1483.0	2.0
1487.0	3.0
1489.0	3.0
1490.0	2.0
1491.0	2.0
1493.0	6.0
1494.0	4.0
1495.0	4.0
1496.0	1.0
1497.0	1.0
1498.0	2.0
1499.0	2.0
1500.0	3.0
1501.0	2.0
1502.0	2.0
1503.0	1.0
1504.0	2.0
1505.0	1.0
1506.0	1.0
1508.0	3.0
1509.0	1.0
1510.0	2.0
1511.0	3.0
1512.0	1.0
1513.0	4.0
1514.0	1.0
1515.0	2.0
1516.0	3.0
1517.0	2.0
1518.0	1.0
1521.0	1.0
1524.0	2.0
1525.0	3.0
1527.0	2.0
1531.0	1.0
1533.0	2.0
1536.0	1.0
1537.0	2.0
1538.0	1.0
1540.0	1.0
1541.0	1.0
1542.0	1.0
1543.0	3.0
1545.0	1.0
1546.0	1.0
1547.0	2.0
1548.0	3.0
1551.0	1.0
1552.0	1.0
1553.0	2.0
1554.0	3.0
1555.0	1.0
1556.0	1.0
1557.0	1.0
1558.0	1.0
1559.0	1.0
1561.0	1.0
1562.0	1.0
1563.0	1.0
1564.0	3.0
1565.0	4.0
1566.0	2.0
1567.0	1.0
1568.0	3.0
1569.0	1.0
1572.0	2.0
1573.0	1.0
1574.0	3.0
1576.0	1.0
1577.0	1.0
1578.0	1.0
1579.0	3.0
1580.0	1.0
1581.0	3.0
1582.0	1.0
1583.0	4.0
1586.0	1.0
1587.0	4.0
1589.0	4.0
1591.0	1.0
1592.0	2.0
1593.0	1.0
1594.0	1.0
1595.0	3.0
1596.0	1.0
1597.0	5.0
1598.0	2.0
1599.0	3.0
1600.0	6.0
1601.0	1.0
1603.0	2.0
1604.0	3.0
1605.0	5.0
1607.0	2.0
1609.0	1.0
1610.0	3.0
1611.0	1.0
1612.0	3.0
1613.0	3.0
1614.0	1.0
1615.0	5.0
1616.0	2.0
1617.0	4.0
1618.0	4.0
1619.0	5.0
1620.0	5.0
1621.0	4.0
1622.0	1.0
1623.0	1.0
1624.0	2.0
1626.0	7.0
1627.0	3.0
1628.0	3.0
1629.0	3.0
1630.0	1.0
1631.0	1.0
1632.0	2.0
1633.0	1.0
1634.0	5.0
1635.0	1.0
1636.0	1.0
1637.0	1.0
1639.0	1.0
1641.0	1.0
1643.0	3.0
1644.0	4.0
1645.0	1.0
1646.0	1.0
1647.0	2.0
1648.0	3.0
1650.0	3.0
1651.0	3.0
1652.0	1.0
1654.0	1.0
1656.0	1.0
1657.0	2.0
1659.0	3.0
1661.0	1.0
1664.0	1.0
1667.0	1.0
1669.0	2.0
1672.0	2.0
1673.0	1.0
1680.0	1.0
1684.0	1.0
1687.0	1.0
1688.0	1.0
1689.0	1.0
1692.0	1.0
1693.0	2.0
1694.0	1.0
1695.0	1.0
1699.0	1.0
1701.0	3.0
1704.0	2.0
1705.0	2.0
1706.0	3.0
1708.0	1.0
1711.0	1.0
1712.0	1.0
1714.0	1.0
1715.0	2.0
1719.0	1.0
1721.0	2.0
1725.0	1.0
1727.0	1.0
1729.0	2.0
1730.0	2.0
1731.0	2.0
1732.0	1.0
1733.0	1.0
1734.0	1.0
1735.0	1.0
1737.0	2.0
1738.0	1.0
1739.0	1.0
1741.0	1.0
1743.0	1.0
1744.0	1.0
1745.0	1.0
1746.0	3.0
1747.0	1.0
1751.0	1.0
1752.0	1.0
1753.0	1.0
1756.0	1.0
1759.0	2.0
1761.0	2.0
1762.0	1.0
1763.0	1.0
1766.0	2.0
1769.0	1.0
1770.0	1.0
1774.0	2.0
1775.0	3.0
1776.0	1.0
1777.0	2.0
1780.0	2.0
1781.0	2.0
1783.0	1.0
1785.0	1.0
1786.0	1.0
1787.0	1.0
1788.0	1.0
1789.0	2.0
1792.0	2.0
1793.0	1.0
1794.0	1.0
1796.0	1.0
1799.0	2.0
1800.0	1.0
1801.0	1.0
1802.0	1.0
1803.0	1.0
1805.0	2.0
1806.0	1.0
1807.0	2.0
1808.0	1.0
1809.0	1.0
1811.0	2.0
1813.0	1.0
1814.0	1.0
1815.0	2.0
1819.0	2.0
1820.0	1.0
1821.0	1.0
1823.0	1.0
1825.0	1.0
1827.0	1.0
1828.0	3.0
1829.0	1.0
1830.0	2.0
1831.0	1.0
1832.0	1.0
1834.0	1.0
1840.0	1.0
1842.0	1.0
1843.0	4.0
1844.0	3.0
1845.0	1.0
1846.0	2.0
1847.0	1.0
1849.0	1.0
1850.0	2.0
1854.0	2.0
1855.0	3.0
1857.0	1.0
1858.0	1.0
1859.0	1.0
1860.0	1.0
1862.0	4.0
1863.0	1.0
1865.0	1.0
1866.0	2.0
1867.0	1.0
1868.0	2.0
1870.0	2.0
1872.0	2.0
1873.0	3.0
1875.0	5.0
1876.0	2.0
1877.0	5.0
1878.0	1.0
1879.0	2.0
1880.0	1.0
1881.0	3.0
1882.0	1.0
1883.0	5.0
1884.0	3.0
1885.0	2.0
1886.0	2.0
1887.0	2.0
1888.0	1.0
1889.0	3.0
1890.0	2.0
1891.0	1.0
1894.0	2.0
1895.0	5.0
1896.0	2.0
1899.0	1.0
1901.0	2.0
1902.0	4.0
1903.0	3.0
1904.0	3.0
1905.0	3.0
1906.0	4.0
1907.0	2.0
1908.0	3.0
1909.0	3.0
1910.0	2.0
1911.0	4.0
1912.0	2.0
1913.0	3.0
1914.0	3.0
1915.0	3.0
1916.0	2.0
1918.0	3.0
1919.0	3.0
1920.0	2.0
1921.0	3.0
1922.0	3.0
1923.0	7.0
1924.0	5.0
1925.0	5.0
1926.0	1.0
1927.0	2.0
1928.0	1.0
1929.0	2.0
1930.0	1.0
1931.0	1.0
1932.0	6.0
1934.0	2.0
1935.0	3.0
1936.0	2.0
1937.0	4.0
1940.0	3.0
1941.0	2.0
1942.0	1.0
1943.0	2.0
1944.0	2.0
1945.0	2.0
1948.0	2.0
1949.0	1.0
1950.0	2.0
1951.0	5.0
1952.0	2.0
1954.0	5.0
1955.0	2.0
1957.0	1.0
1959.0	1.0
1960.0	1.0
1962.0	2.0
1963.0	2.0
1964.0	1.0
1966.0	1.0
1967.0	1.0
1968.0	1.0
1969.0	2.0
1970.0	1.0
1971.0	1.0
1974.0	1.0
1975.0	3.0
1977.0	3.0
1979.0	2.0
1984.0	1.0
1989.0	2.0
1992.0	1.0
1996.0	1.0
1998.0	1.0
1999.0	1.0
2004.0	2.0
2009.0	1.0
2016.0	1.0
2017.0	1.0
2018.0	1.0
2025.0	1.0
2028.0	1.0
2030.0	1.0
2034.0	1.0
2040.0	1.0
2051.0	1.0
2052.0	1.0
2054.0	1.0
2057.0	1.0
2064.0	1.0
2068.0	1.0
2069.0	1.0
2087.0	1.0
2091.0	1.0
2092.0	1.0
2094.0	2.0
2098.0	1.0
2100.0	1.0
2102.0	2.0
2107.0	1.0
2108.0	1.0
2112.0	3.0
2113.0	2.0
2116.0	1.0
2117.0	1.0
2119.0	2.0
2121.0	1.0
2127.0	1.0
2128.0	2.0
2129.0	1.0
2138.0	2.0
2140.0	1.0
2141.0	1.0
2144.0	1.0
2149.0	1.0
2150.0	1.0
2156.0	1.0
2159.0	1.0
2161.0	1.0
2162.0	1.0
2169.0	1.0
2172.0	2.0
2176.0	1.0
2178.0	1.0
2179.0	1.0
2182.0	1.0
2183.0	1.0
2188.0	1.0
2191.0	1.0
2195.0	1.0
2197.0	1.0
2201.0	1.0
2204.0	1.0
2208.0	1.0
2213.0	1.0
2214.0	1.0
2215.0	1.0
2216.0	1.0
2217.0	1.0
2220.0	2.0
2221.0	2.0
2225.0	2.0
2226.0	2.0
2229.0	2.0
2237.0	2.0
2240.0	1.0
2242.0	1.0
2243.0	1.0
2246.0	1.0
2247.0	1.0
2266.0	1.0
2273.0	1.0
2274.0	1.0
2275.0	1.0
2277.0	2.0
2284.0	1.0
2292.0	1.0
2295.0	1.0
2298.0	2.0
2299.0	1.0
2304.0	1.0
2305.0	2.0
2306.0	2.0
2311.0	1.0
2312.0	1.0
2315.0	1.0
2317.0	1.0
2320.0	1.0
2325.0	1.0
2326.0	1.0
2329.0	1.0
2331.0	1.0
2336.0	1.0
2340.0	1.0
2342.0	1.0
2346.0	2.0
2348.0	1.0
2351.0	1.0
2355.0	1.0
2361.0	1.0
2362.0	1.0
2365.0	1.0
2367.0	2.0
2369.0	1.0
2373.0	1.0
2377.0	1.0
2379.0	1.0
2387.0	1.0
2390.0	1.0
2395.0	1.0
2400.0	1.0
2404.0	2.0
2407.0	1.0
2417.0	1.0
2426.0	1.0
2454.0	1.0
2465.0	1.0
2485.0	1.0
2494.0	1.0
2504.0	1.0
2514.0	1.0
2521.0	1.0
2535.0	2.0
2540.0	1.0
2542.0	1.0
2548.0	1.0
2549.0	1.0
2563.0	1.0
2569.0	1.0
2572.0	1.0
2573.0	1.0
2574.0	1.0
2587.0	1.0
2600.0	1.0
2607.0	1.0
2659.0	1.0
2875.0	1.0
3053.0	1.0
3211.0	1.0
3337.0	1.0
3413.0	1.0
3643.0	1.0
3709.0	1.0
3720.0	1.0
3807.0	1.0
3858.0	1.0
3948.0	1.0
3976.0	1.0
4001.0	1.0
4029.0	1.0
4052.0	1.0
4064.0	1.0
4067.0	1.0
4069.0	1.0
4075.0	1.0
4099.0	1.0
4110.0	1.0
4129.0	1.0
4136.0	1.0
4140.0	1.0
4176.0	1.0
4178.0	1.0
4179.0	1.0
4181.0	1.0
4183.0	1.0
4184.0	8.0
4185.0	13.0
4224.0	1.0
4324.0	1.0
4365.0	1.0
4368.0	1.0
4442.0	1.0
4486.0	1.0
4514.0	1.0
4520.0	1.0
4537.0	1.0
4572.0	1.0
4593.0	1.0
4604.0	1.0
4608.0	1.0
4618.0	1.0
4621.0	1.0
4636.0	1.0
4646.0	1.0
4658.0	1.0
4663.0	1.0
4686.0	1.0
4699.0	1.0
4706.0	1.0
4711.0	1.0
4713.0	1.0
4740.0	1.0
4744.0	1.0
4745.0	3.0
4746.0	5.0
4747.0	5.0
4787.0	1.0
4820.0	1.0
4829.0	1.0
4869.0	1.0
4883.0	1.0
4884.0	1.0
4939.0	1.0
4941.0	1.0
4948.0	1.0
4968.0	1.0
4991.0	1.0
5018.0	1.0
5025.0	1.0
5034.0	1.0
5050.0	1.0
5057.0	1.0
5062.0	1.0
5068.0	1.0
5097.0	1.0
5108.0	1.0
5131.0	1.0
5164.0	1.0
5206.0	1.0
5244.0	1.0
5309.0	1.0
5487.0	1.0
5556.0	1.0
5616.0	1.0
5638.0	1.0
5688.0	1.0
5719.0	1.0
5747.0	1.0
5796.0	1.0
5849.0	1.0
5872.0	1.0
5895.0	1.0
5903.0	1.0
5909.0	1.0
5930.0	1.0
5937.0	1.0
5990.0	1.0
6019.0	1.0
6034.0	1.0
6057.0	1.0
6058.0	1.0
6108.0	1.0
6149.0	1.0
6162.0	1.0
6241.0	1.0
6261.0	2.0
6367.0	1.0
6376.0	1.0
6416.0	1.0
6419.0	1.0
6428.0	1.0
6472.0	1.0
6487.0	1.0
6519.0	1.0
6530.0	1.0
6546.0	1.0
6578.0	1.0
6607.0	1.0
6622.0	1.0
6642.0	1.0
6651.0	1.0
6671.0	1.0
6738.0	1.0
6757.0	1.0
6814.0	1.0
6819.0	1.0
6834.0	1.0
6862.0	1.0
6921.0	1.0
6924.0	1.0
6977.0	1.0
6982.0	1.0
7014.0	1.0
7036.0	1.0
7056.0	1.0
7095.0	1.0
7100.0	1.0
7134.0	1.0
7144.0	1.0
7154.0	1.0
7191.0	1.0
7207.0	1.0
7213.0	1.0
7237.0	1.0
7254.0	1.0
7287.0	1.0
7298.0	1.0
7319.0	1.0
7351.0	1.0
7455.0	1.0
7480.0	1.0
7511.0	1.0
7564.0	1.0
7598.0	1.0
7641.0	1.0
7664.0	1.0
7709.0	1.0
7714.0	1.0
7786.0	1.0
7898.0	1.0
7911.0	1.0
7970.0	1.0
7985.0	1.0
7990.0	1.0
8064.0	1.0
8080.0	1.0
8101.0	1.0
8127.0	1.0
8139.0	1.0
8151.0	1.0
8186.0	1.0
8240.0	1.0
8247.0	1.0
8304.0	1.0
8389.0	1.0
8428.0	1.0
8441.0	2.0
8451.0	1.0
8492.0	1.0
8517.0	1.0
8518.0	1.0
8575.0	1.0
8580.0	1.0
8586.0	2.0
8633.0	1.0
8656.0	1.0
8686.0	1.0
8703.0	1.0
8725.0	1.0
8726.0	1.0
8729.0	1.0
8730.0	2.0
8731.0	4.0
8732.0	2.0
8736.0	3.0
8737.0	3.0
8769.0	1.0
8775.0	1.0
8779.0	1.0
8802.0	1.0
8829.0	1.0
8831.0	1.0
8846.0	1.0
8879.0	1.0
8957.0	1.0
9005.0	1.0
9037.0	1.0
9050.0	1.0
9082.0	1.0
9085.0	1.0
9201.0	1.0
9290.0	1.0
9326.0	1.0
9331.0	1.0
9371.0	1.0
9385.0	1.0
9400.0	1.0
9411.0	1.0
9464.0	1.0
9469.0	1.0
9476.0	1.0
9522.0	1.0
9531.0	1.0
9548.0	1.0
9556.0	1.0
9591.0	1.0
9663.0	1.0
9690.0	1.0
9693.0	1.0
9775.0	1.0
9800.0	1.0
9808.0	1.0
9857.0	1.0
9872.0	1.0
9887.0	1.0
9931.0	1.0
9949.0	1.0
9957.0	1.0
10063.0	1.0
10146.0	1.0
10153.0	1.0
10212.0	1.0
10250.0	1.0
10321.0	1.0
10365.0	1.0
10404.0	1.0
10447.0	1.0
10466.0	1.0
10470.0	1.0
10541.0	1.0
10550.0	1.0
10559.0	1.0
10589.0	1.0
10592.0	1.0
10601.0	1.0
10605.0	1.0
10627.0	1.0
10628.0	1.0
10630.0	2.0
10632.0	2.0
10637.0	1.0
10650.0	1.0
10652.0	1.0
10661.0	1.0
10665.0	1.0
10669.0	1.0
10673.0	1.0
10680.0	1.0
10690.0	1.0
10692.0	1.0
10693.0	2.0
10694.0	1.0
10696.0	1.0
10697.0	1.0
10698.0	1.0
10703.0	2.0
10707.0	1.0
10708.0	1.0
10713.0	1.0
10725.0	1.0
10729.0	1.0
10731.0	1.0
10734.0	1.0
10749.0	1.0
10752.0	1.0
10753.0	1.0
10757.0	1.0
10761.0	1.0
10775.0	1.0
10778.0	1.0
10784.0	1.0
10789.0	1.0
10793.0	1.0
10794.0	1.0
10808.0	1.0
10810.0	1.0
10818.0	2.0
10820.0	1.0
10823.0	1.0
10834.0	1.0
10852.0	1.0
10864.0	1.0
10866.0	1.0
10869.0	1.0
10874.0	1.0
10878.0	1.0
10885.0	1.0
10934.0	1.0
10951.0	1.0
10982.0	1.0
10996.0	1.0
11008.0	1.0
11039.0	1.0
11047.0	1.0
11052.0	1.0
11074.0	1.0
11086.0	1.0
11090.0	1.0
11098.0	1.0
11109.0	1.0
11120.0	1.0
11148.0	1.0
11167.0	1.0
11168.0	1.0
11195.0	1.0
11208.0	1.0
11210.0	1.0
11242.0	1.0
11246.0	1.0
11270.0	1.0
11309.0	1.0
11325.0	1.0
11371.0	1.0
11391.0	1.0
11457.0	1.0
11464.0	1.0
11479.0	1.0
11490.0	1.0
11492.0	2.0
11493.0	1.0
11505.0	1.0
11534.0	1.0
11537.0	1.0
11566.0	1.0
11604.0	1.0
11631.0	1.0
11661.0	2.0
11683.0	2.0
11721.0	1.0
11744.0	1.0
11760.0	1.0
11799.0	1.0
11827.0	1.0
11862.0	1.0
11876.0	1.0
11906.0	1.0
11907.0	1.0
11935.0	1.0
12039.0	1.0
12060.0	1.0
12069.0	1.0
12073.0	1.0
12119.0	1.0
12146.0	1.0
12147.0	1.0
12163.0	1.0
12174.0	1.0
12187.0	1.0
12203.0	1.0
12204.0	1.0
12214.0	1.0
12272.0	1.0
12286.0	1.0
12300.0	1.0
12334.0	1.0
12337.0	1.0
12386.0	1.0
12394.0	1.0
12400.0	1.0
12428.0	1.0
12451.0	1.0
12482.0	1.0
12506.0	1.0
12527.0	1.0
12564.0	1.0
12609.0	1.0
12662.0	1.0
12680.0	1.0
13795.0	1.0
14206.0	1.0
14437.0	1.0
14605.0	1.0
14719.0	1.0
15006.0	1.0
16901.0	1.0
17006.0	1.0
17123.0	1.0
17291.0	1.0
17542.0	1.0
17729.0	1.0
17789.0	1.0
17908.0	1.0
18198.0	1.0
18381.0	1.0
18415.0	1.0
18427.0	1.0
18495.0	1.0
18564.0	1.0
18598.0	1.0
18610.0	1.0
18617.0	2.0
18618.0	1.0
18627.0	1.0
18632.0	1.0
18633.0	1.0
18634.0	1.0
18808.0	1.0
18812.0	1.0
19039.0	1.0
19090.0	1.0
19149.0	1.0
19199.0	1.0
19245.0	1.0
19327.0	1.0
19374.0	1.0
19454.0	1.0
19469.0	1.0
19501.0	1.0
19531.0	1.0
19532.0	1.0
19559.0	1.0
19560.0	1.0
19561.0	1.0
19562.0	5.0
19563.0	2.0
