#Position (bp)	Coverage
38.0	548.8133333333334
113.0	16.293333333333333
188.0	10.32
263.0	14.84
338.0	233.90666666666667
413.0	126.73333333333333
488.0	13.586666666666666
563.0	16.933333333333334
638.0	22.373333333333335
713.0	39.61333333333334
788.0	10.0
863.0	15.626666666666667
938.0	18.52
1013.0	23.453333333333333
1088.0	11.453333333333333
1163.0	10.426666666666666
1238.0	16.333333333333332
1313.0	22.346666666666668
1388.0	75.4
1463.0	58.50666666666667
1538.0	7.213333333333333
1613.0	17.213333333333335
1688.0	11.04
1763.0	13.12
1838.0	13.146666666666667
1913.0	25.30666666666667
1988.0	14.066666666666666
2063.0	15.386666666666667
2138.0	10.0
2213.0	29.133333333333333
2288.0	11.986666666666666
2363.0	6.666666666666667
2438.0	3.12
2513.0	6.4
2588.0	8.12
2663.0	6.88
2738.0	7.92
2813.0	11.36
2888.0	11.866666666666667
2963.0	5.0
3038.0	4.08
3113.0	5.8533333333333335
3188.0	15.413333333333334
3263.0	10.466666666666667
3338.0	9.533333333333333
3413.0	5.466666666666667
3488.0	25.84
3563.0	19.28
3638.0	15.786666666666667
3713.0	10.173333333333334
3788.0	13.32
3863.0	9.333333333333334
3938.0	7.426666666666667
4013.0	7.213333333333333
4088.0	12.106666666666667
4163.0	10.706666666666667
4238.0	9.106666666666667
4313.0	12.36
4388.0	15.88
4463.0	6.506666666666667
4538.0	6.92
4613.0	9.386666666666667
4688.0	12.133333333333333
4763.0	8.0
4838.0	10.6
4913.0	7.56
4988.0	10.186666666666667
5063.0	4.0
5138.0	6.08
5213.0	4.0
5288.0	7.36
5363.0	4.226666666666667
5438.0	4.733333333333333
5513.0	5.8
5588.0	19.12
5663.0	17.84
5738.0	18.16
5813.0	12.093333333333334
5888.0	17.733333333333334
5963.0	12.266666666666667
6038.0	8.346666666666666
6113.0	5.8933333333333335
6188.0	10.346666666666666
6263.0	10.2
6338.0	10.12
6413.0	7.013333333333334
6488.0	14.16
6563.0	12.64
6638.0	6.026666666666666
6713.0	11.626666666666667
6788.0	15.786666666666667
6863.0	10.52
6938.0	4.973333333333334
7013.0	7.333333333333333
7088.0	13.24
7163.0	7.866666666666666
7238.0	10.0
7313.0	15.933333333333334
7388.0	17.76
7463.0	9.56
7538.0	8.346666666666666
7613.0	28.613333333333333
7688.0	36.586666666666666
7763.0	6.226666666666667
7838.0	6.306666666666667
7913.0	5.826666666666667
7988.0	16.0
8063.0	11.4
8138.0	12.146666666666667
8213.0	12.12
8288.0	17.96
8363.0	7.04
8438.0	4.373333333333333
8513.0	6.68
8588.0	11.413333333333334
8663.0	10.52
8738.0	5.0
8813.0	5.906666666666666
8888.0	10.36
8963.0	17.933333333333334
9038.0	14.16
9113.0	14.453333333333333
9188.0	12.893333333333333
9263.0	15.346666666666666
9338.0	9.0
9413.0	12.8
9488.0	16.586666666666666
9563.0	19.613333333333333
9638.0	12.093333333333334
9713.0	12.426666666666666
9788.0	19.546666666666667
9863.0	15.586666666666666
9938.0	8.546666666666667
10013.0	10.866666666666667
10088.0	27.12
10163.0	19.066666666666666
10238.0	10.893333333333333
10313.0	12.826666666666666
10388.0	26.266666666666666
10463.0	17.266666666666666
10538.0	14.746666666666666
10613.0	17.906666666666666
10688.0	24.6
10763.0	14.946666666666667
10838.0	5.906666666666666
10913.0	6.96
10988.0	9.973333333333333
11063.0	13.413333333333334
11138.0	10.586666666666666
11213.0	11.96
11288.0	14.293333333333333
11363.0	20.266666666666666
11438.0	9.44
11513.0	11.4
11588.0	16.0
11663.0	19.30666666666667
11738.0	7.493333333333333
11813.0	7.16
11888.0	15.88
11963.0	13.906666666666666
12038.0	12.546666666666667
12113.0	18.68
12188.0	38.45333333333333
12263.0	23.373333333333335
12338.0	10.72
12413.0	14.746666666666666
12488.0	16.96
12563.0	11.986666666666666
12638.0	10.453333333333333
12713.0	15.333333333333334
12788.0	19.453333333333333
12863.0	9.56
12938.0	12.72
13013.0	23.626666666666665
13088.0	23.6
13163.0	13.666666666666666
13238.0	12.733333333333333
13313.0	29.346666666666668
13388.0	35.53333333333333
13463.0	15.106666666666667
13538.0	19.84
13613.0	21.56
13688.0	16.08
13763.0	9.213333333333333
13838.0	9.466666666666667
13913.0	11.093333333333334
13988.0	11.28
14063.0	8.146666666666667
14138.0	11.386666666666667
14213.0	17.48
14288.0	16.386666666666667
14363.0	10.213333333333333
14438.0	16.69333333333333
14513.0	16.16
14588.0	30.72
14663.0	14.173333333333334
14738.0	13.413333333333334
14813.0	12.4
14888.0	22.573333333333334
14963.0	8.706666666666667
15038.0	12.053333333333333
15113.0	12.066666666666666
15188.0	53.64
15263.0	49.986666666666665
15338.0	13.546666666666667
15413.0	14.866666666666667
15488.0	18.026666666666667
15563.0	16.093333333333334
15638.0	10.44
15713.0	10.773333333333333
15788.0	8.0
15863.0	13.466666666666667
15938.0	7.0
16013.0	9.826666666666666
16088.0	8.36
16163.0	14.0
16238.0	6.92
16313.0	5.866666666666666
16388.0	9.96
16463.0	23.986666666666668
16538.0	14.68
16613.0	7.773333333333333
16688.0	4.28
16763.0	8.826666666666666
16838.0	9.546666666666667
16913.0	7.0
16988.0	10.933333333333334
17063.0	27.68
17138.0	46.0
17213.0	18.213333333333335
17288.0	25.253333333333334
17363.0	24.386666666666667
17438.0	27.346666666666668
17513.0	4.506666666666667
17588.0	4.053333333333334
17663.0	4.066666666666666
17738.0	7.626666666666667
17813.0	5.1866666666666665
17888.0	6.053333333333334
17963.0	8.666666666666666
18038.0	10.386666666666667
18113.0	6.173333333333333
18188.0	10.573333333333334
18263.0	17.16
18338.0	32.64
18413.0	12.693333333333333
18488.0	14.666666666666666
18563.0	22.613333333333333
18638.0	30.413333333333334
18713.0	10.093333333333334
18788.0	15.306666666666667
18863.0	15.146666666666667
18938.0	25.0
19013.0	11.64
19088.0	22.013333333333332
19163.0	24.253333333333334
19238.0	18.30666666666667
19313.0	7.173333333333333
19388.0	3.5733333333333333
19463.0	3.0
19538.0	11.373333333333333
19613.0	8.853333333333333
19688.0	5.0
19763.0	6.946666666666666
19838.0	11.026666666666667
19913.0	18.48
19988.0	14.56
20063.0	12.413333333333334
20138.0	8.826666666666666
20213.0	15.893333333333333
20288.0	7.32
20363.0	10.573333333333334
20438.0	9.973333333333333
20513.0	18.76
20588.0	14.453333333333333
20663.0	10.586666666666666
20738.0	11.746666666666666
20813.0	22.0
20888.0	17.14666666666667
20963.0	12.893333333333333
21038.0	10.746666666666666
21113.0	11.0
21188.0	3.36
21263.0	3.1733333333333333
21338.0	5.1466666666666665
21413.0	11.653333333333334
21488.0	9.2
21563.0	13.36
21638.0	11.48
21713.0	13.666666666666666
21788.0	4.8933333333333335
21863.0	4.026666666666666
21938.0	4.88
22013.0	8.92
22088.0	4.8533333333333335
22163.0	6.2
22238.0	8.826666666666666
22313.0	22.333333333333332
22388.0	10.32
22463.0	9.413333333333334
22538.0	14.506666666666666
22613.0	15.76
22688.0	4.266666666666667
22763.0	4.386666666666667
22838.0	14.786666666666667
22913.0	11.533333333333333
22988.0	11.346666666666666
23063.0	7.946666666666666
23138.0	16.4
23213.0	13.586666666666666
23288.0	10.546666666666667
23363.0	15.333333333333334
23438.0	18.093333333333334
23513.0	14.96
23588.0	7.213333333333333
23663.0	9.186666666666667
23738.0	10.226666666666667
23813.0	17.14666666666667
23888.0	10.173333333333334
23963.0	11.293333333333333
24038.0	14.44
24113.0	24.426666666666666
24188.0	13.613333333333333
24263.0	14.333333333333334
24338.0	11.746666666666666
24413.0	23.613333333333333
24488.0	9.026666666666667
24563.0	5.36
24638.0	6.386666666666667
24713.0	12.733333333333333
24788.0	12.6
24863.0	9.786666666666667
24938.0	8.133333333333333
25013.0	16.69333333333333
25088.0	8.133333333333333
25163.0	4.4
25238.0	2.84
25313.0	16.12
25388.0	19.226666666666667
25463.0	20.786666666666665
25538.0	16.56
25613.0	20.746666666666666
25688.0	23.706666666666667
25763.0	22.026666666666667
25838.0	26.52
25913.0	32.72
25988.0	25.466666666666665
26063.0	12.44
26138.0	12.106666666666667
26213.0	18.24
26288.0	18.626666666666665
26363.0	7.013333333333334
26438.0	5.96
26513.0	16.52
26588.0	23.85333333333333
26663.0	16.346666666666668
26738.0	20.32
26813.0	18.973333333333333
26888.0	31.906666666666666
26963.0	19.133333333333333
27038.0	31.28
27113.0	33.906666666666666
27188.0	65.76
27263.0	17.72
27338.0	15.773333333333333
27413.0	17.76
27488.0	24.453333333333333
27563.0	13.426666666666666
27638.0	6.1466666666666665
27713.0	5.96
27788.0	12.253333333333334
27863.0	9.333333333333334
27938.0	5.16
28013.0	6.933333333333334
28088.0	17.56
28163.0	21.586666666666666
28238.0	26.56
28313.0	34.44
28388.0	37.92
28463.0	44.17333333333333
28538.0	12.013333333333334
28613.0	11.2
28688.0	40.21333333333333
28763.0	20.85333333333333
28838.0	12.56
28913.0	10.0
28988.0	29.84
29063.0	29.08
29138.0	23.426666666666666
29213.0	24.0
29288.0	22.946666666666665
29363.0	28.2
29438.0	4.786666666666667
29513.0	5.44
29588.0	5.426666666666667
29663.0	6.56
29738.0	1.4533333333333334
29813.0	1.0
29877.0	0.3018867924528302
