# Position (bp)	A	C	G	T	N
0.0	23.0094357111153	42.22253544904139	17.474906291106812	17.293122548736502	0.0
1.0	44.595182161927134	19.69511212195515	14.839674064130373	20.87003165198734	0.0
2.0	46.82189372209174	17.216345665204855	17.700685399848215	18.261075212855193	0.0
3.0	26.40811174714914	35.84648964734994	16.693189920539453	21.05220868496147	0.0
4.0	41.34931363991008	21.74034963036207	16.13946589829356	20.770870831434287	0.0
5.0	45.60381280753785	15.698139437999103	19.722893225507356	18.97515452895569	0.0
6.0	26.008145956517296	37.140737251745726	16.22629113563231	20.624825656104665	0.0
7.0	42.13334800308065	22.294968150208096	14.832328582105692	20.739355264605567	0.0
8.0	45.49668813917094	16.874833193822713	17.125573206681953	20.502905460324392	0.0
9.0	27.078249010285454	17.603886878942284	34.380088269278126	20.937775841494137	0.0
10.0	22.35957119356677	20.30621458873238	40.45209055440818	16.882123663292678	0.0
11.0	22.173650763855672	37.48069924734633	21.92478458846254	18.420865400335455	0.0
12.0	21.723146499566703	39.68503079222314	16.52166084714265	22.07016186106752	0.0
13.0	41.279404347158646	22.323029444615432	15.170400966136082	21.22716524208984	0.0
14.0	46.34061439716261	18.30957063103099	16.78761877729076	18.562196194515636	0.0
15.0	47.13302782623349	15.916670539345091	15.29568183131973	21.654619803101692	0.0
16.0	26.88587781271788	36.64919745621304	17.567471615050916	18.897453116018166	0.0
17.0	22.10485579119456	23.103311573327694	17.591775246451885	37.20005738902586	0.0
18.0	23.161063961647017	19.678512198933078	35.27273509583339	21.887688743586512	0.0
19.0	21.176918926465206	17.29737276016768	22.423867396644166	39.10184091672295	0.0
20.0	20.262789218648507	40.71791935336636	15.983194405780111	23.03609702220502	0.0
21.0	43.461796936695166	21.37562857183802	16.046221856160287	19.116352635306523	0.0
22.0	26.82741983770345	36.476116646595145	16.16009006923356	20.536373446467852	0.0
23.0	22.67806117448374	21.885748320604357	17.60123494952389	37.834955555388014	0.0
24.0	40.826061163863706	16.83050248260069	15.730650451179793	26.612785902355814	0.0
25.0	43.200913679035196	19.05466173000649	17.2559785913939	20.488445999564412	0.0
26.0	25.099488270687964	16.610990407006206	38.43511722153927	19.85440410076656	0.0
27.0	38.95631314824539	16.88720916303595	24.95515443374044	19.201323254978217	0.0
28.0	45.482574468718184	20.081723785056425	15.794445358847566	18.641256387377823	0.0
29.0	45.70212189055195	18.51202166139756	17.60884833444113	18.17700811360936	0.0
30.0	27.923755222857615	17.07471016553093	16.094253397328835	38.90728121428262	0.0
31.0	23.453101780332958	36.60231096060551	16.207078098296794	23.737509160764738	0.0
32.0	26.17876466735786	20.16859858825798	16.170596101910856	37.4820406424733	0.0
33.0	23.19631036778818	16.03702738450692	35.936666736968334	24.829995510736573	0.0
34.0	23.966569871454453	36.13135524596153	21.10549924861304	18.796575633970978	0.0
35.0	21.340001584684405	22.292661024687117	17.738693088134863	38.62864430249361	0.0
36.0	21.372728046048714	19.365563652517462	35.826088600296785	23.43561970113704	0.0
37.0	24.682295596758006	35.295752368324706	20.681255165713633	19.340696869203658	0.0
38.0	22.15775067217373	19.969408559157547	20.32560091819823	37.54723985047049	0.0
39.0	22.154271516289185	15.378172446210225	36.79714872813592	25.670407309364666	0.0
40.0	39.897300143507394	18.693283762663423	22.15199457015503	19.257421523674154	0.0
41.0	25.57526601108613	18.07758308783694	36.725142274803204	19.622008626273725	0.0
42.0	20.827012650531547	19.773692821690293	39.498462412751664	19.9008321150265	0.0
43.0	22.019544821862517	35.02001338308862	20.610454121577856	22.349987673471013	0.0
44.0	20.925447642548907	20.804060856060747	15.94751517718481	42.322976324205534	0.0
45.0	24.35323868449116	17.14412493308503	14.999767168620334	43.50286921380347	0.0
46.0	20.61040787080523	38.911225849754956	16.577873871927757	23.900492407512058	0.0
47.0	20.60824422659141	23.904409917718745	16.27542527206149	39.211920583628356	0.0
48.0	40.044692884888065	18.530739846963552	19.088449913032473	22.336117355115906	0.0
49.0	48.26494644262688	18.40604982095691	16.23882730663813	17.090176429778086	0.0
50.0	30.00039338290997	15.815473035159474	35.54401545800092	18.64011812392964	0.0
51.0	42.73532420851045	16.67452257781059	22.770293418281227	17.819859795397736	0.0
52.0	44.14380366081961	18.162508778416147	19.60160173083958	18.092085829924667	0.0
53.0	26.004239681110768	16.451357908956982	38.30491921365633	19.239483196275916	0.0
54.0	20.62133622491208	36.087828957308794	21.35977197028832	21.931062847490807	0.0
55.0	22.714598693348908	40.16108707836683	16.230867372005655	20.8934468562786	0.0
56.0	20.650759321558844	26.169844907715405	15.76289988481648	37.41649588590927	0.0
57.0	21.366457962266054	36.687978642293906	16.134931692082557	25.810631703357483	0.0
58.0	22.84153398097348	22.13162226000803	34.401030244481724	20.625813514536766	0.0
59.0	23.627873952307326	18.941666828095975	39.01980915497886	18.410650064617844	0.0
60.0	25.002988572175006	35.41461985757771	19.60321261612879	19.97917895411849	0.0
61.0	41.344666655568005	22.0868977884325	15.209491260990651	21.35894429500885	0.0
62.0	46.80075377323565	17.7689646899186	16.50602907365655	18.9242524631892	0.0
63.0	46.91824545149186	16.638728503135283	18.148782262211206	18.294243783161647	0.0
64.0	44.6994237949485	16.86940548108378	18.07144719396033	20.35972353000739	0.0
65.0	47.59926593794947	16.229938764024222	17.18150958946722	18.989285708559088	0.0
66.0	28.84108355773482	35.89397532253527	17.528797074072585	17.73614404565733	0.0
67.0	22.70909034529612	20.358468781675704	38.15952412498042	18.77291674804776	0.0
68.0	24.66976990419131	14.722072476306073	22.888811236216203	37.719346383286414	0.0
69.0	45.49489341630833	15.851487313466919	16.41765949561043	22.235959774614322	0.0
70.0	27.08248571651807	37.38140955184703	16.34359055948175	19.192514172153153	0.0
71.0	23.220930742505185	21.02515353466773	19.815514757357562	35.93840096546952	0.0
72.0	23.89310060413507	16.6336325864281	38.41875060781758	21.054516201619247	0.0
73.0	24.53518457663288	34.640399495411984	20.592010254846304	20.232405673108836	0.0
74.0	26.004452021077856	40.93232625658887	14.866882608889254	18.19633911344402	0.0
75.0	44.6337672287417	19.946829191232382	15.49737542798163	19.922028152044284	0.0
76.0	28.171915274580407	35.15312948861736	14.9829637500082	21.691991486794038	0.0
77.0	26.76500693681158	20.405065453200233	14.238960533463189	38.590967076525004	0.0
78.0	46.69445167798184	14.90435069505724	14.95672013450677	23.44447749245415	0.0
79.0	50.17249988464302	15.177641510055834	15.066651615327316	19.58320698997383	0.0
80.0	47.11000488147668	15.813343555687414	18.804867612124383	18.27178395071153	0.0
81.0	28.558888039798592	15.813716661094082	35.94102785479977	19.68636744430755	0.0
82.0	26.884347838327265	33.91209233426541	19.802409375183714	19.401150452223607	0.0
83.0	41.118279070558124	21.417871120190497	17.212569962928303	20.25127984632308	0.0
84.0	26.814626809394525	18.324456444554812	16.991968028251016	37.86894871779965	0.0
85.0	42.72708361935905	14.454970190919566	15.036465678993855	27.781480510727523	0.0
86.0	27.48704015468471	34.061348824029466	18.40939776307236	20.042213258213458	0.0
87.0	42.14280611709916	19.6671413753071	17.895067527965548	20.29498497962819	0.0
88.0	46.75541016354925	14.801676216396487	15.577399736216297	22.865513883837966	0.0
89.0	28.287494898910253	15.222575449945506	19.58847850656886	36.90145114457538	0.0
90.0	22.84326675528782	15.447803261034176	37.875490080600386	23.833439903077622	0.0
91.0	22.10260095810352	20.165571079015088	19.579033002514336	38.15279496036705	0.0
92.0	42.37062652356875	17.658024593334897	13.402083625447462	26.569265257648883	0.0
93.0	47.375817557686055	15.82046060827646	15.156554679883003	21.647167154154477	0.0
94.0	27.54305861329097	33.7765860498316	15.06629716695221	23.61405816992522	0.0
95.0	43.93286538475418	19.023880152178812	16.444049321831187	20.599205141235814	0.0
96.0	27.218588138128368	35.16768459297195	19.005387970905215	18.60833929799447	0.0
97.0	40.886240963136835	21.17738025756924	15.338959583867629	22.597419195426294	0.0
98.0	44.98044823743943	15.790262057204748	15.914831728522612	23.3144579768332	0.0
99.0	29.61287362691161	15.527042321330153	34.36369210324795	20.496391948510283	0.0
100.0	23.011395392761376	35.742653511448715	18.55071607197081	22.695235023819098	0.0
101.0	21.536495620834344	18.929671689116557	17.770773476728955	41.76305921332015	0.0
102.0	24.054058583374978	15.299940399943452	18.082837633031236	42.563163383650334	0.0
103.0	22.321538476105708	19.77316412460479	15.232271776097702	42.673025623191805	0.0
104.0	22.018245021195344	34.02483098679574	20.074178316742707	23.88274567526621	0.0
105.0	23.857596281035978	22.50054396065524	34.63004631436436	19.011813443944423	0.0
106.0	22.796611305768366	17.623260141148016	38.215369018109975	21.364759534973647	0.0
107.0	24.015633733853882	32.65348834186227	23.464336627914534	19.866541296369316	0.0
108.0	43.95951607882669	18.797855201345122	15.73785736333551	21.50477135649268	0.0
109.0	27.114156355122955	14.404693158376267	34.92165024125012	23.55950024525066	0.0
110.0	40.02857438964808	18.134896201199933	20.292954989022245	21.543574420129747	0.0
111.0	27.957962332351748	33.02195127908113	15.369602459073592	23.650483929493532	0.0
112.0	24.747640912778984	18.00661772191499	36.61999831345526	20.625743051850765	0.0
113.0	24.052875198336707	14.839897138480056	21.79963889040871	39.30758877277453	0.0
114.0	23.6594064199051	16.298041526839935	35.755257287762646	24.28729476549232	0.0
115.0	22.26840922927976	14.3594931504322	42.25783156028525	21.11426606000279	0.0
116.0	24.894187684965207	15.165881575605347	20.46941710455247	39.470513634876966	0.0
117.0	22.22942191513988	37.53850781977811	15.415169875504617	24.81690038957739	0.0
118.0	25.32858287598911	37.11208613054741	16.346161070912554	21.213169922550925	0.0
119.0	40.285789098951774	20.86644995301387	16.493438999330543	22.354321948703817	0.0
120.0	25.958158839780843	16.00513391737341	35.075745703274315	22.960961539571432	0.0
121.0	40.27269624102513	15.878946260495805	20.836291021371455	23.012066477107606	0.0
122.0	45.93990554825852	15.575295753243262	20.193055502229143	18.291743196269074	0.0
123.0	28.926200646953852	34.40745925000414	16.93026614040715	19.73607396263486	0.0
124.0	40.28511809812443	22.05600024754662	17.646217312746902	20.01266434158205	0.0
125.0	46.05551862150737	17.265208156597165	14.341785782720443	22.33748743917502	0.0
126.0	47.16139244787791	15.992856466386158	14.757034170804415	22.08871691493152	0.0
127.0	29.1084474524811	35.633863906421546	15.740716476982646	19.516972164114705	0.0
128.0	24.89928320801097	38.62588602699427	18.382490132109275	18.09234063288548	0.0
129.0	25.475484153251504	39.23084673942052	17.870007098675217	17.42366200865276	0.0
130.0	43.07718654055401	22.83395495451591	15.406519302442199	18.68233920248788	0.0
131.0	47.185258475955685	16.29232491193931	18.366140436225038	18.156276175879967	0.0
132.0	33.12301161140983	16.595759510561788	32.843020819099166	17.43820805892921	0.0
133.0	27.193330723306996	18.637842284174823	36.27392211049612	17.894904882022054	0.0
134.0	42.1583090467994	15.806209645122177	20.956465520829383	21.079015787249038	0.0
135.0	49.48889269601964	15.50828472220272	14.359639046557152	20.643183535220487	0.0
136.0	44.076304180029766	18.623058443890077	17.171267844032766	20.1293695320474	0.0
137.0	25.499252625762185	20.308390211814483	14.866633744918376	39.32572341750495	0.0
138.0	23.056318480887423	19.71546300411477	14.048930450711461	43.17928806428634	0.0
139.0	22.247261890623715	18.00985762648625	17.523226870133872	42.21965361275616	0.0
140.0	20.539185582094753	18.76270884721499	19.463187942111094	41.23491762857916	0.0
141.0	24.009430352834286	16.805128965111763	35.615031223030364	23.570409459023587	0.0
142.0	25.78715424923072	19.6173599949063	38.197899042646625	16.397586713216356	0.0
143.0	26.810943309876507	19.715541859531292	36.25736187054818	17.216152960044028	0.0
144.0	26.32212725863458	19.62964364652968	34.55944983266825	19.488779262167494	0.0
145.0	41.204458613622144	16.235595365040158	18.26914991070731	24.29079611063038	0.0
146.0	25.38880728333726	35.0467992520141	17.659185136537506	21.905208328111133	0.0
147.0	25.416241947192297	36.15706231551577	16.248776428511807	22.177919308780123	0.0
148.0	38.79785889828949	20.606417171341295	16.75608369761232	23.839640232756892	0.0
149.0	28.95720792809265	19.616967082106772	32.80930621691651	18.616518772884067	0.0
150.0	16.02981831988865	25.142750263707452	40.34504954554697	18.48238187085693	0.0
