#Position (bp)	Coverage
38.0	93.66666666666667
113.0	445.49333333333334
188.0	784.3066666666666
263.0	768.6
338.0	598.84
413.0	793.92
488.0	1119.36
563.0	1102.2133333333334
638.0	779.6666666666666
713.0	821.6266666666667
788.0	1139.3466666666666
863.0	1250.6666666666667
938.0	858.1733333333333
1013.0	503.28
1088.0	508.02666666666664
1163.0	501.46666666666664
1238.0	309.6666666666667
1313.0	385.97333333333336
1388.0	638.88
1463.0	758.2666666666667
1538.0	509.28
1613.0	485.25333333333333
1688.0	909.9733333333334
1763.0	1137.0266666666666
1838.0	928.6266666666667
1913.0	582.9066666666666
1988.0	491.1066666666667
2063.0	616.2666666666667
2138.0	514.5066666666667
2213.0	350.4
2288.0	393.4
2363.0	551.9066666666666
2438.0	557.9866666666667
2513.0	406.0
2588.0	369.2
2663.0	556.3333333333334
2738.0	593.1866666666666
2813.0	446.8
2888.0	528.64
2963.0	720.9333333333333
3038.0	732.36
3113.0	505.05333333333334
3188.0	529.0
3263.0	985.4933333333333
3338.0	1257.84
3413.0	997.3333333333334
3488.0	588.4933333333333
3563.0	644.4933333333333
3638.0	822.76
3713.0	673.04
3788.0	409.28
3863.0	504.92
3938.0	782.3066666666666
4013.0	762.5466666666666
4088.0	723.5733333333334
4163.0	768.8266666666667
4238.0	880.8933333333333
4313.0	768.2266666666667
4388.0	741.3333333333334
4463.0	686.2533333333333
4538.0	710.56
4613.0	525.5066666666667
4688.0	552.2
4763.0	848.04
4838.0	943.6
4913.0	627.4933333333333
4988.0	349.61333333333334
5063.0	332.85333333333335
5138.0	402.44
5213.0	310.97333333333336
5288.0	291.46666666666664
5363.0	577.1866666666666
5438.0	825.2
5513.0	751.3333333333334
5588.0	620.8266666666667
5663.0	928.8666666666667
5738.0	1351.6266666666668
5813.0	1204.12
5888.0	877.2266666666667
5963.0	721.4666666666667
6038.0	976.4666666666667
6113.0	892.9066666666666
6188.0	851.8533333333334
6263.0	1213.16
6338.0	1549.32
6413.0	1268.1733333333334
6488.0	883.4266666666666
6563.0	901.28
6638.0	1220.7333333333333
6713.0	1244.5466666666666
6788.0	801.24
6863.0	332.17333333333335
6938.0	133.24
7013.0	98.78666666666666
7088.0	332.06666666666666
7163.0	707.88
7238.0	735.3333333333334
7313.0	555.3866666666667
7388.0	663.5866666666667
7463.0	998.6133333333333
7538.0	1018.1333333333333
7613.0	678.0
7688.0	351.81333333333333
7763.0	625.88
7838.0	750.76
7913.0	608.1466666666666
7988.0	922.8666666666667
8063.0	1338.96
8138.0	1520.08
8213.0	1114.96
8288.0	783.32
8363.0	862.0666666666667
8438.0	1204.72
8513.0	1072.9466666666667
8588.0	577.36
8663.0	366.72
8738.0	610.48
8813.0	752.1066666666667
8888.0	596.4933333333333
8963.0	807.7866666666666
9038.0	1139.48
9113.0	1193.3066666666666
9188.0	807.7866666666666
9263.0	790.7066666666667
9338.0	1234.1866666666667
9413.0	1344.5333333333333
9488.0	1093.7333333333333
9563.0	1010.8266666666667
9638.0	1068.0266666666666
9713.0	947.3333333333334
9788.0	456.61333333333334
9863.0	62.88
9938.0	20.933333333333334
10013.0	18.706666666666667
10088.0	102.4
10163.0	472.26666666666665
10238.0	764.0666666666667
10313.0	702.3333333333334
10388.0	596.0266666666666
10463.0	729.8933333333333
10538.0	1019.7866666666666
10613.0	963.1466666666666
10688.0	735.9733333333334
10763.0	730.12
10838.0	1010.5066666666667
10913.0	969.0666666666667
10988.0	610.92
11063.0	233.21333333333334
11138.0	216.84
11213.0	264.17333333333335
11288.0	243.72
11363.0	663.1333333333333
11438.0	1074.9466666666667
11513.0	1193.5466666666666
11588.0	1092.04
11663.0	1152.8533333333332
11738.0	1252.3333333333333
11813.0	1081.2133333333334
11888.0	702.32
11963.0	711.36
12038.0	900.7733333333333
12113.0	885.9333333333333
12188.0	1071.28
12263.0	1098.0533333333333
12338.0	1018.8
12413.0	663.5333333333333
12488.0	749.72
12563.0	1244.2933333333333
12638.0	1296.32
12713.0	985.6
12788.0	983.7866666666666
12863.0	1198.7866666666666
12938.0	1185.3733333333332
13013.0	906.4266666666666
13088.0	1035.12
13163.0	1477.88
13238.0	1621.3733333333332
13313.0	1250.9866666666667
13388.0	777.7333333333333
13463.0	766.7066666666667
13538.0	757.6
13613.0	696.3466666666667
13688.0	728.3733333333333
13763.0	983.0133333333333
13838.0	1043.2266666666667
13913.0	791.12
13988.0	734.3733333333333
14063.0	1077.2266666666667
14138.0	1088.2666666666667
14213.0	772.7466666666667
14288.0	804.16
14363.0	1166.4
14438.0	1227.8
14513.0	813.24
14588.0	677.2133333333334
14663.0	1042.8933333333334
14738.0	1256.4
14813.0	965.7466666666667
14888.0	623.32
14963.0	646.4133333333333
15038.0	777.1066666666667
15113.0	554.9333333333333
15188.0	394.53333333333336
15263.0	844.1066666666667
15338.0	1292.56
15413.0	1096.8133333333333
15488.0	473.88
15563.0	666.5333333333333
15638.0	1014.16
15713.0	1062.1733333333334
15788.0	673.48
15863.0	714.2666666666667
15938.0	1398.6
16013.0	1837.1733333333334
16088.0	1495.5066666666667
16163.0	1034.5066666666667
16238.0	1005.6666666666666
16313.0	1222.08
16388.0	1020.1466666666666
16463.0	781.0
16538.0	694.2933333333333
16613.0	911.2266666666667
16688.0	799.5866666666667
16763.0	666.28
16838.0	1115.68
16913.0	1728.5466666666666
16988.0	1908.8933333333334
17063.0	1611.1066666666666
17138.0	1522.4
17213.0	2347.4133333333334
17288.0	2517.6666666666665
17363.0	1722.96
17438.0	926.72
17513.0	997.72
17588.0	1174.5466666666666
17663.0	917.9333333333333
17738.0	862.6
17813.0	990.3333333333334
17888.0	1025.12
17963.0	716.92
18038.0	575.9333333333333
18113.0	769.6266666666667
18188.0	871.6
18263.0	754.8533333333334
18338.0	830.7333333333333
18413.0	1137.2666666666667
18488.0	1365.2533333333333
18563.0	1023.8133333333334
18638.0	896.04
18713.0	1243.8266666666666
18788.0	1526.2266666666667
18863.0	1127.9066666666668
18938.0	907.28
19013.0	1112.7333333333333
19088.0	1471.9466666666667
19163.0	1257.48
19238.0	871.3733333333333
19313.0	611.7333333333333
19388.0	751.5733333333334
19463.0	691.7066666666667
19538.0	382.93333333333334
19613.0	406.82666666666665
19688.0	716.84
19763.0	854.7466666666667
19838.0	650.72
19913.0	395.6533333333333
19988.0	322.64
20063.0	324.14666666666665
20138.0	214.84
20213.0	112.52
20288.0	60.57333333333333
20363.0	91.34666666666666
20438.0	83.6
20513.0	446.49333333333334
20588.0	764.28
20663.0	995.5466666666666
20738.0	840.7066666666667
20813.0	812.68
20888.0	1051.52
20963.0	1362.8133333333333
21038.0	1067.6
21113.0	540.8933333333333
21188.0	124.06666666666666
21263.0	171.97333333333333
21338.0	156.26666666666668
21413.0	93.96
21488.0	69.10666666666667
21563.0	97.57333333333334
21638.0	110.78666666666666
21713.0	446.12
21788.0	837.4533333333334
21863.0	918.0
21938.0	606.92
22013.0	375.5733333333333
22088.0	548.6
22163.0	624.8
22238.0	413.6666666666667
22313.0	119.16
22388.0	29.586666666666666
22463.0	37.93333333333333
22538.0	135.12
22613.0	373.68
22688.0	685.9733333333334
22763.0	694.1066666666667
22838.0	489.4533333333333
22913.0	186.37333333333333
22988.0	212.18666666666667
23063.0	191.42666666666668
23138.0	245.34666666666666
23213.0	647.0133333333333
23288.0	1095.96
23363.0	1211.4
23438.0	863.48
23513.0	544.9066666666666
23588.0	586.3333333333334
23663.0	539.7733333333333
23738.0	445.3066666666667
23813.0	253.12
23888.0	670.7066666666667
23963.0	889.8666666666667
24038.0	776.64
24113.0	545.8533333333334
24188.0	672.32
24263.0	960.5333333333333
24338.0	829.2666666666667
24413.0	655.8933333333333
24488.0	558.0533333333333
24563.0	785.84
24638.0	737.9333333333333
24713.0	651.36
24788.0	959.7733333333333
24863.0	1229.6533333333334
24938.0	1025.3866666666668
25013.0	731.4533333333334
25088.0	785.04
25163.0	1195.3333333333333
25238.0	1028.8933333333334
25313.0	741.0666666666667
25388.0	726.6666666666666
25463.0	900.24
25538.0	801.84
25613.0	635.88
25688.0	693.8
25763.0	940.72
25838.0	869.4533333333334
25913.0	446.8666666666667
25988.0	663.2933333333333
26063.0	1318.5866666666666
26138.0	1391.1333333333334
26213.0	1076.4266666666667
26288.0	694.3333333333334
26363.0	777.9066666666666
26438.0	807.08
26513.0	599.92
26588.0	745.16
26663.0	1118.9733333333334
26738.0	1124.56
26813.0	624.76
26888.0	633.4933333333333
26963.0	1045.1066666666666
27038.0	1353.28
27113.0	1023.9466666666667
27188.0	863.4533333333334
27263.0	1303.5866666666666
27338.0	1529.1066666666666
27413.0	1221.48
27488.0	652.0533333333333
27563.0	479.1066666666667
27638.0	605.4533333333334
27713.0	502.82666666666665
27788.0	344.82666666666665
27863.0	363.05333333333334
27938.0	481.17333333333335
28013.0	431.4533333333333
28088.0	379.48
28163.0	755.6533333333333
28238.0	1219.3733333333332
28313.0	1208.4266666666667
28388.0	689.7333333333333
28463.0	265.56
28538.0	330.81333333333333
28613.0	336.4
28688.0	210.85333333333332
28763.0	85.78666666666666
28838.0	54.77333333333333
28913.0	36.61333333333334
28988.0	69.6
29063.0	371.12
29138.0	728.96
29213.0	710.7733333333333
29288.0	416.38666666666666
29363.0	334.5733333333333
29438.0	482.41333333333336
29513.0	807.4266666666666
29588.0	1305.7333333333333
29663.0	1331.64
29738.0	934.2266666666667
29813.0	288.08
29877.0	1.4339622641509433
