#Position (bp)	Coverage
38.0	2566.5866666666666
113.0	50.013333333333335
188.0	23.24
263.0	35.86666666666667
338.0	48.06666666666667
413.0	39.8
488.0	22.586666666666666
563.0	16.493333333333332
638.0	18.186666666666667
713.0	27.373333333333335
788.0	12.6
863.0	22.24
938.0	27.6
1013.0	30.96
1088.0	10.106666666666667
1163.0	8.64
1238.0	23.8
1313.0	34.48
1388.0	21.213333333333335
1463.0	17.973333333333333
1538.0	22.28
1613.0	27.333333333333332
1688.0	9.666666666666666
1763.0	10.56
1838.0	11.56
1913.0	24.36
1988.0	16.52
2063.0	16.106666666666666
2138.0	16.106666666666666
2213.0	24.813333333333333
2288.0	12.093333333333334
2363.0	9.733333333333333
2438.0	8.346666666666666
2513.0	16.0
2588.0	16.706666666666667
2663.0	13.653333333333334
2738.0	20.066666666666666
2813.0	25.546666666666667
2888.0	22.68
2963.0	5.92
3038.0	6.413333333333333
3113.0	7.24
3188.0	21.2
3263.0	15.066666666666666
3338.0	16.493333333333332
3413.0	23.013333333333332
3488.0	47.08
3563.0	22.16
3638.0	18.08
3713.0	14.96
3788.0	22.186666666666667
3863.0	15.28
3938.0	10.653333333333334
4013.0	16.706666666666667
4088.0	24.813333333333333
4163.0	15.36
4238.0	8.986666666666666
4313.0	18.453333333333333
4388.0	22.466666666666665
4463.0	17.773333333333333
4538.0	14.16
4613.0	22.973333333333333
4688.0	92.4
4763.0	10.666666666666666
4838.0	12.96
4913.0	11.36
4988.0	22.88
5063.0	12.56
5138.0	17.253333333333334
5213.0	14.16
5288.0	19.56
5363.0	7.226666666666667
5438.0	11.64
5513.0	13.92
5588.0	29.04
5663.0	20.56
5738.0	18.226666666666667
5813.0	13.6
5888.0	24.946666666666665
5963.0	16.52
6038.0	8.733333333333333
6113.0	9.146666666666667
6188.0	22.28
6263.0	19.533333333333335
6338.0	16.08
6413.0	16.746666666666666
6488.0	25.426666666666666
6563.0	15.64
6638.0	11.186666666666667
6713.0	38.373333333333335
6788.0	68.30666666666667
6863.0	29.76
6938.0	18.946666666666665
7013.0	21.32
7088.0	30.48
7163.0	12.453333333333333
7238.0	18.69333333333333
7313.0	28.293333333333333
7388.0	30.8
7463.0	14.64
7538.0	18.0
7613.0	31.946666666666665
7688.0	28.466666666666665
7763.0	9.346666666666666
7838.0	11.773333333333333
7913.0	12.226666666666667
7988.0	26.826666666666668
8063.0	16.186666666666667
8138.0	18.226666666666667
8213.0	20.213333333333335
8288.0	32.04
8363.0	12.666666666666666
8438.0	7.24
8513.0	12.506666666666666
8588.0	19.626666666666665
8663.0	23.68
8738.0	15.853333333333333
8813.0	19.546666666666667
8888.0	24.746666666666666
8963.0	25.12
9038.0	14.893333333333333
9113.0	23.493333333333332
9188.0	28.093333333333334
9263.0	24.653333333333332
9338.0	12.906666666666666
9413.0	12.746666666666666
9488.0	21.333333333333332
9563.0	29.92
9638.0	15.426666666666666
9713.0	13.76
9788.0	17.893333333333334
9863.0	14.933333333333334
9938.0	11.573333333333334
10013.0	19.626666666666665
10088.0	47.693333333333335
10163.0	36.666666666666664
10238.0	15.693333333333333
10313.0	14.333333333333334
10388.0	23.893333333333334
10463.0	21.346666666666668
10538.0	18.8
10613.0	19.0
10688.0	31.506666666666668
10763.0	24.933333333333334
10838.0	15.186666666666667
10913.0	14.186666666666667
10988.0	18.746666666666666
11063.0	23.133333333333333
11138.0	15.92
11213.0	15.56
11288.0	19.84
11363.0	24.773333333333333
11438.0	10.0
11513.0	16.733333333333334
11588.0	22.44
11663.0	25.906666666666666
11738.0	21.333333333333332
11813.0	27.69333333333333
11888.0	30.066666666666666
11963.0	14.306666666666667
12038.0	9.226666666666667
12113.0	18.08
12188.0	28.72
12263.0	18.413333333333334
12338.0	15.0
12413.0	14.56
12488.0	13.0
12563.0	8.8
12638.0	14.386666666666667
12713.0	18.293333333333333
12788.0	21.04
12863.0	13.76
12938.0	17.24
13013.0	22.6
13088.0	18.893333333333334
13163.0	8.12
13238.0	7.8933333333333335
13313.0	24.053333333333335
13388.0	29.013333333333332
13463.0	18.69333333333333
13538.0	15.746666666666666
13613.0	21.026666666666667
13688.0	16.4
13763.0	8.0
13838.0	9.08
13913.0	14.653333333333334
13988.0	17.026666666666667
14063.0	13.786666666666667
14138.0	15.333333333333334
14213.0	15.986666666666666
14288.0	12.573333333333334
14363.0	6.28
14438.0	10.173333333333334
14513.0	10.266666666666667
14588.0	26.36
14663.0	21.76
14738.0	28.72
14813.0	23.30666666666667
14888.0	30.506666666666668
14963.0	10.64
15038.0	15.52
15113.0	22.64
15188.0	29.173333333333332
15263.0	14.693333333333333
15338.0	9.24
15413.0	11.706666666666667
15488.0	16.76
15563.0	15.093333333333334
15638.0	12.68
15713.0	14.24
15788.0	14.6
15863.0	18.013333333333332
15938.0	8.506666666666666
16013.0	10.186666666666667
16088.0	11.746666666666666
16163.0	20.786666666666665
16238.0	11.266666666666667
16313.0	11.026666666666667
16388.0	11.613333333333333
16463.0	27.773333333333333
16538.0	17.506666666666668
16613.0	13.346666666666666
16688.0	12.026666666666667
16763.0	21.946666666666665
16838.0	17.453333333333333
16913.0	9.706666666666667
16988.0	10.186666666666667
17063.0	20.626666666666665
17138.0	27.493333333333332
17213.0	17.133333333333333
17288.0	21.666666666666668
17363.0	24.64
17438.0	29.786666666666665
17513.0	13.626666666666667
17588.0	15.72
17663.0	17.68
17738.0	22.493333333333332
17813.0	11.173333333333334
17888.0	13.093333333333334
17963.0	18.14666666666667
18038.0	22.466666666666665
18113.0	14.053333333333333
18188.0	21.226666666666667
18263.0	27.333333333333332
18338.0	26.573333333333334
18413.0	12.56
18488.0	11.32
18563.0	16.16
18638.0	33.333333333333336
18713.0	12.92
18788.0	15.2
18863.0	14.146666666666667
18938.0	26.16
19013.0	15.28
19088.0	16.866666666666667
19163.0	21.28
19238.0	32.18666666666667
19313.0	16.626666666666665
19388.0	10.04
19463.0	11.533333333333333
19538.0	19.92
19613.0	22.933333333333334
19688.0	9.546666666666667
19763.0	10.4
19838.0	15.653333333333334
19913.0	26.533333333333335
19988.0	17.68
20063.0	14.68
20138.0	14.213333333333333
20213.0	39.333333333333336
20288.0	14.053333333333333
20363.0	14.12
20438.0	20.6
20513.0	32.36
20588.0	16.30666666666667
20663.0	9.106666666666667
20738.0	7.386666666666667
20813.0	16.88
20888.0	20.426666666666666
20963.0	22.76
21038.0	19.573333333333334
21113.0	24.106666666666666
21188.0	11.946666666666667
21263.0	13.213333333333333
21338.0	21.226666666666667
21413.0	34.8
21488.0	14.293333333333333
21563.0	25.826666666666668
21638.0	39.413333333333334
21713.0	49.24
21788.0	14.693333333333333
21863.0	15.373333333333333
21938.0	14.293333333333333
22013.0	21.573333333333334
22088.0	8.04
22163.0	13.666666666666666
22238.0	22.76
22313.0	38.56
22388.0	15.28
22463.0	13.973333333333333
22538.0	16.346666666666668
22613.0	17.08
22688.0	12.946666666666667
22763.0	19.573333333333334
22838.0	27.586666666666666
22913.0	14.293333333333333
22988.0	7.386666666666667
23063.0	7.346666666666667
23138.0	24.0
23213.0	23.946666666666665
23288.0	13.373333333333333
23363.0	13.32
23438.0	16.85333333333333
23513.0	19.613333333333333
23588.0	10.346666666666666
23663.0	11.386666666666667
23738.0	14.333333333333334
23813.0	29.746666666666666
23888.0	17.013333333333332
23963.0	21.0
24038.0	13.48
24113.0	29.44
24188.0	18.746666666666666
24263.0	18.773333333333333
24338.0	16.626666666666665
24413.0	26.69333333333333
24488.0	12.146666666666667
24563.0	9.12
24638.0	17.546666666666667
24713.0	28.52
24788.0	23.30666666666667
24863.0	14.6
24938.0	14.64
25013.0	26.2
25088.0	14.506666666666666
25163.0	6.32
25238.0	4.6
25313.0	22.173333333333332
25388.0	28.106666666666666
25463.0	29.84
25538.0	23.52
25613.0	33.17333333333333
25688.0	23.92
25763.0	15.653333333333334
25838.0	28.84
25913.0	52.0
25988.0	44.0
26063.0	20.0
26138.0	16.013333333333332
26213.0	27.986666666666668
26288.0	35.82666666666667
26363.0	9.906666666666666
26438.0	11.693333333333333
26513.0	42.306666666666665
26588.0	43.84
26663.0	26.653333333333332
26738.0	25.386666666666667
26813.0	30.386666666666667
26888.0	54.093333333333334
26963.0	26.026666666666667
27038.0	36.93333333333333
27113.0	49.45333333333333
27188.0	56.013333333333335
27263.0	9.333333333333334
27338.0	11.56
27413.0	25.36
27488.0	65.53333333333333
27563.0	28.493333333333332
27638.0	22.52
27713.0	36.733333333333334
27788.0	102.26666666666667
27863.0	83.6
27938.0	9.973333333333333
28013.0	14.746666666666666
28088.0	25.8
28163.0	28.546666666666667
28238.0	30.0
28313.0	59.04
28388.0	67.88
28463.0	53.85333333333333
28538.0	15.16
28613.0	18.346666666666668
28688.0	78.09333333333333
28763.0	97.38666666666667
28838.0	78.10666666666667
28913.0	43.88
28988.0	59.21333333333333
29063.0	73.85333333333334
29138.0	83.26666666666667
29213.0	35.50666666666667
29288.0	58.49333333333333
29363.0	84.52
29438.0	37.56
29513.0	77.22666666666667
29588.0	59.50666666666667
29663.0	51.82666666666667
29738.0	15.32
29813.0	15.08
29877.0	4.339622641509434
