# Position (bp)	A	C	G	T	N
0.0	38.449703049512266	13.004277317906269	20.549589192848572	27.9964304397329	0.0
1.0	20.206122135056145	37.47731118289494	21.21212121212121	21.104445469927704	0.0
2.0	26.305609284332686	31.288569586441927	16.425654723527064	25.98016640569832	0.0
3.0	38.232769193034095	18.555310277164583	18.561442236938927	24.6504782928624	0.0
4.0	39.066233686661356	16.82188591385332	17.263035353225906	26.848845046259424	0.0
5.0	24.228602914166768	30.11509734296559	17.91967674788784	27.736622994979797	0.0
6.0	23.55172202850676	33.434269284884074	17.24475438918456	25.769254297424602	0.0
7.0	39.47843101287107	15.98948301690666	18.43223577608609	26.09985019413617	0.0
8.0	38.816231742345536	18.740451017539574	17.029273360630693	25.4140438794842	0.0
9.0	24.672509084246848	31.600964914959235	15.594369293718893	28.132156707075023	0.0
10.0	25.100695715854997	14.280483339436104	17.252532649823017	43.36628829488588	0.0
11.0	21.815466211479258	19.715304660590725	15.560703508397596	42.90852561953242	0.0
12.0	24.65219641389388	16.091814058266614	15.616913756887577	43.639075770951926	0.0
13.0	24.83820982590466	28.715097377935773	17.06924315619968	29.377449639959895	0.0
14.0	23.114008489993935	16.69799878714372	35.430563978168585	24.757428744693755	0.0
15.0	36.42356071601355	18.474842767295595	19.487784228350264	25.613812288340593	0.0
16.0	20.225295965208986	18.25320125634211	19.832689055327375	41.68881372312153	0.0
17.0	24.121511662949793	30.950515339641978	16.81031884756796	28.117654149840277	0.0
18.0	21.873777349745687	15.64691365455804	20.9799259638246	41.49938303187167	0.0
19.0	24.873050689582644	32.40287250984045	16.9946816501908	25.729395150386107	0.0
20.0	25.525660637691594	19.064758990971534	15.912294909865324	39.49728546147155	0.0
21.0	24.4229560219142	19.309642846450917	18.465407298745625	37.801993832889266	0.0
22.0	24.524470721729525	14.766042581146047	30.060616918988327	30.648869778136106	0.0
23.0	23.28562909958259	19.239713774597494	17.039355992844367	40.43530113297555	0.0
24.0	39.82940022588124	13.273494620460086	17.080782262378886	29.816322891279796	0.0
25.0	26.265804000712293	15.4567578797412	28.874577076037276	29.402861043509233	0.0
26.0	41.379412549275315	14.232786982423901	16.503156584368238	27.88464388393254	0.0
27.0	22.340614455691707	21.06493814005801	15.39395015686971	41.200497247380575	0.0
28.0	23.82133995037221	30.97305919886565	12.962306510693608	32.24329434006854	0.0
29.0	25.83308758478325	12.960778531406664	16.116189914479502	45.089943969330584	0.0
30.0	26.4072230996156	17.920677016597633	28.06102684823743	27.61107303554933	0.0
31.0	26.10595467695275	14.567261330761813	15.462270973963355	43.864513018322086	0.0
32.0	24.414684971806818	14.721745525864183	16.839298847756805	44.0242706545722	0.0
33.0	26.487984061760677	30.852322251276306	17.3048188270452	25.35487485991782	0.0
34.0	27.835440649179088	15.826885575894822	16.009309932691703	40.32836384223438	0.0
35.0	24.563072921622737	30.7514194182764	16.179782408729025	28.50572525137184	0.0
36.0	25.397636537847333	15.841584158415841	15.320983711274353	43.439795592462474	0.0
37.0	37.87513268358583	16.99958184566889	17.533532760783558	27.591752709961725	0.0
38.0	38.98607061872368	18.111435050210563	15.338516358924522	27.563977972141235	0.0
39.0	40.35150645624103	17.428590061301684	13.039650449980437	29.18025303247685	0.0
40.0	24.367431328148076	29.78897968560271	17.42312362574251	28.420465360506714	0.0
41.0	25.601743211532014	13.95574924572578	34.91451558833389	25.527991954408314	0.0
42.0	41.93907875185736	16.52370660543023	15.53761988383088	25.999594758881532	0.0
43.0	43.17391007709627	16.29255645766528	14.208228150371834	26.325305314866615	0.0
44.0	26.447136791964375	32.30126678402541	14.145179662421043	27.106416761589173	0.0
45.0	31.14233907524932	15.903596252644302	16.53822907222726	36.41583559987912	0.0
46.0	27.65274601837365	16.728848236851608	21.54691699763309	34.07148874714166	0.0
47.0	31.956137829068954	18.140375374758715	18.624994866318943	31.27849192985338	0.0
48.0	26.443768996960486	21.285038838230328	17.806484295845998	34.46470786896319	0.0
49.0	26.772694324819852	19.716027800281413	21.10177802413337	32.409499850765364	0.0
50.0	26.42540556822583	24.61379577434485	18.301131718232284	30.659666939197038	0.0
51.0	28.23933258016859	18.293212826974887	16.711566872338576	36.75588772051795	0.0
52.0	28.58334064776617	17.752128499956115	20.60475730711841	33.05977354515931	0.0
53.0	31.818586434039524	18.773366565782446	21.94231796332562	27.46572903685241	0.0
54.0	30.16825829922692	23.501591632560253	17.407912687585267	28.922237380627557	0.0
55.0	30.06781524926686	18.05810117302053	19.03409090909091	32.839992668621704	0.0
56.0	27.31181801368596	19.340669502496763	20.829480303310525	32.51803218050675	0.0
57.0	32.6780294186318	17.847303292084987	19.56105533504553	29.913611954237684	0.0
58.0	29.639601341457656	21.123234613386234	19.224410750555005	30.012753294601108	0.0
59.0	27.372332317073173	22.44188262195122	19.016768292682926	31.169016768292686	0.0
60.0	26.67374619877395	17.782497465849303	19.751894579330983	35.79186175604576	0.0
61.0	29.68065426930192	17.40823678317593	23.060072047512413	29.851036900009735	0.0
62.0	29.411475248499166	20.736148016927466	20.32772364924712	29.524653085326246	0.0
63.0	35.268057145701626	16.88984021106078	18.208970083130072	29.633132560107523	0.0
64.0	27.079654946274527	20.264339403722946	21.924027644655197	30.731978005347322	0.0
65.0	29.963862167251996	19.071613986868226	20.364432228839007	30.60009161704077	0.0
66.0	27.526418385144147	16.43582640812558	21.67846516876988	34.3592900379604	0.0
67.0	28.97055774414265	16.737507775243625	20.127513995438523	34.1644204851752	0.0
68.0	26.243325306250654	19.919380169615746	20.259658674484346	33.57763584964925	0.0
69.0	28.062007301200996	19.443415692291413	20.9618538701656	31.532723136341996	0.0
70.0	29.85792116226899	20.718940284157675	19.388954171562865	30.03418438201047	0.0
71.0	27.812752219531884	20.634920634920633	19.967715899919288	31.584611245628196	0.0
72.0	27.63129340277778	18.99956597222222	20.04123263888889	33.32790798611111	0.0
73.0	28.80800131169044	18.702519538722196	20.90506640432858	31.58441274525878	0.0
74.0	29.11357493518672	17.13828672293011	22.477798003199297	31.270340338683877	0.0
75.0	29.663982227159124	19.83893362954735	21.205220772007777	29.291863371285753	0.0
76.0	28.825802116579872	20.331485525505347	18.181309143849038	32.661403214065736	0.0
77.0	29.42866801893171	18.74577417173766	18.807752986251973	33.017804823078656	0.0
78.0	30.66144769684593	18.107556160653505	19.111640571817563	32.119355570683005	0.0
79.0	29.634502087742376	20.545672939426872	17.531316135674654	32.288508837156094	0.0
80.0	30.53650665590964	18.763326226012794	21.604333544632052	29.09583357344551	0.0
81.0	27.00534759358289	20.181353173680538	17.716810044175773	35.096489188560795	0.0
82.0	32.197744404838424	17.109799567580204	20.288669432595103	30.403786594986265	0.0
83.0	30.522041080572066	19.681007592254723	19.551527279147784	30.245424048025427	0.0
84.0	28.52913311226907	17.829227854097585	21.00307910942681	32.63855992420654	0.0
85.0	32.0171776213766	17.386377191936063	19.497793152809255	31.09865203387809	0.0
86.0	30.186753137572808	18.759382693808924	21.413559118477153	29.640305050141112	0.0
87.0	30.648864185596906	17.907201546640888	22.220879652005802	29.223054615756404	0.0
88.0	33.778346744696414	18.672275054864667	16.886125335284078	30.66325286515484	0.0
89.0	30.46735859485353	17.441503408462815	17.07302094208684	35.01811705459682	0.0
90.0	31.95105370496261	16.568815277176935	18.614424324825414	32.865706693035044	0.0
91.0	28.950797294781903	21.083328162809455	17.987218464974873	31.978656077433765	0.0
92.0	29.78816471911517	17.890395550834217	17.92788852090233	34.393551209148285	0.0
93.0	32.74581392421	18.380964371144405	17.827017499685258	31.046204204960343	0.0
94.0	30.226221405487614	16.203028958874597	20.391610164121413	33.17913947151638	0.0
95.0	30.4469629440978	17.662039984719215	19.985992614287536	31.90500445689545	0.0
96.0	28.205950243652218	17.215952808412414	20.498845857912286	34.079251090023085	0.0
97.0	30.34193548387097	17.258064516129032	19.019354838709678	33.380645161290325	0.0
98.0	31.02910602910603	21.121361746361746	17.437629937629936	30.411902286902286	0.0
99.0	29.79181622397703	19.19989558180513	19.81335247666906	31.194935717548784	0.0
100.0	32.51001773632004	14.254746107863102	19.503383038822832	33.73185311699402	0.0
101.0	33.07529442900622	18.41339155749636	19.432314410480352	29.07899960301707	0.0
102.0	31.22129783693844	16.306156405990016	20.632279534109816	31.840266222961734	0.0
103.0	30.33264172411485	18.37895723177833	21.210093032594873	30.078308011511943	0.0
104.0	27.720905172413797	18.009159482758623	21.544989224137932	32.72494612068966	0.0
105.0	30.144123418363893	18.837539752351308	18.560119087894986	32.45821774138981	0.0
106.0	30.402556779545765	18.822249422004624	19.713042295661634	31.062151502787977	0.0
107.0	30.81502771504824	19.605830424964076	18.34667761582153	31.232464244166152	0.0
108.0	33.89141518533829	18.823205181204354	15.867438335400303	31.417941298057052	0.0
109.0	31.165499549330928	18.53983221243847	20.009706718435833	30.284961519794773	0.0
110.0	26.693171514263792	19.71821162028318	19.620562181767454	33.968054683685565	0.0
111.0	29.253563654237762	19.373639491608735	19.233199915736254	32.13959693841725	0.0
112.0	25.807363437212917	19.044590488304713	21.305914776340895	33.842131298141474	0.0
113.0	29.097894137734777	19.69977233921457	18.632612407512806	32.569721115537845	0.0
114.0	31.243738371260914	16.530699871189352	20.430800057249176	31.794761700300555	0.0
115.0	27.602330767570677	18.379972663837137	20.610028055535572	33.40766851305661	0.0
116.0	28.92795138888889	19.10445601851852	18.091724537037038	33.87586805555556	0.0
117.0	30.143470978078803	18.86242808244119	19.277547156070206	31.7165537834098	0.0
118.0	29.357462085134443	15.026741885852443	21.935672943072753	33.68012308594036	0.0
119.0	24.0691685062546	21.346578366445918	25.555555555555554	29.028697571743926	0.0
120.0	26.01138969011168	21.21144885733304	21.544264477479476	31.232896975075807	0.0
121.0	30.47066696408655	18.692839616328353	19.32485686668154	31.51163655290356	0.0
122.0	28.16932955054502	18.575481558906972	22.069583395550247	31.18560549499776	0.0
123.0	32.33127912220051	18.683300766571474	18.330076657147153	30.655343454080864	0.0
124.0	31.863560732113143	17.712902737861143	20.102858871577673	30.32067765844804	0.0
125.0	28.918960012163602	18.511479397901777	20.678120723734224	31.891439866200393	0.0
126.0	29.932803909590717	18.83017715332926	19.288332315210752	31.94868662186927	0.0
127.0	27.954266421117254	18.631062001227747	22.506138735420503	30.9085328422345	0.0
128.0	30.704529670499266	17.910332587391004	20.055559842580443	31.329577899529287	0.0
129.0	32.3940381928272	18.56854525694768	17.574910728147803	31.46250582207732	0.0
130.0	30.171740827478533	19.36768149882904	18.11865729898517	32.341920374707264	0.0
131.0	30.63996859049863	19.10482921083628	18.71221044365921	31.54299175500589	0.0
132.0	29.107721488974946	18.430411760056902	21.58381411522959	30.878052635738563	0.0
133.0	29.904686258935666	19.332803812549642	19.825258141382047	30.937251787132645	0.0
134.0	26.761577221466847	21.522834519715268	20.3631128529153	31.352475405902585	0.0
135.0	27.14688128772636	17.11066398390342	19.97585513078471	35.76659959758551	0.0
136.0	26.04681299100996	18.125860532922978	20.71758321859561	35.10974325747145	0.0
137.0	27.578895865612	16.056429911114737	21.201989725189595	35.16268449808367	0.0
138.0	30.77301418149029	18.780227887531765	19.10812361668989	31.338634314288054	0.0
139.0	29.26084804487708	18.44580102293351	20.318429302095364	31.974921630094045	0.0
140.0	28.56787255227348	17.839362761367408	19.888815134417523	33.703949551941584	0.0
141.0	28.379056540649046	18.68517898962864	20.03178320508531	32.903981264637	0.0
142.0	30.564924114671165	15.682967959527824	18.97976391231029	34.772344013490724	0.0
143.0	32.64178216138083	19.938780715925517	18.25525040387722	29.164186718816428	0.0
144.0	29.17630924830719	18.530899117168083	17.61378246335819	34.679009171166534	0.0
145.0	28.198929373165253	18.71006734588154	19.05543084096011	34.035572439993096	0.0
146.0	29.76118106817195	18.84498480243161	18.29787234042553	33.095961788970904	0.0
147.0	30.438964672962577	17.55858691850297	17.45365512416929	34.54879328436517	0.0
148.0	25.219992960225273	20.969728968673003	20.793734600492783	33.01654347060894	0.0
149.0	28.92942530771274	20.198352962011864	18.30337377136279	32.5688479589126	0.0
150.0	28.621058257616248	17.548548013539996	18.350258328879388	35.48013539996437	0.0
151.0	28.393401470324548	18.567330105791644	21.149363457055763	31.88990496682804	0.0
152.0	28.136847806463262	20.24733706445207	16.98862610579527	34.627189023289404	0.0
153.0	30.79093474105761	19.16810776372076	18.40356785291708	31.63738964230454	0.0
154.0	31.508482347546995	15.25905547913801	21.072902338376892	32.1595598349381	0.0
155.0	30.182926829268293	20.066518847006652	17.32261640798226	32.427937915742795	0.0
156.0	31.191719507646397	17.129802312569936	18.425960462513988	33.252517717269676	0.0
157.0	29.510200244429818	18.012597536899502	20.485099182100218	31.992103036570462	0.0
158.0	27.81412991939308	23.138928402086297	17.003319108582264	32.04362256993836	0.0
159.0	35.84455265921894	13.587319774658646	18.304210827843026	32.263916738279384	0.0
160.0	25.811735234608346	20.705270257250216	23.672800847865883	29.81019366027556	0.0
161.0	29.444336506702935	18.573926559160675	21.128812900718867	30.852924033417523	0.0
162.0	29.705882352941178	18.57843137254902	19.42156862745098	32.294117647058826	0.0
163.0	29.551294722277127	18.037161494366476	17.325558410753114	35.085985372603275	0.0
164.0	30.88176751592357	15.744426751592359	21.715764331210192	31.658041401273884	0.0
165.0	30.490619042841377	16.715160028092708	20.838767934182805	31.955452994883117	0.0
166.0	28.31392405063291	20.729113924050633	20.810126582278482	30.146835443037972	0.0
167.0	26.698731068358576	19.719607040523947	22.185837085550553	31.395824805566924	0.0
168.0	27.735868554304023	18.38379663118735	20.109538079983466	33.77079673452516	0.0
169.0	26.90578270417233	18.446094321865523	20.506117327198577	34.142005646763565	0.0
170.0	29.71633449330381	17.441737846672993	18.812612042602552	34.02931561742065	0.0
171.0	31.378392762107506	18.350186269292177	16.338477913783926	33.93294305481639	0.0
172.0	30.634219877247766	19.823409066436955	18.08980295036072	31.45256810595456	0.0
173.0	28.361778454179802	17.219262963365583	19.81737145341885	34.601587129035764	0.0
174.0	29.57638279192274	19.754170324846356	19.084723441615452	31.584723441615452	0.0
175.0	27.065495385299677	18.736795285221838	22.017124430112307	32.180584899366174	0.0
176.0	28.677379480840543	19.249353859984268	19.18193055399483	32.89133610518036	0.0
177.0	29.6346876066917	20.154774098099466	19.278479572095144	30.93205872311369	0.0
178.0	29.256787850897375	19.305108145421077	20.04141739530603	31.396686608375518	0.0
179.0	25.5894993611337	19.58415611569288	24.369845510512256	30.45649901266117	0.0
180.0	29.71991093402086	15.844368920660964	20.43829837103012	33.99742177428806	0.0
181.0	29.028057298449156	19.450692553569315	19.095536876997752	32.42571327098378	0.0
182.0	32.53759847218907	16.268799236094534	19.849606111243734	31.343996180472665	0.0
183.0	27.40303541315346	22.35605878101662	21.15152975186702	29.0893760539629	0.0
184.0	29.74483596597813	18.967193195625757	19.465370595382748	31.822600243013365	0.0
185.0	27.137592137592137	22.162162162162165	22.727272727272727	27.972972972972972	0.0
186.0	32.197298302144006	16.953773701821788	21.73751394224811	29.111414053786095	0.0
187.0	32.11158368776583	20.365273955466602	17.738303727795845	29.784838628971727	0.0
188.0	27.748956092623057	20.802227002404152	20.40997089712767	31.038846007845123	0.0
189.0	29.66372586625751	18.603759110088227	19.396496611686484	32.336018411967785	0.0
190.0	32.53012048192771	16.530638683767325	19.08278274387874	31.85645809042622	0.0
191.0	26.13472858077175	22.079790712884236	19.895356442119034	31.890124264224983	0.0
192.0	33.364152687887994	19.191652357680624	18.8878615770704	28.556333377360982	0.0
193.0	29.986631016042782	17.446524064171122	21.737967914438503	30.828877005347593	0.0
194.0	27.406507357904687	20.11610638585122	23.828810584582154	28.64857567166194	0.0
195.0	27.609289617486336	19.30327868852459	20.273224043715846	32.814207650273225	0.0
196.0	29.16436081903708	18.98173768677366	21.51355838406198	30.340343110127282	0.0
197.0	26.95713281799016	19.451862262825017	23.54181307097681	30.04919184820801	0.0
198.0	28.016066561468943	22.278008893989384	19.59546693444269	30.110457610098983	0.0
199.0	29.110877087407854	22.73205957574846	18.594854821724084	29.562208515119604	0.0
200.0	27.839643652561247	15.401747473016961	22.734281308891553	34.024327565530236	0.0
201.0	30.94751192910702	17.04158145875937	18.064076346284935	33.94683026584867	0.0
202.0	35.832187070151306	15.910132966529114	18.40898670334709	29.848693259972492	0.0
203.0	32.84722222222222	16.550925925925927	20.833333333333336	29.768518518518515	0.0
204.0	32.18793828892005	15.591397849462366	24.380551659654042	27.840112201963535	0.0
205.0	33.89190464951617	17.276374793485957	23.97923058767996	24.852489969317915	0.0
206.0	28.203906622201046	20.557408289661744	22.48689852310624	28.75178656503097	0.0
207.0	28.660886319845858	23.073217726396916	15.847784200385357	32.41811175337187	0.0
208.0	32.757782101167315	15.73443579766537	18.8715953307393	32.63618677042802	0.0
209.0	25.626535626535627	21.277641277641276	19.50859950859951	33.58722358722358	0.0
210.0	27.186878727634195	17.42047713717694	18.63817097415507	36.75447316103379	0.0
211.0	29.703219315895375	18.10865191146881	19.240442655935613	32.947686116700204	0.0
212.0	28.723945094051857	16.675139806812407	24.809354346720895	29.791560752414846	0.0
213.0	29.82998454404946	21.767130345182895	16.460587326120557	31.94229778464709	0.0
214.0	29.934810951760106	25.110821382007824	17.992177314211215	26.96219035202086	0.0
215.0	31.20867495371595	22.79820153398572	15.81592171383232	30.177201798466015	0.0
216.0	31.74390570586659	16.447897133672647	17.68015001339405	34.1280471470667	0.0
217.0	27.501366867140515	17.113176599234553	25.50574084199016	29.87971569163477	0.0
218.0	27.683615819209038	18.0225988700565	18.785310734463277	35.50847457627119	0.0
219.0	18.309419837804118	22.36431690580162	25.202744853399878	34.123518402994385	0.0
220.0	0.04768717215069146	30.948974725798763	23.557463042441583	45.445875059608966	0.0
