#Position (bp)	Coverage
38.0	291.62666666666667
113.0	1175.8
188.0	1281.96
263.0	1140.4133333333334
338.0	1804.0666666666666
413.0	1999.4266666666667
488.0	1824.3333333333333
563.0	1818.04
638.0	1720.6666666666667
713.0	2103.2
788.0	1869.4133333333334
863.0	1809.12
938.0	2273.64
1013.0	2654.2533333333336
1088.0	2380.0666666666666
1163.0	2668.2266666666665
1238.0	2372.04
1313.0	1626.9866666666667
1388.0	988.4533333333334
1463.0	1063.1466666666668
1538.0	1083.5866666666666
1613.0	1354.3733333333332
1688.0	1256.9066666666668
1763.0	1172.0933333333332
1838.0	1183.32
1913.0	3149.68
1988.0	3807.64
2063.0	3668.92
2138.0	3287.653333333333
2213.0	2534.4133333333334
2288.0	1615.04
2363.0	1524.32
2438.0	1881.88
2513.0	2494.5466666666666
2588.0	4498.626666666667
2663.0	4745.4
2738.0	4691.08
2813.0	4646.533333333334
2888.0	3342.7066666666665
2963.0	1993.3866666666668
3038.0	2200.8133333333335
3113.0	2259.1866666666665
3188.0	1995.4533333333334
3263.0	1766.8133333333333
3338.0	1845.4666666666667
3413.0	1779.9333333333334
3488.0	1881.9866666666667
3563.0	1573.9866666666667
3638.0	1499.48
3713.0	1573.8533333333332
3788.0	1778.4
3863.0	1770.8133333333333
3938.0	2070.6
4013.0	2131.1866666666665
4088.0	3817.826666666667
4163.0	4586.4
4238.0	4651.346666666666
4313.0	5005.48
4388.0	4394.626666666667
4463.0	2846.3733333333334
4538.0	2582.0533333333333
4613.0	2543.346666666667
4688.0	3183.0666666666666
4763.0	2794.96
4838.0	2881.4
4913.0	2850.2266666666665
4988.0	2709.5333333333333
5063.0	2121.7466666666664
5138.0	2113.9066666666668
5213.0	2083.04
5288.0	2944.3866666666668
5363.0	3643.84
5438.0	3460.96
5513.0	3431.133333333333
5588.0	3997.7733333333335
5663.0	3441.52
5738.0	3753.3733333333334
5813.0	3170.826666666667
5888.0	3394.0266666666666
5963.0	2192.133333333333
6038.0	1782.0533333333333
6113.0	2022.3733333333332
6188.0	3381.8133333333335
6263.0	4429.64
6338.0	3813.306666666667
6413.0	3735.5866666666666
6488.0	3798.96
6563.0	2192.76
6638.0	2058.0133333333333
6713.0	2404.7733333333335
6788.0	3341.8133333333335
6863.0	2414.9733333333334
6938.0	1769.2933333333333
7013.0	2279.7466666666664
7088.0	2120.5066666666667
7163.0	1969.8
7238.0	1926.5333333333333
7313.0	2170.92
7388.0	2547.0666666666666
7463.0	2254.3333333333335
7538.0	2278.2266666666665
7613.0	2275.7466666666664
7688.0	2566.0
7763.0	2418.733333333333
7838.0	2286.1466666666665
7913.0	2547.266666666667
7988.0	3716.72
8063.0	2726.08
8138.0	2908.6666666666665
8213.0	3059.4666666666667
8288.0	3395.0933333333332
8363.0	2215.2533333333336
8438.0	2043.4533333333334
8513.0	2155.72
8588.0	2496.28
8663.0	3524.2533333333336
8738.0	3567.653333333333
8813.0	3621.9333333333334
8888.0	3526.4933333333333
8963.0	3352.0133333333333
9038.0	2523.6266666666666
9113.0	2630.12
9188.0	3133.16
9263.0	3597.4133333333334
9338.0	3503.4666666666667
9413.0	3464.4266666666667
9488.0	4347.466666666666
9563.0	5048.026666666667
9638.0	4052.346666666667
9713.0	3900.7066666666665
9788.0	3752.9066666666668
9863.0	2564.3733333333334
9938.0	2325.3866666666668
10013.0	2159.28
10088.0	2834.5066666666667
10163.0	4022.0933333333332
10238.0	3980.266666666667
10313.0	3968.2533333333336
10388.0	4462.4
10463.0	3369.5866666666666
10538.0	3332.4666666666667
10613.0	3274.7466666666664
10688.0	3918.5866666666666
10763.0	3740.5066666666667
10838.0	3595.9333333333334
10913.0	3488.12
10988.0	3809.8933333333334
11063.0	5210.68
11138.0	4929.493333333333
11213.0	5103.906666666667
11288.0	5519.826666666667
11363.0	6045.653333333334
11438.0	3955.0533333333333
11513.0	4040.6
11588.0	5484.533333333334
11663.0	5614.56
11738.0	3975.4133333333334
11813.0	3579.5066666666667
11888.0	3820.0933333333332
11963.0	3384.0133333333333
12038.0	3226.8133333333335
12113.0	3665.6
12188.0	5351.346666666666
12263.0	4182.066666666667
12338.0	4341.2266666666665
12413.0	5257.933333333333
12488.0	6691.506666666667
12563.0	6068.0
12638.0	5596.96
12713.0	6571.6
12788.0	6702.986666666667
12863.0	5966.16
12938.0	6075.933333333333
13013.0	7459.253333333333
13088.0	12277.573333333334
13163.0	15095.88
13238.0	14657.986666666666
13313.0	14801.746666666666
13388.0	6737.093333333333
13463.0	4267.333333333333
13538.0	4038.0133333333333
13613.0	5341.653333333334
13688.0	8653.626666666667
13763.0	9087.906666666666
13838.0	9206.36
13913.0	7962.093333333333
13988.0	5159.666666666667
14063.0	4447.933333333333
14138.0	4654.026666666667
14213.0	4897.4
14288.0	5011.88
14363.0	4765.0
14438.0	4780.026666666667
14513.0	4743.666666666667
14588.0	4995.68
14663.0	4731.533333333334
14738.0	4834.573333333334
14813.0	4814.0
14888.0	4829.333333333333
14963.0	4457.013333333333
15038.0	4445.866666666667
15113.0	4509.4
15188.0	5982.026666666667
15263.0	7631.413333333333
15338.0	7881.493333333333
15413.0	7974.906666666667
15488.0	8143.306666666666
15563.0	7708.8
15638.0	7180.546666666667
15713.0	7234.333333333333
15788.0	6996.386666666666
15863.0	6354.44
15938.0	5211.493333333333
16013.0	5153.133333333333
16088.0	5271.4
16163.0	5766.88
16238.0	5041.333333333333
16313.0	4967.093333333333
16388.0	5011.626666666667
16463.0	5231.746666666667
16538.0	4280.693333333334
16613.0	4301.253333333333
16688.0	4371.72
16763.0	5523.893333333333
16838.0	7739.96
16913.0	8162.386666666666
16988.0	8236.493333333334
17063.0	8433.893333333333
17138.0	6985.986666666667
17213.0	6247.32
17288.0	5843.2
17363.0	6026.36
17438.0	5210.2
17513.0	4207.12
17588.0	4099.28
17663.0	4366.386666666666
17738.0	4385.04
17813.0	3822.48
17888.0	3849.9066666666668
17963.0	3818.56
18038.0	4674.213333333333
18113.0	4895.333333333333
18188.0	4701.826666666667
18263.0	5207.786666666667
18338.0	4851.36
18413.0	4418.706666666667
18488.0	4518.266666666666
18563.0	4457.04
18638.0	5588.1866666666665
18713.0	5063.053333333333
18788.0	5279.986666666667
18863.0	5202.56
18938.0	5538.16
19013.0	4649.413333333333
19088.0	4804.826666666667
19163.0	4498.6
19238.0	4656.1866666666665
19313.0	3293.1866666666665
19388.0	3193.866666666667
19463.0	3186.0133333333333
19538.0	3230.4666666666667
19613.0	3842.4266666666667
19688.0	3944.7066666666665
19763.0	4020.5466666666666
19838.0	4205.586666666667
19913.0	4356.866666666667
19988.0	3747.7733333333335
20063.0	3715.4933333333333
20138.0	3603.693333333333
20213.0	3649.5066666666667
20288.0	3229.8133333333335
20363.0	3304.4266666666667
20438.0	3327.6666666666665
20513.0	4578.666666666667
20588.0	3962.2
20663.0	4072.5333333333333
20738.0	4083.6133333333332
20813.0	5000.933333333333
20888.0	4581.1866666666665
20963.0	4364.346666666666
21038.0	4242.52
21113.0	4467.8533333333335
21188.0	3096.826666666667
21263.0	3045.96
21338.0	3049.6666666666665
21413.0	3285.3733333333334
21488.0	3321.0933333333332
21563.0	3309.8133333333335
21638.0	3356.4266666666667
21713.0	3055.52
21788.0	2708.9333333333334
21863.0	2713.8933333333334
21938.0	2711.8
22013.0	2741.8533333333335
22088.0	3158.5866666666666
22163.0	3093.213333333333
22238.0	3098.48
22313.0	2939.68
22388.0	2808.84
22463.0	2825.1466666666665
22538.0	3161.04
22613.0	3605.9466666666667
22688.0	3921.76
22763.0	3758.1866666666665
22838.0	4146.013333333333
22913.0	3426.88
22988.0	3295.213333333333
23063.0	3422.5333333333333
23138.0	3812.9866666666667
23213.0	4341.32
23288.0	4382.506666666667
23363.0	4418.333333333333
23438.0	4592.866666666667
23513.0	4455.826666666667
23588.0	4040.76
23663.0	4031.8
23738.0	4310.573333333334
23813.0	4298.8133333333335
23888.0	4792.2266666666665
23963.0	4383.013333333333
24038.0	4648.453333333333
24113.0	5106.493333333333
24188.0	4531.8533333333335
24263.0	4655.026666666667
24338.0	4270.493333333333
24413.0	4632.013333333333
24488.0	3642.4133333333334
24563.0	3610.28
24638.0	3625.346666666667
24713.0	4118.76
24788.0	3865.36
24863.0	3548.306666666667
24938.0	3604.56
25013.0	4360.453333333333
25088.0	3804.7733333333335
25163.0	3804.84
25238.0	3708.84
25313.0	4563.866666666667
25388.0	5384.626666666667
25463.0	5199.946666666667
25538.0	5189.066666666667
25613.0	5589.373333333333
25688.0	4786.733333333334
25763.0	4211.16
25838.0	4747.706666666667
25913.0	4193.826666666667
25988.0	4077.6666666666665
26063.0	4486.293333333333
26138.0	3364.4933333333333
26213.0	4213.413333333333
26288.0	3168.6
26363.0	1271.7866666666666
26438.0	1352.1733333333334
26513.0	2105.826666666667
26588.0	2961.9466666666667
26663.0	2717.6266666666666
26738.0	2710.0533333333333
26813.0	2894.1866666666665
26888.0	4278.72
26963.0	4291.933333333333
27038.0	4561.706666666667
27113.0	4551.946666666667
27188.0	5172.373333333333
27263.0	4138.373333333333
27338.0	3407.4133333333334
27413.0	4043.0933333333332
27488.0	2819.2266666666665
27563.0	420.61333333333334
27638.0	454.76
27713.0	426.4
27788.0	685.6133333333333
27863.0	1031.76
27938.0	1040.7866666666666
28013.0	1145.9066666666668
28088.0	1385.48
28163.0	1704.6533333333334
28238.0	738.8533333333334
28313.0	1391.1466666666668
28388.0	1914.4666666666667
28463.0	1799.5866666666666
28538.0	1374.48
28613.0	1428.7866666666666
28688.0	1418.92
28763.0	688.7066666666667
28838.0	314.46666666666664
28913.0	280.64
28988.0	612.7066666666667
29063.0	1934.68
29138.0	2238.6666666666665
29213.0	2010.64
29288.0	1937.3866666666668
29363.0	1066.3333333333333
29438.0	470.41333333333336
29513.0	825.3333333333334
29588.0	1116.2
29663.0	919.12
29738.0	621.2666666666667
29813.0	346.38666666666666
29877.0	3.490566037735849
