# Position (bp)	A	C	G	T	N
0.0	50.7258064516129	11.263440860215054	17.016129032258064	20.99462365591398	0.0
1.0	15.591397849462366	49.193548387096776	18.387096774193548	16.827956989247312	0.0
2.0	19.573901464713714	45.51264980026632	14.434087882822903	20.479360852197072	0.0
3.0	51.470978001590254	13.358070500927644	15.213358070500927	19.957593426981184	0.0
4.0	51.33774834437086	13.165562913907285	13.774834437086092	21.721854304635762	0.0
5.0	19.677334038614124	44.829410208939436	13.964559640306797	21.528696112139645	0.0
6.0	20.401691331923892	46.96088794926004	13.21353065539112	19.42389006342495	0.0
7.0	53.76486129458389	12.892998678996037	15.376486129458389	17.96565389696169	0.0
8.0	51.477572559366756	15.329815303430081	15.03957783641161	18.153034300791557	0.0
9.0	18.96597203903983	45.52888419941968	12.740701661830652	22.76444209970984	0.0
10.0	19.235836627140976	11.093544137022397	13.965744400527008	55.70487483530962	0.0
11.0	18.11727583486721	14.409676571128058	13.252695240599527	54.22035235340521	0.0
12.0	19.858342077649528	13.16894018887723	13.19517313746065	53.777544596012596	0.0
13.0	19.031413612565444	44.76439790575916	13.586387434554975	22.61780104712042	0.0
14.0	18.997912317327767	13.230688935281837	47.103340292275576	20.668058455114824	0.0
15.0	48.24993518278455	14.72647135079077	16.20430386310604	20.81928960331864	0.0
16.0	17.68355739400207	13.857290589451912	15.149948293691832	53.30920372285419	0.0
17.0	20.752771332817737	43.078112915699926	14.617169373549885	21.551946377932456	0.0
18.0	18.40885684860968	13.954685890834192	15.60247167868177	52.033985581874354	0.0
19.0	20.986385820703827	47.03313639866427	13.562805034677627	18.417672745954278	0.0
20.0	18.68751602153294	16.43168418354268	14.252755703665725	50.62804409125865	0.0
21.0	18.713300995659942	15.317845289762575	16.00714832780189	49.9617053867756	0.0
22.0	19.081632653061227	12.5	46.505102040816325	21.913265306122447	0.0
23.0	20.0101962783584	14.045373438694877	15.065001274534795	50.879429008411925	0.0
24.0	51.46496815286624	13.452229299363058	13.528662420382165	21.554140127388536	0.0
25.0	21.4049376431662	12.853143293458896	43.62433189106643	22.117587172308475	0.0
26.0	52.504449529621155	12.077294685990339	13.75540300025426	21.662852784134248	0.0
27.0	17.1116196287821	15.408085430968727	12.687515891177217	54.79277904907196	0.0
28.0	18.241869918699187	44.334349593495936	10.365853658536585	27.057926829268293	0.0
29.0	22.408536585365855	11.28048780487805	12.296747967479675	54.014227642276424	0.0
30.0	21.181262729124235	13.085539714867616	43.30448065173116	22.428716904276985	0.0
31.0	21.03377686796315	11.335721596724667	14.61105424769703	53.01944728761515	0.0
32.0	20.394568280809633	12.118882910581604	13.143735588009223	54.34281322059954	0.0
33.0	21.223021582733814	42.72867420349435	12.821171634121276	23.227132579650565	0.0
34.0	22.02258726899384	14.219712525667353	14.399383983572895	49.35831622176591	0.0
35.0	19.8917804689513	43.70007729966503	12.805977840762688	23.602164390620974	0.0
36.0	21.058064516129033	13.548387096774196	13.290322580645162	52.10322580645161	0.0
37.0	50.348747093774215	15.267372771893568	14.879876001033324	19.50400413329889	0.0
38.0	50.63258455977279	14.898011877097858	12.238574748257165	22.23082881487219	0.0
39.0	50.722767165720185	14.842540010325244	10.092927207021168	24.341765616933404	0.0
40.0	20.036194415718718	43.743536711478804	14.167528438469493	22.05274043433299	0.0
41.0	18.329831932773107	12.158613445378151	48.608193277310924	20.903361344537817	0.0
42.0	52.793885081707955	11.860832894043225	14.839219820769637	20.50606220347918	0.0
43.0	54.06976744186046	13.477801268498943	12.130021141649049	20.322410147991544	0.0
44.0	22.502656748140275	44.23485653560043	12.725823591923485	20.536663124335814	0.0
45.0	29.97577016268605	17.307026652821044	14.849428868120457	37.86777431637245	0.0
46.0	29.178994082840237	15.051775147928995	20.821005917159763	34.94822485207101	0.0
47.0	31.779661016949152	16.44838212634823	19.79969183359014	31.972265023112477	0.0
48.0	29.475308641975307	17.901234567901234	18.557098765432098	34.066358024691354	0.0
49.0	27.089783281733748	19.775541795665635	19.543343653250776	33.591331269349844	0.0
50.0	25.86140147115757	23.26751838946961	18.07975222609369	32.79132791327913	0.0
51.0	28.488372093023255	18.83720930232558	17.519379844961243	35.15503875968992	0.0
52.0	28.332034294621977	18.08261886204209	19.79734996102884	33.78799688230709	0.0
53.0	30.589153335934448	19.23527116660164	22.35661334373781	27.8189621537261	0.0
54.0	30.05464480874317	22.053083528493364	16.74473067915691	31.147540983606557	0.0
55.0	29.683222526398122	17.59874853343762	21.978881501759876	30.73914743840438	0.0
56.0	26.32404864652805	18.595527657905063	21.380933699489997	33.69948999607689	0.0
57.0	29.58300550747443	19.00078678206137	18.80409126671912	32.61211644374508	0.0
58.0	28.818897637795278	19.724409448818896	20.0	31.456692913385826	0.0
59.0	24.881703470031546	22.20031545741325	21.33280757097792	31.585173501577284	0.0
60.0	27.150749802683507	17.08760852407261	20.836621941594316	34.92501973164956	0.0
61.0	28.46975088967972	17.67497034400949	23.922499011466982	29.932779754843814	0.0
62.0	29.750099166997224	19.714399047996828	22.57040856802856	27.965093216977387	0.0
63.0	31.821797931583134	18.257756563245824	21.121718377088307	28.798727128082735	0.0
64.0	30.13535031847134	20.103503184713375	21.138535031847134	28.622611464968152	0.0
65.0	29.681274900398407	19.880478087649404	20.87649402390438	29.561752988047807	0.0
66.0	29.04382470119522	15.0597609561753	20.796812749003983	35.09960159362549	0.0
67.0	28.02547770700637	16.79936305732484	19.6656050955414	35.509554140127385	0.0
68.0	26.001602564102566	18.54967948717949	20.673076923076923	34.77564102564102	0.0
69.0	27.587595650422873	17.5594039468385	22.633910592025774	32.219089810712845	0.0
70.0	27.83838383838384	22.262626262626263	18.828282828282827	31.070707070707073	0.0
71.0	29.14308811641067	20.53354890864996	18.714632174616007	31.608730800323364	0.0
72.0	27.618277395875456	17.751718560452893	19.57137080469066	35.058633238980995	0.0
73.0	27.4858528698464	18.43168957154406	20.776071139854487	33.306386418755054	0.0
74.0	29.550060802594242	17.105796513984597	24.442642886096476	28.901499797324686	0.0
75.0	29.139610389610386	20.008116883116884	23.092532467532468	27.759740259740262	0.0
76.0	28.362454286875256	20.032507110930517	19.626168224299064	31.978870377895163	0.0
77.0	29.85377741673436	19.049553208773354	17.95288383428107	33.14378554021121	0.0
78.0	30.0	18.821138211382113	18.333333333333332	32.84552845528455	0.0
79.0	27.4206672091131	21.074043938161108	20.870626525630595	30.634662327095196	0.0
80.0	28.879837067209774	18.73727087576375	21.059063136456214	31.323828920570264	0.0
81.0	28.501429154757048	18.129848917925685	17.190690077582687	36.17803184973459	0.0
82.0	30.79754601226994	18.077709611451944	21.267893660531698	29.85685071574642	0.0
83.0	28.81702824396234	19.852640196479737	20.75317232910356	30.57715923045436	0.0
84.0	28.501228501228503	19.36936936936937	20.106470106470105	32.02293202293202	0.0
85.0	33.67472347398607	16.46866038508808	20.893076607947563	28.963539532978288	0.0
86.0	30.706075533661743	18.103448275862068	22.495894909688012	28.694581280788178	0.0
87.0	31.069958847736622	18.765432098765434	21.48148148148148	28.68312757201646	0.0
88.0	32.66062602965404	18.86326194398682	18.28665568369028	30.189456342668862	0.0
89.0	30.251754023937266	17.251341312422618	18.241848947585638	34.25505571605448	0.0
90.0	30.066170388751033	17.16294458229942	18.941273779983458	33.82961124896609	0.0
91.0	29.565217391304348	19.79296066252588	16.853002070393373	33.7888198757764	0.0
92.0	29.275362318840582	19.08902691511387	17.556935817805382	34.07867494824017	0.0
93.0	31.629260182876145	18.37073981712386	19.950124688279303	30.049875311720697	0.0
94.0	30.5451518934665	17.561381606325426	20.474406991260924	31.41905950894715	0.0
95.0	30.291666666666668	17.875	20.833333333333336	31.0	0.0
96.0	29.303876615256357	17.09045435598166	18.924551896623594	34.68111713213839	0.0
97.0	31.25	18.041666666666668	19.375	31.333333333333336	0.0
98.0	31.916666666666664	20.375	17.25	30.458333333333332	0.0
99.0	31.012922050854524	19.00791996665277	19.132972071696543	30.846185910796166	0.0
100.0	33.24968632371393	15.223755750731913	18.402342116269345	33.12421580928482	0.0
101.0	31.472933277381454	19.303399076793955	18.170373478808223	31.053294167016364	0.0
102.0	30.235492010092514	15.81160639192599	20.984020185029436	32.96888141295206	0.0
103.0	27.43362831858407	18.963337547408344	20.859671302149177	32.743362831858406	0.0
104.0	26.841659610499573	19.17866215071973	21.80355630821338	32.17612193056731	0.0
105.0	28.814279643008923	19.634509137271568	18.869528261793455	32.68168295792605	0.0
106.0	30.903665814151747	18.45694799658994	19.82097186700767	30.818414322250636	0.0
107.0	31.137724550898206	19.332763045337895	18.520102651839178	31.00940975192472	0.0
108.0	33.9201373980249	18.50579647917561	16.230141691713182	31.3439244310863	0.0
109.0	29.096411586683963	20.70903588413316	19.801124081279724	30.393428447903155	0.0
110.0	26.279271465741544	19.9479618386817	19.9479618386817	33.82480485689506	0.0
111.0	29.086956521739133	17.391304347826086	21.217391304347828	32.30434782608695	0.0
112.0	24.81497605572486	19.024814976055726	21.593382673051806	34.56682629516761	0.0
113.0	28.602620087336245	20.436681222707424	18.90829694323144	32.05240174672489	0.0
114.0	28.92199824715162	17.440841367221736	20.245398773006134	33.391761612620506	0.0
115.0	29.005281690140844	17.385563380281692	21.12676056338028	32.482394366197184	0.0
116.0	28.40106007067138	20.803886925795055	18.462897526501767	32.332155477031804	0.0
117.0	32.5066430469442	17.0947741364039	16.873339238263952	33.52524357838795	0.0
118.0	27.171492204899778	16.258351893095767	23.652561247216035	32.91759465478842	0.0
119.0	22.34137622877569	21.26899016979446	27.882037533512065	28.507596067917785	0.0
120.0	25.134168157423968	21.779964221824688	22.898032200357783	30.18783542039356	0.0
121.0	29.601433049708913	17.957904164800716	19.30138826690551	33.13927451858486	0.0
122.0	28.982898289828984	18.226822682268224	21.197119711971197	31.59315931593159	0.0
123.0	32.67326732673268	17.866786678667868	19.216921692169215	30.243024302430243	0.0
124.0	30.72398190045249	19.502262443438916	20.04524886877828	29.728506787330318	0.0
125.0	27.507943713118475	19.609623241034953	20.472083522469358	32.410349523377214	0.0
126.0	30.7412460209186	18.37198726693952	18.00818553888131	32.87858117326057	0.0
127.0	27.782846715328468	20.483576642335766	23.220802919708028	28.51277372262774	0.0
128.0	30.329368709972552	19.12168344007319	20.90576395242452	29.643183897529735	0.0
129.0	30.7057745187901	19.385884509624198	17.323556370302477	32.58478460128323	0.0
130.0	29.438822447102115	20.2851885924563	16.881324747010122	33.39466421343146	0.0
131.0	30.87217351176742	19.843101061375172	19.520073834794648	29.76465159206276	0.0
132.0	29.23219241443108	18.77890841813136	21.32284921369103	30.666049953746533	0.0
133.0	28.584686774941996	22.134570765661252	19.535962877030162	29.744779582366586	0.0
134.0	26.02420856610801	20.810055865921786	19.925512104283055	33.24022346368715	0.0
135.0	25.571628558096126	16.612225851609892	20.625291647223516	37.190853943070465	0.0
136.0	24.273664479850048	18.93158388003749	22.211808809746955	34.58294283036551	0.0
137.0	26.682352941176468	17.08235294117647	20.988235294117647	35.24705882352941	0.0
138.0	29.556185080264402	17.138810198300284	20.679886685552407	32.62511803588291	0.0
139.0	29.81956315289649	17.806267806267805	20.417853751187085	31.956315289648625	0.0
140.0	28.913355672570606	17.280995691718527	20.919100047869794	32.88654858784108	0.0
141.0	30.100816130580892	18.482957273163706	20.16322611617859	31.253000480076814	0.0
142.0	31.120731120731122	16.64261664261664	19.24001924001924	32.996632996633	0.0
143.0	33.23685479980704	19.68162083936324	18.90979257115292	28.171731789676794	0.0
144.0	30.664725861232412	17.370208636584184	18.049490538573508	33.9155749636099	0.0
145.0	29.566488066244524	19.53239162201656	17.97369702873843	32.92742328300049	0.0
146.0	30.17578125	19.53125	17.236328125	33.056640625	0.0
147.0	30.191458026509572	19.685812469317625	17.722140402552775	32.40058910162003	0.0
148.0	25.247524752475247	22.17821782178218	19.851485148514854	32.722772277227726	0.0
149.0	30.02988047808765	20.866533864541832	17.280876494023907	31.822709163346612	0.0
150.0	27.536231884057973	19.290354822588707	18.640679660169916	34.53273363318341	0.0
151.0	28.319919517102615	19.76861167002012	20.422535211267608	31.48893360160966	0.0
152.0	29.50404858299595	19.78744939271255	17.307692307692307	33.40080971659919	0.0
153.0	31.672597864768683	17.691916624300966	19.267920691408236	31.367564819522116	0.0
154.0	32.907511497189574	15.738375063873274	19.621870209504344	31.732243229432804	0.0
155.0	29.4238683127572	20.833333333333336	17.48971193415638	32.25308641975309	0.0
156.0	31.088082901554404	15.854922279792746	18.808290155440417	34.248704663212436	0.0
157.0	29.359708485163978	19.469026548672566	20.45809474232171	30.71317022384175	0.0
158.0	28.309785452642593	22.8152799581371	17.26844583987441	31.60648874934589	0.0
159.0	33.84290985767001	15.023721665788086	20.50606220347918	30.627306273062732	0.0
160.0	27.75705913692062	18.9664358018114	23.441662226957913	29.83484283431007	0.0
161.0	27.8494623655914	19.35483870967742	23.70967741935484	29.08602150537634	0.0
162.0	30.162162162162158	18.10810810810811	19.56756756756757	32.16216216216216	0.0
163.0	28.913043478260867	18.967391304347824	17.445652173913043	34.67391304347826	0.0
164.0	29.219006007646097	16.439104314582195	22.119060622610593	32.222829055161114	0.0
165.0	29.769736842105267	17.434210526315788	22.697368421052634	30.098684210526315	0.0
166.0	26.47220693450743	21.79416620803522	20.803522289488168	30.93010456796918	0.0
167.0	24.30939226519337	19.447513812154696	25.58011049723757	30.662983425414364	0.0
168.0	27.267668336115747	19.47690595436839	18.58653311074012	34.668892598775734	0.0
169.0	28.02013422818792	17.841163310961967	20.302013422818792	33.836689038031324	0.0
170.0	29.11036036036036	16.666666666666664	19.20045045045045	35.02252252252252	0.0
171.0	31.200453001132505	17.440543601359003	15.741789354473386	35.617214043035105	0.0
172.0	31.74061433447099	20.477815699658702	16.95108077360637	30.830489192263936	0.0
173.0	27.869788692175902	18.675042832667046	19.131924614505998	34.32324386065106	0.0
174.0	29.770114942528735	19.137931034482758	17.81609195402299	33.275862068965516	0.0
175.0	27.77777777777778	19.03935185185185	22.04861111111111	31.134259259259263	0.0
176.0	27.383720930232556	19.244186046511626	20.406976744186046	32.96511627906977	0.0
177.0	28.095794392523366	22.02102803738318	18.69158878504673	31.191588785046733	0.0
178.0	27.235294117647058	19.941176470588236	22.647058823529413	30.176470588235293	0.0
179.0	25.029655990510086	18.386714116251483	25.97864768683274	30.604982206405694	0.0
180.0	30.700179533213646	15.559545182525433	20.227408737283064	33.51286654697786	0.0
181.0	27.40963855421687	19.156626506024097	22.10843373493976	31.32530120481928	0.0
182.0	32.05828779599271	19.3685488767456	19.854280510018217	28.718882817243475	0.0
183.0	27.75735294117647	23.223039215686274	21.262254901960784	27.75735294117647	0.0
184.0	28.545006165228116	21.146732429099877	18.988902589395806	31.319358816276203	0.0
185.0	28.970223325062033	21.774193548387096	22.890818858560795	26.364764267990076	0.0
186.0	30.23690773067332	17.8927680798005	22.568578553615957	29.301745635910226	0.0
187.0	31.55248271527341	19.673161533626647	17.78755499685732	30.986800754242616	0.0
188.0	29.288437102922487	19.250317662007625	20.838627700127066	30.62261753494282	0.0
189.0	28.069053708439895	18.925831202046037	20.843989769820972	32.1611253196931	0.0
190.0	28.15721649484536	18.298969072164947	20.038659793814436	33.50515463917525	0.0
191.0	27.438231469440833	20.48114434330299	19.700910273081927	32.37971391417425	0.0
192.0	29.86842105263158	19.342105263157894	19.736842105263158	31.05263157894737	0.0
193.0	27.885256837891927	17.278185456971315	22.081387591727818	32.75517011340894	0.0
194.0	25.841184387617766	22.611036339165544	23.620457604306864	27.927321668909826	0.0
195.0	28.095238095238095	19.931972789115644	18.979591836734695	32.99319727891156	0.0
196.0	28.669410150891633	19.753086419753085	20.37037037037037	31.20713305898491	0.0
197.0	28.08362369337979	20.209059233449477	21.81184668989547	29.895470383275264	0.0
198.0	26.33832976445396	23.98286937901499	19.8429693076374	29.835831548893648	0.0
199.0	28.517397881996974	22.465960665658095	19.440242057488653	29.576399394856278	0.0
200.0	26.820603907637658	16.163410301953817	21.136767317939608	35.879218472468914	0.0
201.0	33.136792452830186	18.75	17.099056603773587	31.014150943396224	0.0
202.0	35.603345280764636	20.19115890083632	18.27956989247312	25.925925925925924	0.0
203.0	34.4578313253012	18.433734939759034	19.27710843373494	27.831325301204817	0.0
204.0	34.86127864897467	15.560916767189385	24.48733413751508	25.090470446320868	0.0
205.0	34.835566382460414	16.68696711327649	24.482338611449453	23.995127892813642	0.0
206.0	31.403940886699505	21.05911330049261	20.689655172413794	26.84729064039409	0.0
207.0	28.57142857142857	23.60248447204969	15.527950310559005	32.298136645962735	0.0
208.0	28.967254408060455	17.632241813602015	21.41057934508816	31.98992443324937	0.0
209.0	23.893805309734514	20.101137800252843	22.123893805309734	33.88116308470291	0.0
210.0	22.860791826309068	17.752234993614305	20.561941251596423	38.8250319284802	0.0
211.0	31.056701030927837	19.587628865979383	20.618556701030926	28.737113402061855	0.0
212.0	27.77053455019557	17.60104302477184	24.902216427640155	29.726205997392434	0.0
213.0	26.2532981530343	20.976253298153033	16.490765171503956	36.27968337730871	0.0
214.0	28.437917222963954	23.63150867823765	20.026702269692922	27.903871829105476	0.0
215.0	29.093369418132614	23.00405953991881	18.403247631935045	29.499323410013535	0.0
216.0	31.463748290013683	17.647058823529413	16.689466484268127	34.19972640218879	0.0
217.0	26.573426573426573	16.223776223776223	26.153846153846157	31.04895104895105	0.0
218.0	24.34402332361516	21.282798833819243	18.950437317784257	35.42274052478135	0.0
219.0	15.746753246753247	23.214285714285715	26.785714285714285	34.25324675324675	0.0
220.0	0.0	30.126582278481013	25.063291139240505	44.81012658227848	0.0
