#Position (bp)	Coverage
38.0	41.693333333333335
113.0	152.14666666666668
188.0	173.28
263.0	161.34666666666666
338.0	192.69333333333333
413.0	56.61333333333334
488.0	35.24
563.0	34.77333333333333
638.0	73.76
713.0	290.53333333333336
788.0	300.6533333333333
863.0	289.3066666666667
938.0	281.94666666666666
1013.0	132.18666666666667
1088.0	89.30666666666667
1163.0	80.8
1238.0	81.38666666666667
1313.0	75.58666666666667
1388.0	73.37333333333333
1463.0	71.12
1538.0	77.05333333333333
1613.0	110.41333333333333
1688.0	95.30666666666667
1763.0	102.02666666666667
1838.0	90.58666666666667
1913.0	126.53333333333333
1988.0	114.10666666666667
2063.0	95.29333333333334
2138.0	92.45333333333333
2213.0	79.57333333333334
2288.0	82.33333333333333
2363.0	80.58666666666667
2438.0	101.78666666666666
2513.0	105.62666666666667
2588.0	108.01333333333334
2663.0	102.24
2738.0	99.36
2813.0	110.56
2888.0	169.61333333333334
2963.0	137.90666666666667
3038.0	141.49333333333334
3113.0	175.52
3188.0	130.13333333333333
3263.0	104.92
3338.0	109.65333333333334
3413.0	111.84
3488.0	100.94666666666667
3563.0	74.4
3638.0	70.82666666666667
3713.0	68.22666666666667
3788.0	76.57333333333334
3863.0	85.17333333333333
3938.0	98.65333333333334
4013.0	97.86666666666666
4088.0	183.92
4163.0	287.32
4238.0	288.9066666666667
4313.0	322.29333333333335
4388.0	285.82666666666665
4463.0	182.44
4538.0	156.54666666666665
4613.0	145.53333333333333
4688.0	113.61333333333333
4763.0	98.01333333333334
4838.0	95.53333333333333
4913.0	99.06666666666666
4988.0	93.98666666666666
5063.0	87.90666666666667
5138.0	86.57333333333334
5213.0	94.21333333333334
5288.0	92.33333333333333
5363.0	94.93333333333334
5438.0	92.22666666666667
5513.0	88.89333333333333
5588.0	180.04
5663.0	261.41333333333336
5738.0	303.28
5813.0	225.01333333333332
5888.0	159.85333333333332
5963.0	86.38666666666667
6038.0	71.57333333333334
6113.0	71.28
6188.0	355.0
6263.0	627.9733333333334
6338.0	548.9066666666666
6413.0	508.36
6488.0	493.06666666666666
6563.0	154.62666666666667
6638.0	119.89333333333333
6713.0	102.93333333333334
6788.0	92.94666666666667
6863.0	77.48
6938.0	70.2
7013.0	73.02666666666667
7088.0	70.50666666666666
7163.0	67.64
7238.0	67.0
7313.0	78.14666666666666
7388.0	115.97333333333333
7463.0	116.61333333333333
7538.0	132.24
7613.0	130.72
7688.0	122.14666666666666
7763.0	112.16
7838.0	107.8
7913.0	109.01333333333334
7988.0	143.09333333333333
8063.0	127.58666666666667
8138.0	146.98666666666668
8213.0	153.94666666666666
8288.0	154.88
8363.0	91.0
8438.0	82.64
8513.0	81.21333333333334
8588.0	92.02666666666667
8663.0	82.28
8738.0	75.92
8813.0	78.62666666666667
8888.0	115.92
8963.0	423.68
9038.0	511.97333333333336
9113.0	545.1466666666666
9188.0	529.5733333333334
9263.0	237.32
9338.0	146.66666666666666
9413.0	160.64
9488.0	241.70666666666668
9563.0	334.1066666666667
9638.0	268.1333333333333
9713.0	251.41333333333333
9788.0	252.24
9863.0	100.17333333333333
9938.0	74.13333333333334
10013.0	73.84
10088.0	192.98666666666668
10163.0	457.6
10238.0	446.7866666666667
10313.0	470.76
10388.0	543.3466666666667
10463.0	219.74666666666667
10538.0	147.38666666666666
10613.0	161.10666666666665
10688.0	237.49333333333334
10763.0	208.10666666666665
10838.0	187.54666666666665
10913.0	185.61333333333334
10988.0	218.16
11063.0	208.76
11138.0	149.24
11213.0	154.89333333333335
11288.0	166.62666666666667
11363.0	279.62666666666667
11438.0	138.21333333333334
11513.0	123.96
11588.0	226.12
11663.0	254.82666666666665
11738.0	200.93333333333334
11813.0	180.57333333333332
11888.0	368.12
11963.0	533.7466666666667
12038.0	488.04
12113.0	490.18666666666667
12188.0	587.44
12263.0	281.4
12338.0	239.78666666666666
12413.0	316.0
12488.0	196.76
12563.0	149.24
12638.0	132.85333333333332
12713.0	172.82666666666665
12788.0	260.8666666666667
12863.0	302.24
12938.0	297.29333333333335
13013.0	353.16
13088.0	289.70666666666665
13163.0	267.06666666666666
13238.0	258.08
13313.0	265.04
13388.0	253.52
13463.0	267.2133333333333
13538.0	267.46666666666664
13613.0	302.58666666666664
13688.0	380.7866666666667
13763.0	409.88
13838.0	409.92
13913.0	379.06666666666666
13988.0	576.1733333333333
14063.0	552.2533333333333
14138.0	574.0666666666667
14213.0	626.6266666666667
14288.0	529.6266666666667
14363.0	419.62666666666667
14438.0	411.14666666666665
14513.0	425.1333333333333
14588.0	469.41333333333336
14663.0	414.94666666666666
14738.0	423.50666666666666
14813.0	434.41333333333336
14888.0	387.0133333333333
14963.0	303.24
15038.0	300.74666666666667
15113.0	302.5733333333333
15188.0	377.05333333333334
15263.0	488.8933333333333
15338.0	521.92
15413.0	535.4666666666667
15488.0	623.5733333333334
15563.0	591.8533333333334
15638.0	511.49333333333334
15713.0	483.5733333333333
15788.0	475.16
15863.0	608.1333333333333
15938.0	597.1733333333333
16013.0	537.0133333333333
16088.0	553.5066666666667
16163.0	473.61333333333334
16238.0	264.0
16313.0	264.4533333333333
16388.0	266.32
16463.0	270.61333333333334
16538.0	266.25333333333333
16613.0	268.52
16688.0	273.06666666666666
16763.0	295.96
16838.0	317.44
16913.0	339.72
16988.0	366.8666666666667
17063.0	506.64
17138.0	1026.84
17213.0	1122.52
17288.0	935.4266666666666
17363.0	1039.9066666666668
17438.0	771.3066666666666
17513.0	519.7733333333333
17588.0	485.26666666666665
17663.0	554.32
17738.0	415.0
17813.0	296.1333333333333
17888.0	274.36
17963.0	291.0
18038.0	359.8666666666667
18113.0	400.61333333333334
18188.0	388.6533333333333
18263.0	413.44
18338.0	478.28
18413.0	427.32
18488.0	414.04
18563.0	426.1066666666667
18638.0	704.48
18713.0	666.68
18788.0	753.7333333333333
18863.0	731.4533333333334
18938.0	674.3066666666666
19013.0	439.16
19088.0	422.72
19163.0	427.4266666666667
19238.0	418.38666666666666
19313.0	275.82666666666665
19388.0	262.0933333333333
19463.0	262.72
19538.0	263.6666666666667
19613.0	276.7866666666667
19688.0	285.6933333333333
19763.0	282.58666666666664
19838.0	292.81333333333333
19913.0	283.4
19988.0	264.8666666666667
20063.0	265.4266666666667
20138.0	264.4266666666667
20213.0	262.70666666666665
20288.0	259.84
20363.0	261.17333333333335
20438.0	261.06666666666666
20513.0	333.12
20588.0	338.1066666666667
20663.0	340.50666666666666
20738.0	334.6933333333333
20813.0	458.58666666666664
20888.0	473.02666666666664
20963.0	426.6666666666667
21038.0	418.4
21113.0	431.74666666666667
21188.0	250.14666666666668
21263.0	244.0
21338.0	244.69333333333333
21413.0	247.02666666666667
21488.0	245.92
21563.0	247.70666666666668
21638.0	251.8
21713.0	261.0
21788.0	247.44
21863.0	249.46666666666667
21938.0	251.61333333333334
22013.0	245.77333333333334
22088.0	265.25333333333333
22163.0	250.33333333333334
22238.0	253.88
22313.0	256.4533333333333
22388.0	237.0
22463.0	237.0
22538.0	268.1066666666667
22613.0	297.2266666666667
22688.0	311.52
22763.0	312.64
22838.0	297.0
22913.0	243.90666666666667
22988.0	238.36
23063.0	238.26666666666668
23138.0	330.93333333333334
23213.0	453.0
23288.0	464.96
23363.0	438.28
23438.0	475.74666666666667
23513.0	354.93333333333334
23588.0	266.14666666666665
23663.0	265.28
23738.0	285.7733333333333
23813.0	258.50666666666666
23888.0	229.18666666666667
23963.0	215.48
24038.0	223.32
24113.0	303.96
24188.0	349.94666666666666
24263.0	355.94666666666666
24338.0	325.37333333333333
24413.0	332.6666666666667
24488.0	266.8666666666667
24563.0	269.4266666666667
24638.0	259.6
24713.0	370.49333333333334
24788.0	510.6
24863.0	458.2266666666667
24938.0	472.7866666666667
25013.0	486.74666666666667
25088.0	266.92
25163.0	235.44
25238.0	238.88
25313.0	259.17333333333335
25388.0	241.58666666666667
25463.0	243.86666666666667
25538.0	244.61333333333334
25613.0	289.56
25688.0	274.92
25763.0	252.36
25838.0	261.38666666666666
25913.0	191.76
25988.0	37.48
26063.0	16.64
26138.0	13.52
26213.0	46.906666666666666
26288.0	110.34666666666666
26363.0	34.44
26438.0	52.18666666666667
26513.0	158.18666666666667
26588.0	111.29333333333334
26663.0	91.10666666666667
26738.0	96.85333333333334
26813.0	76.69333333333333
26888.0	75.33333333333333
26963.0	20.066666666666666
27038.0	25.6
27113.0	35.52
27188.0	138.24
27263.0	173.54666666666665
27338.0	99.16
27413.0	90.77333333333333
27488.0	63.78666666666667
27563.0	0.05333333333333334
27638.0	0.0
27713.0	0.0
27788.0	13.186666666666667
27863.0	46.96
27938.0	59.54666666666667
28013.0	80.97333333333333
28088.0	203.58666666666667
28163.0	556.3466666666667
28238.0	423.0933333333333
28313.0	747.56
28388.0	841.0266666666666
28463.0	485.28
28538.0	301.46666666666664
28613.0	341.93333333333334
28688.0	326.8666666666667
28763.0	113.08
28838.0	0.013333333333333334
28913.0	0.12
28988.0	18.14666666666667
29063.0	92.17333333333333
29138.0	115.53333333333333
29213.0	72.70666666666666
29288.0	84.77333333333333
29363.0	43.77333333333333
29438.0	5.1466666666666665
29513.0	16.893333333333334
29588.0	25.32
29663.0	23.746666666666666
29738.0	23.586666666666666
29813.0	19.653333333333332
29877.0	0.11320754716981132
