#Position (bp)	insert size
38.0	9894.564891846921
113.0	237.9276672694394
188.0	208.03890728476821
263.0	193.75903614457832
338.0	412.3681818181818
413.0	253.10714285714286
488.0	255.5439330543933
563.0	263.9741379310345
638.0	266.36046511627904
713.0	251.76612903225808
788.0	217.07692307692307
863.0	167.5121951219512
938.0	253.56
1013.0	276.41379310344826
1088.0	220.91666666666666
1163.0	216.21052631578948
1238.0	207.0
1313.0	293.2
1388.0	305.1666666666667
1463.0	202.33333333333334
1538.0	329.38461538461536
1613.0	261.3222958057395
1688.0	242.01639344262296
1763.0	182.8470588235294
1838.0	81.31320607713285
1913.0	94.94953271028038
1988.0	252.9289340101523
2063.0	319.1443298969072
2138.0	245.86516853932585
2213.0	271.2298850574713
2288.0	272.2692307692308
2363.0	263.44303797468353
2438.0	253.9278350515464
2513.0	261.825
2588.0	238.52475247524754
2663.0	204.65555555555557
2738.0	167.9318181818182
2813.0	256.0045351473923
2888.0	28.1478151787581
2963.0	203.44927536231884
3038.0	160.67032967032966
3113.0	297.8974358974359
3188.0	288.375
3263.0	258.70588235294116
3338.0	220.4090909090909
3413.0	279.0
3488.0	250.76190476190476
3563.0	254.0
3638.0	276.64285714285717
3713.0	310.14285714285717
3788.0	284.2258064516129
3863.0	228.41666666666666
3938.0	207.83783783783784
4013.0	203.78571428571428
4088.0	254.91666666666666
4163.0	190.45714285714286
4238.0	172.25352112676057
4313.0	74.7068778657774
4388.0	244.22727272727272
4463.0	207.7
4538.0	162.05555555555554
4613.0	231.06666666666666
4688.0	28.471898197242844
4763.0	248.77777777777777
4838.0	258.8888888888889
4913.0	257.6923076923077
4988.0	294.34375
5063.0	269.15
5138.0	276.2857142857143
5213.0	257.35849056603774
5288.0	266.241935483871
5363.0	236.1
5438.0	210.90697674418604
5513.0	211.5
5588.0	216.71428571428572
5663.0	238.65625
5738.0	234.9375
5813.0	230.85714285714286
5888.0	266.94871794871796
5963.0	249.83928571428572
6038.0	245.92307692307693
6113.0	228.02777777777777
6188.0	257.9589482157231
6263.0	223.32014987510408
6338.0	196.744019138756
6413.0	189.18219749652295
6488.0	3322.391304347826
6563.0	156.8
6638.0	322.0
6713.0	238.0
6788.0	454.0
6863.0	209.75
6938.0	197.25
7013.0	275.27777777777777
7088.0	241.125
7163.0	285.3076923076923
7238.0	235.0
7313.0	326.1666666666667
7388.0	235.9090909090909
7463.0	279.09090909090907
7538.0	308.125
7613.0	58.97674418604651
7688.0	236.0
7763.0	214.1818181818182
7838.0	179.66666666666666
7913.0	258.9230769230769
7988.0	263.38461538461536
8063.0	241.0
8138.0	207.0
8213.0	231.0
8288.0	189.25
8363.0	309.0
8438.0	244.33333333333334
8513.0	253.66666666666666
8588.0	164.5
8663.0	164.0
8738.0	269.0
8813.0	212.4
8888.0	268.91322314049586
8963.0	242.25581395348837
9038.0	236.75
9113.0	379.75
9188.0	257.3482142857143
9263.0	229.57627118644066
9338.0	244.54205607476635
9413.0	250.04597701149424
9488.0	250.56204379562044
9563.0	228.8320610687023
9638.0	198.14655172413794
9713.0	158.32432432432432
9788.0	242.14285714285714
9863.0	288.14285714285717
9938.0	199.42857142857142
10013.0	203.85714285714286
10088.0	237.88888888888889
10163.0	277.0
10238.0	252.41666666666666
10313.0	232.0
10388.0	269.6
10463.0	295.6666666666667
10538.0	244.85714285714286
10613.0	251.0
10688.0	218.0
10763.0	319.5
10838.0	228.0
10913.0	200.75
10988.0	306.13829787234044
11063.0	261.55128205128204
11138.0	228.4390243902439
11213.0	207.1098901098901
11288.0	227.47826086956522
11363.0	237.84615384615384
11438.0	260.25
11513.0	259.1
11588.0	260.9955947136564
11663.0	238.27027027027026
11738.0	199.2093023255814
11813.0	190.5483870967742
11888.0	252.73333333333332
11963.0	246.23008849557522
12038.0	196.13333333333333
12113.0	156.72222222222223
12188.0	209.0
12263.0	219.0
12338.0	255.5
12413.0	266.27272727272725
12488.0	255.75
12563.0	228.5483870967742
12638.0	196.8846153846154
12713.0	236.65217391304347
12788.0	273.8888888888889
12863.0	250.42105263157896
12938.0	257.6363636363636
13013.0	258.578125
13088.0	250.3846153846154
13163.0	200.140350877193
13238.0	139.66666666666666
13313.0	270.92857142857144
13388.0	275.0
13463.0	242.46153846153845
13538.0	208.93333333333334
13613.0	292.4
13688.0	236.52173913043478
13763.0	306.6666666666667
13838.0	263.6
13913.0	264.42557651991615
13988.0	234.05882352941177
14063.0	227.61825726141078
14138.0	249.2125
14213.0	263.51851851851853
14288.0	244.65151515151516
14363.0	255.54716981132074
14438.0	264.8936170212766
14513.0	253.76271186440678
14588.0	252.42142857142858
14663.0	231.96703296703296
14738.0	188.4814814814815
14813.0	250.75
14888.0	351.0
14963.0	266.45454545454544
15038.0	191.625
15113.0	287.25
15188.0	248.45652173913044
15263.0	268.85714285714283
15338.0	247.9090909090909
15413.0	254.1764705882353
15488.0	254.94255319148937
15563.0	248.80104712041884
15638.0	211.3577981651376
15713.0	156.1551724137931
15788.0	221.26470588235293
15863.0	226.0239043824701
15938.0	236.018018018018
16013.0	193.15126050420167
16088.0	228.72727272727272
16163.0	271.4347826086956
16238.0	211.08333333333334
16313.0	176.2
16388.0	206.125
16463.0	304.5
16538.0	218.0
16613.0	215.75
16688.0	173.5
16763.0	266.1666666666667
16838.0	296.0
16913.0	175.5
16988.0	194.0
17063.0	301.0
17138.0	186.6
17213.0	340.75
17288.0	206.5
17363.0	206.66666666666666
17438.0	266.0
17513.0	214.0
17588.0	227.0
17663.0	151.0
17738.0	288.6
17813.0	258.14285714285717
17888.0	195.0
17963.0	273.77777777777777
18038.0	233.14285714285714
18113.0	206.85714285714286
18188.0	209.8
18263.0	196.33333333333334
18338.0	286.0
18413.0	317.6666666666667
18488.0	217.0
18563.0	0.0
18638.0	249.44444444444446
18713.0	235.57142857142858
18788.0	239.5
18863.0	265.9347826086956
18938.0	268.8789237668162
19013.0	250.0125
19088.0	198.63297872340425
19163.0	153.29166666666666
19238.0	188.0
19313.0	253.25
19388.0	231.66666666666666
19463.0	259.0
19538.0	270.02463054187194
19613.0	260.00763358778624
19688.0	224.43979057591622
19763.0	175.3046357615894
19838.0	246.92
19913.0	246.54166666666666
19988.0	262.6666666666667
20063.0	221.07692307692307
20138.0	240.3846153846154
20213.0	273.7435897435897
20288.0	274.8510638297872
20363.0	242.05357142857142
20438.0	245.68
20513.0	258.59223300970876
20588.0	263.47872340425533
20663.0	270.3411764705882
20738.0	255.875
20813.0	256.96280400572243
20888.0	215.74162679425837
20963.0	209.86039886039887
21038.0	234.0258064516129
21113.0	283.589552238806
21188.0	258.41
21263.0	273.970297029703
21338.0	260.48426666666666
21413.0	253.92010535557506
21488.0	228.73066898349262
21563.0	190.87123572170302
21638.0	237.27554179566565
21713.0	303.16279069767444
21788.0	270.0177777777778
21863.0	267.8655462184874
21938.0	285.622009569378
22013.0	262.0436363636364
22088.0	234.85279187817258
22163.0	180.63013698630138
22238.0	208.8181818181818
22313.0	344.09090909090907
22388.0	224.46153846153845
22463.0	212.125
22538.0	294.65540302710315
22613.0	271.96039603960395
22688.0	261.1719274680994
22763.0	264.05122655122653
22838.0	268.3780303030303
22913.0	258.4319682959049
22988.0	262.9107669616519
23063.0	258.57744468236973
23138.0	254.107776702162
23213.0	233.3950276243094
23288.0	203.57707203718047
23363.0	159.65704584040748
23438.0	130.88571428571427
23513.0	334.85714285714283
23588.0	235.0
23663.0	151.875
23738.0	560.1666666666666
23813.0	299.0
23888.0	0.0
23963.0	218.0
24038.0	528.0
24113.0	352.0
24188.0	361.0
24263.0	0.0
24338.0	0.0
24413.0	296.6666666666667
24488.0	197.0
24563.0	217.0
24638.0	199.33333333333334
24713.0	252.25122669283613
24788.0	235.33480176211455
24863.0	194.13763440860214
24938.0	160.35036496350364
25013.0	259.85858585858585
25088.0	276.6119402985075
25163.0	293.4166666666667
25238.0	264.44897959183675
25313.0	272.0875
25388.0	232.79455445544554
25463.0	202.36875
25538.0	249.06976744186048
25613.0	237.9532710280374
25688.0	249.31182795698925
25763.0	209.65671641791045
25838.0	172.31034482758622
25913.0	261.3783783783784
25988.0	261.8888888888889
26063.0	260.05882352941177
26138.0	214.0
26213.0	249.88888888888889
26288.0	255.0
26363.0	216.625
26438.0	275.8333333333333
26513.0	279.9836065573771
26588.0	241.57575757575756
26663.0	257.61538461538464
26738.0	188.30555555555554
26813.0	265.1066666666667
26888.0	324.41379310344826
26963.0	236.7
27038.0	257.80392156862746
27113.0	276.21590909090907
27188.0	261.6290322580645
27263.0	279.0617283950617
27338.0	212.367816091954
27413.0	217.52631578947367
27488.0	317.1578947368421
27563.0	283.0
27638.0	217.07692307692307
27713.0	257.15384615384613
27788.0	267.5
27863.0	224.55555555555554
27938.0	255.08333333333334
28013.0	257.3
28088.0	250.77200488997556
28163.0	251.09471094710946
28238.0	204.47797062750334
28313.0	159.35602094240838
28388.0	137.93333333333334
28463.0	295.1
28538.0	238.5
28613.0	226.66666666666666
28688.0	261.3717277486911
28763.0	262.48
28838.0	209.9625
28913.0	179.53658536585365
28988.0	273.8
29063.0	287.6666666666667
29138.0	274.3333333333333
29213.0	215.5
29288.0	240.66666666666666
29363.0	282.0
29438.0	241.33333333333334
29513.0	187.5
29588.0	0.0
29663.0	0.0
29738.0	0.0
29813.0	0.0
29877.0	25.333333333333332
