#Position (bp)	Coverage
38.0	1819.5333333333333
113.0	3748.84
188.0	3890.9333333333334
263.0	3723.5466666666666
338.0	10261.8
413.0	10861.853333333333
488.0	11089.146666666667
563.0	11794.226666666667
638.0	10400.213333333333
713.0	14065.88
788.0	9846.146666666667
863.0	8186.333333333333
938.0	9632.586666666666
1013.0	8812.106666666667
1088.0	4048.2533333333336
1163.0	5109.346666666666
1238.0	4376.8533333333335
1313.0	3077.0133333333333
1388.0	116.29333333333334
1463.0	136.34666666666666
1538.0	129.12
1613.0	9788.973333333333
1688.0	8819.88
1763.0	9764.226666666667
1838.0	10804.253333333334
1913.0	11490.12
1988.0	1953.4666666666667
2063.0	1768.12
2138.0	1472.9866666666667
2213.0	1356.6933333333334
2288.0	141.54666666666665
2363.0	96.66666666666667
2438.0	111.96
2513.0	141.18666666666667
2588.0	125.97333333333333
2663.0	124.72
2738.0	106.54666666666667
2813.0	284.24
2888.0	1041.36
2963.0	930.9466666666667
3038.0	754.7866666666666
3113.0	862.12
3188.0	1626.6133333333332
3263.0	1007.32
3338.0	1267.2533333333333
3413.0	1007.0266666666666
3488.0	1176.12
3563.0	143.17333333333335
3638.0	131.92
3713.0	152.94666666666666
3788.0	431.85333333333335
3863.0	266.12
3938.0	350.73333333333335
4013.0	303.2133333333333
4088.0	3313.24
4163.0	5615.8533333333335
4238.0	5004.133333333333
4313.0	9002.76
4388.0	7281.893333333333
4463.0	6827.28
4538.0	5066.7733333333335
4613.0	4832.933333333333
4688.0	3370.04
4763.0	1037.3866666666668
4838.0	1482.6133333333332
4913.0	1066.88
4988.0	1215.2933333333333
5063.0	43.026666666666664
5138.0	46.04
5213.0	37.44
5288.0	1408.68
5363.0	1555.2133333333334
5438.0	1684.2133333333334
5513.0	1569.1866666666667
5588.0	13064.04
5663.0	13972.28
5738.0	20134.12
5813.0	14955.533333333333
5888.0	14743.826666666666
5963.0	3635.16
6038.0	287.6933333333333
6113.0	351.52
6188.0	44281.82666666667
6263.0	53897.26666666667
6338.0	55403.85333333333
6413.0	50660.253333333334
6488.0	55243.41333333333
6563.0	5845.373333333333
6638.0	944.1333333333333
6713.0	1032.5066666666667
6788.0	753.4133333333333
6863.0	685.5466666666666
6938.0	10.573333333333334
7013.0	11.933333333333334
7088.0	31.16
7163.0	25.48
7238.0	25.893333333333334
7313.0	587.5333333333333
7388.0	1601.28
7463.0	1642.36
7538.0	1652.9066666666668
7613.0	1785.0266666666666
7688.0	1290.6933333333334
7763.0	822.76
7838.0	801.16
7913.0	646.24
7988.0	3847.0933333333332
8063.0	1929.2666666666667
8138.0	2731.72
8213.0	2062.9066666666668
8288.0	2920.0266666666666
8363.0	308.3466666666667
8438.0	203.33333333333334
8513.0	202.88
8588.0	264.02666666666664
8663.0	1102.6266666666668
8738.0	963.5333333333333
8813.0	1136.6666666666667
8888.0	1358.0533333333333
8963.0	3062.4266666666667
9038.0	1722.2533333333333
9113.0	2147.36
9188.0	2121.6666666666665
9263.0	2835.1466666666665
9338.0	1827.3066666666666
9413.0	2169.4133333333334
9488.0	11106.746666666666
9563.0	16917.346666666668
9638.0	16929.946666666667
9713.0	15144.226666666667
9788.0	16118.186666666666
9863.0	5967.32
9938.0	1628.0133333333333
10013.0	1416.4666666666667
10088.0	6879.48
10163.0	9783.533333333333
10238.0	8429.093333333334
10313.0	9728.146666666667
10388.0	10643.213333333333
10463.0	4135.986666666667
10538.0	1831.0133333333333
10613.0	1686.04
10688.0	3784.0133333333333
10763.0	3814.5733333333333
10838.0	2796.72
10913.0	3711.3866666666668
10988.0	5316.026666666667
11063.0	15512.426666666666
11138.0	12631.866666666667
11213.0	15382.786666666667
11288.0	13072.72
11363.0	14004.28
11438.0	1702.2666666666667
11513.0	1812.64
11588.0	2143.733333333333
11663.0	1936.52
11738.0	582.3333333333334
11813.0	473.25333333333333
11888.0	13007.52
11963.0	16235.773333333333
12038.0	16397.786666666667
12113.0	19642.12
12188.0	19452.506666666668
12263.0	6034.066666666667
12338.0	4200.746666666667
12413.0	7820.013333333333
12488.0	17102.97333333333
12563.0	13809.16
12638.0	13835.773333333333
12713.0	19596.693333333333
12788.0	23631.76
12863.0	15414.586666666666
12938.0	15503.626666666667
13013.0	39907.72
13088.0	45080.84
13163.0	63218.44
13238.0	46709.306666666664
13313.0	49030.85333333333
13388.0	24005.04
13463.0	654.1333333333333
13538.0	707.5733333333334
13613.0	6299.506666666667
13688.0	12218.906666666666
13763.0	15161.906666666666
13838.0	13971.346666666666
13913.0	13819.093333333334
13988.0	7210.16
14063.0	2990.1466666666665
14138.0	3217.4
14213.0	6575.333333333333
14288.0	7033.613333333334
14363.0	7586.213333333333
14438.0	4997.333333333333
14513.0	6505.44
14588.0	8965.506666666666
14663.0	4091.173333333333
14738.0	5340.586666666667
14813.0	4500.48
14888.0	4703.546666666667
14963.0	247.54666666666665
15038.0	245.44
15113.0	259.7733333333333
15188.0	5711.72
15263.0	7146.733333333334
15338.0	8604.706666666667
15413.0	8271.626666666667
15488.0	14205.413333333334
15563.0	11505.346666666666
15638.0	12120.253333333334
15713.0	11544.32
15788.0	8929.626666666667
15863.0	24098.133333333335
15938.0	17844.04
16013.0	19974.453333333335
16088.0	16036.226666666667
16163.0	18712.146666666667
16238.0	235.32
16313.0	216.18666666666667
16388.0	224.77333333333334
16463.0	315.3333333333333
16538.0	90.8
16613.0	75.88
16688.0	100.26666666666667
16763.0	3023.3333333333335
16838.0	5942.92
16913.0	6575.506666666667
16988.0	7572.466666666666
17063.0	13206.96
17138.0	30200.8
17213.0	27575.946666666667
17288.0	29388.28
17363.0	16553.426666666666
17438.0	23711.053333333333
17513.0	1702.0666666666666
17588.0	1658.4266666666667
17663.0	1789.6666666666667
17738.0	2786.12
17813.0	1078.96
17888.0	1483.3866666666668
17963.0	1465.0133333333333
18038.0	1551.68
18113.0	1239.1866666666667
18188.0	1049.8933333333334
18263.0	10275.146666666667
18338.0	17770.626666666667
18413.0	21463.52
18488.0	22308.653333333332
18563.0	17017.84
18638.0	49282.8
18713.0	31292.8
18788.0	34952.013333333336
18863.0	26980.4
18938.0	30917.36
19013.0	4301.613333333334
19088.0	6147.893333333333
19163.0	4305.2
19238.0	5395.653333333334
19313.0	501.64
19388.0	0.9466666666666667
19463.0	1.0533333333333332
19538.0	68.45333333333333
19613.0	496.6
19688.0	487.88
19763.0	447.1333333333333
19838.0	463.06666666666666
19913.0	546.2133333333334
19988.0	117.96
20063.0	159.09333333333333
20138.0	127.08
20213.0	145.78666666666666
20288.0	76.6
20363.0	71.2
20438.0	61.38666666666666
20513.0	4415.12
20588.0	3720.8533333333335
20663.0	4366.36
20738.0	3365.8533333333335
20813.0	9418.0
20888.0	7579.946666666667
20963.0	6495.173333333333
21038.0	7917.973333333333
21113.0	6974.306666666666
21188.0	307.61333333333334
21263.0	8.226666666666667
21338.0	10.893333333333333
21413.0	35.48
21488.0	19.56
21563.0	18.8
21638.0	292.44
21713.0	2044.2666666666667
21788.0	2408.48
21863.0	1974.5866666666666
21938.0	2001.76
22013.0	2880.16
22088.0	1647.6533333333334
22163.0	1434.8933333333334
22238.0	1407.3333333333333
22313.0	1217.7866666666666
22388.0	8.453333333333333
22463.0	11.653333333333334
22538.0	1933.96
22613.0	2155.76
22688.0	3462.9466666666667
22763.0	2768.4666666666667
22838.0	5933.72
22913.0	4013.346666666667
22988.0	3622.9333333333334
23063.0	4339.093333333333
23138.0	18730.4
23213.0	23335.106666666667
23288.0	25789.32
23363.0	24643.866666666665
23438.0	21072.613333333335
23513.0	16141.76
23588.0	1138.2133333333334
23663.0	1200.0533333333333
23738.0	1187.3466666666666
23813.0	1208.0666666666666
23888.0	836.32
23963.0	693.3066666666666
24038.0	748.2133333333334
24113.0	3031.0533333333333
24188.0	3261.786666666667
24263.0	3843.84
24338.0	2976.8933333333334
24413.0	4607.066666666667
24488.0	860.6
24563.0	863.8133333333334
24638.0	759.6133333333333
24713.0	13363.293333333333
24788.0	15508.76
24863.0	15469.706666666667
24938.0	17482.066666666666
25013.0	17443.146666666667
25088.0	4039.0266666666666
25163.0	2423.693333333333
25238.0	2361.4266666666667
25313.0	9765.973333333333
25388.0	9911.253333333334
25463.0	9680.493333333334
25538.0	8503.186666666666
25613.0	10758.373333333333
25688.0	970.08
25763.0	127.52
25838.0	130.90666666666667
25913.0	182.52
25988.0	225.81333333333333
26063.0	276.73333333333335
26138.0	178.37333333333333
26213.0	1520.0
26288.0	2789.88
26363.0	3136.346666666667
26438.0	2646.56
26513.0	5584.573333333334
26588.0	14370.266666666666
26663.0	12174.173333333334
26738.0	12176.12
26813.0	13359.28
26888.0	14433.36
26963.0	1676.6666666666667
27038.0	1462.0
27113.0	1731.24
27188.0	9270.56
27263.0	7641.893333333333
27338.0	7571.306666666666
27413.0	7663.093333333333
27488.0	7137.013333333333
27563.0	15.773333333333333
27638.0	2.28
27713.0	1.6533333333333333
27788.0	73.01333333333334
27863.0	159.42666666666668
27938.0	165.98666666666668
28013.0	198.17333333333335
28088.0	14407.24
28163.0	27222.52
28238.0	28543.093333333334
28313.0	27942.24
28388.0	34955.986666666664
28463.0	18021.853333333333
28538.0	8424.333333333334
28613.0	10240.053333333333
28688.0	8244.053333333333
28763.0	5003.586666666667
28838.0	93.32
28913.0	83.36
28988.0	4529.426666666666
29063.0	11936.746666666666
29138.0	11982.013333333334
29213.0	11804.546666666667
29288.0	10661.613333333333
29363.0	7385.013333333333
29438.0	9.586666666666666
29513.0	21.08
29588.0	38.986666666666665
29663.0	42.46666666666667
29738.0	25.28
29813.0	24.85333333333333
29877.0	1.0188679245283019
