#Read position (bp)	Clipping profile
0.0	14.638253995531878
1.0	14.638253995531878
2.0	10.802543392335453
3.0	6.434095205361746
4.0	3.392335452826946
5.0	1.037979034198316
6.0	0.0
7.0	0.0
8.0	0.0
9.0	0.0
10.0	0.0
11.0	0.0
12.0	0.0
13.0	0.0
14.0	0.0
15.0	0.0
16.0	0.0
17.0	0.0
18.0	0.0
19.0	0.0
20.0	0.0
21.0	0.0
22.0	0.0
23.0	0.0
24.0	0.0
25.0	0.0
26.0	0.0
27.0	0.0
28.0	0.0
29.0	0.0
30.0	1.8044337515036948
31.0	4.46124763705104
32.0	7.6164289396803575
33.0	11.015638425846365
34.0	13.5487197112906
35.0	10.610070458841726
