#Coverage	Number of genomic locations
0.0	30.0
3.0	14.0
4.0	15.0
5.0	35.0
6.0	25.0
7.0	59.0
8.0	21.0
9.0	16.0
10.0	36.0
11.0	34.0
12.0	38.0
13.0	25.0
14.0	68.0
15.0	89.0
16.0	89.0
17.0	40.0
18.0	26.0
19.0	27.0
20.0	37.0
21.0	60.0
22.0	41.0
23.0	44.0
24.0	54.0
25.0	43.0
26.0	51.0
27.0	34.0
28.0	39.0
29.0	28.0
30.0	22.0
31.0	36.0
32.0	21.0
33.0	9.0
34.0	18.0
35.0	14.0
36.0	14.0
37.0	21.0
38.0	19.0
39.0	26.0
40.0	31.0
41.0	20.0
42.0	11.0
43.0	15.0
44.0	17.0
45.0	19.0
46.0	21.0
47.0	21.0
48.0	28.0
49.0	19.0
50.0	9.0
51.0	24.0
52.0	17.0
53.0	23.0
54.0	15.0
55.0	19.0
56.0	30.0
57.0	31.0
58.0	20.0
59.0	20.0
60.0	30.0
61.0	24.0
62.0	30.0
63.0	44.0
64.0	56.0
65.0	27.0
66.0	36.0
67.0	35.0
68.0	30.0
69.0	48.0
70.0	46.0
71.0	61.0
72.0	45.0
73.0	43.0
74.0	68.0
75.0	100.0
76.0	69.0
77.0	75.0
78.0	57.0
79.0	58.0
80.0	71.0
81.0	50.0
82.0	50.0
83.0	38.0
84.0	46.0
85.0	40.0
86.0	38.0
87.0	33.0
88.0	49.0
89.0	52.0
90.0	51.0
91.0	32.0
92.0	30.0
93.0	39.0
94.0	32.0
95.0	42.0
96.0	54.0
97.0	43.0
98.0	15.0
99.0	10.0
100.0	15.0
101.0	15.0
102.0	12.0
103.0	8.0
104.0	9.0
105.0	13.0
106.0	17.0
107.0	22.0
108.0	19.0
109.0	20.0
110.0	13.0
111.0	12.0
112.0	19.0
113.0	26.0
114.0	27.0
115.0	40.0
116.0	31.0
117.0	17.0
118.0	31.0
119.0	35.0
120.0	31.0
121.0	24.0
122.0	18.0
123.0	6.0
124.0	9.0
125.0	16.0
126.0	17.0
127.0	14.0
128.0	25.0
129.0	36.0
130.0	26.0
131.0	45.0
132.0	37.0
133.0	37.0
134.0	35.0
135.0	20.0
136.0	19.0
137.0	20.0
138.0	14.0
139.0	12.0
140.0	22.0
141.0	28.0
142.0	32.0
143.0	24.0
144.0	32.0
145.0	23.0
146.0	25.0
147.0	19.0
148.0	27.0
149.0	17.0
150.0	19.0
151.0	20.0
152.0	32.0
153.0	30.0
154.0	36.0
155.0	22.0
156.0	25.0
157.0	28.0
158.0	23.0
159.0	31.0
160.0	33.0
161.0	32.0
162.0	18.0
163.0	18.0
164.0	36.0
165.0	38.0
166.0	36.0
167.0	38.0
168.0	34.0
169.0	38.0
170.0	36.0
171.0	26.0
172.0	33.0
173.0	15.0
174.0	36.0
175.0	18.0
176.0	16.0
177.0	26.0
178.0	29.0
179.0	23.0
180.0	33.0
181.0	35.0
182.0	23.0
183.0	21.0
184.0	21.0
185.0	19.0
186.0	29.0
187.0	24.0
188.0	15.0
189.0	31.0
190.0	13.0
191.0	9.0
192.0	19.0
193.0	11.0
194.0	6.0
195.0	10.0
196.0	16.0
197.0	11.0
198.0	9.0
199.0	13.0
200.0	8.0
201.0	14.0
202.0	14.0
203.0	17.0
204.0	12.0
205.0	14.0
206.0	10.0
207.0	19.0
208.0	14.0
209.0	10.0
210.0	19.0
211.0	21.0
212.0	17.0
213.0	13.0
214.0	12.0
215.0	6.0
216.0	11.0
217.0	10.0
218.0	8.0
219.0	19.0
220.0	18.0
221.0	12.0
222.0	25.0
223.0	16.0
224.0	21.0
225.0	17.0
226.0	19.0
227.0	16.0
228.0	11.0
229.0	16.0
230.0	10.0
231.0	13.0
232.0	17.0
233.0	16.0
234.0	14.0
235.0	15.0
236.0	23.0
237.0	17.0
238.0	21.0
239.0	23.0
240.0	28.0
241.0	33.0
242.0	38.0
243.0	42.0
244.0	35.0
245.0	32.0
246.0	17.0
247.0	25.0
248.0	20.0
249.0	25.0
250.0	21.0
251.0	23.0
252.0	16.0
253.0	24.0
254.0	20.0
255.0	14.0
256.0	20.0
257.0	11.0
258.0	13.0
259.0	21.0
260.0	21.0
261.0	15.0
262.0	21.0
263.0	13.0
264.0	15.0
265.0	15.0
266.0	9.0
267.0	5.0
268.0	9.0
269.0	11.0
270.0	12.0
271.0	9.0
272.0	8.0
273.0	9.0
274.0	6.0
275.0	16.0
276.0	15.0
277.0	10.0
278.0	10.0
279.0	8.0
280.0	16.0
281.0	19.0
282.0	18.0
283.0	17.0
284.0	10.0
285.0	15.0
286.0	15.0
287.0	16.0
288.0	16.0
289.0	16.0
290.0	16.0
291.0	9.0
292.0	21.0
293.0	12.0
294.0	13.0
295.0	16.0
296.0	16.0
297.0	17.0
298.0	15.0
299.0	11.0
300.0	18.0
301.0	14.0
302.0	13.0
303.0	8.0
304.0	9.0
305.0	19.0
306.0	16.0
307.0	12.0
308.0	15.0
309.0	9.0
310.0	10.0
311.0	8.0
312.0	19.0
313.0	19.0
314.0	14.0
315.0	20.0
316.0	12.0
317.0	12.0
318.0	6.0
319.0	5.0
320.0	3.0
321.0	7.0
322.0	3.0
323.0	7.0
324.0	9.0
325.0	15.0
326.0	15.0
327.0	11.0
328.0	7.0
329.0	6.0
330.0	11.0
331.0	8.0
332.0	7.0
333.0	4.0
334.0	4.0
335.0	9.0
336.0	9.0
337.0	5.0
338.0	7.0
339.0	4.0
340.0	6.0
341.0	4.0
342.0	4.0
343.0	3.0
344.0	6.0
345.0	2.0
346.0	6.0
347.0	4.0
348.0	9.0
349.0	11.0
350.0	6.0
351.0	8.0
352.0	9.0
353.0	6.0
354.0	5.0
355.0	6.0
356.0	1.0
357.0	4.0
358.0	6.0
359.0	4.0
360.0	5.0
361.0	3.0
362.0	1.0
363.0	7.0
364.0	5.0
365.0	6.0
366.0	10.0
367.0	2.0
368.0	8.0
369.0	2.0
370.0	11.0
371.0	2.0
372.0	13.0
373.0	16.0
374.0	13.0
375.0	6.0
376.0	13.0
377.0	23.0
378.0	15.0
379.0	13.0
380.0	14.0
381.0	9.0
382.0	19.0
383.0	16.0
384.0	19.0
385.0	20.0
386.0	9.0
387.0	15.0
388.0	12.0
389.0	12.0
390.0	6.0
391.0	7.0
392.0	5.0
393.0	9.0
394.0	5.0
395.0	9.0
396.0	5.0
397.0	8.0
398.0	9.0
399.0	5.0
400.0	3.0
401.0	5.0
402.0	3.0
403.0	11.0
404.0	6.0
405.0	13.0
406.0	4.0
407.0	9.0
408.0	12.0
409.0	5.0
410.0	11.0
411.0	9.0
412.0	10.0
413.0	3.0
414.0	14.0
415.0	12.0
416.0	10.0
417.0	8.0
418.0	14.0
419.0	10.0
420.0	9.0
421.0	6.0
422.0	7.0
423.0	5.0
424.0	13.0
425.0	13.0
426.0	10.0
427.0	10.0
428.0	5.0
429.0	3.0
430.0	10.0
431.0	7.0
432.0	5.0
433.0	4.0
434.0	4.0
435.0	9.0
436.0	9.0
437.0	8.0
438.0	1.0
439.0	6.0
440.0	4.0
441.0	5.0
442.0	7.0
443.0	11.0
444.0	9.0
445.0	4.0
446.0	8.0
447.0	12.0
448.0	4.0
449.0	12.0
450.0	11.0
451.0	9.0
452.0	10.0
453.0	17.0
454.0	9.0
455.0	9.0
456.0	10.0
457.0	11.0
458.0	11.0
459.0	12.0
460.0	6.0
461.0	19.0
462.0	15.0
463.0	14.0
464.0	13.0
465.0	14.0
466.0	11.0
467.0	11.0
468.0	13.0
469.0	11.0
470.0	12.0
471.0	12.0
472.0	15.0
473.0	7.0
474.0	8.0
475.0	6.0
476.0	6.0
477.0	10.0
478.0	12.0
479.0	12.0
480.0	11.0
481.0	10.0
482.0	8.0
483.0	6.0
484.0	6.0
485.0	7.0
486.0	12.0
487.0	6.0
488.0	5.0
489.0	5.0
490.0	8.0
491.0	16.0
492.0	10.0
493.0	5.0
494.0	8.0
495.0	11.0
496.0	7.0
497.0	14.0
498.0	11.0
499.0	7.0
500.0	6.0
501.0	12.0
502.0	7.0
503.0	8.0
504.0	7.0
505.0	9.0
506.0	15.0
507.0	6.0
508.0	7.0
509.0	8.0
510.0	10.0
511.0	14.0
512.0	12.0
513.0	15.0
514.0	6.0
515.0	13.0
516.0	10.0
517.0	12.0
518.0	10.0
519.0	11.0
520.0	13.0
521.0	14.0
522.0	11.0
523.0	12.0
524.0	7.0
525.0	7.0
526.0	6.0
527.0	8.0
528.0	10.0
529.0	8.0
530.0	11.0
531.0	11.0
532.0	7.0
533.0	2.0
534.0	6.0
535.0	9.0
536.0	4.0
537.0	9.0
538.0	6.0
539.0	8.0
540.0	13.0
541.0	11.0
542.0	4.0
543.0	9.0
544.0	5.0
545.0	14.0
546.0	11.0
547.0	12.0
548.0	12.0
549.0	6.0
550.0	4.0
551.0	12.0
552.0	9.0
553.0	8.0
554.0	6.0
555.0	12.0
556.0	9.0
557.0	6.0
558.0	11.0
559.0	7.0
560.0	5.0
561.0	7.0
562.0	14.0
563.0	7.0
564.0	9.0
565.0	4.0
566.0	10.0
567.0	10.0
568.0	16.0
569.0	11.0
570.0	4.0
571.0	15.0
572.0	10.0
573.0	12.0
574.0	12.0
575.0	9.0
576.0	15.0
577.0	16.0
578.0	16.0
579.0	13.0
580.0	11.0
581.0	11.0
582.0	7.0
583.0	7.0
584.0	9.0
585.0	7.0
586.0	9.0
587.0	5.0
588.0	10.0
589.0	5.0
590.0	7.0
591.0	9.0
592.0	8.0
593.0	8.0
594.0	8.0
595.0	7.0
596.0	7.0
597.0	7.0
598.0	4.0
599.0	7.0
600.0	4.0
601.0	2.0
602.0	11.0
603.0	5.0
604.0	8.0
605.0	6.0
606.0	4.0
607.0	7.0
608.0	6.0
609.0	8.0
610.0	7.0
611.0	14.0
612.0	8.0
613.0	9.0
614.0	14.0
615.0	5.0
616.0	13.0
617.0	8.0
618.0	11.0
619.0	8.0
620.0	13.0
621.0	8.0
622.0	8.0
623.0	9.0
624.0	9.0
625.0	10.0
626.0	6.0
627.0	10.0
628.0	5.0
629.0	10.0
630.0	2.0
631.0	13.0
632.0	10.0
633.0	10.0
634.0	5.0
635.0	9.0
636.0	13.0
637.0	5.0
638.0	6.0
639.0	11.0
640.0	13.0
642.0	5.0
643.0	13.0
644.0	13.0
645.0	4.0
646.0	12.0
647.0	7.0
648.0	7.0
649.0	9.0
650.0	7.0
651.0	10.0
652.0	7.0
653.0	5.0
654.0	4.0
655.0	8.0
656.0	8.0
657.0	5.0
658.0	3.0
659.0	6.0
660.0	4.0
661.0	9.0
662.0	7.0
663.0	5.0
664.0	8.0
665.0	6.0
666.0	6.0
667.0	8.0
668.0	5.0
669.0	2.0
670.0	9.0
671.0	3.0
672.0	6.0
673.0	5.0
674.0	5.0
675.0	9.0
676.0	3.0
677.0	2.0
678.0	8.0
679.0	7.0
680.0	5.0
681.0	5.0
682.0	8.0
683.0	12.0
684.0	10.0
685.0	6.0
686.0	10.0
687.0	3.0
688.0	2.0
689.0	12.0
690.0	5.0
691.0	8.0
692.0	3.0
693.0	4.0
694.0	2.0
695.0	6.0
696.0	9.0
697.0	4.0
698.0	3.0
699.0	7.0
700.0	7.0
701.0	2.0
702.0	7.0
703.0	4.0
704.0	5.0
705.0	6.0
706.0	6.0
707.0	5.0
708.0	6.0
709.0	6.0
710.0	4.0
711.0	7.0
712.0	6.0
713.0	3.0
714.0	10.0
715.0	8.0
716.0	5.0
717.0	8.0
718.0	4.0
719.0	6.0
720.0	3.0
721.0	14.0
722.0	8.0
723.0	6.0
724.0	2.0
725.0	6.0
726.0	4.0
727.0	7.0
728.0	5.0
729.0	8.0
730.0	4.0
731.0	10.0
732.0	7.0
733.0	8.0
734.0	8.0
735.0	11.0
736.0	14.0
737.0	8.0
738.0	11.0
739.0	10.0
740.0	8.0
741.0	5.0
742.0	14.0
743.0	7.0
744.0	12.0
745.0	7.0
746.0	8.0
747.0	6.0
748.0	4.0
749.0	6.0
750.0	7.0
751.0	8.0
752.0	4.0
753.0	3.0
754.0	5.0
755.0	7.0
756.0	2.0
757.0	9.0
758.0	9.0
759.0	12.0
760.0	5.0
761.0	1.0
762.0	5.0
763.0	3.0
764.0	9.0
765.0	5.0
766.0	5.0
767.0	9.0
768.0	6.0
769.0	2.0
770.0	9.0
771.0	8.0
772.0	5.0
773.0	3.0
774.0	6.0
775.0	2.0
776.0	11.0
777.0	5.0
778.0	8.0
779.0	6.0
780.0	3.0
781.0	5.0
782.0	4.0
783.0	9.0
784.0	4.0
785.0	4.0
786.0	5.0
787.0	9.0
788.0	2.0
789.0	7.0
790.0	5.0
791.0	10.0
792.0	11.0
793.0	12.0
794.0	5.0
795.0	8.0
796.0	8.0
797.0	9.0
798.0	10.0
799.0	8.0
800.0	14.0
801.0	6.0
802.0	10.0
803.0	7.0
804.0	10.0
805.0	5.0
806.0	6.0
807.0	4.0
808.0	6.0
809.0	2.0
810.0	9.0
811.0	7.0
812.0	4.0
813.0	6.0
814.0	7.0
815.0	6.0
816.0	7.0
817.0	4.0
818.0	4.0
819.0	3.0
820.0	2.0
821.0	2.0
822.0	1.0
823.0	1.0
824.0	6.0
825.0	2.0
826.0	3.0
827.0	2.0
828.0	3.0
829.0	1.0
830.0	9.0
831.0	7.0
832.0	4.0
833.0	2.0
834.0	4.0
835.0	2.0
836.0	4.0
837.0	4.0
838.0	6.0
839.0	5.0
840.0	7.0
841.0	8.0
842.0	5.0
843.0	9.0
844.0	6.0
845.0	6.0
846.0	1.0
847.0	8.0
848.0	9.0
849.0	2.0
850.0	8.0
851.0	9.0
852.0	4.0
853.0	8.0
854.0	4.0
855.0	5.0
856.0	1.0
857.0	4.0
858.0	4.0
859.0	5.0
860.0	4.0
861.0	5.0
862.0	8.0
863.0	8.0
864.0	3.0
865.0	3.0
866.0	9.0
867.0	5.0
868.0	8.0
869.0	4.0
870.0	2.0
871.0	10.0
872.0	10.0
873.0	5.0
874.0	8.0
875.0	4.0
876.0	7.0
877.0	7.0
878.0	8.0
879.0	4.0
880.0	7.0
881.0	10.0
882.0	9.0
883.0	6.0
884.0	5.0
885.0	5.0
886.0	10.0
887.0	9.0
888.0	13.0
889.0	10.0
890.0	5.0
891.0	10.0
892.0	8.0
893.0	8.0
894.0	4.0
895.0	6.0
896.0	4.0
897.0	3.0
898.0	6.0
899.0	7.0
900.0	8.0
901.0	5.0
902.0	4.0
903.0	6.0
904.0	4.0
905.0	4.0
906.0	7.0
907.0	6.0
908.0	7.0
909.0	7.0
910.0	2.0
911.0	7.0
912.0	14.0
913.0	6.0
914.0	3.0
915.0	9.0
916.0	7.0
917.0	6.0
918.0	7.0
919.0	5.0
920.0	5.0
921.0	5.0
922.0	3.0
923.0	7.0
924.0	7.0
925.0	8.0
926.0	5.0
927.0	7.0
928.0	2.0
929.0	2.0
930.0	5.0
931.0	6.0
932.0	8.0
933.0	6.0
934.0	5.0
935.0	4.0
936.0	4.0
937.0	4.0
938.0	9.0
939.0	4.0
940.0	4.0
941.0	7.0
942.0	7.0
943.0	8.0
944.0	5.0
945.0	4.0
946.0	6.0
947.0	7.0
948.0	4.0
949.0	8.0
950.0	6.0
951.0	7.0
952.0	2.0
953.0	2.0
954.0	6.0
955.0	8.0
956.0	6.0
957.0	2.0
958.0	7.0
959.0	3.0
960.0	5.0
961.0	5.0
962.0	5.0
963.0	6.0
964.0	7.0
965.0	4.0
966.0	5.0
967.0	9.0
968.0	6.0
969.0	8.0
970.0	8.0
971.0	7.0
972.0	6.0
973.0	6.0
974.0	6.0
975.0	6.0
976.0	4.0
977.0	6.0
978.0	7.0
979.0	8.0
980.0	9.0
981.0	5.0
982.0	4.0
983.0	5.0
984.0	10.0
985.0	7.0
986.0	4.0
987.0	4.0
988.0	3.0
989.0	3.0
990.0	6.0
991.0	2.0
992.0	3.0
993.0	6.0
994.0	6.0
995.0	7.0
996.0	3.0
997.0	4.0
998.0	5.0
999.0	5.0
1000.0	9.0
1001.0	3.0
1002.0	9.0
1003.0	4.0
1004.0	3.0
1005.0	7.0
1006.0	1.0
1007.0	5.0
1008.0	7.0
1009.0	3.0
1010.0	7.0
1011.0	7.0
1012.0	3.0
1013.0	5.0
1014.0	3.0
1015.0	4.0
1016.0	8.0
1018.0	1.0
1019.0	8.0
1020.0	8.0
1021.0	3.0
1022.0	6.0
1023.0	4.0
1024.0	7.0
1025.0	5.0
1026.0	4.0
1027.0	2.0
1028.0	7.0
1029.0	3.0
1030.0	4.0
1031.0	4.0
1032.0	3.0
1033.0	3.0
1034.0	6.0
1035.0	6.0
1036.0	4.0
1037.0	6.0
1038.0	3.0
1039.0	6.0
1040.0	8.0
1041.0	8.0
1042.0	5.0
1043.0	4.0
1044.0	5.0
1045.0	6.0
1046.0	4.0
1047.0	2.0
1048.0	5.0
1049.0	3.0
1050.0	3.0
1051.0	6.0
1052.0	5.0
1053.0	7.0
1054.0	9.0
1055.0	10.0
1056.0	6.0
1057.0	7.0
1058.0	4.0
1059.0	5.0
1060.0	7.0
1061.0	7.0
1062.0	11.0
1063.0	2.0
1064.0	8.0
1065.0	8.0
1066.0	10.0
1067.0	8.0
1068.0	1.0
1069.0	7.0
1070.0	4.0
1071.0	6.0
1072.0	7.0
1073.0	4.0
1074.0	7.0
1075.0	11.0
1076.0	5.0
1077.0	4.0
1078.0	4.0
1079.0	3.0
1080.0	3.0
1081.0	2.0
1082.0	2.0
1083.0	7.0
1084.0	5.0
1085.0	5.0
1086.0	3.0
1087.0	6.0
1088.0	6.0
1089.0	4.0
1090.0	9.0
1091.0	7.0
1092.0	4.0
1093.0	2.0
1094.0	8.0
1095.0	10.0
1096.0	6.0
1097.0	7.0
1098.0	2.0
1099.0	6.0
1100.0	1.0
1101.0	7.0
1102.0	4.0
1103.0	6.0
1104.0	6.0
1105.0	5.0
1106.0	9.0
1107.0	3.0
1108.0	9.0
1109.0	7.0
1110.0	14.0
1111.0	6.0
1112.0	10.0
1113.0	12.0
1114.0	10.0
1115.0	7.0
1116.0	6.0
1117.0	12.0
1118.0	3.0
1119.0	4.0
1120.0	10.0
1121.0	17.0
1122.0	9.0
1123.0	6.0
1124.0	7.0
1125.0	14.0
1126.0	15.0
1127.0	6.0
1128.0	4.0
1129.0	6.0
1130.0	12.0
1131.0	6.0
1132.0	8.0
1133.0	13.0
1134.0	10.0
1135.0	17.0
1136.0	6.0
1137.0	11.0
1138.0	7.0
1139.0	4.0
1140.0	6.0
1141.0	5.0
1142.0	8.0
1143.0	3.0
1144.0	4.0
1145.0	6.0
1146.0	6.0
1147.0	10.0
1148.0	6.0
1149.0	6.0
1150.0	2.0
1151.0	5.0
1152.0	6.0
1153.0	8.0
1154.0	8.0
1155.0	8.0
1156.0	5.0
1157.0	3.0
1158.0	7.0
1159.0	5.0
1160.0	5.0
1161.0	6.0
1162.0	12.0
1163.0	4.0
1164.0	1.0
1165.0	1.0
1166.0	6.0
1167.0	9.0
1168.0	4.0
1169.0	3.0
1170.0	3.0
1171.0	7.0
1172.0	3.0
1173.0	4.0
1174.0	4.0
1175.0	7.0
1176.0	4.0
1177.0	4.0
1178.0	2.0
1179.0	5.0
1180.0	3.0
1181.0	7.0
1182.0	4.0
1183.0	2.0
1184.0	8.0
1186.0	6.0
1187.0	5.0
1188.0	1.0
1189.0	6.0
1190.0	2.0
1191.0	6.0
1192.0	3.0
1193.0	6.0
1194.0	7.0
1195.0	6.0
1196.0	6.0
1197.0	6.0
1198.0	6.0
1199.0	3.0
1200.0	3.0
1201.0	4.0
1202.0	4.0
1203.0	4.0
1204.0	6.0
1205.0	3.0
1206.0	3.0
1207.0	8.0
1208.0	6.0
1209.0	1.0
1210.0	5.0
1211.0	3.0
1212.0	2.0
1213.0	7.0
1214.0	2.0
1215.0	2.0
1216.0	5.0
1217.0	4.0
1218.0	5.0
1219.0	3.0
1220.0	7.0
1221.0	4.0
1222.0	4.0
1223.0	4.0
1224.0	2.0
1225.0	8.0
1226.0	3.0
1227.0	5.0
1228.0	2.0
1229.0	1.0
1230.0	6.0
1231.0	5.0
1232.0	6.0
1233.0	1.0
1234.0	6.0
1235.0	5.0
1236.0	3.0
1237.0	3.0
1238.0	7.0
1239.0	3.0
1240.0	4.0
1241.0	2.0
1242.0	8.0
1243.0	2.0
1244.0	4.0
1245.0	2.0
1246.0	7.0
1247.0	5.0
1248.0	7.0
1249.0	8.0
1250.0	4.0
1251.0	7.0
1252.0	7.0
1253.0	7.0
1254.0	4.0
1255.0	6.0
1256.0	6.0
1257.0	1.0
1258.0	4.0
1259.0	2.0
1260.0	8.0
1261.0	7.0
1262.0	2.0
1263.0	3.0
1264.0	4.0
1265.0	4.0
1266.0	3.0
1267.0	5.0
1268.0	3.0
1269.0	7.0
1270.0	9.0
1271.0	6.0
1272.0	5.0
1273.0	6.0
1274.0	6.0
1275.0	4.0
1276.0	2.0
1277.0	4.0
1278.0	2.0
1279.0	4.0
1280.0	4.0
1281.0	5.0
1282.0	7.0
1283.0	3.0
1284.0	4.0
1285.0	4.0
1286.0	5.0
1287.0	5.0
1288.0	4.0
1289.0	4.0
1290.0	3.0
1291.0	3.0
1292.0	9.0
1293.0	8.0
1294.0	11.0
1295.0	5.0
1296.0	7.0
1297.0	8.0
1298.0	6.0
1299.0	3.0
1300.0	5.0
1301.0	2.0
1302.0	8.0
1303.0	5.0
1304.0	6.0
1305.0	2.0
1306.0	9.0
1307.0	3.0
1308.0	8.0
1309.0	5.0
1310.0	8.0
1311.0	7.0
1312.0	1.0
1313.0	10.0
1314.0	3.0
1315.0	11.0
1316.0	5.0
1317.0	2.0
1318.0	5.0
1320.0	1.0
1321.0	4.0
1322.0	8.0
1323.0	4.0
1324.0	8.0
1325.0	3.0
1326.0	7.0
1327.0	3.0
1328.0	14.0
1329.0	4.0
1330.0	7.0
1331.0	5.0
1332.0	3.0
1333.0	9.0
1334.0	8.0
1335.0	8.0
1336.0	8.0
1337.0	4.0
1338.0	9.0
1339.0	6.0
1340.0	3.0
1341.0	8.0
1342.0	4.0
1343.0	8.0
1344.0	7.0
1345.0	8.0
1346.0	5.0
1347.0	7.0
1348.0	12.0
1349.0	5.0
1350.0	6.0
1351.0	10.0
1352.0	9.0
1353.0	4.0
1354.0	4.0
1355.0	5.0
1356.0	10.0
1357.0	8.0
1358.0	6.0
1359.0	7.0
1360.0	4.0
1361.0	15.0
1362.0	3.0
1363.0	6.0
1364.0	12.0
1365.0	8.0
1366.0	11.0
1367.0	10.0
1368.0	6.0
1369.0	4.0
1370.0	8.0
1371.0	8.0
1372.0	1.0
1373.0	8.0
1374.0	4.0
1375.0	2.0
1376.0	6.0
1377.0	11.0
1378.0	7.0
1379.0	12.0
1380.0	4.0
1381.0	10.0
1382.0	4.0
1383.0	10.0
1384.0	4.0
1385.0	8.0
1386.0	3.0
1387.0	5.0
1388.0	7.0
1389.0	7.0
1390.0	12.0
1391.0	4.0
1392.0	4.0
1393.0	5.0
1394.0	8.0
1395.0	3.0
1396.0	3.0
1397.0	5.0
1398.0	2.0
1399.0	3.0
1400.0	2.0
1401.0	2.0
1402.0	4.0
1403.0	3.0
1404.0	5.0
1405.0	3.0
1406.0	2.0
1407.0	5.0
1408.0	6.0
1409.0	1.0
1410.0	4.0
1411.0	2.0
1412.0	4.0
1413.0	6.0
1414.0	5.0
1415.0	3.0
1416.0	7.0
1417.0	1.0
1418.0	4.0
1419.0	4.0
1420.0	6.0
1421.0	3.0
1422.0	6.0
1423.0	3.0
1424.0	2.0
1425.0	3.0
1426.0	8.0
1427.0	5.0
1428.0	4.0
1429.0	1.0
1430.0	4.0
1431.0	2.0
1432.0	3.0
1433.0	3.0
1434.0	5.0
1435.0	4.0
1436.0	8.0
1437.0	5.0
1438.0	2.0
1439.0	5.0
1440.0	1.0
1441.0	7.0
1442.0	1.0
1443.0	5.0
1444.0	1.0
1445.0	6.0
1446.0	7.0
1447.0	5.0
1448.0	6.0
1449.0	6.0
1450.0	9.0
1451.0	3.0
1452.0	5.0
1453.0	7.0
1454.0	8.0
1455.0	11.0
1456.0	6.0
1457.0	10.0
1458.0	9.0
1459.0	6.0
1460.0	14.0
1461.0	6.0
1462.0	9.0
1463.0	4.0
1464.0	10.0
1465.0	9.0
1466.0	3.0
1467.0	6.0
1468.0	8.0
1469.0	3.0
1470.0	11.0
1471.0	3.0
1472.0	7.0
1473.0	6.0
1474.0	7.0
1475.0	5.0
1476.0	5.0
1477.0	4.0
1478.0	3.0
1479.0	2.0
1480.0	6.0
1481.0	6.0
1482.0	4.0
1483.0	6.0
1484.0	1.0
1485.0	5.0
1486.0	7.0
1487.0	4.0
1489.0	7.0
1490.0	4.0
1491.0	4.0
1492.0	5.0
1493.0	7.0
1494.0	3.0
1495.0	8.0
1496.0	6.0
1497.0	2.0
1498.0	6.0
1499.0	2.0
1500.0	5.0
1501.0	6.0
1502.0	3.0
1503.0	2.0
1504.0	1.0
1505.0	7.0
1506.0	4.0
1507.0	3.0
1508.0	4.0
1509.0	4.0
1510.0	1.0
1511.0	5.0
1512.0	9.0
1513.0	2.0
1514.0	5.0
1515.0	6.0
1516.0	8.0
1517.0	2.0
1518.0	3.0
1519.0	7.0
1520.0	3.0
1521.0	6.0
1522.0	5.0
1523.0	4.0
1524.0	4.0
1525.0	5.0
1526.0	7.0
1527.0	4.0
1528.0	3.0
1529.0	5.0
1530.0	5.0
1531.0	4.0
1532.0	3.0
1533.0	5.0
1534.0	4.0
1535.0	4.0
1536.0	5.0
1537.0	7.0
1538.0	3.0
1539.0	3.0
1540.0	3.0
1541.0	1.0
1543.0	2.0
1544.0	3.0
1545.0	5.0
1546.0	6.0
1547.0	3.0
1548.0	3.0
1549.0	3.0
1550.0	7.0
1551.0	1.0
1552.0	9.0
1553.0	4.0
1554.0	1.0
1555.0	2.0
1556.0	2.0
1557.0	8.0
1558.0	5.0
1560.0	5.0
1561.0	5.0
1562.0	3.0
1563.0	2.0
1564.0	6.0
1565.0	4.0
1566.0	3.0
1567.0	5.0
1568.0	7.0
1569.0	3.0
1570.0	5.0
1571.0	2.0
1572.0	4.0
1573.0	3.0
1574.0	1.0
1575.0	2.0
1576.0	3.0
1577.0	2.0
1578.0	4.0
1579.0	1.0
1580.0	5.0
1581.0	2.0
1582.0	5.0
1583.0	5.0
1584.0	4.0
1585.0	5.0
1586.0	6.0
1587.0	9.0
1588.0	4.0
1589.0	3.0
1590.0	5.0
1591.0	3.0
1592.0	9.0
1593.0	6.0
1594.0	5.0
1595.0	4.0
1596.0	4.0
1597.0	2.0
1598.0	4.0
1599.0	4.0
1600.0	3.0
1601.0	3.0
1602.0	3.0
1603.0	7.0
1604.0	6.0
1605.0	7.0
1606.0	2.0
1607.0	5.0
1608.0	7.0
1609.0	7.0
1610.0	4.0
1611.0	4.0
1612.0	6.0
1613.0	5.0
1614.0	3.0
1615.0	2.0
1616.0	1.0
1617.0	3.0
1618.0	6.0
1619.0	5.0
1620.0	5.0
1621.0	7.0
1622.0	7.0
1623.0	1.0
1624.0	5.0
1625.0	1.0
1626.0	3.0
1627.0	1.0
1628.0	4.0
1629.0	2.0
1630.0	3.0
1631.0	7.0
1632.0	3.0
1633.0	3.0
1634.0	3.0
1635.0	1.0
1636.0	5.0
1637.0	6.0
1638.0	7.0
1639.0	4.0
1640.0	4.0
1641.0	1.0
1642.0	6.0
1643.0	6.0
1644.0	5.0
1645.0	4.0
1646.0	3.0
1647.0	4.0
1648.0	5.0
1649.0	3.0
1650.0	4.0
1651.0	6.0
1652.0	5.0
1653.0	3.0
1654.0	5.0
1655.0	5.0
1656.0	3.0
1657.0	1.0
1658.0	4.0
1659.0	5.0
1660.0	3.0
1661.0	9.0
1662.0	3.0
1663.0	6.0
1664.0	4.0
1665.0	7.0
1666.0	8.0
1667.0	4.0
1668.0	3.0
1669.0	3.0
1670.0	5.0
1671.0	3.0
1672.0	3.0
1673.0	6.0
1674.0	6.0
1675.0	6.0
1676.0	2.0
1677.0	5.0
1678.0	3.0
1679.0	1.0
1681.0	4.0
1682.0	11.0
1683.0	5.0
1684.0	3.0
1685.0	6.0
1686.0	7.0
1687.0	2.0
1688.0	5.0
1689.0	7.0
1690.0	10.0
1691.0	7.0
1692.0	10.0
1693.0	5.0
1694.0	3.0
1695.0	7.0
1696.0	8.0
1697.0	7.0
1698.0	9.0
1699.0	6.0
1700.0	5.0
1701.0	4.0
1702.0	2.0
1703.0	3.0
1704.0	3.0
1705.0	4.0
1706.0	6.0
1707.0	6.0
1708.0	8.0
1709.0	6.0
1710.0	8.0
1711.0	3.0
1712.0	4.0
1713.0	3.0
1714.0	11.0
1715.0	3.0
1716.0	3.0
1717.0	11.0
1718.0	5.0
1719.0	6.0
1720.0	3.0
1721.0	3.0
1722.0	4.0
1723.0	6.0
1724.0	6.0
1725.0	3.0
1726.0	3.0
1727.0	3.0
1728.0	6.0
1729.0	6.0
1730.0	3.0
1731.0	8.0
1732.0	5.0
1733.0	2.0
1734.0	4.0
1735.0	3.0
1736.0	4.0
1737.0	3.0
1738.0	4.0
1739.0	9.0
1740.0	9.0
1741.0	10.0
1742.0	6.0
1743.0	6.0
1744.0	6.0
1745.0	6.0
1746.0	3.0
1747.0	3.0
1748.0	8.0
1749.0	4.0
1750.0	6.0
1751.0	2.0
1752.0	4.0
1753.0	7.0
1754.0	5.0
1755.0	7.0
1756.0	12.0
1757.0	3.0
1758.0	7.0
1759.0	8.0
1760.0	8.0
1761.0	3.0
1762.0	5.0
1763.0	5.0
1764.0	5.0
1765.0	7.0
1766.0	7.0
1767.0	5.0
1768.0	12.0
1769.0	3.0
1770.0	7.0
1771.0	3.0
1772.0	7.0
1773.0	5.0
1774.0	5.0
1775.0	8.0
1776.0	12.0
1777.0	6.0
1778.0	8.0
1779.0	4.0
1780.0	10.0
1781.0	9.0
1782.0	2.0
1783.0	4.0
1784.0	5.0
1785.0	6.0
1786.0	6.0
1787.0	12.0
1788.0	9.0
1789.0	9.0
1790.0	9.0
1791.0	9.0
1792.0	8.0
1793.0	13.0
1794.0	8.0
1795.0	6.0
1796.0	8.0
1797.0	6.0
1798.0	9.0
1799.0	8.0
1800.0	10.0
1801.0	10.0
1802.0	5.0
1803.0	5.0
1804.0	7.0
1805.0	4.0
1806.0	8.0
1807.0	7.0
1808.0	6.0
1809.0	7.0
1810.0	6.0
1811.0	3.0
1812.0	4.0
1813.0	8.0
1814.0	8.0
1815.0	8.0
1816.0	4.0
1817.0	5.0
1818.0	8.0
1819.0	6.0
1820.0	4.0
1821.0	5.0
1822.0	6.0
1823.0	6.0
1824.0	4.0
1825.0	5.0
1826.0	6.0
1827.0	9.0
1828.0	14.0
1829.0	6.0
1830.0	12.0
1831.0	8.0
1832.0	13.0
1833.0	6.0
1834.0	4.0
1835.0	11.0
1836.0	12.0
1837.0	5.0
1838.0	10.0
1839.0	7.0
1840.0	9.0
1841.0	11.0
1842.0	8.0
1843.0	7.0
1844.0	11.0
1845.0	6.0
1846.0	4.0
1847.0	7.0
1848.0	14.0
1849.0	8.0
1850.0	7.0
1851.0	6.0
1852.0	11.0
1853.0	5.0
1854.0	6.0
1855.0	5.0
1856.0	6.0
1857.0	8.0
1858.0	4.0
1859.0	4.0
1860.0	11.0
1861.0	9.0
1862.0	4.0
1863.0	4.0
1864.0	3.0
1865.0	6.0
1866.0	3.0
1867.0	3.0
1868.0	6.0
1869.0	6.0
1870.0	6.0
1871.0	5.0
1872.0	2.0
1873.0	9.0
1874.0	6.0
1875.0	4.0
1876.0	5.0
1877.0	6.0
1878.0	5.0
1879.0	7.0
1880.0	6.0
1882.0	8.0
1883.0	4.0
1884.0	9.0
1885.0	4.0
1886.0	7.0
1887.0	11.0
1888.0	4.0
1889.0	1.0
1890.0	6.0
1891.0	6.0
1892.0	8.0
1893.0	5.0
1894.0	2.0
1895.0	4.0
1896.0	5.0
1897.0	4.0
1898.0	7.0
1899.0	7.0
1900.0	9.0
1901.0	7.0
1902.0	8.0
1903.0	7.0
1904.0	6.0
1905.0	6.0
1906.0	7.0
1907.0	6.0
1909.0	4.0
1910.0	9.0
1911.0	8.0
1912.0	3.0
1913.0	5.0
1914.0	11.0
1915.0	10.0
1916.0	5.0
1917.0	8.0
1918.0	3.0
1919.0	3.0
1920.0	5.0
1921.0	5.0
1922.0	3.0
1923.0	6.0
1924.0	4.0
1925.0	13.0
1926.0	7.0
1927.0	2.0
1928.0	5.0
1929.0	2.0
1930.0	9.0
1931.0	3.0
1932.0	9.0
1933.0	7.0
1934.0	5.0
1935.0	5.0
1936.0	8.0
1937.0	3.0
1938.0	4.0
1939.0	1.0
1940.0	4.0
1941.0	9.0
1942.0	4.0
1943.0	2.0
1944.0	1.0
1945.0	10.0
1946.0	4.0
1947.0	8.0
1948.0	4.0
1949.0	4.0
1950.0	7.0
1951.0	9.0
1952.0	3.0
1953.0	8.0
1954.0	8.0
1955.0	4.0
1956.0	12.0
1957.0	6.0
1958.0	2.0
1959.0	6.0
1960.0	7.0
1961.0	7.0
1962.0	8.0
1963.0	8.0
1964.0	2.0
1965.0	4.0
1966.0	8.0
1967.0	9.0
1968.0	4.0
1969.0	6.0
1970.0	5.0
1971.0	9.0
1972.0	6.0
1973.0	4.0
1974.0	5.0
1975.0	4.0
1976.0	1.0
1977.0	5.0
1978.0	3.0
1979.0	7.0
1980.0	5.0
1981.0	11.0
1982.0	3.0
1983.0	6.0
1984.0	2.0
1985.0	6.0
1986.0	2.0
1987.0	3.0
1988.0	5.0
1989.0	2.0
1990.0	5.0
1991.0	4.0
1992.0	2.0
1993.0	1.0
1994.0	6.0
1995.0	2.0
1996.0	5.0
1997.0	5.0
1998.0	2.0
1999.0	7.0
2000.0	3.0
2001.0	2.0
2002.0	6.0
2003.0	3.0
2004.0	9.0
2005.0	4.0
2006.0	5.0
2007.0	5.0
2008.0	3.0
2009.0	5.0
2010.0	3.0
2012.0	4.0
2013.0	7.0
2014.0	6.0
2015.0	4.0
2016.0	4.0
2017.0	1.0
2018.0	4.0
2019.0	6.0
2020.0	4.0
2021.0	4.0
2022.0	2.0
2023.0	2.0
2024.0	5.0
2025.0	6.0
2026.0	5.0
2027.0	7.0
2028.0	3.0
2029.0	6.0
2030.0	2.0
2031.0	8.0
2032.0	6.0
2033.0	2.0
2034.0	8.0
2035.0	2.0
2036.0	2.0
2037.0	3.0
2038.0	4.0
2039.0	5.0
2040.0	6.0
2041.0	5.0
2042.0	7.0
2043.0	7.0
2044.0	4.0
2045.0	5.0
2046.0	4.0
2047.0	2.0
2048.0	4.0
2049.0	3.0
2050.0	4.0
2051.0	5.0
2052.0	11.0
2053.0	6.0
2054.0	3.0
2055.0	5.0
2056.0	8.0
2057.0	1.0
2058.0	3.0
2059.0	3.0
2060.0	5.0
2061.0	4.0
2062.0	4.0
2063.0	4.0
2064.0	2.0
2065.0	9.0
2066.0	5.0
2067.0	5.0
2068.0	4.0
2069.0	6.0
2070.0	3.0
2071.0	6.0
2072.0	9.0
2073.0	6.0
2074.0	4.0
2075.0	6.0
2076.0	8.0
2077.0	7.0
2078.0	4.0
2079.0	10.0
2080.0	5.0
2081.0	9.0
2082.0	6.0
2083.0	6.0
2084.0	9.0
2085.0	3.0
2086.0	5.0
2087.0	3.0
2088.0	7.0
2089.0	1.0
2090.0	4.0
2091.0	3.0
2092.0	5.0
2093.0	4.0
2094.0	6.0
2095.0	8.0
2096.0	5.0
2097.0	1.0
2098.0	4.0
2099.0	2.0
2100.0	1.0
2101.0	5.0
2102.0	6.0
2103.0	9.0
2104.0	2.0
2105.0	4.0
2106.0	7.0
2107.0	5.0
2108.0	1.0
2109.0	3.0
2110.0	2.0
2111.0	9.0
2112.0	5.0
2113.0	2.0
2114.0	4.0
2115.0	6.0
2116.0	4.0
2117.0	4.0
2118.0	5.0
2119.0	3.0
2120.0	3.0
2121.0	6.0
2122.0	2.0
2123.0	6.0
2124.0	6.0
2125.0	5.0
2126.0	3.0
2127.0	1.0
2128.0	2.0
2129.0	5.0
2130.0	4.0
2131.0	5.0
2132.0	7.0
2133.0	8.0
2134.0	7.0
2135.0	4.0
2136.0	10.0
2137.0	5.0
2138.0	5.0
2139.0	6.0
2140.0	6.0
2142.0	2.0
2143.0	5.0
2144.0	3.0
2145.0	1.0
2146.0	4.0
2147.0	3.0
2148.0	3.0
2149.0	7.0
2150.0	4.0
2151.0	2.0
2152.0	8.0
2153.0	5.0
2154.0	4.0
2155.0	3.0
2156.0	3.0
2157.0	5.0
2158.0	6.0
2159.0	2.0
2160.0	2.0
2161.0	2.0
2162.0	3.0
2163.0	5.0
2164.0	2.0
2165.0	4.0
2166.0	4.0
2167.0	5.0
2168.0	3.0
2169.0	7.0
2170.0	6.0
2171.0	3.0
2172.0	6.0
2173.0	3.0
2174.0	4.0
2175.0	4.0
2176.0	1.0
2177.0	4.0
2178.0	5.0
2179.0	5.0
2180.0	4.0
2181.0	3.0
2182.0	2.0
2183.0	3.0
2184.0	3.0
2185.0	7.0
2186.0	5.0
2187.0	3.0
2188.0	5.0
2189.0	4.0
2190.0	3.0
2191.0	6.0
2192.0	6.0
2193.0	4.0
2194.0	4.0
2195.0	4.0
2196.0	5.0
2197.0	5.0
2198.0	8.0
2199.0	4.0
2200.0	6.0
2201.0	3.0
2202.0	3.0
2203.0	3.0
2204.0	3.0
2205.0	5.0
2206.0	4.0
2207.0	6.0
2208.0	4.0
2209.0	2.0
2210.0	3.0
2211.0	3.0
2212.0	6.0
2213.0	5.0
2214.0	5.0
2215.0	5.0
2217.0	4.0
2218.0	5.0
2219.0	3.0
2220.0	4.0
2221.0	2.0
2222.0	1.0
2223.0	3.0
2224.0	3.0
2225.0	3.0
2226.0	1.0
2227.0	3.0
2228.0	2.0
2229.0	1.0
2230.0	1.0
2232.0	2.0
2233.0	3.0
2235.0	5.0
2236.0	4.0
2237.0	5.0
2238.0	4.0
2239.0	3.0
2240.0	3.0
2241.0	5.0
2242.0	3.0
2243.0	4.0
2244.0	2.0
2245.0	5.0
2246.0	4.0
2247.0	3.0
2248.0	2.0
2249.0	5.0
2250.0	7.0
2251.0	2.0
2252.0	3.0
2253.0	4.0
2254.0	1.0
2255.0	3.0
2256.0	3.0
2257.0	2.0
2258.0	2.0
2259.0	3.0
2260.0	4.0
2261.0	6.0
2262.0	1.0
2263.0	3.0
2264.0	2.0
2265.0	4.0
2267.0	4.0
2269.0	2.0
2270.0	5.0
2271.0	4.0
2272.0	3.0
2273.0	7.0
2274.0	5.0
2275.0	4.0
2276.0	3.0
2277.0	5.0
2278.0	9.0
2279.0	3.0
2280.0	4.0
2281.0	3.0
2282.0	5.0
2283.0	4.0
2284.0	1.0
2285.0	4.0
2286.0	1.0
2287.0	2.0
2288.0	5.0
2289.0	2.0
2290.0	3.0
2291.0	6.0
2292.0	3.0
2293.0	4.0
2294.0	7.0
2295.0	5.0
2296.0	4.0
2297.0	3.0
2298.0	6.0
2299.0	2.0
2300.0	1.0
2302.0	2.0
2303.0	1.0
2304.0	3.0
2305.0	3.0
2306.0	2.0
2307.0	5.0
2308.0	4.0
2309.0	3.0
2310.0	5.0
2311.0	1.0
2312.0	4.0
2313.0	3.0
2314.0	8.0
2315.0	5.0
2316.0	3.0
2317.0	3.0
2318.0	5.0
2319.0	4.0
2320.0	4.0
2321.0	1.0
2322.0	2.0
2323.0	4.0
2324.0	1.0
2325.0	4.0
2326.0	1.0
2327.0	2.0
2328.0	4.0
2329.0	3.0
2330.0	4.0
2331.0	3.0
2332.0	5.0
2333.0	3.0
2334.0	4.0
2335.0	2.0
2336.0	3.0
2337.0	4.0
2338.0	5.0
2340.0	2.0
2341.0	2.0
2342.0	1.0
2344.0	2.0
2345.0	5.0
2346.0	4.0
2347.0	2.0
2348.0	2.0
2349.0	1.0
2350.0	3.0
2351.0	2.0
2352.0	3.0
2353.0	3.0
2354.0	2.0
2355.0	5.0
2356.0	2.0
2357.0	2.0
2358.0	2.0
2359.0	4.0
2360.0	3.0
2361.0	1.0
2362.0	1.0
2363.0	4.0
2364.0	4.0
2365.0	7.0
2366.0	2.0
2367.0	7.0
2368.0	2.0
2369.0	1.0
2370.0	2.0
2371.0	1.0
2372.0	7.0
2373.0	2.0
2374.0	1.0
2375.0	2.0
2376.0	1.0
2377.0	5.0
2378.0	6.0
2379.0	4.0
2380.0	2.0
2381.0	3.0
2382.0	4.0
2383.0	1.0
2384.0	2.0
2385.0	4.0
2386.0	3.0
2387.0	6.0
2388.0	6.0
2389.0	2.0
2390.0	2.0
2391.0	2.0
2392.0	1.0
2393.0	5.0
2394.0	2.0
2395.0	4.0
2396.0	2.0
2397.0	2.0
2398.0	2.0
2399.0	3.0
2400.0	1.0
2401.0	3.0
2402.0	4.0
2403.0	4.0
2405.0	3.0
2406.0	2.0
2407.0	4.0
2408.0	4.0
2409.0	2.0
2410.0	3.0
2411.0	2.0
2412.0	2.0
2413.0	4.0
2414.0	3.0
2415.0	1.0
2416.0	1.0
2417.0	2.0
2418.0	1.0
2419.0	2.0
2420.0	1.0
2421.0	3.0
2422.0	1.0
2423.0	3.0
2424.0	4.0
2425.0	3.0
2426.0	3.0
2427.0	2.0
2428.0	4.0
2429.0	2.0
2430.0	2.0
2432.0	3.0
2433.0	2.0
2435.0	1.0
2436.0	4.0
2437.0	5.0
2439.0	1.0
2440.0	3.0
2441.0	1.0
2442.0	1.0
2443.0	3.0
2444.0	3.0
2446.0	5.0
2448.0	4.0
2449.0	4.0
2450.0	3.0
2451.0	1.0
2452.0	2.0
2453.0	3.0
2454.0	1.0
2455.0	2.0
2456.0	1.0
2457.0	4.0
2459.0	2.0
2460.0	5.0
2462.0	1.0
2463.0	2.0
2464.0	2.0
2465.0	5.0
2466.0	4.0
2467.0	2.0
2468.0	6.0
2469.0	5.0
2470.0	2.0
2471.0	4.0
2472.0	2.0
2473.0	1.0
2474.0	1.0
2475.0	6.0
2476.0	4.0
2477.0	3.0
2478.0	6.0
2479.0	1.0
2480.0	5.0
2481.0	1.0
2482.0	1.0
2483.0	5.0
2484.0	4.0
2485.0	4.0
2486.0	1.0
2487.0	1.0
2488.0	1.0
2489.0	4.0
2490.0	3.0
2491.0	1.0
2493.0	2.0
2494.0	7.0
2495.0	2.0
2496.0	4.0
2498.0	2.0
2500.0	2.0
2501.0	4.0
2502.0	4.0
2503.0	1.0
2504.0	2.0
2505.0	4.0
2506.0	1.0
2507.0	3.0
2508.0	2.0
2509.0	2.0
2510.0	3.0
2511.0	1.0
2512.0	1.0
2513.0	2.0
2514.0	1.0
2515.0	2.0
2516.0	4.0
2517.0	4.0
2518.0	4.0
2519.0	1.0
2520.0	2.0
2521.0	3.0
2522.0	1.0
2523.0	4.0
2524.0	3.0
2525.0	3.0
2526.0	5.0
2527.0	5.0
2528.0	2.0
2530.0	5.0
2531.0	4.0
2532.0	2.0
2533.0	3.0
2534.0	7.0
2535.0	2.0
2536.0	3.0
2537.0	5.0
2538.0	4.0
2539.0	1.0
2541.0	3.0
2542.0	3.0
2543.0	4.0
2544.0	6.0
2545.0	3.0
2546.0	2.0
2547.0	7.0
2548.0	5.0
2549.0	4.0
2550.0	2.0
2551.0	4.0
2552.0	2.0
2553.0	1.0
2554.0	4.0
2555.0	1.0
2556.0	2.0
2557.0	5.0
2558.0	2.0
2559.0	2.0
2560.0	3.0
2561.0	1.0
2562.0	2.0
2563.0	2.0
2564.0	3.0
2565.0	4.0
2566.0	1.0
2567.0	2.0
2568.0	3.0
2569.0	3.0
2570.0	4.0
2571.0	2.0
2573.0	1.0
2574.0	2.0
2575.0	4.0
2576.0	4.0
2577.0	3.0
2578.0	2.0
2579.0	4.0
2580.0	2.0
2581.0	1.0
2582.0	1.0
2583.0	2.0
2584.0	3.0
2585.0	3.0
2586.0	2.0
2587.0	1.0
2588.0	4.0
2589.0	5.0
2590.0	1.0
2591.0	1.0
2592.0	2.0
2594.0	2.0
2595.0	2.0
2596.0	2.0
2597.0	2.0
2598.0	4.0
2599.0	2.0
2600.0	1.0
2601.0	2.0
2602.0	4.0
2603.0	2.0
2604.0	1.0
2605.0	3.0
2606.0	3.0
2607.0	1.0
2608.0	1.0
2609.0	4.0
2610.0	2.0
2611.0	4.0
2612.0	1.0
2613.0	1.0
2614.0	1.0
2615.0	2.0
2616.0	1.0
2617.0	4.0
2618.0	1.0
2619.0	2.0
2620.0	3.0
2621.0	2.0
2622.0	3.0
2624.0	2.0
2626.0	5.0
2627.0	3.0
2629.0	4.0
2630.0	3.0
2631.0	4.0
2632.0	1.0
2633.0	2.0
2634.0	1.0
2635.0	5.0
2636.0	1.0
2637.0	3.0
2638.0	5.0
2639.0	4.0
2640.0	4.0
2641.0	2.0
2642.0	1.0
2643.0	1.0
2644.0	3.0
2645.0	2.0
2646.0	2.0
2647.0	3.0
2648.0	2.0
2649.0	4.0
2650.0	2.0
2651.0	5.0
2652.0	3.0
2653.0	4.0
2654.0	3.0
2655.0	6.0
2656.0	2.0
2657.0	1.0
2658.0	4.0
2659.0	3.0
2660.0	2.0
2661.0	3.0
2662.0	5.0
2663.0	2.0
2664.0	2.0
2665.0	3.0
2666.0	1.0
2667.0	2.0
2668.0	6.0
2669.0	3.0
2671.0	1.0
2672.0	2.0
2673.0	2.0
2674.0	1.0
2675.0	5.0
2676.0	3.0
2678.0	2.0
2679.0	3.0
2680.0	2.0
2681.0	4.0
2682.0	1.0
2683.0	2.0
2685.0	1.0
2686.0	2.0
2687.0	3.0
2688.0	2.0
2690.0	2.0
2692.0	1.0
2693.0	4.0
2694.0	1.0
2695.0	2.0
2696.0	1.0
2697.0	3.0
2699.0	2.0
2700.0	3.0
2702.0	2.0
2703.0	1.0
2705.0	1.0
2706.0	3.0
2707.0	3.0
2710.0	2.0
2711.0	1.0
2712.0	3.0
2713.0	1.0
2714.0	2.0
2715.0	2.0
2716.0	3.0
2717.0	2.0
2718.0	3.0
2719.0	3.0
2720.0	1.0
2721.0	2.0
2722.0	3.0
2723.0	1.0
2724.0	1.0
2725.0	4.0
2726.0	1.0
2727.0	1.0
2728.0	6.0
2729.0	4.0
2730.0	2.0
2731.0	1.0
2732.0	4.0
2733.0	6.0
2734.0	5.0
2735.0	2.0
2736.0	2.0
2737.0	1.0
2738.0	2.0
2739.0	1.0
2740.0	5.0
2741.0	2.0
2742.0	1.0
2743.0	5.0
2744.0	1.0
2745.0	5.0
2746.0	1.0
2747.0	2.0
2749.0	1.0
2751.0	3.0
2752.0	1.0
2753.0	2.0
2754.0	1.0
2755.0	1.0
2756.0	2.0
2757.0	2.0
2758.0	2.0
2759.0	1.0
2760.0	3.0
2762.0	3.0
2763.0	2.0
2764.0	4.0
2765.0	2.0
2766.0	3.0
2767.0	4.0
2768.0	2.0
2769.0	2.0
2770.0	6.0
2771.0	6.0
2772.0	2.0
2773.0	2.0
2774.0	2.0
2775.0	2.0
2776.0	3.0
2777.0	2.0
2778.0	3.0
2779.0	3.0
2780.0	3.0
2781.0	4.0
2782.0	1.0
2783.0	2.0
2784.0	2.0
2785.0	2.0
2786.0	3.0
2787.0	4.0
2788.0	3.0
2789.0	1.0
2790.0	6.0
2791.0	3.0
2792.0	2.0
2793.0	1.0
2794.0	2.0
2795.0	3.0
2796.0	2.0
2797.0	2.0
2798.0	3.0
2799.0	3.0
2800.0	1.0
2801.0	2.0
2802.0	2.0
2803.0	3.0
2804.0	1.0
2805.0	1.0
2806.0	2.0
2807.0	3.0
2808.0	3.0
2809.0	7.0
2810.0	6.0
2811.0	2.0
2812.0	1.0
2813.0	3.0
2814.0	1.0
2815.0	3.0
2816.0	1.0
2817.0	4.0
2818.0	4.0
2819.0	2.0
2821.0	5.0
2822.0	2.0
2823.0	2.0
2824.0	3.0
2825.0	1.0
2826.0	3.0
2827.0	3.0
2828.0	1.0
2829.0	5.0
2830.0	2.0
2831.0	1.0
2833.0	1.0
2834.0	2.0
2835.0	3.0
2836.0	1.0
2837.0	3.0
2838.0	2.0
2839.0	1.0
2840.0	1.0
2841.0	1.0
2843.0	2.0
2844.0	2.0
2845.0	5.0
2846.0	1.0
2847.0	2.0
2848.0	2.0
2849.0	3.0
2850.0	5.0
2851.0	2.0
2852.0	3.0
2853.0	2.0
2854.0	2.0
2855.0	1.0
2856.0	1.0
2857.0	1.0
2859.0	3.0
2860.0	1.0
2861.0	3.0
2862.0	4.0
2863.0	2.0
2864.0	1.0
2865.0	2.0
2866.0	4.0
2867.0	3.0
2868.0	2.0
2869.0	1.0
2870.0	2.0
2871.0	4.0
2872.0	4.0
2873.0	3.0
2874.0	2.0
2875.0	1.0
2876.0	4.0
2877.0	4.0
2879.0	2.0
2880.0	4.0
2881.0	3.0
2882.0	1.0
2884.0	3.0
2885.0	1.0
2886.0	3.0
2887.0	2.0
2888.0	3.0
2889.0	1.0
2890.0	3.0
2891.0	3.0
2892.0	2.0
2893.0	2.0
2894.0	3.0
2895.0	1.0
2896.0	2.0
2897.0	4.0
2898.0	4.0
2899.0	3.0
2900.0	1.0
2901.0	5.0
2902.0	5.0
2904.0	1.0
2905.0	1.0
2906.0	2.0
2907.0	4.0
2908.0	5.0
2909.0	2.0
2910.0	2.0
2911.0	2.0
2912.0	4.0
2913.0	1.0
2914.0	2.0
2916.0	3.0
2917.0	5.0
2919.0	1.0
2920.0	4.0
2921.0	1.0
2923.0	2.0
2924.0	4.0
2926.0	3.0
2928.0	3.0
2929.0	1.0
2930.0	2.0
2931.0	1.0
2932.0	1.0
2933.0	5.0
2934.0	2.0
2935.0	1.0
2936.0	1.0
2937.0	4.0
2938.0	2.0
2939.0	2.0
2942.0	2.0
2943.0	1.0
2945.0	2.0
2946.0	1.0
2947.0	3.0
2948.0	2.0
2950.0	2.0
2952.0	2.0
2953.0	1.0
2954.0	1.0
2956.0	1.0
2957.0	1.0
2958.0	5.0
2959.0	1.0
2960.0	1.0
2961.0	4.0
2963.0	1.0
2964.0	1.0
2965.0	1.0
2966.0	5.0
2967.0	1.0
2968.0	1.0
2970.0	1.0
2971.0	2.0
2972.0	2.0
2973.0	3.0
2974.0	2.0
2975.0	2.0
2976.0	1.0
2977.0	1.0
2978.0	1.0
2979.0	1.0
2980.0	1.0
2981.0	3.0
2982.0	1.0
2983.0	2.0
2984.0	1.0
2985.0	1.0
2986.0	2.0
2987.0	2.0
2988.0	2.0
2989.0	1.0
2990.0	4.0
2991.0	2.0
2992.0	4.0
2993.0	3.0
2995.0	3.0
2996.0	1.0
2997.0	1.0
2998.0	1.0
2999.0	1.0
3001.0	2.0
3002.0	2.0
3003.0	1.0
3004.0	1.0
3005.0	6.0
3006.0	2.0
3007.0	1.0
3008.0	4.0
3009.0	3.0
3010.0	5.0
3011.0	1.0
3013.0	1.0
3014.0	3.0
3015.0	1.0
3016.0	1.0
3017.0	2.0
3018.0	1.0
3019.0	3.0
3020.0	1.0
3021.0	2.0
3022.0	2.0
3024.0	3.0
3025.0	1.0
3026.0	1.0
3027.0	2.0
3028.0	4.0
3030.0	1.0
3032.0	2.0
3033.0	2.0
3034.0	1.0
3035.0	1.0
3036.0	4.0
3037.0	2.0
3038.0	1.0
3039.0	3.0
3040.0	5.0
3041.0	4.0
3042.0	1.0
3043.0	7.0
3046.0	1.0
3047.0	3.0
3048.0	2.0
3050.0	2.0
3051.0	2.0
3052.0	1.0
3053.0	3.0
3055.0	1.0
3056.0	2.0
3057.0	1.0
3058.0	3.0
3059.0	3.0
3060.0	2.0
3061.0	3.0
3062.0	1.0
3063.0	3.0
3064.0	2.0
3065.0	3.0
3066.0	3.0
3067.0	1.0
3068.0	1.0
3069.0	2.0
3070.0	3.0
3071.0	3.0
3074.0	2.0
3075.0	1.0
3076.0	4.0
3077.0	4.0
3078.0	5.0
3079.0	4.0
3080.0	2.0
3081.0	1.0
3082.0	2.0
3083.0	1.0
3084.0	1.0
3085.0	1.0
3086.0	5.0
3087.0	3.0
3088.0	2.0
3090.0	4.0
3092.0	4.0
3093.0	2.0
3094.0	4.0
3095.0	1.0
3096.0	4.0
3097.0	2.0
3099.0	5.0
3100.0	2.0
3101.0	1.0
3102.0	2.0
3103.0	1.0
3104.0	3.0
3106.0	4.0
3107.0	1.0
3108.0	9.0
3109.0	3.0
3110.0	1.0
3111.0	2.0
3112.0	3.0
3113.0	1.0
3114.0	4.0
3116.0	4.0
3118.0	2.0
3119.0	4.0
3120.0	2.0
3121.0	5.0
3122.0	1.0
3123.0	6.0
3124.0	5.0
3125.0	2.0
3126.0	2.0
3127.0	5.0
3128.0	2.0
3129.0	3.0
3130.0	1.0
3131.0	4.0
3132.0	2.0
3133.0	3.0
3135.0	6.0
3136.0	3.0
3137.0	3.0
3138.0	3.0
3139.0	1.0
3140.0	3.0
3141.0	1.0
3142.0	2.0
3143.0	1.0
3144.0	2.0
3145.0	4.0
3146.0	2.0
3147.0	3.0
3148.0	4.0
3149.0	4.0
3150.0	2.0
3151.0	4.0
3152.0	6.0
3153.0	3.0
3154.0	5.0
3155.0	2.0
3156.0	3.0
3157.0	3.0
3158.0	1.0
3160.0	4.0
3161.0	4.0
3162.0	3.0
3163.0	1.0
3164.0	2.0
3165.0	2.0
3166.0	3.0
3167.0	2.0
3168.0	1.0
3169.0	3.0
3170.0	3.0
3171.0	1.0
3172.0	5.0
3173.0	5.0
3175.0	2.0
3176.0	2.0
3177.0	1.0
3178.0	2.0
3179.0	1.0
3180.0	3.0
3182.0	3.0
3183.0	3.0
3184.0	4.0
3185.0	2.0
3186.0	4.0
3187.0	2.0
3188.0	4.0
3189.0	2.0
3190.0	4.0
3191.0	4.0
3192.0	3.0
3193.0	1.0
3194.0	3.0
3195.0	2.0
3196.0	4.0
3197.0	5.0
3198.0	2.0
3199.0	3.0
3201.0	1.0
3202.0	2.0
3203.0	4.0
3204.0	2.0
3206.0	4.0
3207.0	2.0
3208.0	2.0
3210.0	7.0
3211.0	2.0
3212.0	1.0
3213.0	3.0
3214.0	2.0
3215.0	2.0
3216.0	3.0
3217.0	2.0
3218.0	3.0
3221.0	3.0
3222.0	3.0
3223.0	4.0
3225.0	1.0
3226.0	3.0
3228.0	1.0
3229.0	3.0
3230.0	1.0
3231.0	1.0
3232.0	3.0
3234.0	2.0
3235.0	1.0
3236.0	2.0
3237.0	1.0
3238.0	2.0
3240.0	3.0
3241.0	2.0
3242.0	1.0
3244.0	2.0
3245.0	3.0
3246.0	1.0
3247.0	3.0
3248.0	3.0
3249.0	1.0
3250.0	3.0
3251.0	1.0
3252.0	2.0
3256.0	2.0
3258.0	1.0
3259.0	3.0
3260.0	2.0
3261.0	1.0
3262.0	1.0
3263.0	2.0
3264.0	4.0
3265.0	1.0
3266.0	2.0
3268.0	1.0
3269.0	2.0
3270.0	3.0
3271.0	1.0
3272.0	4.0
3273.0	3.0
3276.0	3.0
3278.0	2.0
3279.0	2.0
3280.0	2.0
3281.0	1.0
3282.0	4.0
3284.0	1.0
3285.0	1.0
3286.0	3.0
3287.0	4.0
3288.0	3.0
3289.0	1.0
3290.0	2.0
3291.0	2.0
3293.0	1.0
3294.0	3.0
3295.0	3.0
3296.0	1.0
3297.0	1.0
3299.0	1.0
3300.0	4.0
3301.0	6.0
3303.0	2.0
3304.0	1.0
3305.0	2.0
3306.0	1.0
3307.0	2.0
3309.0	3.0
3312.0	1.0
3313.0	2.0
3314.0	3.0
3316.0	2.0
3317.0	1.0
3318.0	2.0
3321.0	2.0
3322.0	2.0
3323.0	3.0
3324.0	1.0
3325.0	5.0
3326.0	1.0
3327.0	1.0
3328.0	2.0
3329.0	2.0
3330.0	1.0
3331.0	1.0
3332.0	3.0
3333.0	1.0
3334.0	1.0
3335.0	3.0
3336.0	1.0
3339.0	1.0
3340.0	2.0
3341.0	3.0
3342.0	2.0
3343.0	2.0
3344.0	1.0
3345.0	2.0
3346.0	1.0
3347.0	2.0
3349.0	2.0
3350.0	4.0
3352.0	2.0
3353.0	2.0
3354.0	3.0
3355.0	1.0
3358.0	3.0
3359.0	4.0
3360.0	2.0
3361.0	3.0
3362.0	3.0
3363.0	2.0
3364.0	4.0
3365.0	2.0
3366.0	2.0
3367.0	1.0
3368.0	3.0
3369.0	4.0
3370.0	2.0
3371.0	2.0
3372.0	1.0
3373.0	3.0
3374.0	1.0
3376.0	1.0
3378.0	3.0
3381.0	2.0
3382.0	3.0
3383.0	3.0
3384.0	3.0
3385.0	1.0
3386.0	1.0
3388.0	2.0
3389.0	3.0
3390.0	3.0
3391.0	1.0
3392.0	1.0
3393.0	1.0
3394.0	1.0
3396.0	2.0
3397.0	3.0
3398.0	1.0
3399.0	5.0
3400.0	2.0
3401.0	3.0
3402.0	3.0
3404.0	3.0
3405.0	5.0
3406.0	4.0
3407.0	4.0
3408.0	3.0
3409.0	1.0
3410.0	1.0
3411.0	2.0
3413.0	4.0
3414.0	2.0
3415.0	1.0
3416.0	1.0
3418.0	4.0
3419.0	3.0
3420.0	4.0
3421.0	3.0
3422.0	4.0
3423.0	1.0
3424.0	1.0
3425.0	3.0
3427.0	2.0
3428.0	1.0
3430.0	2.0
3431.0	3.0
3433.0	1.0
3434.0	4.0
3435.0	2.0
3436.0	4.0
3437.0	1.0
3438.0	1.0
3439.0	1.0
3441.0	2.0
3442.0	3.0
3443.0	1.0
3444.0	1.0
3445.0	2.0
3446.0	1.0
3447.0	3.0
3448.0	4.0
3449.0	5.0
3451.0	2.0
3452.0	3.0
3453.0	3.0
3454.0	2.0
3455.0	1.0
3456.0	3.0
3457.0	4.0
3459.0	4.0
3460.0	2.0
3461.0	3.0
3463.0	1.0
3464.0	1.0
3465.0	2.0
3466.0	3.0
3468.0	2.0
3469.0	4.0
3470.0	3.0
3471.0	4.0
3472.0	4.0
3473.0	3.0
3474.0	1.0
3475.0	6.0
3476.0	2.0
3477.0	3.0
3478.0	1.0
3479.0	1.0
3481.0	1.0
3483.0	3.0
3484.0	2.0
3485.0	1.0
3486.0	1.0
3487.0	1.0
3490.0	3.0
3492.0	1.0
3493.0	1.0
3494.0	4.0
3496.0	2.0
3497.0	3.0
3499.0	1.0
3501.0	2.0
3502.0	2.0
3504.0	4.0
3506.0	1.0
3507.0	2.0
3508.0	1.0
3509.0	1.0
3510.0	3.0
3511.0	2.0
3513.0	3.0
3514.0	1.0
3515.0	4.0
3516.0	1.0
3518.0	1.0
3519.0	1.0
3520.0	3.0
3521.0	3.0
3522.0	1.0
3523.0	1.0
3524.0	2.0
3525.0	3.0
3526.0	1.0
3527.0	1.0
3528.0	1.0
3529.0	5.0
3530.0	1.0
3531.0	1.0
3532.0	1.0
3533.0	1.0
3534.0	1.0
3535.0	2.0
3536.0	2.0
3537.0	1.0
3538.0	1.0
3539.0	2.0
3540.0	3.0
3541.0	2.0
3542.0	3.0
3543.0	2.0
3544.0	3.0
3547.0	1.0
3548.0	3.0
3549.0	1.0
3550.0	1.0
3551.0	2.0
3552.0	3.0
3553.0	1.0
3555.0	2.0
3556.0	2.0
3557.0	3.0
3559.0	4.0
3560.0	2.0
3561.0	3.0
3563.0	3.0
3564.0	6.0
3565.0	3.0
3567.0	2.0
3568.0	8.0
3569.0	3.0
3570.0	4.0
3571.0	2.0
3572.0	2.0
3573.0	1.0
3574.0	2.0
3575.0	2.0
3577.0	3.0
3578.0	1.0
3579.0	1.0
3581.0	5.0
3582.0	2.0
3583.0	3.0
3584.0	1.0
3585.0	3.0
3586.0	1.0
3588.0	2.0
3589.0	1.0
3590.0	1.0
3591.0	2.0
3592.0	2.0
3593.0	5.0
3594.0	3.0
3595.0	3.0
3596.0	1.0
3598.0	1.0
3599.0	2.0
3600.0	3.0
3601.0	1.0
3602.0	1.0
3603.0	2.0
3604.0	2.0
3607.0	3.0
3608.0	2.0
3609.0	2.0
3612.0	3.0
3613.0	1.0
3614.0	2.0
3615.0	6.0
3616.0	1.0
3617.0	2.0
3618.0	2.0
3619.0	1.0
3620.0	1.0
3621.0	2.0
3624.0	1.0
3626.0	4.0
3627.0	2.0
3629.0	1.0
3630.0	1.0
3631.0	1.0
3632.0	1.0
3633.0	2.0
3634.0	4.0
3638.0	1.0
3639.0	3.0
3640.0	1.0
3641.0	1.0
3643.0	2.0
3644.0	1.0
3645.0	5.0
3646.0	1.0
3647.0	2.0
3648.0	2.0
3649.0	2.0
3650.0	2.0
3651.0	2.0
3652.0	1.0
3653.0	1.0
3654.0	4.0
3655.0	1.0
3656.0	1.0
3657.0	1.0
3658.0	1.0
3659.0	1.0
3660.0	1.0
3661.0	1.0
3662.0	2.0
3663.0	1.0
3666.0	3.0
3672.0	2.0
3673.0	1.0
3678.0	1.0
3680.0	2.0
3681.0	2.0
3682.0	2.0
3683.0	3.0
3684.0	1.0
3685.0	2.0
3686.0	2.0
3687.0	4.0
3688.0	1.0
3690.0	1.0
3691.0	1.0
3692.0	1.0
3693.0	1.0
3694.0	1.0
3696.0	1.0
3697.0	1.0
3698.0	2.0
3699.0	1.0
3700.0	4.0
3703.0	3.0
3704.0	1.0
3708.0	1.0
3712.0	1.0
3713.0	2.0
3714.0	1.0
3715.0	1.0
3716.0	2.0
3717.0	2.0
3718.0	1.0
3719.0	2.0
3720.0	1.0
3721.0	1.0
3722.0	2.0
3723.0	1.0
3724.0	1.0
3725.0	3.0
3727.0	4.0
3728.0	1.0
3729.0	1.0
3730.0	3.0
3731.0	2.0
3732.0	1.0
3734.0	1.0
3735.0	1.0
3736.0	1.0
3737.0	3.0
3740.0	3.0
3742.0	1.0
3743.0	2.0
3744.0	2.0
3746.0	1.0
3748.0	3.0
3750.0	2.0
3751.0	4.0
3752.0	1.0
3753.0	2.0
3754.0	3.0
3756.0	2.0
3760.0	2.0
3762.0	1.0
3765.0	2.0
3766.0	2.0
3768.0	1.0
3769.0	2.0
3770.0	1.0
3771.0	1.0
3772.0	2.0
3773.0	2.0
3774.0	3.0
3777.0	2.0
3778.0	1.0
3779.0	2.0
3780.0	2.0
3781.0	2.0
3783.0	1.0
3784.0	2.0
3785.0	1.0
3786.0	1.0
3788.0	1.0
3790.0	1.0
3791.0	2.0
3792.0	2.0
3794.0	2.0
3795.0	1.0
3796.0	1.0
3797.0	1.0
3798.0	1.0
3799.0	2.0
3800.0	2.0
3801.0	3.0
3802.0	1.0
3803.0	1.0
3804.0	1.0
3806.0	1.0
3807.0	2.0
3808.0	3.0
3809.0	1.0
3811.0	2.0
3812.0	4.0
3813.0	2.0
3819.0	1.0
3821.0	2.0
3822.0	1.0
3824.0	1.0
3825.0	2.0
3826.0	2.0
3827.0	1.0
3828.0	2.0
3829.0	1.0
3830.0	3.0
3831.0	1.0
3832.0	1.0
3833.0	1.0
3834.0	1.0
3837.0	4.0
3839.0	1.0
3840.0	1.0
3841.0	1.0
3842.0	1.0
3843.0	1.0
3844.0	2.0
3845.0	1.0
3846.0	1.0
3848.0	3.0
3849.0	1.0
3850.0	1.0
3851.0	3.0
3852.0	3.0
3853.0	3.0
3857.0	2.0
3858.0	3.0
3859.0	2.0
3860.0	2.0
3862.0	4.0
3866.0	1.0
3867.0	1.0
3868.0	1.0
3870.0	2.0
3871.0	2.0
3872.0	2.0
3875.0	2.0
3877.0	3.0
3878.0	1.0
3879.0	4.0
3882.0	1.0
3883.0	1.0
3885.0	2.0
3887.0	3.0
3889.0	3.0
3891.0	3.0
3892.0	3.0
3893.0	1.0
3894.0	4.0
3895.0	1.0
3896.0	3.0
3897.0	1.0
3898.0	1.0
3899.0	3.0
3900.0	2.0
3901.0	2.0
3902.0	1.0
3905.0	3.0
3907.0	2.0
3909.0	1.0
3911.0	2.0
3912.0	2.0
3913.0	4.0
3916.0	1.0
3917.0	1.0
3918.0	1.0
3919.0	1.0
3920.0	3.0
3921.0	1.0
3922.0	2.0
3923.0	2.0
3927.0	2.0
3928.0	1.0
3930.0	3.0
3931.0	1.0
3932.0	3.0
3933.0	2.0
3935.0	2.0
3936.0	1.0
3937.0	2.0
3938.0	2.0
3939.0	1.0
3940.0	1.0
3941.0	2.0
3942.0	3.0
3943.0	1.0
3946.0	2.0
3948.0	2.0
3951.0	2.0
3952.0	2.0
3954.0	1.0
3955.0	1.0
3956.0	2.0
3957.0	3.0
3958.0	3.0
3959.0	2.0
3960.0	3.0
3961.0	2.0
3963.0	4.0
3964.0	5.0
3965.0	2.0
3966.0	1.0
3967.0	1.0
3968.0	4.0
3969.0	2.0
3970.0	2.0
3971.0	4.0
3972.0	2.0
3973.0	1.0
3974.0	4.0
3975.0	2.0
3976.0	3.0
3977.0	3.0
3978.0	1.0
3980.0	4.0
3981.0	2.0
3984.0	2.0
3986.0	5.0
3987.0	1.0
3988.0	3.0
3989.0	1.0
3990.0	3.0
3991.0	4.0
3992.0	6.0
3993.0	3.0
3995.0	3.0
3997.0	2.0
3998.0	3.0
3999.0	1.0
4000.0	4.0
4001.0	4.0
4002.0	3.0
4003.0	3.0
4005.0	3.0
4006.0	2.0
4008.0	2.0
4010.0	3.0
4012.0	2.0
4013.0	1.0
4014.0	2.0
4015.0	3.0
4016.0	3.0
4017.0	3.0
4019.0	4.0
4020.0	2.0
4021.0	1.0
4022.0	1.0
4023.0	1.0
4026.0	5.0
4027.0	3.0
4028.0	3.0
4029.0	3.0
4030.0	5.0
4031.0	2.0
4032.0	3.0
4033.0	6.0
4034.0	2.0
4036.0	3.0
4037.0	2.0
4039.0	1.0
4040.0	1.0
4041.0	5.0
4042.0	3.0
4043.0	1.0
4044.0	1.0
4045.0	3.0
4046.0	2.0
4047.0	2.0
4048.0	4.0
4049.0	1.0
4050.0	1.0
4051.0	2.0
4053.0	3.0
4054.0	1.0
4055.0	3.0
4056.0	1.0
4057.0	1.0
4058.0	1.0
4059.0	2.0
4060.0	4.0
4061.0	4.0
4062.0	1.0
4063.0	1.0
4064.0	3.0
4065.0	3.0
4066.0	1.0
4067.0	4.0
4068.0	4.0
4069.0	2.0
4070.0	1.0
4071.0	3.0
4072.0	3.0
4073.0	2.0
4075.0	1.0
4076.0	1.0
4078.0	2.0
4080.0	4.0
4082.0	2.0
4083.0	2.0
4084.0	1.0
4085.0	3.0
4087.0	1.0
4088.0	2.0
4089.0	2.0
4090.0	2.0
4091.0	3.0
4092.0	3.0
4093.0	3.0
4094.0	2.0
4095.0	1.0
4096.0	1.0
4099.0	1.0
4100.0	3.0
4101.0	2.0
4103.0	1.0
4104.0	1.0
4105.0	2.0
4106.0	1.0
4107.0	5.0
4111.0	1.0
4113.0	1.0
4114.0	1.0
4115.0	2.0
4116.0	3.0
4117.0	1.0
4118.0	1.0
4119.0	1.0
4120.0	2.0
4123.0	4.0
4125.0	2.0
4126.0	1.0
4127.0	2.0
4128.0	2.0
4129.0	2.0
4130.0	1.0
4131.0	2.0
4133.0	1.0
4134.0	3.0
4135.0	1.0
4136.0	2.0
4137.0	1.0
4138.0	2.0
4140.0	2.0
4141.0	1.0
4142.0	3.0
4144.0	1.0
4148.0	2.0
4149.0	2.0
4152.0	3.0
4153.0	1.0
4154.0	2.0
4155.0	2.0
4156.0	1.0
4158.0	1.0
4159.0	1.0
4162.0	1.0
4165.0	2.0
4169.0	3.0
4171.0	1.0
4173.0	3.0
4174.0	4.0
4176.0	1.0
4178.0	1.0
4180.0	1.0
4181.0	1.0
4183.0	1.0
4184.0	2.0
4185.0	1.0
4186.0	2.0
4187.0	2.0
4188.0	2.0
4191.0	2.0
4195.0	1.0
4196.0	2.0
4197.0	1.0
4198.0	1.0
4199.0	4.0
4202.0	2.0
4203.0	1.0
4204.0	3.0
4205.0	1.0
4207.0	3.0
4209.0	1.0
4210.0	2.0
4211.0	1.0
4212.0	1.0
4213.0	2.0
4216.0	2.0
4218.0	2.0
4219.0	1.0
4220.0	5.0
4221.0	2.0
4223.0	3.0
4224.0	2.0
4225.0	1.0
4227.0	4.0
4232.0	1.0
4235.0	2.0
4237.0	2.0
4238.0	1.0
4239.0	4.0
4240.0	1.0
4241.0	1.0
4242.0	1.0
4243.0	2.0
4245.0	3.0
4246.0	2.0
4247.0	1.0
4248.0	3.0
4249.0	4.0
4250.0	1.0
4251.0	3.0
4252.0	1.0
4253.0	2.0
4254.0	1.0
4255.0	2.0
4256.0	2.0
4257.0	1.0
4258.0	2.0
4259.0	2.0
4260.0	3.0
4261.0	2.0
4263.0	1.0
4265.0	1.0
4266.0	1.0
4269.0	2.0
4270.0	1.0
4271.0	2.0
4272.0	1.0
4274.0	2.0
4275.0	3.0
4276.0	1.0
4278.0	3.0
4280.0	2.0
4282.0	2.0
4283.0	1.0
4284.0	1.0
4285.0	1.0
4286.0	1.0
4288.0	4.0
4289.0	1.0
4290.0	3.0
4291.0	3.0
4292.0	1.0
4293.0	1.0
4294.0	1.0
4295.0	2.0
4297.0	2.0
4298.0	2.0
4299.0	1.0
4300.0	1.0
4302.0	1.0
4303.0	1.0
4304.0	2.0
4305.0	3.0
4306.0	1.0
4307.0	3.0
4308.0	1.0
4309.0	2.0
4310.0	1.0
4311.0	2.0
4312.0	4.0
4313.0	2.0
4315.0	2.0
4316.0	6.0
4319.0	3.0
4320.0	2.0
4322.0	2.0
4323.0	1.0
4324.0	1.0
4325.0	3.0
4326.0	2.0
4328.0	1.0
4330.0	1.0
4334.0	2.0
4336.0	2.0
4337.0	5.0
4338.0	3.0
4339.0	3.0
4340.0	4.0
4342.0	2.0
4343.0	2.0
4344.0	3.0
4345.0	1.0
4346.0	3.0
4347.0	3.0
4348.0	1.0
4349.0	2.0
4351.0	1.0
4352.0	6.0
4353.0	3.0
4354.0	3.0
4356.0	1.0
4357.0	1.0
4358.0	3.0
4359.0	2.0
4360.0	3.0
4362.0	1.0
4365.0	1.0
4366.0	2.0
4367.0	3.0
4369.0	2.0
4370.0	1.0
4371.0	1.0
4372.0	2.0
4373.0	1.0
4374.0	1.0
4375.0	1.0
4376.0	1.0
4377.0	2.0
4378.0	2.0
4379.0	2.0
4380.0	1.0
4381.0	2.0
4382.0	3.0
4383.0	3.0
4384.0	3.0
4386.0	2.0
4388.0	1.0
4389.0	3.0
4390.0	3.0
4391.0	1.0
4392.0	1.0
4395.0	1.0
4396.0	2.0
4397.0	2.0
4398.0	2.0
4400.0	2.0
4401.0	2.0
4402.0	4.0
4403.0	3.0
4404.0	2.0
4405.0	1.0
4406.0	1.0
4407.0	2.0
4408.0	2.0
4410.0	2.0
4411.0	3.0
4412.0	2.0
4414.0	2.0
4415.0	2.0
4416.0	1.0
4417.0	1.0
4419.0	2.0
4420.0	4.0
4421.0	4.0
4422.0	3.0
4423.0	1.0
4424.0	2.0
4425.0	1.0
4427.0	2.0
4428.0	1.0
4429.0	3.0
4430.0	3.0
4431.0	2.0
4432.0	3.0
4434.0	1.0
4435.0	2.0
4436.0	2.0
4437.0	3.0
4439.0	1.0
4440.0	1.0
4441.0	3.0
4442.0	1.0
4443.0	1.0
4445.0	1.0
4446.0	1.0
4447.0	3.0
4449.0	1.0
4450.0	1.0
4451.0	1.0
4452.0	2.0
4453.0	2.0
4454.0	2.0
4455.0	3.0
4456.0	3.0
4457.0	2.0
4458.0	1.0
4459.0	2.0
4460.0	5.0
4461.0	3.0
4462.0	2.0
4463.0	2.0
4464.0	2.0
4465.0	2.0
4467.0	3.0
4468.0	1.0
4469.0	1.0
4470.0	3.0
4471.0	2.0
4473.0	1.0
4474.0	2.0
4475.0	2.0
4480.0	2.0
4481.0	1.0
4482.0	2.0
4483.0	2.0
4485.0	1.0
4486.0	1.0
4487.0	1.0
4488.0	4.0
4489.0	1.0
4490.0	3.0
4491.0	3.0
4492.0	3.0
4493.0	1.0
4494.0	1.0
4496.0	3.0
4497.0	3.0
4498.0	4.0
4499.0	2.0
4500.0	5.0
4501.0	2.0
4502.0	3.0
4503.0	3.0
4504.0	3.0
4505.0	1.0
4507.0	3.0
4508.0	1.0
4509.0	1.0
4510.0	1.0
4511.0	1.0
4512.0	1.0
4514.0	2.0
4515.0	1.0
4516.0	1.0
4518.0	1.0
4519.0	2.0
4520.0	2.0
4521.0	2.0
4522.0	3.0
4523.0	1.0
4524.0	3.0
4525.0	2.0
4526.0	1.0
4527.0	2.0
4529.0	1.0
4532.0	4.0
4533.0	2.0
4534.0	2.0
4535.0	8.0
4536.0	1.0
4537.0	3.0
4539.0	3.0
4540.0	1.0
4541.0	4.0
4542.0	2.0
4544.0	2.0
4545.0	3.0
4546.0	3.0
4547.0	1.0
4548.0	2.0
4549.0	1.0
4550.0	1.0
4551.0	1.0
4552.0	3.0
4555.0	3.0
4556.0	2.0
4557.0	2.0
4558.0	1.0
4559.0	2.0
4560.0	3.0
4561.0	2.0
4562.0	1.0
4564.0	1.0
4565.0	1.0
4566.0	2.0
4567.0	2.0
4568.0	3.0
4569.0	2.0
4572.0	2.0
4573.0	2.0
4574.0	1.0
4575.0	2.0
4576.0	5.0
4577.0	1.0
4578.0	2.0
4581.0	2.0
4582.0	3.0
4583.0	4.0
4586.0	3.0
4587.0	3.0
4588.0	3.0
4590.0	2.0
4591.0	6.0
4592.0	2.0
4593.0	3.0
4594.0	2.0
4596.0	2.0
4598.0	3.0
4600.0	3.0
4601.0	2.0
4603.0	1.0
4605.0	1.0
4608.0	2.0
4610.0	3.0
4612.0	2.0
4613.0	3.0
4615.0	1.0
4616.0	3.0
4617.0	2.0
4618.0	3.0
4619.0	1.0
4620.0	3.0
4622.0	4.0
4623.0	1.0
4624.0	1.0
4625.0	3.0
4626.0	3.0
4627.0	5.0
4628.0	3.0
4629.0	3.0
4630.0	1.0
4631.0	2.0
4632.0	1.0
4635.0	6.0
4636.0	3.0
4637.0	1.0
4638.0	2.0
4639.0	3.0
4641.0	1.0
4643.0	5.0
4644.0	1.0
4645.0	2.0
4646.0	2.0
4647.0	1.0
4648.0	3.0
4649.0	6.0
4651.0	4.0
4652.0	2.0
4653.0	1.0
4654.0	2.0
4655.0	1.0
4656.0	1.0
4657.0	3.0
4659.0	3.0
4660.0	2.0
4661.0	1.0
4663.0	1.0
4664.0	2.0
4665.0	2.0
4667.0	4.0
4668.0	2.0
4669.0	3.0
4670.0	1.0
4671.0	4.0
4672.0	1.0
4673.0	1.0
4674.0	2.0
4675.0	1.0
4677.0	2.0
4678.0	3.0
4679.0	1.0
4680.0	2.0
4681.0	1.0
4683.0	1.0
4684.0	1.0
4685.0	2.0
4686.0	1.0
4687.0	1.0
4688.0	4.0
4689.0	1.0
4690.0	3.0
4691.0	3.0
4692.0	3.0
4693.0	2.0
4694.0	2.0
4695.0	2.0
4696.0	1.0
4698.0	3.0
4699.0	4.0
4700.0	3.0
4701.0	2.0
4702.0	4.0
4703.0	3.0
4705.0	1.0
4706.0	1.0
4709.0	5.0
4710.0	5.0
4711.0	1.0
4713.0	1.0
4714.0	3.0
4715.0	2.0
4716.0	1.0
4717.0	4.0
4718.0	1.0
4719.0	1.0
4721.0	2.0
4722.0	1.0
4723.0	5.0
4724.0	1.0
4725.0	3.0
4726.0	4.0
4727.0	3.0
4728.0	3.0
4729.0	1.0
4731.0	2.0
4732.0	4.0
4733.0	4.0
4734.0	1.0
4735.0	5.0
4736.0	2.0
4737.0	2.0
4738.0	1.0
4739.0	1.0
4740.0	2.0
4741.0	3.0
4742.0	1.0
4743.0	2.0
4744.0	4.0
4745.0	1.0
4746.0	3.0
4747.0	1.0
4748.0	1.0
4749.0	4.0
4750.0	4.0
4752.0	2.0
4753.0	2.0
4754.0	2.0
4755.0	1.0
4757.0	1.0
4759.0	3.0
4760.0	2.0
4761.0	5.0
4762.0	5.0
4763.0	3.0
4764.0	3.0
4765.0	3.0
4766.0	4.0
4767.0	1.0
4768.0	1.0
4769.0	3.0
4770.0	5.0
4771.0	4.0
4772.0	3.0
4773.0	4.0
4774.0	1.0
4775.0	2.0
4776.0	3.0
4777.0	2.0
4778.0	4.0
4779.0	2.0
4780.0	1.0
4781.0	1.0
4782.0	2.0
4783.0	2.0
4784.0	5.0
4785.0	1.0
4786.0	3.0
4787.0	1.0
4788.0	2.0
4790.0	3.0
4791.0	1.0
4792.0	3.0
4793.0	2.0
4794.0	2.0
4795.0	3.0
4796.0	2.0
4797.0	2.0
4798.0	2.0
4801.0	2.0
4802.0	1.0
4804.0	1.0
4805.0	2.0
4806.0	3.0
4807.0	1.0
4808.0	5.0
4809.0	1.0
4810.0	2.0
4811.0	1.0
4812.0	3.0
4813.0	1.0
4814.0	1.0
4815.0	3.0
4816.0	2.0
4817.0	2.0
4818.0	2.0
4819.0	1.0
4820.0	1.0
4821.0	1.0
4822.0	2.0
4823.0	1.0
4824.0	4.0
4825.0	3.0
4826.0	2.0
4827.0	1.0
4829.0	4.0
4830.0	5.0
4832.0	2.0
4833.0	3.0
4834.0	2.0
4835.0	4.0
4836.0	2.0
4837.0	2.0
4838.0	3.0
4839.0	1.0
4840.0	3.0
4841.0	4.0
4842.0	1.0
4843.0	2.0
4844.0	3.0
4845.0	2.0
4846.0	4.0
4847.0	3.0
4849.0	1.0
4850.0	2.0
4851.0	1.0
4853.0	2.0
4855.0	2.0
4856.0	1.0
4857.0	2.0
4858.0	3.0
4859.0	3.0
4860.0	3.0
4861.0	1.0
4862.0	3.0
4863.0	4.0
4864.0	4.0
4865.0	3.0
4866.0	1.0
4867.0	1.0
4868.0	3.0
4869.0	2.0
4870.0	1.0
4871.0	4.0
4872.0	2.0
4873.0	4.0
4874.0	2.0
4875.0	3.0
4876.0	3.0
4878.0	1.0
4879.0	2.0
4880.0	1.0
4881.0	3.0
4882.0	1.0
4883.0	2.0
4885.0	3.0
4887.0	1.0
4888.0	2.0
4889.0	2.0
4890.0	2.0
4891.0	2.0
4892.0	3.0
4893.0	3.0
4894.0	4.0
4895.0	2.0
4897.0	1.0
4898.0	2.0
4900.0	3.0
4901.0	1.0
4902.0	1.0
4903.0	1.0
4904.0	2.0
4905.0	1.0
4906.0	1.0
4907.0	4.0
4908.0	1.0
4909.0	4.0
4910.0	1.0
4911.0	2.0
4912.0	3.0
4913.0	1.0
4915.0	1.0
4916.0	1.0
4919.0	1.0
4920.0	2.0
4922.0	2.0
4923.0	3.0
4924.0	1.0
4925.0	1.0
4926.0	1.0
4927.0	4.0
4928.0	3.0
4929.0	1.0
4930.0	2.0
4932.0	2.0
4933.0	1.0
4934.0	3.0
4935.0	8.0
4936.0	1.0
4937.0	5.0
4938.0	2.0
4940.0	3.0
4941.0	4.0
4943.0	2.0
4944.0	4.0
4945.0	1.0
4947.0	3.0
4948.0	1.0
4949.0	1.0
4950.0	2.0
4951.0	2.0
4952.0	1.0
4953.0	2.0
4954.0	1.0
4955.0	1.0
4956.0	2.0
4957.0	2.0
4958.0	2.0
4960.0	1.0
4961.0	1.0
4962.0	2.0
4963.0	1.0
4964.0	2.0
4965.0	3.0
4966.0	3.0
4967.0	2.0
4969.0	2.0
4970.0	3.0
4972.0	3.0
4973.0	7.0
4974.0	2.0
4975.0	2.0
4976.0	1.0
4977.0	3.0
4979.0	2.0
4980.0	2.0
4981.0	3.0
4982.0	2.0
4983.0	1.0
4984.0	2.0
4985.0	2.0
4986.0	5.0
4987.0	2.0
4988.0	1.0
4989.0	4.0
4990.0	1.0
4991.0	4.0
4992.0	2.0
4993.0	5.0
4994.0	2.0
4995.0	3.0
4997.0	2.0
4998.0	4.0
4999.0	1.0
5000.0	3.0
5001.0	3.0
5002.0	2.0
5004.0	4.0
5005.0	4.0
5006.0	4.0
5007.0	1.0
5008.0	1.0
5011.0	2.0
5013.0	2.0
5014.0	2.0
5016.0	2.0
5017.0	1.0
5018.0	3.0
5019.0	2.0
5020.0	1.0
5021.0	4.0
5022.0	1.0
5023.0	1.0
5025.0	1.0
5026.0	2.0
5027.0	1.0
5028.0	2.0
5029.0	3.0
5030.0	1.0
5031.0	1.0
5032.0	1.0
5033.0	2.0
5034.0	2.0
5035.0	1.0
5038.0	2.0
5039.0	1.0
5041.0	2.0
5042.0	3.0
5043.0	1.0
5044.0	1.0
5045.0	5.0
5046.0	1.0
5047.0	1.0
5048.0	3.0
5049.0	1.0
5050.0	2.0
5051.0	3.0
5052.0	4.0
5053.0	4.0
5054.0	1.0
5056.0	1.0
5057.0	3.0
5058.0	1.0
5060.0	3.0
5061.0	1.0
5062.0	1.0
5063.0	1.0
5064.0	1.0
5065.0	2.0
5066.0	1.0
5067.0	1.0
5068.0	3.0
5069.0	2.0
5070.0	1.0
5071.0	2.0
5072.0	2.0
5073.0	1.0
5074.0	3.0
5075.0	2.0
5076.0	1.0
5077.0	2.0
5079.0	4.0
5080.0	1.0
5081.0	2.0
5082.0	1.0
5083.0	3.0
5084.0	1.0
5085.0	2.0
5086.0	1.0
5087.0	1.0
5088.0	1.0
5089.0	1.0
5090.0	2.0
5091.0	3.0
5092.0	1.0
5093.0	2.0
5094.0	1.0
5095.0	1.0
5096.0	4.0
5097.0	1.0
5099.0	1.0
5100.0	5.0
5101.0	2.0
5102.0	3.0
5105.0	2.0
5106.0	3.0
5107.0	2.0
5108.0	1.0
5109.0	4.0
5111.0	2.0
5113.0	1.0
5114.0	1.0
5115.0	3.0
5116.0	2.0
5117.0	2.0
5118.0	7.0
5119.0	2.0
5120.0	1.0
5121.0	3.0
5122.0	3.0
5124.0	2.0
5125.0	2.0
5126.0	3.0
5127.0	2.0
5128.0	2.0
5129.0	2.0
5131.0	8.0
5132.0	3.0
5133.0	2.0
5134.0	3.0
5135.0	2.0
5137.0	1.0
5138.0	1.0
5139.0	2.0
5140.0	5.0
5141.0	1.0
5143.0	3.0
5145.0	3.0
5148.0	3.0
5149.0	1.0
5151.0	2.0
5152.0	3.0
5153.0	3.0
5154.0	1.0
5155.0	4.0
5156.0	1.0
5157.0	4.0
5159.0	4.0
5160.0	2.0
5161.0	2.0
5164.0	3.0
5165.0	2.0
5166.0	1.0
5168.0	2.0
5170.0	3.0
5171.0	1.0
5172.0	1.0
5173.0	2.0
5174.0	1.0
5176.0	2.0
5177.0	2.0
5179.0	1.0
5180.0	3.0
5181.0	2.0
5184.0	1.0
5186.0	4.0
5187.0	3.0
5189.0	2.0
5190.0	1.0
5192.0	2.0
5193.0	1.0
5194.0	2.0
5195.0	1.0
5196.0	2.0
5197.0	3.0
5198.0	4.0
5199.0	3.0
5200.0	1.0
5201.0	2.0
5203.0	1.0
5204.0	1.0
5205.0	2.0
5206.0	3.0
5208.0	3.0
5211.0	1.0
5213.0	2.0
5216.0	2.0
5217.0	1.0
5218.0	1.0
5219.0	3.0
5220.0	1.0
5221.0	1.0
5222.0	3.0
5223.0	2.0
5224.0	3.0
5225.0	2.0
5226.0	2.0
5227.0	2.0
5228.0	1.0
5229.0	3.0
5230.0	1.0
5231.0	2.0
5232.0	2.0
5233.0	2.0
5234.0	1.0
5236.0	1.0
5238.0	3.0
5240.0	1.0
5243.0	2.0
5244.0	2.0
5245.0	1.0
5246.0	1.0
5247.0	3.0
5248.0	1.0
5249.0	3.0
5250.0	3.0
5251.0	1.0
5252.0	5.0
5253.0	1.0
5254.0	1.0
5256.0	1.0
5257.0	2.0
5259.0	1.0
5260.0	2.0
5261.0	1.0
5262.0	1.0
5263.0	2.0
5265.0	2.0
5266.0	3.0
5268.0	1.0
5269.0	2.0
5270.0	1.0
5271.0	1.0
5272.0	3.0
5273.0	3.0
5274.0	2.0
5275.0	1.0
5276.0	3.0
5277.0	3.0
5278.0	2.0
5280.0	1.0
5281.0	1.0
5282.0	1.0
5283.0	1.0
5284.0	2.0
5285.0	2.0
5287.0	4.0
5290.0	3.0
5291.0	1.0
5292.0	1.0
5293.0	2.0
5295.0	3.0
5296.0	2.0
5297.0	3.0
5298.0	2.0
5299.0	1.0
5300.0	2.0
5303.0	2.0
5304.0	2.0
5305.0	1.0
5306.0	1.0
5307.0	1.0
5308.0	3.0
5309.0	5.0
5310.0	2.0
5311.0	2.0
5312.0	3.0
5313.0	1.0
5316.0	2.0
5318.0	1.0
5319.0	1.0
5321.0	3.0
5322.0	1.0
5323.0	1.0
5324.0	1.0
5326.0	1.0
5327.0	1.0
5329.0	1.0
5330.0	1.0
5331.0	6.0
5332.0	1.0
5333.0	1.0
5334.0	1.0
5336.0	3.0
5337.0	1.0
5338.0	2.0
5339.0	1.0
5340.0	2.0
5341.0	1.0
5342.0	3.0
5345.0	3.0
5346.0	3.0
5347.0	3.0
5348.0	2.0
5349.0	1.0
5350.0	2.0
5351.0	1.0
5352.0	3.0
5353.0	2.0
5354.0	1.0
5356.0	3.0
5357.0	2.0
5358.0	2.0
5359.0	1.0
5360.0	2.0
5361.0	4.0
5362.0	1.0
5363.0	3.0
5364.0	2.0
5365.0	1.0
5366.0	2.0
5367.0	2.0
5368.0	2.0
5369.0	2.0
5370.0	1.0
5371.0	2.0
5373.0	1.0
5374.0	1.0
5375.0	1.0
5377.0	5.0
5378.0	3.0
5380.0	2.0
5381.0	4.0
5383.0	1.0
5384.0	1.0
5385.0	1.0
5386.0	1.0
5387.0	2.0
5388.0	5.0
5389.0	3.0
5390.0	3.0
5391.0	3.0
5393.0	4.0
5394.0	3.0
5395.0	4.0
5397.0	2.0
5398.0	2.0
5399.0	2.0
5400.0	3.0
5401.0	1.0
5402.0	2.0
5403.0	2.0
5404.0	5.0
5405.0	2.0
5406.0	2.0
5407.0	2.0
5408.0	1.0
5410.0	1.0
5411.0	1.0
5412.0	5.0
5413.0	3.0
5414.0	1.0
5415.0	3.0
5416.0	5.0
5417.0	2.0
5418.0	4.0
5419.0	2.0
5420.0	1.0
5421.0	1.0
5422.0	2.0
5423.0	3.0
5424.0	3.0
5425.0	1.0
5427.0	1.0
5428.0	2.0
5429.0	1.0
5430.0	3.0
5431.0	1.0
5435.0	6.0
5436.0	1.0
5437.0	2.0
5439.0	1.0
5440.0	1.0
5441.0	3.0
5443.0	3.0
5444.0	3.0
5445.0	4.0
5446.0	2.0
5447.0	1.0
5448.0	2.0
5449.0	1.0
5450.0	3.0
5451.0	2.0
5452.0	2.0
5453.0	2.0
5454.0	2.0
5455.0	2.0
5456.0	1.0
5457.0	2.0
5458.0	1.0
5460.0	1.0
5463.0	2.0
5464.0	2.0
5465.0	1.0
5466.0	1.0
5469.0	2.0
5470.0	2.0
5472.0	4.0
5473.0	2.0
5474.0	1.0
5475.0	1.0
5477.0	1.0
5478.0	2.0
5480.0	1.0
5482.0	2.0
5483.0	3.0
5484.0	3.0
5485.0	1.0
5486.0	1.0
5487.0	1.0
5489.0	2.0
5492.0	1.0
5494.0	3.0
5495.0	1.0
5496.0	2.0
5498.0	3.0
5499.0	1.0
5500.0	3.0
5501.0	2.0
5502.0	2.0
5504.0	2.0
5505.0	1.0
5506.0	1.0
5507.0	1.0
5508.0	4.0
5510.0	1.0
5511.0	3.0
5512.0	1.0
5513.0	2.0
5515.0	2.0
5516.0	1.0
5517.0	2.0
5518.0	1.0
5519.0	1.0
5520.0	1.0
5521.0	1.0
5522.0	1.0
5524.0	1.0
5525.0	3.0
5526.0	1.0
5527.0	1.0
5528.0	1.0
5529.0	1.0
5530.0	1.0
5532.0	3.0
5533.0	1.0
5534.0	4.0
5536.0	1.0
5537.0	1.0
5539.0	1.0
5540.0	2.0
5542.0	1.0
5543.0	2.0
5544.0	1.0
5545.0	2.0
5546.0	2.0
5547.0	1.0
5548.0	1.0
5550.0	2.0
5551.0	5.0
5552.0	1.0
5553.0	4.0
5555.0	2.0
5557.0	2.0
5559.0	1.0
5560.0	1.0
5561.0	3.0
5562.0	5.0
5563.0	1.0
5566.0	1.0
5568.0	4.0
5569.0	1.0
5571.0	1.0
5572.0	4.0
5574.0	3.0
5575.0	1.0
5576.0	2.0
5577.0	2.0
5578.0	3.0
5580.0	1.0
5581.0	3.0
5582.0	2.0
5583.0	1.0
5584.0	2.0
5585.0	2.0
5587.0	2.0
5588.0	1.0
5591.0	2.0
5592.0	3.0
5594.0	1.0
5596.0	2.0
5598.0	1.0
5600.0	1.0
5601.0	2.0
5602.0	2.0
5603.0	3.0
5604.0	4.0
5607.0	3.0
5608.0	2.0
5611.0	3.0
5612.0	1.0
5613.0	1.0
5615.0	3.0
5616.0	3.0
5617.0	2.0
5618.0	1.0
5619.0	1.0
5620.0	1.0
5621.0	1.0
5622.0	1.0
5623.0	1.0
5624.0	3.0
5625.0	3.0
5626.0	2.0
5627.0	2.0
5628.0	2.0
5629.0	3.0
5630.0	3.0
5631.0	1.0
5633.0	1.0
5635.0	1.0
5636.0	4.0
5637.0	1.0
5638.0	3.0
5639.0	1.0
5640.0	1.0
5641.0	1.0
5642.0	3.0
5643.0	3.0
5644.0	2.0
5645.0	1.0
5646.0	1.0
5647.0	1.0
5648.0	5.0
5649.0	3.0
5650.0	1.0
5651.0	3.0
5652.0	2.0
5653.0	2.0
5655.0	1.0
5656.0	3.0
5657.0	3.0
5658.0	1.0
5659.0	3.0
5661.0	2.0
5662.0	1.0
5664.0	2.0
5665.0	2.0
5667.0	2.0
5668.0	3.0
5670.0	2.0
5671.0	2.0
5672.0	1.0
5673.0	3.0
5674.0	4.0
5676.0	1.0
5677.0	2.0
5680.0	2.0
5681.0	1.0
5682.0	3.0
5683.0	1.0
5684.0	1.0
5685.0	1.0
5686.0	2.0
5687.0	1.0
5689.0	3.0
5690.0	2.0
5691.0	1.0
5692.0	2.0
5693.0	2.0
5694.0	2.0
5697.0	3.0
5698.0	1.0
5702.0	1.0
5703.0	1.0
5704.0	1.0
5705.0	3.0
5707.0	1.0
5709.0	3.0
5710.0	1.0
5711.0	1.0
5712.0	1.0
5713.0	1.0
5714.0	1.0
5715.0	2.0
5716.0	2.0
5717.0	2.0
5720.0	1.0
5721.0	2.0
5722.0	1.0
5723.0	1.0
5724.0	1.0
5725.0	1.0
5726.0	2.0
5727.0	1.0
5730.0	1.0
5731.0	1.0
5732.0	3.0
5736.0	1.0
5737.0	2.0
5739.0	2.0
5741.0	1.0
5742.0	1.0
5747.0	1.0
5749.0	2.0
5753.0	1.0
5754.0	1.0
5755.0	1.0
5758.0	1.0
5759.0	1.0
5762.0	1.0
5763.0	1.0
5765.0	2.0
5766.0	1.0
5768.0	2.0
5769.0	1.0
5772.0	1.0
5773.0	1.0
5774.0	1.0
5775.0	2.0
5778.0	2.0
5779.0	1.0
5780.0	2.0
5782.0	1.0
5783.0	1.0
5786.0	3.0
5787.0	1.0
5791.0	2.0
5795.0	3.0
5796.0	1.0
5798.0	1.0
5800.0	3.0
5801.0	1.0
5802.0	1.0
5803.0	1.0
5805.0	3.0
5807.0	1.0
5810.0	1.0
5811.0	3.0
5812.0	1.0
5816.0	1.0
5817.0	2.0
5818.0	2.0
5819.0	3.0
5820.0	1.0
5822.0	1.0
5823.0	1.0
5825.0	2.0
5826.0	1.0
5828.0	2.0
5829.0	1.0
5831.0	1.0
5832.0	1.0
5834.0	2.0
5836.0	1.0
5837.0	1.0
5839.0	2.0
5840.0	1.0
5842.0	1.0
5843.0	1.0
5845.0	1.0
5846.0	1.0
5849.0	3.0
5851.0	1.0
5852.0	2.0
5853.0	1.0
5854.0	1.0
5856.0	2.0
5857.0	1.0
5859.0	2.0
5865.0	1.0
5866.0	1.0
5867.0	1.0
5868.0	1.0
5869.0	1.0
5872.0	1.0
5874.0	3.0
5875.0	1.0
5877.0	1.0
5878.0	1.0
5880.0	1.0
5881.0	2.0
5883.0	3.0
5884.0	1.0
5885.0	1.0
5886.0	1.0
5889.0	3.0
5890.0	1.0
5891.0	2.0
5892.0	1.0
5895.0	1.0
5896.0	2.0
5897.0	1.0
5899.0	1.0
5901.0	1.0
5903.0	1.0
5905.0	1.0
5908.0	1.0
5909.0	1.0
5910.0	2.0
5911.0	2.0
5913.0	3.0
5914.0	2.0
5915.0	1.0
5916.0	3.0
5917.0	1.0
5918.0	1.0
5920.0	1.0
5921.0	2.0
5922.0	2.0
5923.0	1.0
5924.0	2.0
5925.0	4.0
5928.0	1.0
5929.0	1.0
5931.0	1.0
5933.0	1.0
5935.0	1.0
5936.0	1.0
5937.0	1.0
5938.0	2.0
5939.0	1.0
5940.0	1.0
5941.0	1.0
5942.0	2.0
5943.0	1.0
5946.0	4.0
5948.0	1.0
5950.0	3.0
5951.0	3.0
5954.0	1.0
5956.0	1.0
5960.0	1.0
5962.0	1.0
5966.0	2.0
5969.0	1.0
5974.0	2.0
5976.0	1.0
5977.0	1.0
5978.0	2.0
5980.0	1.0
5981.0	1.0
5983.0	1.0
5984.0	1.0
5985.0	1.0
5986.0	2.0
5992.0	1.0
5993.0	1.0
5994.0	1.0
6000.0	1.0
6001.0	2.0
6006.0	3.0
6007.0	1.0
6009.0	1.0
6010.0	1.0
6012.0	1.0
6013.0	1.0
6017.0	1.0
6018.0	1.0
6019.0	1.0
6022.0	1.0
6024.0	1.0
6028.0	2.0
6029.0	1.0
6037.0	1.0
6040.0	1.0
6041.0	1.0
6043.0	1.0
6044.0	1.0
6046.0	1.0
6047.0	2.0
6052.0	1.0
6054.0	2.0
6063.0	1.0
6064.0	1.0
6065.0	1.0
6068.0	2.0
6072.0	1.0
6073.0	1.0
6074.0	1.0
6075.0	1.0
6078.0	1.0
6081.0	1.0
6085.0	1.0
6086.0	2.0
6087.0	2.0
6089.0	1.0
6096.0	1.0
6097.0	1.0
6098.0	2.0
6099.0	1.0
6104.0	1.0
6105.0	1.0
6106.0	1.0
6110.0	1.0
6111.0	1.0
6113.0	1.0
6117.0	1.0
6119.0	1.0
6121.0	1.0
6124.0	1.0
6126.0	1.0
6127.0	1.0
6128.0	1.0
6129.0	1.0
6133.0	1.0
6134.0	1.0
6135.0	1.0
6140.0	1.0
6144.0	1.0
6148.0	2.0
6153.0	1.0
6154.0	1.0
6156.0	1.0
6160.0	2.0
6162.0	1.0
6164.0	1.0
6168.0	2.0
6169.0	1.0
6171.0	2.0
6172.0	2.0
6178.0	1.0
6180.0	1.0
6182.0	1.0
6183.0	1.0
6184.0	1.0
6185.0	1.0
6186.0	1.0
6188.0	1.0
6189.0	1.0
6194.0	1.0
6196.0	1.0
6201.0	1.0
6203.0	1.0
6205.0	1.0
6211.0	1.0
6213.0	1.0
6219.0	1.0
6221.0	1.0
6224.0	1.0
6225.0	2.0
6226.0	2.0
6230.0	1.0
6231.0	2.0
6233.0	1.0
6234.0	4.0
6236.0	1.0
6237.0	1.0
6238.0	1.0
6244.0	1.0
6248.0	1.0
6250.0	3.0
6251.0	2.0
6253.0	1.0
6254.0	3.0
6255.0	1.0
6256.0	1.0
6257.0	1.0
6259.0	1.0
6260.0	1.0
6261.0	1.0
6263.0	1.0
6264.0	1.0
6266.0	1.0
6268.0	1.0
6269.0	3.0
6270.0	1.0
6274.0	1.0
6280.0	1.0
6281.0	1.0
6282.0	1.0
6283.0	1.0
6288.0	1.0
6289.0	1.0
6295.0	1.0
6297.0	1.0
6300.0	2.0
6303.0	1.0
6304.0	1.0
6305.0	1.0
6306.0	1.0
6308.0	1.0
6310.0	1.0
6311.0	2.0
6313.0	1.0
6314.0	2.0
6315.0	2.0
6320.0	1.0
6321.0	1.0
6322.0	1.0
6325.0	2.0
6327.0	1.0
6329.0	1.0
6331.0	1.0
6336.0	2.0
6341.0	1.0
6345.0	2.0
6346.0	1.0
6349.0	1.0
6351.0	1.0
6352.0	1.0
6353.0	1.0
6355.0	2.0
6356.0	1.0
6358.0	1.0
6359.0	1.0
6364.0	3.0
6365.0	1.0
6368.0	1.0
6369.0	1.0
6372.0	1.0
6374.0	1.0
6377.0	1.0
6378.0	1.0
6381.0	1.0
6382.0	1.0
6383.0	1.0
6384.0	2.0
6386.0	1.0
6388.0	3.0
6392.0	2.0
6393.0	1.0
6399.0	1.0
6401.0	1.0
6403.0	2.0
6406.0	1.0
6409.0	1.0
6410.0	1.0
6412.0	1.0
6415.0	1.0
6418.0	1.0
6423.0	1.0
6428.0	1.0
6430.0	2.0
6432.0	4.0
6433.0	1.0
6434.0	2.0
6435.0	1.0
6436.0	1.0
6438.0	1.0
6444.0	1.0
6447.0	1.0
6451.0	1.0
6455.0	2.0
6456.0	1.0
6457.0	1.0
6459.0	1.0
6462.0	1.0
6463.0	2.0
6464.0	1.0
6467.0	1.0
6469.0	1.0
6470.0	1.0
6471.0	1.0
6472.0	1.0
6473.0	2.0
6474.0	1.0
6476.0	1.0
6479.0	1.0
6484.0	2.0
6485.0	2.0
6486.0	1.0
6488.0	1.0
6491.0	3.0
6492.0	2.0
6493.0	1.0
6495.0	2.0
6498.0	1.0
6499.0	2.0
6500.0	1.0
6501.0	2.0
6503.0	1.0
6506.0	1.0
6508.0	2.0
6509.0	1.0
6510.0	1.0
6511.0	2.0
6517.0	2.0
6518.0	1.0
6520.0	1.0
6522.0	1.0
6523.0	1.0
6527.0	1.0
6528.0	1.0
6533.0	1.0
6534.0	2.0
6539.0	1.0
6540.0	1.0
6545.0	1.0
6546.0	1.0
6547.0	1.0
6550.0	1.0
6552.0	1.0
6553.0	1.0
6555.0	1.0
6556.0	1.0
6557.0	3.0
6560.0	1.0
6565.0	1.0
6569.0	1.0
6577.0	2.0
6580.0	2.0
6581.0	2.0
6584.0	1.0
6585.0	1.0
6588.0	3.0
6592.0	1.0
6596.0	1.0
6597.0	1.0
6598.0	1.0
6599.0	1.0
6600.0	1.0
6603.0	3.0
6604.0	1.0
6607.0	1.0
6608.0	1.0
6609.0	1.0
6611.0	1.0
6613.0	1.0
6614.0	1.0
6615.0	2.0
6621.0	1.0
6622.0	1.0
6623.0	1.0
6624.0	1.0
6630.0	1.0
6633.0	1.0
6634.0	2.0
6636.0	4.0
6638.0	1.0
6640.0	1.0
6641.0	1.0
6644.0	1.0
6646.0	2.0
6648.0	1.0
6649.0	1.0
6651.0	1.0
6652.0	2.0
6653.0	1.0
6654.0	1.0
6656.0	1.0
6657.0	1.0
6658.0	1.0
6659.0	1.0
6661.0	2.0
6662.0	2.0
6665.0	2.0
6668.0	3.0
6672.0	1.0
6675.0	3.0
6677.0	1.0
6678.0	2.0
6679.0	2.0
6680.0	1.0
6683.0	1.0
6684.0	1.0
6685.0	1.0
6688.0	2.0
6689.0	3.0
6690.0	1.0
6691.0	3.0
6692.0	1.0
6694.0	2.0
6695.0	1.0
6696.0	1.0
6700.0	3.0
6702.0	1.0
6703.0	3.0
6704.0	1.0
6705.0	1.0
6706.0	1.0
6707.0	1.0
6708.0	1.0
6710.0	1.0
6711.0	3.0
6712.0	2.0
6714.0	2.0
6715.0	2.0
6717.0	5.0
6719.0	1.0
6721.0	1.0
6722.0	1.0
6723.0	2.0
6725.0	1.0
6726.0	1.0
6727.0	2.0
6728.0	2.0
6731.0	2.0
6732.0	1.0
6733.0	2.0
6734.0	1.0
6735.0	1.0
6736.0	4.0
6738.0	2.0
6739.0	1.0
6742.0	1.0
6743.0	1.0
6744.0	1.0
6748.0	1.0
6749.0	1.0
6753.0	1.0
6754.0	4.0
6758.0	2.0
6759.0	2.0
6760.0	2.0
6761.0	1.0
6762.0	5.0
6763.0	1.0
6764.0	1.0
6765.0	1.0
6771.0	1.0
6773.0	2.0
6776.0	1.0
6777.0	3.0
6779.0	1.0
6781.0	2.0
6784.0	1.0
6786.0	1.0
6787.0	2.0
6789.0	1.0
6790.0	1.0
6791.0	1.0
6792.0	1.0
6793.0	1.0
6794.0	2.0
6795.0	3.0
6796.0	2.0
6798.0	2.0
6800.0	2.0
6801.0	1.0
6802.0	1.0
6803.0	2.0
6804.0	1.0
6807.0	2.0
6808.0	1.0
6809.0	1.0
6810.0	1.0
6812.0	2.0
6814.0	1.0
6815.0	1.0
6816.0	1.0
6817.0	1.0
6819.0	1.0
6821.0	2.0
6822.0	1.0
6823.0	2.0
6825.0	1.0
6827.0	1.0
6829.0	1.0
6832.0	2.0
6835.0	2.0
6836.0	3.0
6838.0	2.0
6839.0	1.0
6841.0	3.0
6842.0	1.0
6843.0	3.0
6845.0	3.0
6846.0	1.0
6847.0	1.0
6852.0	1.0
6854.0	1.0
6855.0	1.0
6856.0	2.0
6858.0	1.0
6861.0	1.0
6862.0	2.0
6863.0	1.0
6864.0	1.0
6865.0	1.0
6867.0	2.0
6869.0	1.0
6870.0	2.0
6871.0	1.0
6874.0	2.0
6876.0	1.0
6878.0	2.0
6882.0	1.0
6891.0	1.0
6892.0	2.0
6893.0	1.0
6894.0	1.0
6895.0	1.0
6896.0	1.0
6898.0	2.0
6899.0	1.0
6902.0	2.0
6904.0	2.0
6907.0	2.0
6908.0	2.0
6909.0	2.0
6912.0	1.0
6915.0	1.0
6916.0	1.0
6922.0	1.0
6923.0	2.0
6924.0	1.0
6927.0	1.0
6928.0	1.0
6929.0	1.0
6933.0	1.0
6936.0	1.0
6942.0	2.0
6944.0	1.0
6947.0	1.0
6948.0	1.0
6950.0	2.0
6951.0	3.0
6952.0	3.0
6953.0	1.0
6954.0	2.0
6955.0	1.0
6966.0	1.0
6970.0	2.0
6976.0	1.0
6978.0	1.0
6979.0	1.0
6980.0	1.0
6989.0	1.0
6990.0	2.0
6992.0	2.0
6995.0	1.0
6997.0	1.0
6999.0	1.0
7001.0	1.0
7013.0	1.0
7014.0	2.0
7015.0	1.0
7019.0	1.0
7021.0	2.0
7023.0	1.0
7026.0	1.0
7028.0	1.0
7029.0	2.0
7032.0	1.0
7037.0	2.0
7038.0	1.0
7039.0	1.0
7040.0	1.0
7042.0	1.0
7047.0	1.0
7053.0	1.0
7055.0	1.0
7057.0	2.0
7061.0	1.0
7062.0	4.0
7065.0	1.0
7066.0	1.0
7071.0	2.0
7072.0	1.0
7078.0	1.0
7080.0	1.0
7083.0	1.0
7084.0	2.0
7086.0	1.0
7087.0	1.0
7092.0	1.0
7095.0	1.0
7098.0	2.0
7101.0	1.0
7102.0	1.0
7105.0	1.0
7109.0	1.0
7111.0	1.0
7120.0	1.0
7121.0	2.0
7122.0	1.0
7128.0	1.0
7134.0	1.0
7136.0	1.0
7138.0	1.0
7140.0	2.0
7141.0	2.0
7142.0	1.0
7144.0	1.0
7146.0	1.0
7149.0	1.0
7152.0	1.0
7153.0	1.0
7160.0	1.0
7161.0	1.0
7165.0	1.0
7166.0	1.0
7168.0	1.0
7169.0	1.0
7170.0	1.0
7176.0	2.0
7179.0	2.0
7180.0	1.0
7181.0	1.0
7182.0	1.0
7183.0	1.0
7189.0	1.0
7192.0	1.0
7197.0	1.0
7198.0	2.0
7199.0	1.0
7206.0	1.0
7209.0	1.0
7213.0	1.0
7214.0	1.0
7220.0	1.0
7225.0	1.0
7234.0	1.0
7242.0	3.0
7243.0	1.0
7244.0	1.0
7245.0	1.0
7246.0	2.0
7248.0	1.0
7250.0	2.0
7256.0	2.0
7260.0	1.0
7263.0	1.0
7264.0	1.0
7268.0	2.0
7273.0	1.0
7275.0	1.0
7277.0	1.0
7280.0	2.0
7281.0	1.0
7283.0	1.0
7286.0	1.0
7288.0	2.0
7289.0	2.0
7290.0	1.0
7295.0	2.0
7296.0	1.0
7301.0	1.0
7303.0	1.0
7304.0	1.0
7311.0	1.0
7313.0	1.0
7320.0	2.0
7323.0	2.0
7326.0	1.0
7329.0	1.0
7333.0	2.0
7336.0	1.0
7338.0	2.0
7343.0	2.0
7346.0	1.0
7348.0	2.0
7354.0	2.0
7355.0	1.0
7357.0	1.0
7361.0	2.0
7366.0	1.0
7367.0	1.0
7368.0	1.0
7372.0	2.0
7373.0	1.0
7374.0	1.0
7376.0	1.0
7377.0	1.0
7378.0	1.0
7387.0	1.0
7388.0	1.0
7392.0	1.0
7393.0	1.0
7396.0	1.0
7399.0	2.0
7401.0	1.0
7403.0	1.0
7406.0	1.0
7409.0	2.0
7412.0	2.0
7413.0	1.0
7415.0	2.0
7416.0	1.0
7417.0	1.0
7419.0	1.0
7420.0	1.0
7421.0	1.0
7422.0	1.0
7423.0	1.0
7425.0	1.0
7426.0	3.0
7429.0	1.0
7432.0	1.0
7433.0	1.0
7434.0	1.0
7435.0	1.0
7437.0	1.0
7438.0	1.0
7441.0	1.0
7442.0	1.0
7446.0	1.0
7447.0	2.0
7452.0	2.0
7455.0	1.0
7456.0	1.0
7457.0	3.0
7461.0	1.0
7463.0	1.0
7464.0	1.0
7465.0	1.0
7467.0	2.0
7468.0	3.0
7469.0	1.0
7471.0	1.0
7472.0	2.0
7473.0	1.0
7474.0	3.0
7475.0	2.0
7477.0	2.0
7478.0	2.0
7480.0	3.0
7481.0	3.0
7482.0	2.0
7484.0	2.0
7485.0	1.0
7486.0	1.0
7489.0	2.0
7491.0	2.0
7492.0	2.0
7493.0	1.0
7495.0	3.0
7501.0	3.0
7504.0	1.0
7505.0	2.0
7506.0	1.0
7507.0	1.0
7509.0	1.0
7510.0	1.0
7511.0	2.0
7512.0	2.0
7513.0	2.0
7515.0	3.0
7518.0	1.0
7522.0	2.0
7524.0	1.0
7525.0	1.0
7527.0	1.0
7528.0	1.0
7529.0	1.0
7530.0	1.0
7531.0	2.0
7532.0	2.0
7533.0	2.0
7535.0	1.0
7536.0	1.0
7537.0	2.0
7538.0	1.0
7539.0	1.0
7541.0	1.0
7542.0	1.0
7543.0	5.0
7544.0	3.0
7545.0	1.0
7546.0	1.0
7550.0	1.0
7551.0	2.0
7552.0	1.0
7554.0	1.0
7556.0	2.0
7557.0	1.0
7558.0	1.0
7560.0	1.0
7562.0	1.0
7564.0	1.0
7565.0	1.0
7566.0	1.0
7570.0	1.0
7572.0	1.0
7574.0	1.0
7577.0	2.0
7579.0	1.0
7580.0	1.0
7581.0	1.0
7582.0	2.0
7589.0	2.0
7590.0	1.0
7591.0	2.0
7592.0	1.0
7595.0	2.0
7597.0	1.0
7598.0	1.0
7600.0	1.0
7601.0	2.0
7602.0	2.0
7603.0	1.0
7605.0	1.0
7606.0	2.0
7608.0	1.0
7609.0	1.0
7610.0	1.0
7614.0	1.0
7616.0	1.0
7621.0	1.0
7625.0	1.0
7627.0	1.0
7628.0	2.0
7634.0	1.0
7635.0	1.0
7640.0	1.0
7641.0	1.0
7645.0	1.0
7646.0	1.0
7647.0	2.0
7653.0	1.0
7658.0	1.0
7659.0	1.0
7660.0	1.0
7662.0	2.0
7665.0	1.0
7666.0	2.0
7668.0	3.0
7670.0	1.0
7671.0	1.0
7673.0	2.0
7674.0	3.0
7677.0	1.0
7678.0	1.0
7679.0	2.0
7682.0	2.0
7683.0	1.0
7685.0	1.0
7686.0	1.0
7688.0	2.0
7689.0	1.0
7692.0	1.0
7695.0	2.0
7696.0	1.0
7698.0	1.0
7700.0	1.0
7701.0	1.0
7702.0	1.0
7703.0	4.0
7709.0	1.0
7711.0	1.0
7712.0	2.0
7714.0	2.0
7715.0	1.0
7719.0	1.0
7720.0	1.0
7722.0	1.0
7724.0	1.0
7725.0	1.0
7726.0	1.0
7729.0	1.0
7730.0	2.0
7731.0	1.0
7732.0	1.0
7733.0	2.0
7735.0	1.0
7736.0	2.0
7738.0	2.0
7739.0	1.0
7740.0	1.0
7741.0	4.0
7742.0	1.0
7743.0	2.0
7744.0	1.0
7745.0	1.0
7746.0	1.0
7747.0	1.0
7748.0	2.0
7749.0	4.0
7750.0	2.0
7752.0	1.0
7754.0	2.0
7755.0	1.0
7756.0	1.0
7757.0	2.0
7758.0	1.0
7759.0	1.0
7763.0	1.0
7764.0	1.0
7766.0	1.0
7767.0	2.0
7769.0	1.0
7770.0	2.0
7772.0	1.0
7773.0	1.0
7774.0	1.0
7776.0	2.0
7777.0	1.0
7778.0	1.0
7780.0	1.0
7782.0	3.0
7784.0	3.0
7785.0	1.0
7788.0	2.0
7789.0	2.0
7790.0	2.0
7792.0	2.0
7794.0	1.0
7795.0	3.0
7796.0	1.0
7797.0	3.0
7798.0	1.0
7799.0	1.0
7800.0	1.0
7802.0	2.0
7805.0	1.0
7806.0	2.0
7807.0	1.0
7812.0	1.0
7814.0	1.0
7816.0	1.0
7817.0	1.0
7818.0	1.0
7819.0	2.0
7822.0	2.0
7823.0	1.0
7825.0	1.0
7826.0	1.0
7827.0	1.0
7828.0	4.0
7830.0	1.0
7832.0	1.0
7833.0	4.0
7838.0	1.0
7839.0	1.0
7840.0	2.0
7841.0	2.0
7843.0	1.0
7844.0	1.0
7845.0	1.0
7850.0	1.0
7853.0	1.0
7854.0	2.0
7857.0	2.0
7858.0	2.0
7859.0	1.0
7860.0	1.0
7861.0	1.0
7862.0	2.0
7863.0	2.0
7865.0	1.0
7867.0	1.0
7868.0	3.0
7871.0	1.0
7872.0	1.0
7873.0	1.0
7875.0	1.0
7876.0	1.0
7878.0	2.0
7879.0	2.0
7880.0	1.0
7883.0	2.0
7885.0	1.0
7886.0	2.0
7887.0	2.0
7890.0	1.0
7893.0	1.0
7894.0	3.0
7897.0	1.0
7898.0	1.0
7900.0	3.0
7901.0	1.0
7904.0	1.0
7910.0	1.0
7912.0	2.0
7915.0	2.0
7916.0	1.0
7917.0	2.0
7918.0	1.0
7919.0	1.0
7921.0	1.0
7923.0	1.0
7924.0	1.0
7926.0	2.0
7929.0	3.0
7931.0	1.0
7932.0	1.0
7934.0	1.0
7936.0	2.0
7937.0	1.0
7938.0	1.0
7939.0	1.0
7941.0	1.0
7942.0	1.0
7944.0	1.0
7945.0	2.0
7947.0	1.0
7948.0	2.0
7950.0	2.0
7951.0	2.0
7953.0	2.0
7958.0	1.0
7962.0	1.0
7963.0	3.0
7972.0	1.0
7975.0	2.0
7976.0	1.0
7977.0	1.0
7982.0	1.0
7985.0	1.0
7986.0	2.0
7993.0	1.0
7995.0	1.0
7996.0	1.0
8000.0	1.0
8004.0	2.0
8006.0	2.0
8011.0	1.0
8015.0	1.0
8018.0	1.0
8023.0	2.0
8027.0	1.0
8030.0	2.0
8033.0	1.0
8035.0	1.0
8039.0	1.0
8047.0	1.0
8050.0	1.0
8058.0	2.0
8061.0	3.0
8064.0	2.0
8068.0	1.0
8070.0	1.0
8071.0	2.0
8072.0	1.0
8073.0	1.0
8081.0	1.0
8091.0	1.0
8092.0	1.0
8093.0	1.0
8094.0	2.0
8103.0	1.0
8104.0	1.0
8111.0	1.0
8113.0	1.0
8119.0	1.0
8122.0	2.0
8123.0	1.0
8127.0	1.0
8128.0	2.0
8132.0	1.0
8135.0	1.0
8137.0	1.0
8139.0	1.0
8143.0	1.0
8146.0	2.0
8148.0	1.0
8151.0	1.0
8152.0	1.0
8156.0	1.0
8158.0	1.0
8164.0	1.0
8168.0	1.0
8170.0	1.0
8172.0	1.0
8177.0	1.0
8186.0	1.0
8187.0	1.0
8189.0	1.0
8191.0	1.0
8192.0	1.0
8196.0	1.0
8203.0	3.0
8204.0	1.0
8208.0	2.0
8213.0	1.0
8215.0	1.0
8216.0	1.0
8218.0	2.0
8220.0	1.0
8222.0	2.0
8227.0	1.0
8230.0	1.0
8232.0	2.0
8233.0	1.0
8234.0	2.0
8237.0	1.0
8244.0	1.0
8252.0	1.0
8255.0	1.0
8257.0	1.0
8262.0	1.0
8265.0	1.0
8270.0	1.0
8281.0	1.0
8283.0	1.0
8286.0	1.0
8287.0	2.0
8291.0	1.0
8298.0	1.0
8301.0	1.0
8307.0	1.0
8311.0	1.0
8316.0	1.0
8318.0	1.0
8321.0	1.0
8323.0	1.0
8325.0	2.0
8327.0	1.0
8329.0	1.0
8331.0	1.0
8333.0	1.0
8336.0	1.0
8342.0	1.0
8349.0	1.0
8351.0	1.0
8352.0	2.0
8355.0	2.0
8357.0	1.0
8361.0	1.0
8370.0	2.0
8371.0	1.0
8376.0	1.0
8378.0	1.0
8380.0	1.0
8384.0	1.0
8385.0	1.0
8386.0	1.0
8388.0	2.0
8391.0	1.0
8392.0	3.0
8394.0	1.0
8395.0	1.0
8396.0	1.0
8400.0	1.0
8402.0	1.0
8408.0	1.0
8413.0	1.0
8414.0	2.0
8415.0	1.0
8416.0	1.0
8417.0	1.0
8419.0	2.0
8420.0	1.0
8428.0	1.0
8431.0	2.0
8439.0	1.0
8443.0	2.0
8446.0	1.0
8448.0	2.0
8452.0	1.0
8456.0	1.0
8457.0	2.0
8463.0	2.0
8465.0	1.0
8467.0	1.0
8473.0	1.0
8475.0	1.0
8481.0	1.0
8482.0	1.0
8483.0	1.0
8487.0	1.0
8490.0	1.0
8492.0	1.0
8493.0	2.0
8494.0	1.0
8495.0	1.0
8497.0	1.0
8498.0	2.0
8503.0	1.0
8506.0	1.0
8509.0	1.0
8511.0	1.0
8513.0	2.0
8519.0	1.0
8526.0	1.0
8527.0	1.0
8532.0	1.0
8540.0	1.0
8541.0	1.0
8542.0	1.0
8544.0	1.0
8547.0	2.0
8548.0	1.0
8549.0	1.0
8552.0	1.0
8554.0	1.0
8555.0	2.0
8556.0	2.0
8557.0	1.0
8559.0	2.0
8562.0	1.0
8564.0	2.0
8567.0	2.0
8571.0	1.0
8572.0	1.0
8574.0	3.0
8575.0	1.0
8576.0	2.0
8578.0	1.0
8579.0	3.0
8584.0	1.0
8586.0	1.0
8587.0	2.0
8589.0	1.0
8590.0	1.0
8591.0	1.0
8592.0	2.0
8593.0	1.0
8594.0	1.0
8596.0	2.0
8597.0	3.0
8599.0	1.0
8600.0	2.0
8607.0	2.0
8608.0	1.0
8609.0	2.0
8612.0	2.0
8613.0	2.0
8614.0	1.0
8617.0	1.0
8619.0	1.0
8621.0	1.0
8622.0	1.0
8624.0	1.0
8631.0	1.0
8637.0	1.0
8642.0	1.0
8644.0	1.0
8645.0	1.0
8649.0	2.0
8651.0	3.0
8654.0	1.0
8661.0	1.0
8663.0	1.0
8668.0	1.0
8669.0	1.0
8674.0	1.0
8677.0	1.0
8681.0	1.0
8682.0	2.0
8684.0	1.0
8688.0	1.0
8691.0	3.0
8695.0	1.0
8697.0	2.0
8699.0	2.0
8700.0	3.0
8701.0	1.0
8705.0	1.0
8708.0	1.0
8711.0	3.0
8713.0	1.0
8714.0	1.0
8716.0	1.0
8718.0	1.0
8722.0	1.0
8723.0	1.0
8729.0	2.0
8735.0	1.0
8738.0	1.0
8743.0	1.0
8744.0	2.0
8745.0	2.0
8746.0	1.0
8748.0	1.0
8752.0	1.0
8754.0	1.0
8756.0	1.0
8758.0	1.0
8759.0	1.0
8765.0	2.0
8770.0	2.0
8778.0	1.0
8782.0	1.0
8789.0	1.0
8795.0	1.0
8797.0	1.0
8801.0	1.0
8805.0	1.0
8821.0	1.0
8828.0	1.0
8834.0	2.0
8838.0	1.0
8841.0	1.0
8848.0	1.0
8849.0	1.0
8852.0	1.0
8855.0	1.0
8862.0	1.0
8866.0	1.0
8878.0	1.0
8884.0	2.0
8904.0	1.0
8910.0	1.0
8918.0	1.0
8919.0	1.0
8926.0	1.0
8931.0	1.0
8933.0	1.0
8938.0	1.0
8940.0	1.0
8943.0	1.0
8950.0	1.0
8953.0	1.0
8961.0	1.0
8969.0	1.0
8986.0	1.0
8988.0	2.0
8998.0	2.0
9003.0	1.0
9004.0	2.0
9009.0	1.0
9017.0	1.0
9031.0	1.0
9045.0	1.0
9049.0	1.0
9057.0	1.0
9061.0	1.0
9068.0	1.0
9072.0	1.0
9074.0	1.0
9076.0	1.0
9077.0	1.0
9090.0	1.0
9094.0	2.0
9099.0	1.0
9106.0	1.0
9108.0	1.0
9109.0	1.0
9112.0	1.0
9114.0	1.0
9115.0	2.0
9119.0	1.0
9121.0	1.0
9126.0	1.0
9128.0	1.0
9129.0	1.0
9130.0	1.0
9131.0	1.0
9133.0	2.0
9136.0	1.0
9142.0	2.0
9154.0	1.0
9159.0	1.0
9160.0	1.0
9165.0	1.0
9167.0	2.0
9170.0	2.0
9173.0	1.0
9175.0	1.0
9183.0	1.0
9186.0	2.0
9197.0	1.0
9198.0	1.0
9200.0	1.0
9201.0	1.0
9212.0	1.0
9217.0	1.0
9220.0	1.0
9223.0	1.0
9226.0	1.0
9229.0	1.0
9235.0	2.0
9238.0	1.0
9245.0	2.0
9246.0	1.0
9251.0	1.0
9256.0	1.0
9258.0	3.0
9268.0	1.0
9272.0	1.0
9279.0	1.0
9281.0	1.0
9284.0	2.0
9285.0	1.0
9286.0	1.0
9287.0	1.0
9288.0	1.0
9292.0	1.0
9295.0	1.0
9296.0	1.0
9302.0	1.0
9303.0	1.0
9308.0	1.0
9310.0	1.0
9314.0	1.0
9315.0	1.0
9320.0	1.0
9322.0	1.0
9337.0	2.0
9343.0	1.0
9348.0	1.0
9363.0	1.0
9366.0	3.0
9376.0	1.0
9387.0	1.0
9392.0	1.0
9397.0	2.0
9416.0	2.0
9418.0	1.0
9421.0	2.0
9427.0	2.0
9443.0	1.0
9451.0	1.0
9454.0	1.0
9455.0	1.0
9456.0	1.0
9462.0	1.0
9467.0	1.0
9472.0	1.0
9483.0	2.0
9485.0	1.0
9488.0	1.0
9490.0	1.0
9498.0	1.0
9503.0	1.0
9506.0	1.0
9517.0	1.0
9520.0	1.0
9531.0	1.0
9532.0	1.0
9533.0	1.0
9539.0	1.0
9545.0	1.0
9547.0	1.0
9550.0	1.0
9554.0	1.0
9555.0	1.0
9560.0	1.0
9575.0	1.0
9577.0	1.0
9578.0	1.0
9581.0	1.0
9582.0	1.0
9584.0	1.0
9593.0	1.0
9606.0	1.0
9607.0	1.0
9616.0	1.0
9628.0	1.0
9629.0	1.0
9633.0	1.0
9635.0	1.0
9636.0	1.0
9639.0	1.0
9642.0	1.0
9643.0	1.0
9646.0	1.0
9653.0	1.0
9657.0	1.0
9673.0	1.0
9675.0	1.0
9679.0	1.0
9680.0	1.0
9682.0	1.0
9684.0	1.0
9692.0	1.0
9695.0	1.0
9700.0	1.0
9706.0	1.0
9725.0	1.0
9727.0	1.0
9732.0	1.0
9733.0	1.0
9735.0	1.0
9740.0	1.0
9744.0	1.0
9752.0	1.0
9754.0	1.0
9766.0	1.0
9768.0	1.0
9774.0	2.0
9789.0	1.0
9790.0	1.0
9792.0	1.0
9796.0	1.0
9797.0	1.0
9812.0	1.0
9831.0	1.0
9843.0	1.0
9846.0	1.0
9853.0	1.0
9856.0	1.0
9873.0	1.0
9877.0	1.0
9884.0	1.0
9887.0	1.0
9889.0	1.0
9893.0	1.0
9898.0	1.0
9906.0	2.0
9927.0	1.0
9941.0	1.0
9952.0	1.0
9954.0	1.0
9955.0	1.0
9958.0	1.0
9959.0	1.0
9960.0	1.0
9965.0	1.0
9980.0	1.0
9985.0	1.0
9989.0	1.0
9992.0	1.0
9993.0	1.0
10003.0	1.0
10023.0	1.0
10035.0	1.0
10037.0	1.0
10050.0	1.0
10060.0	1.0
10064.0	1.0
10079.0	1.0
10080.0	1.0
10086.0	1.0
10099.0	2.0
10109.0	1.0
10130.0	1.0
10138.0	1.0
10145.0	1.0
10159.0	1.0
10164.0	1.0
10184.0	1.0
10190.0	1.0
10191.0	1.0
10193.0	1.0
10197.0	1.0
10203.0	1.0
10213.0	1.0
10222.0	1.0
10227.0	1.0
10233.0	1.0
10259.0	1.0
10260.0	2.0
10279.0	1.0
10283.0	1.0
10307.0	1.0
10321.0	1.0
10327.0	1.0
10345.0	1.0
10346.0	1.0
10350.0	1.0
10357.0	1.0
10379.0	1.0
10382.0	1.0
10392.0	1.0
10397.0	1.0
10414.0	1.0
10419.0	1.0
10431.0	1.0
10437.0	1.0
10440.0	1.0
10445.0	1.0
10460.0	1.0
10477.0	1.0
10478.0	1.0
10514.0	1.0
10516.0	1.0
10547.0	1.0
10556.0	1.0
10570.0	1.0
10581.0	1.0
10602.0	1.0
10608.0	1.0
10609.0	1.0
10640.0	2.0
10648.0	1.0
10667.0	1.0
10670.0	1.0
10676.0	1.0
10686.0	1.0
10694.0	1.0
10716.0	1.0
10735.0	1.0
10750.0	1.0
10756.0	1.0
10760.0	1.0
10763.0	1.0
10770.0	1.0
10772.0	1.0
10775.0	1.0
10786.0	1.0
10794.0	1.0
10805.0	1.0
10823.0	1.0
10831.0	1.0
10839.0	1.0
10869.0	1.0
10870.0	1.0
10872.0	1.0
10876.0	1.0
10893.0	1.0
10899.0	1.0
10903.0	1.0
10905.0	1.0
10908.0	1.0
10909.0	1.0
10911.0	1.0
10912.0	1.0
10918.0	1.0
10927.0	1.0
10933.0	1.0
10942.0	1.0
10946.0	1.0
10961.0	1.0
10964.0	1.0
10982.0	1.0
10992.0	1.0
10999.0	1.0
11000.0	1.0
11016.0	1.0
11017.0	1.0
11028.0	1.0
11030.0	1.0
11034.0	1.0
11035.0	1.0
11051.0	1.0
11054.0	1.0
11055.0	1.0
11084.0	1.0
11085.0	1.0
11091.0	1.0
11092.0	1.0
11105.0	1.0
11125.0	1.0
11127.0	1.0
11132.0	1.0
11133.0	1.0
11134.0	1.0
11142.0	1.0
11144.0	1.0
11189.0	2.0
11206.0	1.0
11233.0	1.0
11240.0	1.0
11243.0	1.0
11246.0	1.0
11257.0	1.0
11269.0	1.0
11289.0	1.0
11297.0	1.0
11303.0	1.0
11307.0	1.0
11320.0	1.0
11343.0	1.0
11353.0	1.0
11355.0	1.0
11383.0	1.0
11390.0	1.0
11400.0	1.0
11407.0	1.0
11412.0	1.0
11413.0	1.0
11432.0	1.0
11440.0	1.0
11442.0	1.0
11489.0	1.0
11497.0	1.0
11507.0	1.0
11514.0	1.0
11517.0	1.0
11524.0	1.0
11525.0	1.0
11533.0	1.0
11552.0	1.0
11566.0	1.0
11569.0	1.0
11579.0	1.0
11581.0	1.0
11590.0	1.0
11611.0	1.0
11614.0	1.0
11621.0	1.0
11635.0	1.0
11636.0	1.0
11666.0	1.0
11668.0	1.0
11690.0	1.0
11714.0	1.0
11727.0	1.0
11732.0	1.0
11740.0	1.0
11755.0	1.0
11768.0	1.0
11777.0	2.0
11784.0	1.0
11814.0	1.0
11827.0	1.0
11832.0	1.0
11856.0	1.0
11869.0	1.0
11875.0	1.0
11891.0	1.0
11911.0	1.0
11918.0	1.0
11928.0	1.0
11936.0	1.0
11962.0	1.0
11986.0	1.0
11990.0	1.0
12006.0	1.0
12011.0	1.0
12026.0	1.0
12027.0	1.0
12036.0	1.0
12039.0	1.0
12047.0	1.0
12061.0	1.0
12081.0	1.0
12082.0	1.0
12084.0	1.0
12118.0	1.0
12128.0	1.0
12131.0	1.0
12144.0	1.0
12154.0	1.0
12170.0	1.0
12206.0	1.0
12207.0	1.0
12222.0	1.0
12234.0	1.0
12251.0	1.0
12256.0	1.0
12259.0	1.0
12262.0	1.0
12269.0	1.0
12280.0	1.0
12298.0	1.0
12310.0	1.0
12323.0	1.0
12342.0	1.0
12347.0	1.0
12353.0	1.0
12373.0	1.0
12379.0	1.0
12385.0	1.0
12394.0	1.0
12416.0	1.0
12424.0	1.0
12442.0	1.0
12448.0	1.0
12450.0	1.0
12464.0	1.0
12480.0	1.0
12492.0	1.0
12495.0	1.0
12499.0	1.0
12500.0	1.0
12514.0	1.0
12520.0	1.0
12540.0	1.0
12552.0	1.0
12554.0	1.0
12562.0	1.0
12579.0	1.0
12582.0	1.0
12609.0	1.0
12618.0	1.0
12632.0	1.0
12651.0	1.0
12655.0	1.0
12677.0	1.0
12685.0	1.0
12689.0	1.0
12696.0	1.0
12720.0	2.0
12733.0	1.0
12745.0	1.0
12751.0	1.0
12755.0	1.0
12760.0	1.0
12768.0	1.0
12774.0	1.0
12791.0	2.0
12799.0	1.0
12802.0	1.0
12805.0	1.0
12806.0	1.0
12848.0	1.0
12856.0	1.0
12875.0	1.0
12882.0	2.0
12900.0	1.0
12903.0	1.0
12910.0	1.0
12913.0	2.0
12917.0	1.0
12923.0	1.0
12936.0	1.0
12949.0	1.0
12955.0	1.0
12961.0	1.0
12978.0	1.0
12980.0	1.0
12992.0	1.0
12993.0	1.0
12996.0	1.0
13031.0	1.0
13034.0	1.0
13043.0	1.0
13044.0	1.0
13046.0	2.0
13051.0	1.0
13076.0	1.0
13091.0	1.0
13100.0	1.0
13106.0	1.0
13110.0	1.0
13123.0	1.0
13129.0	1.0
13130.0	2.0
13155.0	1.0
13168.0	1.0
13182.0	1.0
13184.0	1.0
13196.0	1.0
13204.0	1.0
13216.0	1.0
13231.0	1.0
13239.0	1.0
13240.0	1.0
13249.0	1.0
13258.0	1.0
13261.0	1.0
13270.0	1.0
13275.0	1.0
13299.0	1.0
13303.0	1.0
13320.0	1.0
13339.0	1.0
13359.0	1.0
13364.0	1.0
13375.0	1.0
13385.0	1.0
13388.0	1.0
13392.0	1.0
13403.0	1.0
13424.0	1.0
13426.0	1.0
13443.0	1.0
13459.0	1.0
13479.0	1.0
13490.0	1.0
13492.0	1.0
13506.0	1.0
13522.0	1.0
13539.0	1.0
13560.0	1.0
13566.0	1.0
13568.0	1.0
13569.0	1.0
13574.0	1.0
13580.0	1.0
13582.0	1.0
13585.0	1.0
13587.0	1.0
13602.0	1.0
13611.0	1.0
13634.0	1.0
13657.0	1.0
13661.0	1.0
13672.0	1.0
13673.0	1.0
13677.0	1.0
13685.0	1.0
13694.0	1.0
13700.0	1.0
13703.0	1.0
13704.0	1.0
13707.0	1.0
13716.0	1.0
13717.0	1.0
13725.0	1.0
13731.0	1.0
13743.0	1.0
13747.0	1.0
13749.0	1.0
13750.0	1.0
13755.0	1.0
13761.0	2.0
13765.0	1.0
13789.0	1.0
13791.0	1.0
13796.0	1.0
13804.0	1.0
13820.0	1.0
13823.0	1.0
13827.0	1.0
13828.0	1.0
13836.0	1.0
13841.0	1.0
13843.0	2.0
13849.0	1.0
13850.0	1.0
13861.0	1.0
13866.0	1.0
13883.0	1.0
13887.0	1.0
13890.0	1.0
13896.0	1.0
13897.0	1.0
13898.0	1.0
13899.0	2.0
13900.0	1.0
13905.0	1.0
13911.0	1.0
13915.0	1.0
13916.0	1.0
13918.0	1.0
13931.0	1.0
13932.0	1.0
13934.0	1.0
13935.0	1.0
13937.0	1.0
13939.0	1.0
13957.0	1.0
13960.0	1.0
13967.0	1.0
13970.0	1.0
13973.0	1.0
13976.0	1.0
13987.0	1.0
13994.0	1.0
14031.0	1.0
14033.0	1.0
14035.0	1.0
14049.0	1.0
14076.0	1.0
14096.0	2.0
14100.0	1.0
14104.0	1.0
14110.0	1.0
14135.0	1.0
14136.0	1.0
14137.0	1.0
14157.0	1.0
14163.0	1.0
14166.0	1.0
14169.0	1.0
14171.0	1.0
14179.0	1.0
14195.0	1.0
14199.0	1.0
14200.0	1.0
14202.0	2.0
14203.0	1.0
14205.0	1.0
14210.0	1.0
14215.0	1.0
14218.0	1.0
14219.0	1.0
14224.0	1.0
14228.0	1.0
14232.0	1.0
14242.0	2.0
14245.0	2.0
14247.0	1.0
14257.0	1.0
14265.0	2.0
14267.0	1.0
14270.0	2.0
14273.0	1.0
14286.0	1.0
14291.0	1.0
14297.0	1.0
14309.0	1.0
14310.0	1.0
14320.0	1.0
14321.0	1.0
14326.0	1.0
14329.0	1.0
14330.0	1.0
14332.0	1.0
14333.0	3.0
14335.0	1.0
14339.0	2.0
14341.0	1.0
14359.0	1.0
14377.0	1.0
14380.0	1.0
14393.0	1.0
14397.0	1.0
14398.0	1.0
14406.0	1.0
14407.0	1.0
14409.0	1.0
14418.0	1.0
14429.0	1.0
14434.0	1.0
14446.0	1.0
14456.0	1.0
14458.0	1.0
14476.0	2.0
14483.0	1.0
14487.0	1.0
14496.0	2.0
14498.0	1.0
14500.0	1.0
14511.0	1.0
14515.0	1.0
14526.0	1.0
14533.0	1.0
14545.0	1.0
14557.0	1.0
14567.0	1.0
14569.0	1.0
14572.0	1.0
14578.0	1.0
14590.0	2.0
14596.0	1.0
14598.0	1.0
14602.0	1.0
14613.0	1.0
14621.0	1.0
14626.0	1.0
14627.0	1.0
14630.0	1.0
14649.0	1.0
14650.0	1.0
14654.0	1.0
14655.0	1.0
14665.0	1.0
14666.0	1.0
14691.0	2.0
14695.0	1.0
14706.0	1.0
14711.0	1.0
14712.0	1.0
14722.0	1.0
14724.0	1.0
14725.0	2.0
14727.0	2.0
14742.0	1.0
14760.0	2.0
14766.0	1.0
14770.0	1.0
14778.0	1.0
14782.0	1.0
14786.0	1.0
14793.0	1.0
14795.0	2.0
14797.0	1.0
14799.0	1.0
14800.0	1.0
14805.0	1.0
14807.0	1.0
14811.0	2.0
14840.0	1.0
14844.0	1.0
14845.0	1.0
14872.0	1.0
14879.0	1.0
14882.0	1.0
14896.0	1.0
14909.0	1.0
14911.0	1.0
14929.0	1.0
14934.0	1.0
14941.0	1.0
14943.0	1.0
14950.0	1.0
14953.0	1.0
14955.0	1.0
14956.0	1.0
14960.0	1.0
14963.0	1.0
14966.0	1.0
14971.0	1.0
14980.0	1.0
14987.0	2.0
14992.0	1.0
14993.0	1.0
15003.0	2.0
15007.0	1.0
15020.0	1.0
15025.0	1.0
15026.0	1.0
15040.0	1.0
15043.0	1.0
15048.0	1.0
15049.0	1.0
15053.0	1.0
15055.0	1.0
15059.0	1.0
15060.0	1.0
15065.0	1.0
15074.0	1.0
15077.0	1.0
15078.0	1.0
15082.0	1.0
15083.0	1.0
15101.0	1.0
15102.0	2.0
15107.0	1.0
15111.0	1.0
15113.0	2.0
15120.0	1.0
15121.0	1.0
15122.0	1.0
15126.0	1.0
15127.0	1.0
15133.0	1.0
15138.0	1.0
15139.0	1.0
15143.0	1.0
15144.0	1.0
15150.0	2.0
15153.0	1.0
15162.0	1.0
15174.0	2.0
15192.0	1.0
15202.0	1.0
15218.0	1.0
15224.0	1.0
15226.0	1.0
15228.0	1.0
15238.0	1.0
15247.0	1.0
15254.0	1.0
15264.0	1.0
15265.0	1.0
15268.0	1.0
15269.0	1.0
15282.0	1.0
15284.0	1.0
15297.0	1.0
15312.0	1.0
15320.0	1.0
15330.0	1.0
15346.0	1.0
15348.0	1.0
15365.0	1.0
15381.0	1.0
15383.0	1.0
15385.0	1.0
15387.0	1.0
15393.0	1.0
15410.0	1.0
15422.0	1.0
15439.0	1.0
15454.0	1.0
15457.0	1.0
15473.0	1.0
15500.0	1.0
15509.0	1.0
15519.0	1.0
15553.0	1.0
15572.0	1.0
15575.0	1.0
15576.0	1.0
15581.0	1.0
15582.0	1.0
15593.0	1.0
15604.0	1.0
15618.0	1.0
15626.0	1.0
15635.0	1.0
15644.0	1.0
15684.0	1.0
15685.0	1.0
15700.0	1.0
15720.0	1.0
15723.0	1.0
15735.0	1.0
15753.0	1.0
15798.0	1.0
15830.0	1.0
15842.0	1.0
15845.0	1.0
15851.0	1.0
15872.0	1.0
15873.0	1.0
15879.0	1.0
15894.0	1.0
15898.0	1.0
15902.0	1.0
15906.0	1.0
15916.0	1.0
15921.0	1.0
15925.0	1.0
15946.0	1.0
15955.0	1.0
15961.0	1.0
15983.0	1.0
15995.0	1.0
16015.0	1.0
16016.0	1.0
16019.0	1.0
16046.0	1.0
16060.0	1.0
16064.0	2.0
16066.0	1.0
16085.0	1.0
16088.0	1.0
16092.0	1.0
16104.0	1.0
16119.0	1.0
16124.0	1.0
16138.0	1.0
16174.0	1.0
16180.0	1.0
16201.0	1.0
16207.0	1.0
16213.0	1.0
16223.0	1.0
16260.0	1.0
16279.0	1.0
16293.0	1.0
16296.0	1.0
16309.0	1.0
16313.0	1.0
16318.0	1.0
16319.0	1.0
16335.0	1.0
16347.0	1.0
16366.0	1.0
16367.0	1.0
16376.0	1.0
16383.0	1.0
16389.0	1.0
16401.0	1.0
16413.0	1.0
16451.0	1.0
16456.0	1.0
16460.0	1.0
16469.0	1.0
16494.0	1.0
16519.0	2.0
16526.0	1.0
16532.0	1.0
16547.0	1.0
16550.0	1.0
16558.0	1.0
16595.0	1.0
16650.0	1.0
16673.0	1.0
16702.0	1.0
16756.0	1.0
16776.0	1.0
16788.0	1.0
16800.0	1.0
16805.0	1.0
16809.0	1.0
16819.0	1.0
16862.0	1.0
16887.0	1.0
16893.0	1.0
16908.0	1.0
16929.0	1.0
16965.0	1.0
16985.0	1.0
16997.0	1.0
17061.0	1.0
17064.0	1.0
17080.0	1.0
17107.0	1.0
17139.0	1.0
17173.0	1.0
17174.0	1.0
17189.0	1.0
17217.0	1.0
17267.0	1.0
17291.0	1.0
17329.0	1.0
17334.0	1.0
17340.0	1.0
17348.0	1.0
17384.0	1.0
17404.0	1.0
17409.0	1.0
17434.0	1.0
17452.0	1.0
17490.0	1.0
17509.0	1.0
17515.0	1.0
17524.0	1.0
17561.0	1.0
17571.0	1.0
17584.0	1.0
17595.0	1.0
17609.0	1.0
17640.0	1.0
17654.0	1.0
17711.0	1.0
17739.0	1.0
17754.0	1.0
17816.0	1.0
17821.0	1.0
17830.0	1.0
17845.0	1.0
17856.0	1.0
17873.0	1.0
17905.0	1.0
17910.0	1.0
17912.0	1.0
17914.0	1.0
17921.0	1.0
17927.0	1.0
17930.0	1.0
17935.0	1.0
17937.0	1.0
17939.0	1.0
17958.0	1.0
17993.0	1.0
17999.0	1.0
18008.0	1.0
18009.0	1.0
18013.0	1.0
18035.0	1.0
18037.0	1.0
18050.0	1.0
18052.0	1.0
18060.0	1.0
18068.0	1.0
18091.0	1.0
18092.0	1.0
18097.0	1.0
18101.0	1.0
18107.0	1.0
18112.0	1.0
18118.0	1.0
18126.0	2.0
18136.0	1.0
18143.0	1.0
18147.0	1.0
18153.0	1.0
18165.0	1.0
18170.0	1.0
18173.0	1.0
18178.0	1.0
18182.0	1.0
18184.0	2.0
18190.0	1.0
18191.0	1.0
18196.0	1.0
18199.0	1.0
18201.0	1.0
18202.0	1.0
18209.0	1.0
18214.0	1.0
18231.0	1.0
18232.0	1.0
18234.0	2.0
18235.0	2.0
18241.0	1.0
18242.0	1.0
18248.0	1.0
18261.0	1.0
18272.0	1.0
18275.0	1.0
18280.0	1.0
18282.0	1.0
18295.0	2.0
18296.0	1.0
18298.0	1.0
18302.0	1.0
18306.0	1.0
18308.0	1.0
18309.0	1.0
18321.0	1.0
18323.0	1.0
18325.0	1.0
18326.0	1.0
18327.0	1.0
18331.0	1.0
18332.0	2.0
18335.0	1.0
18337.0	3.0
18339.0	1.0
18341.0	1.0
18347.0	1.0
18350.0	1.0
18353.0	1.0
18354.0	1.0
18355.0	2.0
18371.0	1.0
18372.0	1.0
18373.0	2.0
18375.0	1.0
18377.0	1.0
18379.0	1.0
18383.0	1.0
18386.0	1.0
18387.0	2.0
18392.0	2.0
18395.0	1.0
18399.0	1.0
18400.0	1.0
18403.0	1.0
18405.0	1.0
18406.0	1.0
18416.0	1.0
18418.0	1.0
18423.0	1.0
18424.0	1.0
18428.0	1.0
18431.0	1.0
18432.0	1.0
18433.0	1.0
18438.0	2.0
18439.0	1.0
18440.0	1.0
18441.0	1.0
18443.0	1.0
18447.0	1.0
18448.0	1.0
18453.0	1.0
18454.0	1.0
18461.0	2.0
18464.0	1.0
18471.0	1.0
18473.0	1.0
18474.0	2.0
18476.0	2.0
18477.0	1.0
18483.0	1.0
18495.0	1.0
18496.0	1.0
18498.0	1.0
18501.0	1.0
18504.0	1.0
18505.0	1.0
18509.0	1.0
18510.0	3.0
18521.0	1.0
18529.0	1.0
18531.0	1.0
18539.0	1.0
18544.0	1.0
18548.0	1.0
18550.0	1.0
18553.0	1.0
18571.0	1.0
18572.0	1.0
18581.0	1.0
18582.0	1.0
18599.0	2.0
18614.0	1.0
18620.0	1.0
18637.0	1.0
18638.0	1.0
18639.0	1.0
18654.0	1.0
18656.0	1.0
18658.0	1.0
18664.0	1.0
18666.0	1.0
18683.0	1.0
18692.0	1.0
18698.0	1.0
18722.0	1.0
18742.0	1.0
18755.0	1.0
18768.0	1.0
18777.0	1.0
18779.0	1.0
18783.0	1.0
18799.0	1.0
18803.0	1.0
18837.0	1.0
18845.0	1.0
18850.0	1.0
18853.0	1.0
18862.0	1.0
18884.0	1.0
18892.0	1.0
18907.0	1.0
18940.0	1.0
18944.0	1.0
18947.0	1.0
18951.0	1.0
18957.0	1.0
18975.0	1.0
18996.0	1.0
19003.0	1.0
19005.0	1.0
19012.0	1.0
19022.0	1.0
19050.0	1.0
19056.0	2.0
19058.0	1.0
19064.0	1.0
19110.0	1.0
19111.0	1.0
19112.0	1.0
19123.0	1.0
19132.0	1.0
19148.0	1.0
19163.0	1.0
19169.0	1.0
19182.0	1.0
19210.0	1.0
19230.0	1.0
19234.0	2.0
19238.0	1.0
19246.0	1.0
19259.0	1.0
19272.0	1.0
19291.0	1.0
19293.0	1.0
19296.0	1.0
19335.0	1.0
19349.0	1.0
19353.0	1.0
19358.0	1.0
19380.0	1.0
19390.0	1.0
19398.0	1.0
19405.0	1.0
19428.0	1.0
19454.0	1.0
19469.0	1.0
19475.0	1.0
19496.0	1.0
19497.0	1.0
19526.0	1.0
19531.0	1.0
19532.0	1.0
19548.0	1.0
19549.0	1.0
19571.0	1.0
19619.0	1.0
19651.0	1.0
19693.0	1.0
19698.0	1.0
19712.0	1.0
19716.0	1.0
19752.0	2.0
19755.0	1.0
19758.0	1.0
19775.0	1.0
19777.0	1.0
19782.0	1.0
19797.0	1.0
19811.0	1.0
19828.0	1.0
19833.0	1.0
19879.0	1.0
19880.0	1.0
19939.0	1.0
19976.0	1.0
19993.0	1.0
20021.0	1.0
20049.0	1.0
20140.0	1.0
20169.0	1.0
20252.0	1.0
20265.0	1.0
20279.0	1.0
20321.0	1.0
20414.0	1.0
20444.0	2.0
20540.0	1.0
20544.0	1.0
20555.0	1.0
20556.0	1.0
20667.0	1.0
20742.0	1.0
20848.0	1.0
20879.0	1.0
20928.0	1.0
20974.0	1.0
21009.0	1.0
21035.0	1.0
21074.0	1.0
21165.0	1.0
21174.0	1.0
21176.0	1.0
21306.0	1.0
21357.0	1.0
21375.0	1.0
21480.0	1.0
21492.0	1.0
21500.0	1.0
21507.0	1.0
21608.0	1.0
21681.0	1.0
21730.0	1.0
21759.0	1.0
21772.0	1.0
21861.0	1.0
21873.0	1.0
21985.0	1.0
22049.0	1.0
22078.0	1.0
22127.0	1.0
22275.0	1.0
22279.0	1.0
22299.0	1.0
22332.0	1.0
22385.0	1.0
22439.0	1.0
22535.0	1.0
22541.0	1.0
22611.0	1.0
22681.0	1.0
22744.0	1.0
22822.0	1.0
22828.0	1.0
22921.0	1.0
22944.0	1.0
22960.0	1.0
22968.0	1.0
22973.0	1.0
23041.0	1.0
23044.0	1.0
23051.0	1.0
23060.0	1.0
23078.0	1.0
23086.0	1.0
23088.0	1.0
23108.0	1.0
23118.0	1.0
23150.0	2.0
23214.0	1.0
23221.0	1.0
23231.0	1.0
23273.0	1.0
23283.0	1.0
23303.0	1.0
23320.0	1.0
23339.0	1.0
23346.0	1.0
23383.0	1.0
23385.0	1.0
23396.0	1.0
23397.0	1.0
23402.0	2.0
23405.0	1.0
23455.0	1.0
23493.0	1.0
23504.0	1.0
23546.0	1.0
23553.0	1.0
23592.0	1.0
23619.0	1.0
23638.0	1.0
23739.0	1.0
23740.0	1.0
23765.0	1.0
23849.0	3.0
23856.0	1.0
23882.0	1.0
23940.0	1.0
23965.0	1.0
23972.0	1.0
23990.0	1.0
24018.0	1.0
24055.0	1.0
24119.0	1.0
24145.0	1.0
24171.0	1.0
24199.0	1.0
24207.0	1.0
24224.0	1.0
24228.0	1.0
24234.0	1.0
24238.0	1.0
24258.0	1.0
24277.0	1.0
24281.0	1.0
24288.0	1.0
24324.0	1.0
24365.0	1.0
24375.0	1.0
24398.0	1.0
24399.0	1.0
24405.0	1.0
24408.0	1.0
24417.0	1.0
24438.0	1.0
24442.0	1.0
24466.0	1.0
24495.0	1.0
24544.0	1.0
24614.0	1.0
24657.0	1.0
24690.0	1.0
24702.0	1.0
24729.0	1.0
24762.0	1.0
24764.0	1.0
24793.0	1.0
24800.0	1.0
24830.0	1.0
24959.0	1.0
24963.0	1.0
24974.0	1.0
24975.0	1.0
24976.0	1.0
25011.0	1.0
25045.0	1.0
25087.0	1.0
25146.0	1.0
25165.0	1.0
25167.0	1.0
25207.0	1.0
25209.0	1.0
25215.0	1.0
25247.0	1.0
25259.0	1.0
25317.0	1.0
25320.0	1.0
25331.0	1.0
25386.0	1.0
25532.0	1.0
25563.0	1.0
25664.0	1.0
25707.0	1.0
25708.0	1.0
25751.0	1.0
25767.0	1.0
25786.0	1.0
25810.0	1.0
25823.0	1.0
25923.0	1.0
25947.0	1.0
25973.0	1.0
26002.0	1.0
26021.0	1.0
26027.0	1.0
26044.0	1.0
26063.0	1.0
26091.0	1.0
26094.0	2.0
26098.0	1.0
26118.0	1.0
26124.0	1.0
26139.0	1.0
26143.0	1.0
26186.0	1.0
26228.0	1.0
26252.0	1.0
26342.0	1.0
26406.0	1.0
26458.0	1.0
26484.0	1.0
26566.0	1.0
26611.0	1.0
26629.0	1.0
26692.0	1.0
26693.0	1.0
26702.0	1.0
26714.0	1.0
26744.0	1.0
26839.0	1.0
26903.0	1.0
27010.0	1.0
27061.0	1.0
27226.0	1.0
27243.0	1.0
27298.0	1.0
27376.0	1.0
27576.0	1.0
27578.0	1.0
27644.0	1.0
27673.0	1.0
27846.0	1.0
27850.0	1.0
27920.0	1.0
27960.0	1.0
28052.0	1.0
28233.0	1.0
28249.0	1.0
28252.0	1.0
28419.0	1.0
28556.0	1.0
28578.0	1.0
28601.0	1.0
28782.0	1.0
28813.0	1.0
28863.0	1.0
28963.0	1.0
28989.0	1.0
29066.0	1.0
29088.0	1.0
29211.0	1.0
29334.0	1.0
29437.0	1.0
29458.0	1.0
29501.0	1.0
29557.0	1.0
29586.0	1.0
29675.0	1.0
29800.0	1.0
29805.0	1.0
29905.0	1.0
29944.0	1.0
30116.0	1.0
30140.0	1.0
30195.0	1.0
30303.0	1.0
30473.0	1.0
30483.0	1.0
30639.0	1.0
30641.0	1.0
30796.0	1.0
30836.0	1.0
30959.0	1.0
31086.0	1.0
31120.0	1.0
31241.0	1.0
31296.0	1.0
31376.0	1.0
31498.0	1.0
31516.0	1.0
31646.0	1.0
31737.0	1.0
31821.0	1.0
31946.0	1.0
31971.0	1.0
32019.0	1.0
32022.0	1.0
32113.0	1.0
32214.0	1.0
32287.0	1.0
32326.0	1.0
32405.0	1.0
32472.0	1.0
32583.0	1.0
32593.0	1.0
32687.0	1.0
32733.0	1.0
32785.0	1.0
32794.0	1.0
32806.0	1.0
32922.0	1.0
32927.0	1.0
32938.0	1.0
33086.0	1.0
33125.0	1.0
33205.0	1.0
33253.0	1.0
33348.0	1.0
33473.0	1.0
33488.0	1.0
33583.0	1.0
33591.0	1.0
33786.0	1.0
33807.0	1.0
33994.0	1.0
33997.0	1.0
34034.0	1.0
34140.0	1.0
34200.0	1.0
34227.0	1.0
34287.0	1.0
34301.0	1.0
34350.0	1.0
34457.0	1.0
34486.0	1.0
34569.0	1.0
34627.0	1.0
34694.0	1.0
34745.0	1.0
34756.0	1.0
34819.0	1.0
34845.0	1.0
34933.0	1.0
34965.0	1.0
35124.0	1.0
35158.0	1.0
35173.0	1.0
35183.0	1.0
35218.0	1.0
35221.0	1.0
35308.0	1.0
35367.0	1.0
35368.0	1.0
35429.0	1.0
35547.0	1.0
35581.0	1.0
35648.0	1.0
35700.0	1.0
35752.0	1.0
35754.0	1.0
35776.0	1.0
35784.0	1.0
35878.0	1.0
35916.0	1.0
35985.0	1.0
36026.0	2.0
36104.0	1.0
36108.0	1.0
36175.0	1.0
36244.0	1.0
36251.0	1.0
36299.0	1.0
36462.0	1.0
36620.0	1.0
36670.0	1.0
36826.0	1.0
36836.0	1.0
36852.0	1.0
36998.0	1.0
37126.0	1.0
37203.0	1.0
37402.0	1.0
37472.0	1.0
37531.0	1.0
37643.0	1.0
37714.0	1.0
37736.0	1.0
37847.0	1.0
38050.0	1.0
38063.0	1.0
38242.0	1.0
38259.0	1.0
38311.0	1.0
38348.0	1.0
38739.0	1.0
38766.0	1.0
38898.0	1.0
39101.0	1.0
39182.0	1.0
39287.0	1.0
39581.0	1.0
39737.0	1.0
39777.0	1.0
39852.0	1.0
40084.0	1.0
40114.0	1.0
40165.0	1.0
40266.0	1.0
40304.0	1.0
40468.0	1.0
40581.0	1.0
40801.0	1.0
40822.0	1.0
40992.0	1.0
41187.0	1.0
41508.0	1.0
41562.0	1.0
41598.0	1.0
41762.0	1.0
41771.0	1.0
41852.0	1.0
41963.0	1.0
41985.0	1.0
42072.0	1.0
42089.0	1.0
42253.0	1.0
42361.0	1.0
42522.0	1.0
42537.0	1.0
42815.0	1.0
42908.0	1.0
42933.0	1.0
42988.0	1.0
43076.0	1.0
43177.0	1.0
43217.0	1.0
43223.0	1.0
43535.0	1.0
43557.0	1.0
43741.0	1.0
43802.0	1.0
43917.0	1.0
44076.0	1.0
44244.0	1.0
44459.0	1.0
44629.0	1.0
44838.0	1.0
45108.0	1.0
45175.0	1.0
45393.0	1.0
45473.0	1.0
45550.0	1.0
45715.0	1.0
45823.0	1.0
45883.0	1.0
46197.0	1.0
46207.0	1.0
46602.0	1.0
46638.0	1.0
46862.0	1.0
46864.0	1.0
47012.0	1.0
47256.0	1.0
47371.0	1.0
47571.0	1.0
47673.0	1.0
47726.0	1.0
47887.0	1.0
47921.0	1.0
48172.0	1.0
48434.0	1.0
48603.0	1.0
48772.0	1.0
48890.0	1.0
48895.0	1.0
49228.0	1.0
49250.0	1.0
49441.0	1.0
49445.0	1.0
49510.0	1.0
49685.0	1.0
49849.0	1.0
50030.0	1.0
50113.0	1.0
50160.0	1.0
50211.0	1.0
50239.0	1.0
50264.0	1.0
50321.0	1.0
50460.0	1.0
50474.0	1.0
50585.0	1.0
50609.0	1.0
50767.0	1.0
50859.0	1.0
50899.0	1.0
50923.0	1.0
50953.0	1.0
50975.0	1.0
51011.0	1.0
51084.0	1.0
51139.0	1.0
51174.0	1.0
51217.0	1.0
51297.0	1.0
51388.0	1.0
51577.0	1.0
51714.0	1.0
51719.0	1.0
51842.0	1.0
51968.0	1.0
52196.0	1.0
52251.0	1.0
52519.0	1.0
52661.0	1.0
52685.0	1.0
52780.0	1.0
52789.0	1.0
52848.0	1.0
53064.0	1.0
53130.0	1.0
53131.0	1.0
53205.0	1.0
53206.0	1.0
53247.0	1.0
53252.0	1.0
53521.0	1.0
53682.0	1.0
53872.0	1.0
53961.0	1.0
54181.0	1.0
54379.0	1.0
54418.0	1.0
54507.0	1.0
55115.0	1.0
55731.0	1.0
55756.0	1.0
55794.0	1.0
56108.0	1.0
56169.0	1.0
56372.0	1.0
56430.0	1.0
56600.0	1.0
56678.0	1.0
56794.0	1.0
56827.0	1.0
56906.0	1.0
57037.0	1.0
57149.0	1.0
57237.0	1.0
57247.0	1.0
57561.0	1.0
57831.0	1.0
57848.0	1.0
57859.0	1.0
58038.0	1.0
58073.0	1.0
58158.0	1.0
58285.0	1.0
58478.0	1.0
58498.0	1.0
58966.0	1.0
59232.0	1.0
59624.0	1.0
59636.0	1.0
59748.0	1.0
59789.0	1.0
60022.0	1.0
60051.0	1.0
60100.0	1.0
60196.0	1.0
60392.0	1.0
60430.0	1.0
60452.0	1.0
60558.0	1.0
60586.0	1.0
61300.0	1.0
61400.0	1.0
61496.0	1.0
61781.0	1.0
61815.0	1.0
62051.0	1.0
62191.0	1.0
62220.0	1.0
62235.0	1.0
62246.0	1.0
62369.0	1.0
62454.0	1.0
62463.0	1.0
62583.0	1.0
62643.0	1.0
62734.0	1.0
62740.0	1.0
62747.0	1.0
62757.0	1.0
62783.0	1.0
62866.0	1.0
63149.0	1.0
63170.0	1.0
63212.0	1.0
63269.0	1.0
63312.0	1.0
63361.0	1.0
63467.0	1.0
63480.0	1.0
63581.0	1.0
63583.0	1.0
63584.0	1.0
63745.0	1.0
63818.0	1.0
63829.0	1.0
63837.0	1.0
63898.0	1.0
63901.0	1.0
63995.0	1.0
64019.0	1.0
64029.0	1.0
64168.0	1.0
64237.0	1.0
64303.0	1.0
64341.0	1.0
64347.0	1.0
64386.0	1.0
64476.0	1.0
64498.0	1.0
64534.0	1.0
64546.0	1.0
64551.0	1.0
64574.0	1.0
64701.0	1.0
64728.0	1.0
64744.0	1.0
64790.0	1.0
64819.0	1.0
64856.0	1.0
64879.0	1.0
64888.0	1.0
64900.0	1.0
64903.0	1.0
64915.0	1.0
64921.0	1.0
64931.0	1.0
64946.0	1.0
64954.0	1.0
64958.0	1.0
64963.0	1.0
64975.0	1.0
64993.0	1.0
65023.0	1.0
65026.0	1.0
65074.0	1.0
65163.0	1.0
65191.0	1.0
65208.0	1.0
65307.0	1.0
65403.0	1.0
65483.0	1.0
65588.0	1.0
65661.0	1.0
65670.0	1.0
65754.0	1.0
65789.0	1.0
65812.0	1.0
65813.0	1.0
65840.0	1.0
65859.0	1.0
65867.0	1.0
65875.0	1.0
65933.0	1.0
66038.0	1.0
66354.0	1.0
66427.0	1.0
66453.0	1.0
66500.0	1.0
66524.0	1.0
66535.0	1.0
66867.0	1.0
66886.0	1.0
66907.0	1.0
66945.0	1.0
66982.0	1.0
67103.0	1.0
67267.0	1.0
67283.0	1.0
67573.0	1.0
67903.0	1.0
67973.0	1.0
68061.0	1.0
68091.0	1.0
68166.0	1.0
68169.0	1.0
68197.0	1.0
68285.0	1.0
68313.0	1.0
68489.0	1.0
68695.0	1.0
68983.0	1.0
69094.0	1.0
69128.0	1.0
69206.0	1.0
69217.0	1.0
69258.0	1.0
69312.0	1.0
69330.0	1.0
69385.0	1.0
69406.0	1.0
69475.0	1.0
69503.0	1.0
69693.0	1.0
69784.0	1.0
69853.0	1.0
69917.0	1.0
70173.0	1.0
70181.0	1.0
70320.0	1.0
70356.0	1.0
70504.0	1.0
70601.0	1.0
70666.0	1.0
70896.0	1.0
70936.0	1.0
71044.0	1.0
71066.0	1.0
71073.0	1.0
71130.0	1.0
71155.0	1.0
71165.0	1.0
71193.0	1.0
71349.0	1.0
71432.0	1.0
71651.0	1.0
71900.0	1.0
72071.0	1.0
72555.0	1.0
72708.0	1.0
72822.0	1.0
72850.0	1.0
72913.0	1.0
72996.0	1.0
73052.0	1.0
73302.0	1.0
73649.0	1.0
73670.0	1.0
73743.0	1.0
73847.0	1.0
74001.0	1.0
74056.0	1.0
74124.0	1.0
74143.0	1.0
74249.0	1.0
74296.0	1.0
74383.0	1.0
74393.0	1.0
74475.0	1.0
74693.0	1.0
74779.0	1.0
74883.0	1.0
75013.0	1.0
75130.0	1.0
75213.0	1.0
75269.0	1.0
75590.0	1.0
75640.0	1.0
75805.0	1.0
75896.0	1.0
75911.0	1.0
75925.0	1.0
75982.0	1.0
76055.0	1.0
76073.0	1.0
76215.0	1.0
76298.0	1.0
76422.0	1.0
76552.0	1.0
76739.0	1.0
76872.0	1.0
77047.0	1.0
77262.0	1.0
77303.0	1.0
77459.0	1.0
77678.0	1.0
77794.0	1.0
78440.0	1.0
78844.0	1.0
79160.0	1.0
79568.0	1.0
79742.0	1.0
79992.0	1.0
80011.0	1.0
80080.0	1.0
80094.0	1.0
80120.0	1.0
80152.0	1.0
80404.0	1.0
80468.0	1.0
80697.0	1.0
80916.0	1.0
81181.0	1.0
81421.0	1.0
81432.0	1.0
81450.0	1.0
81869.0	1.0
82428.0	1.0
82635.0	1.0
82798.0	1.0
83317.0	1.0
83462.0	1.0
83564.0	1.0
83707.0	1.0
84076.0	1.0
84217.0	1.0
84420.0	1.0
84705.0	1.0
84746.0	1.0
84752.0	1.0
85366.0	1.0
85415.0	1.0
85624.0	1.0
85802.0	1.0
86050.0	1.0
86255.0	1.0
86359.0	1.0
86659.0	1.0
86818.0	1.0
86835.0	1.0
87057.0	1.0
87281.0	1.0
87329.0	1.0
87352.0	1.0
87410.0	1.0
87440.0	1.0
87447.0	1.0
87518.0	1.0
87710.0	1.0
87920.0	1.0
88162.0	1.0
88385.0	1.0
88636.0	1.0
88884.0	1.0
88979.0	1.0
89100.0	1.0
89262.0	1.0
89267.0	1.0
89453.0	1.0
89588.0	1.0
89677.0	1.0
89809.0	1.0
89840.0	1.0
89853.0	1.0
89937.0	1.0
90102.0	1.0
90136.0	1.0
90255.0	1.0
90287.0	1.0
90390.0	1.0
90411.0	1.0
90429.0	1.0
90446.0	1.0
90449.0	1.0
90487.0	1.0
90514.0	1.0
90541.0	1.0
90543.0	1.0
90564.0	1.0
90569.0	1.0
90593.0	1.0
90957.0	1.0
90968.0	1.0
91043.0	1.0
91052.0	1.0
91058.0	1.0
91066.0	1.0
91100.0	1.0
91131.0	1.0
91259.0	1.0
91364.0	1.0
91482.0	1.0
91820.0	1.0
92423.0	1.0
93169.0	1.0
94112.0	1.0
94932.0	1.0
96344.0	1.0
96732.0	1.0
97508.0	1.0
97858.0	1.0
98189.0	1.0
98926.0	1.0
99489.0	1.0
99825.0	1.0
100085.0	1.0
100772.0	1.0
101255.0	1.0
101688.0	1.0
101912.0	1.0
101993.0	1.0
102876.0	1.0
103719.0	1.0
104102.0	1.0
104890.0	1.0
105095.0	1.0
105698.0	1.0
106185.0	1.0
107309.0	1.0
107842.0	1.0
108142.0	1.0
108463.0	1.0
108818.0	1.0
108823.0	1.0
109524.0	1.0
110279.0	1.0
110310.0	1.0
110976.0	1.0
110977.0	1.0
111027.0	1.0
111364.0	1.0
111567.0	1.0
111748.0	1.0
112010.0	1.0
112531.0	1.0
112785.0	1.0
112820.0	1.0
112854.0	1.0
113159.0	1.0
113207.0	1.0
113308.0	1.0
113377.0	1.0
113455.0	1.0
113507.0	1.0
113930.0	1.0
114150.0	1.0
114288.0	1.0
114314.0	1.0
114373.0	1.0
114449.0	1.0
114673.0	1.0
114736.0	1.0
115005.0	1.0
115169.0	1.0
115191.0	1.0
115505.0	1.0
115726.0	1.0
115872.0	1.0
116338.0	1.0
116531.0	1.0
116653.0	1.0
116686.0	1.0
116744.0	1.0
116800.0	1.0
117220.0	1.0
117737.0	1.0
118217.0	1.0
118515.0	1.0
118877.0	1.0
119499.0	1.0
119710.0	1.0
119754.0	1.0
119958.0	1.0
120454.0	1.0
120495.0	1.0
120794.0	1.0
120840.0	1.0
121257.0	1.0
121356.0	1.0
121413.0	1.0
121631.0	1.0
121990.0	1.0
122435.0	1.0
122469.0	1.0
122868.0	1.0
123215.0	1.0
123339.0	1.0
123353.0	1.0
123432.0	1.0
123561.0	1.0
123584.0	1.0
123601.0	1.0
123689.0	1.0
123702.0	1.0
123725.0	1.0
123929.0	1.0
124012.0	1.0
124063.0	1.0
124186.0	1.0
124720.0	1.0
124970.0	1.0
125249.0	1.0
125266.0	1.0
125456.0	1.0
125461.0	1.0
125588.0	1.0
125626.0	1.0
125794.0	1.0
125835.0	1.0
126035.0	1.0
126124.0	1.0
126130.0	1.0
126409.0	1.0
126704.0	1.0
127057.0	1.0
127205.0	1.0
127495.0	1.0
127521.0	1.0
127594.0	1.0
127995.0	1.0
128088.0	1.0
128137.0	1.0
128228.0	1.0
128680.0	1.0
128699.0	1.0
128715.0	1.0
128826.0	1.0
129082.0	1.0
129561.0	1.0
129562.0	1.0
129630.0	1.0
129714.0	1.0
129722.0	1.0
130303.0	1.0
130709.0	1.0
131194.0	1.0
131600.0	1.0
146484.0	1.0
