#Position (bp)	Coverage
38.0	3198.5066666666667
113.0	6295.133333333333
188.0	6694.96
263.0	5897.8133333333335
338.0	16086.76
413.0	14621.96
488.0	13874.106666666667
563.0	14924.333333333334
638.0	13600.666666666666
713.0	19428.106666666667
788.0	12663.853333333333
863.0	10478.706666666667
938.0	13587.986666666666
1013.0	14451.413333333334
1088.0	6625.12
1163.0	8392.493333333334
1238.0	7654.453333333333
1313.0	6415.96
1388.0	2466.28
1463.0	2570.7066666666665
1538.0	3002.4266666666667
1613.0	9473.026666666667
1688.0	6593.373333333333
1763.0	7191.733333333334
1838.0	8143.626666666667
1913.0	19823.6
1988.0	12058.853333333333
2063.0	14097.866666666667
2138.0	11535.426666666666
2213.0	12395.813333333334
2288.0	2286.653333333333
2363.0	1696.0133333333333
2438.0	1948.4533333333334
2513.0	7485.52
2588.0	8992.226666666667
2663.0	10556.933333333332
2738.0	9577.6
2813.0	10500.133333333333
2888.0	15700.866666666667
2963.0	8284.533333333333
3038.0	7115.12
3113.0	8196.066666666668
3188.0	12033.733333333334
3263.0	5522.426666666666
3338.0	6563.506666666667
3413.0	4959.253333333333
3488.0	7481.666666666667
3563.0	1991.4533333333334
3638.0	1643.8933333333334
3713.0	2022.9466666666667
3788.0	7832.64
3863.0	4320.893333333333
3938.0	6117.4
4013.0	5147.306666666666
4088.0	16628.773333333334
4163.0	18898.573333333334
4238.0	14368.573333333334
4313.0	24076.44
4388.0	19629.52
4463.0	17291.36
4538.0	12553.133333333333
4613.0	14231.16
4688.0	18540.506666666668
4763.0	7578.946666666667
4838.0	10928.48
4913.0	8298.146666666667
4988.0	9838.386666666667
5063.0	789.7866666666666
5138.0	947.0933333333334
5213.0	928.2666666666667
5288.0	9422.306666666667
5363.0	10511.893333333333
5438.0	10540.6
5513.0	10254.533333333333
5588.0	21110.293333333335
5663.0	11178.226666666667
5738.0	15620.8
5813.0	11083.44
5888.0	12347.893333333333
5963.0	4009.52
6038.0	1207.16
6113.0	2135.8933333333334
6188.0	19751.173333333332
6263.0	19644.706666666665
6338.0	19232.28
6413.0	17668.2
6488.0	26139.48
6563.0	8093.56
6638.0	6976.613333333334
6713.0	6513.066666666667
6788.0	4901.093333333333
6863.0	5413.626666666667
6938.0	66.38666666666667
7013.0	327.61333333333334
7088.0	5183.986666666667
7163.0	3701.52
7238.0	3406.8933333333334
7313.0	5872.32
7388.0	9861.026666666667
7463.0	6685.053333333333
7538.0	6631.8533333333335
7613.0	7866.08
7688.0	7193.866666666667
7763.0	4320.72
7838.0	3896.24
7913.0	3525.693333333333
7988.0	16673.12
8063.0	6326.16
8138.0	8914.026666666667
8213.0	7066.16
8288.0	12827.906666666666
8363.0	1806.9733333333334
8438.0	1544.72
8513.0	1591.6
8588.0	2029.44
8663.0	7788.413333333333
8738.0	6732.826666666667
8813.0	7217.066666666667
8888.0	7810.613333333334
8963.0	16542.426666666666
9038.0	7302.866666666667
9113.0	9283.013333333334
9188.0	15650.226666666667
9263.0	47586.013333333336
9338.0	38526.85333333333
9413.0	50958.573333333334
9488.0	55219.253333333334
9563.0	50090.89333333333
9638.0	45502.013333333336
9713.0	39379.32
9788.0	45563.12
9863.0	47210.18666666667
9938.0	35865.68
10013.0	33087.73333333333
10088.0	40776.36
10163.0	24366.853333333333
10238.0	8228.44
10313.0	9827.48
10388.0	19616.746666666666
10463.0	16317.16
10538.0	13232.653333333334
10613.0	12479.4
10688.0	22898.253333333334
10763.0	21331.253333333334
10838.0	13853.906666666666
10913.0	17939.253333333334
10988.0	20854.16
11063.0	29683.97333333333
11138.0	19589.44
11213.0	23901.386666666665
11288.0	23574.146666666667
11363.0	38050.77333333333
11438.0	13690.96
11513.0	15606.213333333333
11588.0	27976.253333333334
11663.0	21081.826666666668
11738.0	11010.906666666666
11813.0	7596.1866666666665
11888.0	14947.0
11963.0	10252.04
12038.0	8809.346666666666
12113.0	13667.026666666667
12188.0	18999.253333333334
12263.0	9865.826666666666
12338.0	9758.92
12413.0	14719.666666666666
12488.0	19018.68
12563.0	12312.32
12638.0	11798.68
12713.0	17773.32
12788.0	21263.706666666665
12863.0	11862.573333333334
12938.0	12384.466666666667
13013.0	38380.18666666667
13088.0	41040.77333333333
13163.0	58412.17333333333
13238.0	42386.52
13313.0	44790.96
13388.0	37215.21333333333
13463.0	12675.36
13538.0	14688.186666666666
13613.0	15818.04
13688.0	19221.32
13763.0	19303.88
13838.0	17161.493333333332
13913.0	17911.986666666668
13988.0	14181.84
14063.0	7203.133333333333
14138.0	7902.706666666667
14213.0	14032.146666666667
14288.0	12648.146666666667
14363.0	12458.44
14438.0	7935.106666666667
14513.0	11255.066666666668
14588.0	19107.36
14663.0	7948.8533333333335
14738.0	10233.52
14813.0	9085.88
14888.0	13752.84
14963.0	4189.826666666667
15038.0	3949.3733333333334
15113.0	4713.8533333333335
15188.0	11924.786666666667
15263.0	9963.893333333333
15338.0	11203.946666666667
15413.0	11174.266666666666
15488.0	17538.8
15563.0	12431.0
15638.0	10589.84
15713.0	10498.866666666667
15788.0	8187.16
15863.0	19963.933333333334
15938.0	11493.146666666667
16013.0	12057.36
16088.0	10843.533333333333
16163.0	16252.026666666667
16238.0	5237.28
16313.0	4384.76
16388.0	4061.8533333333335
16463.0	6400.92
16538.0	1400.2666666666667
16613.0	1224.9466666666667
16688.0	1663.3866666666668
16763.0	14837.853333333333
16838.0	26112.786666666667
16913.0	26148.733333333334
16988.0	30191.88
17063.0	28693.88
17138.0	37446.41333333333
17213.0	20607.493333333332
17288.0	18809.706666666665
17363.0	11447.466666666667
17438.0	25110.386666666665
17513.0	7534.08
17588.0	7244.0
17663.0	7717.72
17738.0	13787.293333333333
17813.0	4926.4
17888.0	7040.16
17963.0	8303.84
18038.0	9821.573333333334
18113.0	10417.573333333334
18188.0	8479.853333333333
18263.0	13153.013333333334
18338.0	15045.973333333333
18413.0	12162.973333333333
18488.0	12363.36
18563.0	9588.68
18638.0	25454.16
18713.0	13067.506666666666
18788.0	12495.266666666666
18863.0	14076.706666666667
18938.0	20606.02666666667
19013.0	8065.893333333333
19088.0	10577.373333333333
19163.0	7354.293333333333
19238.0	10118.506666666666
19313.0	1041.8666666666666
19388.0	2.6
19463.0	4.733333333333333
19538.0	447.05333333333334
19613.0	2912.653333333333
19688.0	2796.133333333333
19763.0	2632.826666666667
19838.0	3252.7066666666665
19913.0	4833.1866666666665
19988.0	1380.0666666666666
20063.0	2258.96
20138.0	1715.6933333333334
20213.0	1808.5733333333333
20288.0	1721.92
20363.0	1472.9066666666668
20438.0	1788.5733333333333
20513.0	12427.626666666667
20588.0	9444.88
20663.0	10886.746666666666
20738.0	8696.48
20813.0	18147.28
20888.0	10818.613333333333
20963.0	7517.1466666666665
21038.0	9275.746666666666
21113.0	9132.32
21188.0	722.8933333333333
21263.0	222.52
21338.0	230.88
21413.0	885.9866666666667
21488.0	658.9866666666667
21563.0	527.3733333333333
21638.0	1572.1066666666666
21713.0	7471.04
21788.0	7899.88
21863.0	6164.946666666667
21938.0	6420.8
22013.0	8581.84
22088.0	4484.173333333333
22163.0	3816.4266666666667
22238.0	4342.466666666666
22313.0	3847.3866666666668
22388.0	253.32
22463.0	372.94666666666666
22538.0	4233.373333333333
22613.0	4848.946666666667
22688.0	6842.253333333333
22763.0	5717.12
22838.0	17698.413333333334
22913.0	14366.826666666666
22988.0	14045.186666666666
23063.0	16648.76
23138.0	17454.453333333335
23213.0	15093.013333333334
23288.0	11162.706666666667
23363.0	10824.306666666667
23438.0	10748.986666666666
23513.0	12143.733333333334
23588.0	4201.92
23663.0	4515.48
23738.0	4649.32
23813.0	5729.173333333333
23888.0	4587.893333333333
23963.0	3060.826666666667
24038.0	3826.5466666666666
24113.0	8742.613333333333
24188.0	6215.68
24263.0	6552.72
24338.0	4682.746666666667
24413.0	10802.133333333333
24488.0	4555.493333333333
24563.0	5117.84
24638.0	4486.173333333333
24713.0	15697.106666666667
24788.0	11997.786666666667
24863.0	10306.506666666666
24938.0	12475.786666666667
25013.0	22865.786666666667
25088.0	12346.373333333333
25163.0	11869.466666666667
25238.0	12167.973333333333
25313.0	19053.466666666667
25388.0	10540.2
25463.0	9699.053333333333
25538.0	8609.24
25613.0	21200.706666666665
25688.0	9740.226666666667
25763.0	9699.52
25838.0	12256.493333333334
25913.0	13060.6
25988.0	12290.64
26063.0	11726.6
26138.0	4825.546666666667
26213.0	13199.173333333334
26288.0	14466.186666666666
26363.0	8609.0
26438.0	8546.24
26513.0	12259.68
26588.0	17959.626666666667
26663.0	11514.12
26738.0	11421.733333333334
26813.0	12489.12
26888.0	27972.133333333335
26963.0	14365.093333333334
27038.0	13177.213333333333
27113.0	14965.386666666667
27188.0	25832.213333333333
27263.0	12937.026666666667
27338.0	11455.626666666667
27413.0	13026.12
27488.0	13104.573333333334
27563.0	109.12
27638.0	138.94666666666666
27713.0	126.26666666666667
27788.0	459.72
27863.0	675.0533333333333
27938.0	678.6133333333333
28013.0	868.4666666666667
28088.0	6540.093333333333
28163.0	9818.226666666667
28238.0	9473.56
28313.0	9213.533333333333
28388.0	15521.893333333333
28463.0	14463.613333333333
28538.0	8517.226666666667
28613.0	11087.96
28688.0	10929.173333333334
28763.0	8083.8
28838.0	3368.2933333333335
28913.0	3133.1066666666666
28988.0	6575.613333333334
29063.0	10703.053333333333
29138.0	9477.72
29213.0	8820.04
29288.0	8866.12
29363.0	6554.426666666666
29438.0	87.88
29513.0	285.16
29588.0	361.1333333333333
29663.0	383.74666666666667
29738.0	222.56
29813.0	209.09333333333333
29877.0	7.30188679245283
