# Position (bp)	A	C	G	T	N
0.0	26.950067820764733	24.01041554204593	23.166532857246615	25.87298377994272	0.0
1.0	27.575164300369547	19.994990514264803	15.057809661067195	37.372035524298454	0.0
2.0	28.099278330407646	19.974546518431833	17.755022430271115	34.17115272088941	0.0
3.0	23.980235481784447	21.859343160474854	15.01947758254264	39.14016564455965	7.781306384075556E-4
4.0	34.02546769985744	14.256189931239149	14.629186022829765	37.08808953457924	0.001066811494408938
5.0	36.159380499005884	14.94586823401348	22.174412850229473	26.711234944163753	0.009103472587410285
6.0	32.601918766667374	17.646290971044454	19.74335867322371	30.00301680709646	0.005414781968002506
7.0	35.20419052438533	16.953023673102013	20.471588511210754	27.37052127566083	6.760156410704611E-4
8.0	23.389065228507203	26.61739877087534	21.954057365582578	28.038031470994007	0.0014471640408679125
9.0	28.891283894253018	18.2618302125428	16.125412592158437	36.72108770089768	3.856001480704568E-4
10.0	26.99194197062889	17.311421401702155	24.581757931595856	31.11439704458648	4.8165148661731343E-4
11.0	28.419061553937304	18.50920974736366	19.625064374377313	33.445605456059376	0.0010588682623490513
12.0	26.641547258091826	19.6471034121866	21.010265802718052	32.694638542163666	0.006444984839856556
13.0	27.76697330435192	21.145695039545014	18.483436469856482	32.60351064739999	3.845388465949566E-4
14.0	31.56333306736063	18.49564557823587	20.325858218604566	29.614105653970796	0.0010574818281361305
15.0	30.013449246159656	18.929789936041576	19.181759015272924	31.873752051274412	0.0012497512514336089
16.0	30.72840309669133	17.843371559699175	18.81606257216112	32.6100478077921	0.002114963656272261
17.0	30.19033711559334	18.357115458750037	20.322781907831807	31.12505491695403	0.004710600870788218
18.0	31.995939269779957	18.283860808473698	18.28751392751635	31.42470681316315	0.007979181066845349
19.0	30.65620592824313	18.36221059846742	19.75078037352181	31.230706965055994	9.613471164873915E-5
20.0	30.296373702541896	18.422198658536235	19.467279108869675	31.814052395340543	9.613471164873915E-5
21.0	30.436249707990815	17.45864044368092	19.198870993946397	32.905758180823625	4.806735582436957E-4
22.0	28.750239135095224	19.031404326254293	19.787023159813383	32.43008362758567	0.0012497512514336089
23.0	29.942886367809486	17.79751530224273	20.14570176897483	32.11264680972153	0.0012497512514336089
24.0	31.071219478430734	17.79751530224273	18.48901228313211	32.641291589077944	9.613471164873914E-4
25.0	29.443370406082636	18.203299920112055	19.27491355086055	33.07831998823311	9.613471164873915E-5
26.0	31.865196061937674	17.76300294076083	20.13137769693917	30.24042330036233	0.0
27.0	28.938663169926755	18.163596284201127	19.92084267842843	32.97660946330874	2.884041349462174E-4
28.0	30.056709866401594	18.11351009943213	19.991405556778602	31.834144550075127	0.004229927312544522
29.0	29.193996964065803	18.659651396308618	19.39892732888742	32.74521321237023	0.0022110983679210004
30.0	30.12725425182248	18.408173035788273	19.238493329654556	32.22473348900837	0.0013458937263086653
31.0	30.833323719760507	18.333756330537707	19.196574491730406	31.633749793308187	0.0025956646631980895
32.0	29.388267957707885	18.427427960553512	19.62028237040398	32.56392557542151	9.613591310851629E-5
33.0	29.700660168488614	18.143721958221054	19.363308014216646	32.79134849532152	9.613637521642701E-4
34.0	29.730826210387978	18.225158457694462	19.52377610478156	32.519950816346736	2.8841078925535217E-4
35.0	30.43798990141861	17.619620100985813	19.501033902380378	32.441163741283965	1.923539312334696E-4
36.0	30.99048232810238	17.70623626333989	19.024955633894262	32.278133401305254	1.92373358213621E-4
37.0	29.216625237607836	18.913391462279034	19.195634942012145	32.6739635680809	3.8479002008603904E-4
38.0	30.66968378902849	18.42695937371621	19.055783090453062	31.84680407273035	7.696740718933308E-4
39.0	29.753391172125742	18.88094928760123	19.516791053753508	31.84886848651952	0.0
40.0	30.019936626568683	18.521511331130995	19.528070192335477	31.927881420412408	0.0026004295524371802
41.0	29.65561519596502	18.344824394984034	20.48503462742739	31.512404948097423	0.002120833526136381
42.0	29.314981806676162	18.44635188164886	19.438013435663546	32.798530643113736	0.0021222328976967988
43.0	29.59180226447291	18.513045668768477	20.13105026488986	31.762461019350617	0.0016407825181378856
44.0	29.6122996588685	18.80539283227975	19.796344592056744	31.785962916795008	0.0
45.0	29.510163510663883	18.40801450508731	19.768301129321895	32.31323106229286	2.897926340508277E-4
46.0	30.35601432483674	17.62291200816353	19.27591158491215	32.74448565293773	6.76429149844518E-4
47.0	29.82509388094398	18.315217653967164	19.818665996491244	32.03928259009913	0.0017398784984848559
48.0	30.455119844455037	17.904493768243032	18.630009310653882	33.00921687055677	0.0011602060912753469
49.0	29.512716905001845	17.89525502476842	20.03166411664465	32.5597836704456	5.802831394865267E-4
50.0	29.819882502194258	18.39679653486952	19.58599974259252	32.19722445061405	9.676972965440627E-5
51.0	30.0836663651139	18.203972360460813	19.51543633781917	32.196924936606116	0.0
52.0	29.795647645884927	18.243834229649615	19.705447133501025	32.2549740220197	9.696894472576212E-5
53.0	31.327425038099765	17.832729884778537	19.153845407157903	31.676681000592122	0.009318669371669305
54.0	30.185258592547687	18.559864135926254	19.15456092897449	32.098081736075486	0.0022346064760838816
55.0	29.184384508196803	18.290744066690717	18.04686747913484	34.477031551290416	9.723946872243869E-4
56.0	29.382719893812993	18.231040432221608	20.356337599173237	32.02883164123738	0.0010704335547833297
57.0	28.275036146689843	18.8203278273527	19.679475008884538	33.22477155778846	3.8945928446592964E-4
58.0	30.784969368189685	17.81789271851471	21.75842569642551	29.63861478744797	9.742942212661149E-5
59.0	29.476894626936424	20.410404562261466	21.097338193139247	29.007950015654245	0.007412602008620076
60.0	31.257505977909826	18.840358782079658	19.679855689787765	30.221986395674605	2.9315454814623723E-4
61.0	29.23673908788413	20.980720297514193	19.411137208847133	30.37120767273439	1.9573302016050108E-4
62.0	31.108521268591193	16.607070858679947	21.659716274903936	30.62420109734767	4.905004772569644E-4
63.0	26.64803787198513	20.309029254690675	25.138632890653305	27.903019991492982	0.0012799911779069583
64.0	26.459330710527563	19.81008358218388	18.107728587002892	35.6209808661579	0.001876254127759081
65.0	27.859715756184787	19.38794706419348	18.36129103802261	34.38411529756094	0.00693084403818697
66.0	26.574905622888934	19.707132922710112	17.03874428770117	36.67256109676138	0.006656069938406517
67.0	33.422219741156134	14.188762830794504	17.7931980465592	34.594722838888984	0.0010965426011784842
68.0	34.40335938176422	15.474419044819276	23.046720052190828	27.075400844476572	1.0067674910750062E-4
69.0	31.86797150940352	17.092199820572134	20.405346662651976	30.634482007372366	0.0
70.0	33.068254630485235	16.032207837048528	22.12152969519638	28.778007837269858	0.0
71.0	26.115417096221726	19.824226766114748	25.45915435739259	28.601201780270934	0.0
