#Position (bp)	mapping quality
38.0	59.99999053693435
113.0	59.99880530608882
188.0	59.98953952057742
263.0	59.95259802464242
338.0	59.985648677741445
413.0	59.97911787872113
488.0	59.99808894587654
563.0	59.99811623160915
638.0	59.998050275223584
713.0	59.99822099713222
788.0	59.999545034936915
863.0	59.9987368531855
938.0	59.99927757756976
1013.0	59.99861052767635
1088.0	59.98416233493979
1163.0	59.992318737749386
1238.0	59.999121614089844
1313.0	59.998691938301626
1388.0	60.0
1463.0	60.0
1538.0	60.0
1613.0	59.999449223552084
1688.0	59.999112078070496
1763.0	59.99934473861427
1838.0	59.99867975238621
1913.0	59.95761170516069
1988.0	59.98534349346428
2063.0	59.99905921091315
2138.0	59.99897919876734
2213.0	59.99945850819007
2288.0	59.99478985758944
2363.0	59.997088568801715
2438.0	59.99793468439396
2513.0	59.99972017535678
2588.0	59.9965213610175
2663.0	60.0
2738.0	60.0
2813.0	59.98267998383465
2888.0	59.99908539373799
2963.0	59.98986192104029
3038.0	59.9550184692378
3113.0	59.998115205801575
3188.0	59.99968375303823
3263.0	59.9943676468486
3338.0	59.99896642587797
3413.0	59.999404629009454
3488.0	59.99826008111453
3563.0	60.0
3638.0	60.0
3713.0	60.0
3788.0	60.0
3863.0	59.99559341950646
3938.0	60.0
4013.0	59.995943714552375
4088.0	59.99930716718589
4163.0	59.998246824165086
4238.0	59.99908903019523
4313.0	59.99750874569291
4388.0	59.99893495112909
4463.0	59.99927491570895
4538.0	59.99936164676981
4613.0	59.99957190304897
4688.0	59.99928625837447
4763.0	59.999545924497724
4838.0	59.999049535140664
4913.0	59.999248201779935
4988.0	59.99956623848208
5063.0	60.0
5138.0	60.0
5213.0	60.0
5288.0	59.99863513962153
5363.0	59.99872168229996
5438.0	59.998270126413836
5513.0	59.999316041002906
5588.0	59.99928175278678
5663.0	59.99957970866736
5738.0	59.984053131379135
5813.0	59.99691025840254
5888.0	59.999293698533116
5963.0	59.99896805646387
6038.0	59.99111549851925
6113.0	59.98021454112038
6188.0	59.992502645366095
6263.0	59.99932893792227
6338.0	59.999390979914644
6413.0	59.99838949873686
6488.0	59.999321998655056
6563.0	59.998837579884935
6638.0	60.0
6713.0	60.0
6788.0	59.99953872107122
6863.0	60.0
6938.0	60.0
7013.0	60.0
7088.0	60.0
7163.0	60.0
7238.0	60.0
7313.0	60.0
7388.0	60.0
7463.0	60.0
7538.0	59.995572070668864
7613.0	59.994439986243265
7688.0	59.99579352398344
7763.0	59.9999566977721
7838.0	60.0
7913.0	59.99905881087477
7988.0	59.998182427133706
8063.0	59.99902003567683
8138.0	59.99899034411973
8213.0	59.99950397895145
8288.0	59.99889802665143
8363.0	59.986204526486326
8438.0	60.0
8513.0	60.0
8588.0	60.0
8663.0	59.999681031443586
8738.0	59.99890675241158
8813.0	59.99937333261714
8888.0	59.99963436321029
8963.0	59.998718354886094
9038.0	59.99886904351424
9113.0	59.996617595314575
9188.0	59.99318420988229
9263.0	59.999032351707896
9338.0	59.99525058802244
9413.0	60.0
9488.0	59.99963667617299
9563.0	59.99907549004826
9638.0	59.999419215255486
9713.0	59.999235471324916
9788.0	59.99792169592233
9863.0	59.9959995106087
9938.0	60.0
10013.0	60.0
10088.0	59.998474619943316
10163.0	59.998759103502046
10238.0	59.99949405060929
10313.0	59.99927238127221
10388.0	59.99987100302885
10463.0	59.996455535703994
10538.0	59.9989500944915
10613.0	59.99635421768041
10688.0	59.995765241914
10763.0	59.999110450024794
10838.0	59.9997810040321
10913.0	59.999698323908085
10988.0	59.99924771879495
11063.0	59.996325165273966
11138.0	59.99882932961442
11213.0	59.99935609734274
11288.0	59.99871515240382
11363.0	59.999043758591235
11438.0	59.99905079919318
11513.0	59.99703921896115
11588.0	59.99971889169997
11663.0	59.99898946552416
11738.0	59.996849458928814
11813.0	59.998103083843695
11888.0	59.999384766687214
11963.0	59.99704352671661
12038.0	59.99748491459576
12113.0	59.99856293398997
12188.0	59.999638419788575
12263.0	59.9982048199668
12338.0	59.99929262041314
12413.0	59.99960074346664
12488.0	59.9990864529818
12563.0	59.999132679875586
12638.0	59.99860530642764
12713.0	59.99781222161375
12788.0	59.99945104477762
12863.0	59.999495128031654
12938.0	59.99900088545381
13013.0	59.99840791721787
13088.0	59.999125210228094
13163.0	59.99891500556611
13238.0	59.99527095994644
13313.0	59.998821438845184
13388.0	59.99868332269254
13463.0	60.0
13538.0	59.999647266313936
13613.0	59.99883602076354
13688.0	59.99953972590871
13763.0	59.995991732751946
13838.0	59.99834163085916
13913.0	59.998992338213164
13988.0	59.99612259046151
14063.0	59.99937607467453
14138.0	59.99935543871604
14213.0	59.997601290859485
14288.0	59.999437757120795
14363.0	59.98617279495224
14438.0	59.95096953882109
14513.0	59.99972102246946
14588.0	59.99759551261152
14663.0	59.99940313569125
14738.0	59.99940343097649
14813.0	59.99940120083508
14888.0	59.99792478378841
14963.0	60.0
15038.0	60.0
15113.0	60.0
15188.0	59.99929372814724
15263.0	59.99920849644862
15338.0	59.99865125322827
15413.0	59.994984279162495
15488.0	59.99593550321792
15563.0	59.99851337682464
15638.0	59.9993646090066
15713.0	59.99907909912648
15788.0	59.998238073938666
15863.0	59.99906928043744
15938.0	59.99941590155066
16013.0	59.999222067039106
16088.0	59.99936027723463
16163.0	59.9996993343556
16238.0	60.0
16313.0	60.0
16388.0	60.0
16463.0	60.0
16538.0	60.0
16613.0	60.0
16688.0	60.0
16763.0	59.99949104892393
16838.0	59.99784778944639
16913.0	59.999668810539184
16988.0	59.99972214097689
17063.0	59.998158835471585
17138.0	59.99875783435876
17213.0	59.99945285996587
17288.0	59.99530555387248
17363.0	59.99736810218371
17438.0	59.99905857782557
17513.0	59.99843291132993
17588.0	59.99358841510803
17663.0	59.999354252367745
17738.0	59.99983272347099
17813.0	59.9983543609435
17888.0	60.0
17963.0	59.99830848798296
18038.0	59.998681837965556
18113.0	59.95187275525911
18188.0	59.999697763449525
18263.0	59.99965624298917
18338.0	59.99925525319844
18413.0	59.99914920473307
18488.0	59.99924160436201
18563.0	59.99881913783244
18638.0	59.99827781121742
18713.0	59.99870375281333
18788.0	59.99665341465727
18863.0	59.90108711821715
18938.0	59.99851836784557
19013.0	59.99103379312655
19088.0	59.99955408194823
19163.0	59.998102345833985
19238.0	59.9990817586471
19313.0	59.99663978494624
19388.0	60.0
19463.0	60.0
19538.0	60.0
19613.0	59.981154062525114
19688.0	59.99924294314864
19763.0	59.99979441634801
19838.0	59.99891320098536
19913.0	59.99301296483192
19988.0	60.0
20063.0	60.0
20138.0	60.0
20213.0	60.0
20288.0	60.0
20363.0	60.0
20438.0	60.0
20513.0	59.999950442916436
20588.0	59.99948934928509
20663.0	59.999157658290045
20738.0	60.0
20813.0	59.998629499074546
20888.0	59.99962737232562
20963.0	59.99939363473562
21038.0	59.9988993286439
21113.0	59.99240669853611
21188.0	59.99917532574633
21263.0	60.0
21338.0	59.99988278044778
21413.0	59.999042432222154
21488.0	60.0
21563.0	60.0
21638.0	59.99722042064301
21713.0	59.99874843554443
21788.0	59.99797599435161
21863.0	59.999321460956246
21938.0	59.99950975348469
22013.0	59.998946408151205
22088.0	59.99944134078212
22163.0	59.99891304347826
22238.0	59.999195207010644
22313.0	59.99971522141535
22388.0	60.0
22463.0	60.0
22538.0	59.999079220801164
22613.0	59.99976510382411
22688.0	59.99949486711322
22763.0	59.99668288367979
22838.0	59.99956620955236
22913.0	59.996054851225
22988.0	59.99214246119734
23063.0	59.99929607639101
23138.0	59.999127250372105
23213.0	59.99666457332985
23288.0	59.998358891354464
23363.0	59.97057560424486
23438.0	59.94960696687333
23513.0	59.995858074446566
23588.0	60.0
23663.0	59.998156188663536
23738.0	59.995816272031334
23813.0	59.99280921275119
23888.0	59.99613586787161
23963.0	59.99769403483221
24038.0	59.99801682915076
24113.0	59.99840281698511
24188.0	59.99394597224691
24263.0	59.99602973046187
24338.0	59.99940409764131
24413.0	59.99945913428371
24488.0	59.997326878239306
24563.0	59.99854132225664
24638.0	60.0
24713.0	59.996912857194914
24788.0	59.99879880074864
24863.0	59.99898924666081
24938.0	59.995892183978924
25013.0	59.977499892093206
25088.0	59.997358739741536
25163.0	60.0
25238.0	60.0
25313.0	59.99931512738334
25388.0	59.9996984695043
25463.0	59.99908175985892
25538.0	59.972813715552405
25613.0	59.996004685438386
25688.0	59.99207124772354
25763.0	59.99918438089412
25838.0	59.997928135914286
25913.0	60.0
25988.0	59.99665097469274
26063.0	59.99825366286814
26138.0	59.998607131486786
26213.0	59.95659152257971
26288.0	60.0
26363.0	60.0
26438.0	60.0
26513.0	59.99764011548552
26588.0	59.999656733449314
26663.0	59.998083750420705
26738.0	59.966188206671525
26813.0	59.99683993934594
26888.0	59.998281074765735
26963.0	59.99725297812888
27038.0	59.99138872529119
27113.0	59.99914593786698
27188.0	59.996001959376606
27263.0	59.99967583601743
27338.0	59.99883180644539
27413.0	59.9991938501457
27488.0	59.998257177596784
27563.0	59.99336099585062
27638.0	60.0
27713.0	60.0
27788.0	60.0
27863.0	59.99739935504005
27938.0	59.998820615638635
28013.0	60.0
28088.0	59.99719972314244
28163.0	59.997243151044145
28238.0	59.9993515089911
28313.0	59.99893872816788
28388.0	59.999130564468324
28463.0	59.998934213141695
28538.0	59.99952648399915
28613.0	59.99930484041372
28688.0	59.99756378369173
28763.0	59.998379780723695
28838.0	59.93306239540999
28913.0	60.0
28988.0	59.993837061275514
29063.0	59.99811765031948
29138.0	59.99897170627201
29213.0	59.99321421427776
29288.0	59.95205886048522
29363.0	59.99901066469918
29438.0	0.0
29513.0	60.0
29588.0	60.0
29663.0	59.97678275290215
29738.0	59.88066825775656
29813.0	59.94882064975523
29877.0	60.0
