# Position (bp)	A	C	G	T	N
0.0	27.20066078265342	24.028176769749454	23.117522688429553	25.65363975916758	0.0
1.0	27.52119860728125	20.039732838052473	15.303868260808832	37.135200293857444	0.0
2.0	27.579185053821092	20.357157586505547	17.68827071390275	34.37538664577061	0.0
3.0	24.412474952473925	21.607152032060835	14.896470225556182	39.08184760828238	0.002055181626676258
4.0	33.91610719351882	14.757800617596903	14.443369026952011	36.88272316193227	0.0
5.0	35.26259542765395	14.795952282338023	22.055868321342558	27.882004632683426	0.0035793359820419602
6.0	31.429884118638014	17.706365817550665	20.335392312011844	30.52835775179948	0.0
7.0	34.66817530822669	17.385564950586893	20.161261550536942	27.78499819064948	0.0
8.0	24.43139609431447	25.935461548637896	21.35559241657932	28.277549940468315	0.0
9.0	28.51602015036524	18.377295764051627	16.216875676719823	36.88980840886331	0.0
10.0	27.551580166397464	16.742855981877103	24.266296894523514	31.437235242129645	0.0020317150722782636
11.0	28.035870160979275	19.153590061103102	19.48752562879357	33.323014149124056	0.0
12.0	27.08424202464878	20.036009534919106	20.610133387432164	32.26961505299995	0.0
13.0	27.512986190295198	21.27353351070569	18.200430761434184	33.01254275940707	5.067781578613962E-4
14.0	30.995565691118713	18.890155834283544	20.28328899024452	29.830989484353225	0.0
15.0	29.92727733434689	18.69048524008615	18.63930064614215	32.74293677942481	0.0
16.0	30.328138857215254	18.089446344862537	18.943367540858986	32.63904725706322	0.0
17.0	30.10414291144052	18.89268972507285	19.81502597238059	31.188141391106043	0.0
18.0	31.935639173951603	18.224249334853667	18.28759660458634	31.552514886608385	0.0
19.0	30.52730267325478	18.46446218167997	19.436969466615988	31.571265678449258	0.0
20.0	30.511592550361076	18.09045990117826	20.010135563157228	31.387305207145573	5.067781578613962E-4
21.0	30.125934372228556	17.717977955150133	18.899784619282908	33.255796275180536	5.067781578613962E-4
22.0	29.097174711769924	18.624604079564172	19.844925883694412	32.433295324971496	0.0
23.0	29.895857088559485	17.610540985683517	19.830736095274293	32.66134549600912	0.0015203344735841885
24.0	31.108577220321802	17.5674648422653	18.50500443430888	32.818446724946156	5.067781578613962E-4
25.0	29.2117065754466	18.149752945648043	19.432915241353097	33.20562523755226	0.0
26.0	31.292030913467627	17.54313949068795	20.51235271759787	30.65197010008869	5.067781578613962E-4
27.0	28.565564424173317	18.430001266945396	19.845939440010135	33.15798809071329	5.067781578613962E-4
28.0	30.042822754339287	18.051944761180792	20.211326491828203	31.693905992651715	0.0
29.0	29.498543012796148	18.799949322184215	19.148612694792856	32.55289497022678	0.0
30.0	30.285369673074097	18.39522001996726	18.868555616932646	32.44933434014281	0.0015203498831864507
31.0	30.96851355391921	18.029322481413722	19.040355153732712	31.96079524434556	0.0010135665887909672
32.0	29.711992134643552	18.54744299897122	18.940204033022333	32.800360833362895	0.0
33.0	29.75501474776756	18.023190991191886	19.17159103578994	33.05020322525061	0.0
34.0	29.75835715299317	18.45618196192909	19.251353159399137	32.533094123132436	0.001013602546169596
35.0	30.696072513682545	17.439094289090992	19.196648220381537	32.66818497684492	0.0
36.0	31.155192532088684	17.739333367155396	18.366901729998478	32.738572370757446	0.0
37.0	29.114804008626155	19.2109602943042	19.741722694405684	31.932005581631355	5.074210326018013E-4
38.0	31.20561976256097	18.389596942426873	18.799202107410963	31.605581187601196	0.0
39.0	30.147357517162938	18.753300564650445	19.250416378925134	31.848925539261487	0.0
40.0	29.715552121668054	18.835776589471973	19.147876298721105	32.300286684423476	5.083057153894638E-4
41.0	29.875324410971455	18.08304920869167	20.70581649788815	31.33580988244873	0.0
42.0	29.17577072542159	18.86411905816921	19.077523288564283	32.88258692784492	0.0
43.0	29.574090686674275	18.163329799380197	19.924359810797586	32.33720029358995	0.0010194095579840157
44.0	29.711094678328276	18.721982813575746	19.99541015375985	31.57151235433613	0.0
45.0	29.577126994575675	18.59324689108992	19.756696212156005	32.07241961738846	5.102847899412662E-4
46.0	30.247257095303492	17.40755300736717	19.905651226074568	32.43902812594131	5.105453134492952E-4
47.0	30.163189212656743	18.84720484204612	19.467783538064715	31.521311642873563	5.107643588630385E-4
48.0	30.853711511434778	17.876070014053916	18.503641241855117	32.76555512967931	0.0010221029768749201
49.0	28.806245622287097	18.52878170486674	19.97208489056357	32.6928877822826	0.0
50.0	29.780928494651178	18.485437887086043	19.059732814659363	32.673900803603416	0.0
51.0	31.02702370212417	17.961125235791027	18.9078774706799	32.1039735914049	0.0
52.0	29.630599275161444	18.79703493803965	19.71437664911038	31.857989137688524	0.0
53.0	30.912988935960183	18.355406572615472	19.10243491136429	31.62916958006005	0.0
54.0	30.249725872959495	18.553124018676677	18.774484821341243	32.42215049445826	5.147925643362007E-4
55.0	29.37526093074318	18.137585881649546	18.312312838565692	34.17484034904158	0.0
56.0	29.45234102927899	18.057010189604025	20.621178898490907	31.869469882626078	0.0
57.0	28.219626554302472	19.288842070475482	19.019808319907465	33.47172305531458	0.0
58.0	30.996065780562574	17.860632473595235	21.832074486509402	29.311227259332785	0.0
59.0	28.857545254960442	21.153328362536765	20.47761070378195	29.510480096102064	0.0010355826187813263
60.0	31.293191109635377	19.003050615311185	19.63185091414697	30.071388548778717	5.188121277522983E-4
61.0	28.99301492195749	21.263139280271705	19.41518825383451	30.327617323825724	0.0010402201105753977
62.0	31.32269943770408	16.801589868241233	20.871193548723618	31.002430704069607	0.0020864412614623865
63.0	26.53843937147318	20.68071193918023	24.82670453056969	27.953620211779377	5.239469975217307E-4
64.0	26.06584712819623	20.767778145991468	18.037736643048387	35.12863808276392	0.0
65.0	27.628203097779608	19.529526041831637	18.805760560852256	34.03598238890121	5.279106352876586E-4
66.0	27.297887682388872	19.550072107227688	17.01253393281303	36.136855276552424	0.002651001017984391
67.0	33.50829376317527	14.24206290058131	17.755467069820924	34.48991759470221	0.004258671720290441
68.0	34.361245332156734	15.957836057811306	23.073942942005747	26.606975668026216	0.0
69.0	31.738884215503543	16.902260269077036	20.349569223833168	31.009286291586257	0.0
70.0	32.548798576090185	16.417086917828538	22.264016612281225	28.770097893800063	0.0
71.0	26.550816534067117	19.99685948435724	24.17748399832506	29.27409224143088	7.477418197044924E-4
