#Position (bp)	mapping quality
38.0	59.99724318673292
113.0	59.99261239426867
188.0	59.985597131403715
263.0	59.95301468924791
338.0	59.99554528455412
413.0	59.99788622926139
488.0	59.99331932898262
563.0	59.99742942773794
638.0	59.99246193518875
713.0	59.995886172119086
788.0	59.99856965838926
863.0	59.99614484884868
938.0	59.99743749308353
1013.0	59.998986915950105
1088.0	59.99759994642738
1163.0	59.998715226593454
1238.0	59.997602731129355
1313.0	59.992541368418
1388.0	60.0
1463.0	60.0
1538.0	60.0
1613.0	59.997504429405446
1688.0	59.99829520406274
1763.0	59.99924453642343
1838.0	59.995643373410246
1913.0	59.99243702373955
1988.0	59.99083982390789
2063.0	59.98588564448945
2138.0	59.995496766909575
2213.0	59.98718418641183
2288.0	60.0
2363.0	59.99323932779602
2438.0	60.0
2513.0	60.0
2588.0	59.99577447784619
2663.0	60.0
2738.0	60.0
2813.0	59.9994009509903
2888.0	59.99024584783855
2963.0	59.998197281643506
3038.0	59.963315641586014
3113.0	59.9940206185567
3188.0	59.99575938714759
3263.0	59.99969521487351
3338.0	59.99970358074461
3413.0	59.9988739463355
3488.0	59.99824848812283
3563.0	59.997165678948726
3638.0	59.9910370171193
3713.0	59.98716683119447
3788.0	59.99877450980392
3863.0	59.993388084632514
3938.0	59.99387342049122
4013.0	59.994513492330086
4088.0	59.985582634435126
4163.0	59.99828003121067
4238.0	59.97737544402706
4313.0	59.99566967031573
4388.0	59.998409973955
4463.0	59.99316921674698
4538.0	59.99951009187519
4613.0	59.99957695374152
4688.0	59.99912990900913
4763.0	59.998112037871955
4838.0	59.99664866521123
4913.0	59.99422506833669
4988.0	59.997952426082584
5063.0	60.0
5138.0	60.0
5213.0	60.0
5288.0	59.993322592361494
5363.0	59.99813118728534
5438.0	59.99943876430541
5513.0	59.998380809595204
5588.0	59.99836230059382
5663.0	59.99826347769305
5738.0	59.98547188131735
5813.0	59.996953029038266
5888.0	59.99707820478366
5963.0	59.99911256708851
6038.0	59.99530846821487
6113.0	59.99747771985875
6188.0	59.986556399117624
6263.0	59.998535542764266
6338.0	59.99250640026805
6413.0	59.99482184764595
6488.0	59.96980348676097
6563.0	59.99743763500064
6638.0	59.99736045260767
6713.0	59.99891562380938
6788.0	59.99951625386997
6863.0	59.99914908100749
6938.0	60.0
7013.0	60.0
7088.0	60.0
7163.0	60.0
7238.0	60.0
7313.0	59.99441147750319
7388.0	59.997491649662734
7463.0	59.99840783446533
7538.0	59.99932111756392
7613.0	59.99937553709539
7688.0	59.99786612449744
7763.0	59.99937866871597
7838.0	59.995214975549054
7913.0	59.98931688886959
7988.0	59.99904113029213
8063.0	59.992480167835836
8138.0	59.99271418122405
8213.0	59.998062512987886
8288.0	59.99902720998195
8363.0	59.99931691072877
8438.0	59.9960575459953
8513.0	59.998142866618025
8588.0	59.9975221238938
8663.0	60.0
8738.0	59.99775441461672
8813.0	59.998497702368326
8888.0	59.99699749105417
8963.0	59.99877211563211
9038.0	59.9994393418251
9113.0	59.99812678253784
9188.0	59.994439261449585
9263.0	59.998663986074625
9338.0	60.0
9413.0	59.99641619878151
9488.0	59.99910248099895
9563.0	59.99695791770632
9638.0	59.9978601341317
9713.0	59.998337914520114
9788.0	59.9969911542966
9863.0	59.997777096647596
9938.0	60.0
10013.0	59.99070976540027
10088.0	59.997179507307024
10163.0	59.99371256220892
10238.0	59.998452671238766
10313.0	59.99591407870332
10388.0	59.99936088312205
10463.0	59.999194859883254
10538.0	59.996484187043436
10613.0	59.99138002193319
10688.0	59.996107154105864
10763.0	59.995411123483564
10838.0	59.99587402795269
10913.0	59.99816960726957
10988.0	59.99603946717018
11063.0	59.997242667496835
11138.0	59.99872268152661
11213.0	59.9994013810791
11288.0	59.9943066807617
11363.0	59.998708958775254
11438.0	59.99686591312809
11513.0	59.995018679950185
11588.0	59.99319008698315
11663.0	60.0
11738.0	59.999311890531615
11813.0	59.99741811743877
11888.0	59.99630696849662
11963.0	59.99300839117373
12038.0	59.98369188346916
12113.0	59.98930290442752
12188.0	59.998878463053536
12263.0	59.99746890183409
12338.0	59.997941864799934
12413.0	59.998693004513264
12488.0	59.99700427983785
12563.0	59.99855843415287
12638.0	59.99293077056898
12713.0	59.996379687827805
12788.0	59.997981296866115
12863.0	59.99615987182672
12938.0	59.94395967364244
13013.0	59.99721794918638
13088.0	59.998303147232605
13163.0	59.99927600142473
13238.0	59.99861229650301
13313.0	59.99595940416569
13388.0	59.995790634206294
13463.0	59.98898166252708
13538.0	59.99879536214426
13613.0	59.99808486878839
13688.0	59.99886828115424
13763.0	59.99294844334464
13838.0	59.9992144755711
13913.0	59.99864601125321
13988.0	59.99303991304024
14063.0	59.99871965881361
14138.0	59.99676211217528
14213.0	59.996800045867204
14288.0	59.99829245501522
14363.0	59.98419916585779
14438.0	59.949002084134996
14513.0	59.99822721278829
14588.0	59.995557885371326
14663.0	59.99684337723096
14738.0	59.998194242044676
14813.0	59.99793496882264
14888.0	59.99729060144431
14963.0	59.99830845350362
15038.0	59.98085692356314
15113.0	59.99892924800263
15188.0	59.99848062967991
15263.0	59.999114267604945
15338.0	59.99824101400369
15413.0	59.99799727648953
15488.0	59.99280086531471
15563.0	59.998782442772864
15638.0	59.992872600162116
15713.0	59.998461885867286
15788.0	59.99889015234744
15863.0	59.99873218564598
15938.0	59.99434523548636
16013.0	59.99766038359788
16088.0	59.997204477195325
16163.0	59.998822507787544
16238.0	60.0
16313.0	60.0
16388.0	59.9990180324942
16463.0	59.99874725963044
16538.0	59.99220316328804
16613.0	60.0
16688.0	60.0
16763.0	59.99950432276657
16838.0	59.99550697505888
16913.0	59.99860287974427
16988.0	59.999343809859255
17063.0	59.99245902228563
17138.0	59.998236810067354
17213.0	59.99733248257004
17288.0	59.99801230516429
17363.0	59.99631614199598
17438.0	59.99896368073672
17513.0	59.99833497193239
17588.0	59.99682023804295
17663.0	59.99685207238568
17738.0	59.998169760642725
17813.0	59.994968005230106
17888.0	59.996015711892326
17963.0	59.99971381473511
18038.0	59.99941839532501
18113.0	59.99989065700561
18188.0	59.997044967880086
18263.0	59.994053502170814
18338.0	59.99953829553764
18413.0	59.99952638308817
18488.0	59.99905375580523
18563.0	59.99939223174101
18638.0	59.996977345277244
18713.0	59.988683977109716
18788.0	59.998514266263726
18863.0	59.90322749791415
18938.0	59.998435410671064
19013.0	59.99835942585743
19088.0	59.99860360399069
19163.0	59.99901071180929
19238.0	59.99886077509143
19313.0	59.99708568097921
19388.0	60.0
19463.0	60.0
19538.0	60.0
19613.0	60.0
19688.0	59.997300337457816
19763.0	59.999409946614215
19838.0	59.99883204858678
19913.0	59.99485401946407
19988.0	59.994535519125684
20063.0	59.995751911639765
20138.0	60.0
20213.0	60.0
20288.0	60.0
20363.0	60.0
20438.0	60.0
20513.0	59.998054105363074
20588.0	59.999645443599206
20663.0	59.99813724294101
20738.0	59.99776546233472
20813.0	59.99880632607171
20888.0	59.99921986296724
20963.0	59.99799578768806
21038.0	59.99912980906003
21113.0	59.99882529104865
21188.0	59.996204856151806
21263.0	60.0
21338.0	60.0
21413.0	60.0
21488.0	60.0
21563.0	60.0
21638.0	59.99977724977725
21713.0	59.998152076848825
21788.0	59.9977313394683
21863.0	59.99553341726422
21938.0	59.998713448346614
22013.0	59.99744922795335
22088.0	59.99908132041195
22163.0	59.99793096526646
22238.0	59.995184637676914
22313.0	59.99906855089099
22388.0	60.0
22463.0	60.0
22538.0	59.99915628427595
22613.0	59.99737386844626
22688.0	59.99703588678889
22763.0	59.99910788686829
22838.0	59.99890292629974
22913.0	59.99854220463108
22988.0	59.99748999719521
23063.0	59.99880236964802
23138.0	59.99821954647669
23213.0	59.99745871494902
23288.0	59.996086860605864
23363.0	59.96700538504007
23438.0	59.93813708036981
23513.0	59.9876707115151
23588.0	59.999053706059385
23663.0	59.99914245582908
23738.0	59.999097499199394
23813.0	59.998725261707634
23888.0	59.99503718046764
23963.0	59.98536271156323
24038.0	59.99794683576503
24113.0	59.99806001976388
24188.0	59.99963112879507
24263.0	59.996670068674426
24338.0	59.996589555948624
24413.0	59.99854293970629
24488.0	59.9970203636859
24563.0	59.99729865111453
24638.0	59.9995291255469
24713.0	59.99397797057608
24788.0	59.99597555616014
24863.0	59.99932864219795
24938.0	59.996994607304806
25013.0	59.992163776897144
25088.0	59.998633968462734
25163.0	59.99933267123852
25238.0	59.997189710381846
25313.0	59.99870218907225
25388.0	59.99673289751054
25463.0	59.99738129119846
25538.0	59.96893459122725
25613.0	59.99591067486608
25688.0	59.98712063249171
25763.0	59.99395005276117
25838.0	60.0
25913.0	59.996711144521704
25988.0	59.996965656751414
26063.0	59.99500605326877
26138.0	59.998948134962376
26213.0	59.99971777323079
26288.0	59.99938630599358
26363.0	59.99724953465455
26438.0	59.99963344169311
26513.0	59.99904014402432
26588.0	59.99914263539683
26663.0	59.99829223988875
26738.0	59.96645567030796
26813.0	59.9935147275382
26888.0	59.962375129803696
26963.0	59.98988917942971
27038.0	59.9989750028828
27113.0	59.99961185290334
27188.0	59.99517854427409
27263.0	59.99850889937884
27338.0	59.99583551336936
27413.0	59.99630917431013
27488.0	59.99862161749473
27563.0	59.998240985048376
27638.0	60.0
27713.0	60.0
27788.0	60.0
27863.0	60.0
27938.0	59.99525423728814
28013.0	60.0
28088.0	59.995859276503786
28163.0	59.99846086556017
28238.0	59.99684656761013
28313.0	59.99750358769953
28388.0	59.983994633441675
28463.0	59.99824276954647
28538.0	59.99915147568527
28613.0	59.98863989325021
28688.0	59.98690775415504
28763.0	59.99771649292016
28838.0	59.94444957700379
28913.0	59.998416872014424
28988.0	59.99093051154834
29063.0	59.98831641120005
29138.0	59.99541986921623
29213.0	59.91947213596993
29288.0	59.90862682921869
29363.0	59.99924255254459
29438.0	60.0
29513.0	60.0
29588.0	59.97744058009937
29663.0	60.0
29738.0	60.0
29813.0	60.0
29877.0	60.0
