# Position (bp)	A	C	G	T	N
0.0	34.89655172413793	23.991886409736306	20.900608519269777	20.210953346855984	0.0
1.0	34.79918864097363	18.40973630831643	15.107505070993914	31.683569979716026	0.0
2.0	34.62318487872151	16.41113003975014	19.185527703415268	29.78015737811309	0.0
3.0	28.085969180859692	24.744525547445257	10.389294403892944	36.78021086780211	0.0
4.0	41.20651909511068	10.119192410605692	16.159896213411173	32.51439228087246	0.0
5.0	35.93319280038917	15.258634668396304	21.50154045727258	27.306632073941948	0.0
6.0	32.34721997082185	17.38531366509969	18.97390176689901	31.293564597179447	0.0
7.0	39.07440427946183	15.715675149943264	19.905981520505755	25.30393905008916	0.0
8.0	27.411249797373966	28.391959798994975	17.004376722321286	27.192413681309773	0.0
9.0	30.693791538336846	19.662830280434427	15.496839033879073	34.14653914734965	0.0
10.0	31.471875506565084	13.835305560058355	25.117523099367805	29.575295834008752	0.0
11.0	32.42827038417896	14.734965148322257	18.04182201329227	34.79494245420652	0.0
12.0	33.27119468309289	14.937591181715026	22.13486788782623	29.65634624736586	0.0
13.0	32.80920732695737	25.482249959474796	14.046036634786837	27.662506078781	0.0
14.0	34.78683741287081	13.924461014751174	21.74582590371211	29.542875668665907	0.0
15.0	28.578375749716322	20.77322094342681	22.215918301183336	28.43248500567353	0.0
16.0	32.77678716161452	15.537364240557627	21.389204084940832	30.296644512887017	0.0
17.0	29.891392446101474	21.024477224833845	14.961906305722158	34.12222402334252	0.0
18.0	34.4059004700924	19.905981520505755	15.034851677743557	30.65326633165829	0.0
19.0	33.58729129518561	15.213162587129196	17.34478845842114	33.85475765926406	0.0
20.0	28.75668665910196	22.021397309126275	18.24444804668504	30.977467985086726	0.0
21.0	33.11719889771438	17.741935483870968	21.308153671583725	27.83271194683093	0.0
22.0	30.766736910358244	22.84811152536878	18.23634300534933	28.148808558923648	0.0
23.0	33.465715675149944	21.85929648241206	14.151402172151078	30.523585670286916	0.0
24.0	33.37656022045712	21.194683092883775	15.86967093532177	29.55908575133733	0.0
25.0	35.10293402496353	23.731561030961256	17.741935483870968	23.423569460204245	0.0
26.0	34.83546766088507	19.95461176852002	18.487599286756364	26.722321283838546	0.0
27.0	28.870157237801912	26.511590209110064	21.608040201005025	23.010212352082995	0.0
28.0	31.090938563786676	18.79559085751337	19.006321932241853	31.1071486464581	0.0
29.0	25.99286756362457	24.663640784568	18.93337656022046	30.410115091586963	0.0
30.0	26.887750955051615	17.46728440217833	16.890189384702918	38.754775258067134	0.0
31.0	41.76585684004566	15.025273112669165	17.356921571824554	25.851948475460624	0.0
32.0	36.77981425166434	20.415879017013232	14.687268841949535	28.11703788937289	0.0
33.0	36.31886477462437	22.320534223706176	16.93656093489149	24.424040066777962	0.0
34.0	36.13213427121361	22.776244323746774	18.128394622028317	22.963226783011308	0.0
35.0	27.415873015873014	24.24126984126984	16.457142857142856	31.885714285714283	0.0
