# Position (bp)	A	C	G	T	N
0.0	49.95175740868367	11.909028256374913	15.823569951757408	22.31564438318401	0.0
1.0	17.252308116301503	47.691883698498	17.651922281934684	17.403885903265813	0.0
2.0	23.90738457322921	44.06083025071928	13.083984107411975	18.94780106863954	0.0
3.0	49.24863387978142	13.469945355191257	15.792349726775956	21.489071038251367	0.0
4.0	49.870307167235495	12.9419795221843	16.040955631399317	21.14675767918089	0.0
5.0	18.874352684655218	43.82665576451349	14.5816298718997	22.71736167893159	0.0
6.0	20.62908496732026	44.33551198257081	14.705882352941178	20.329520697167755	0.0
7.0	50.89844813503947	13.095562210726927	15.178328341954806	20.827661312278792	0.0
8.0	51.08813928182807	16.879760609357998	13.356909684439607	18.675190424374318	0.0
9.0	21.985044187627466	43.521414004078856	13.73215499660095	20.761386811692724	0.0
10.0	19.94836254925941	10.843864655523848	14.349775784753364	54.85799701046338	0.0
11.0	20.502035278154683	14.789687924016281	12.401628222523744	52.30664857530529	0.0
12.0	18.572202655107017	13.695475480899486	14.467623950149012	53.264697913844486	0.0
13.0	18.352718420340818	43.116040032458756	14.944549634839058	23.586691912361374	0.0
14.0	21.02280394008906	12.724328700580218	45.09512886250169	21.157738496829037	0.0
15.0	48.42699650443667	14.614143586985747	16.469481043291207	20.48937886528637	0.0
16.0	17.973154362416107	13.986577181208053	15.154362416107384	52.88590604026846	0.0
17.0	19.833824711873493	42.1602787456446	13.99088716161887	24.015009380863038	0.0
18.0	17.41167023554604	13.423447537473232	17.491970021413277	51.67291220556746	0.0
19.0	21.10189890345012	45.359721850762234	12.449852901845414	21.08852634394223	0.0
20.0	22.869715962128286	16.38885184691292	12.58834511268169	48.1530870782771	0.0
21.0	20.551044855583655	15.093837348595768	17.46306402236124	46.89205377345934	0.0
22.0	18.83384247576039	11.60844733696374	43.56488245450923	25.99282773276664	0.0
23.0	21.032377919320595	13.78715498938429	14.782377919320593	50.398089171974526	0.0
24.0	49.596079989405375	12.024897364587472	15.348960402595683	23.03006224341147	0.0
25.0	20.07144747287642	14.540883831701509	42.08785392961101	23.29981476581106	0.0
26.0	52.175638143102766	11.347705329982807	15.024467663007538	21.45218886390689	0.0
27.0	18.97212313383538	19.55344166996961	11.031840401638261	50.44259479455675	0.0
28.0	19.501582278481013	42.85337552742617	10.021097046413502	27.623945147679326	0.0
29.0	24.799157118398522	11.181351244567365	12.129593046226788	51.88989859080733	0.0
30.0	21.417239555790587	13.551031200423056	39.70121628767848	25.33051295610788	0.0
31.0	21.019023546627643	12.94399361447386	12.771052281495276	53.265930557403216	0.0
32.0	19.363929146537842	13.633923778851315	14.184111647879764	52.81803542673108	0.0
33.0	21.566509115462527	44.68602295746118	12.491559756921	21.255908170155298	0.0
34.0	22.46032822460328	14.281839142818392	13.23748813237488	50.02034450020344	0.0
35.0	20.46227056424201	42.84160435078178	13.596193065941536	23.099932019034668	0.0
36.0	19.520174482006546	14.43565976008724	11.750272628135223	54.293893129770986	0.0
37.0	47.243879086308304	13.951579811243331	16.67350567637806	22.131035426070305	0.0
38.0	48.2257843540211	15.536374845869297	12.52226332374298	23.715577476366626	0.0
39.0	49.01637089008117	14.665015820608062	12.119961480258633	24.198651809052137	0.0
40.0	20.519552300677077	42.82161116484731	13.983694901202156	22.675141633273455	0.0
41.0	19.95229409288621	11.589729198821383	46.597446330854495	21.86053037743791	0.0
42.0	51.26216330559865	12.311380623325343	12.931885488647582	23.49457058242843	0.0
43.0	54.449964513839596	12.448545067423705	11.809794180269694	21.291696238466997	0.0
44.0	21.19394458726078	43.873179091688094	11.739502999143102	23.193373321908027	0.0
45.0	32.12983223924143	14.697301239970825	14.36907366885485	38.8037928519329	0.0
46.0	29.087340529931303	15.014720314033367	22.041216879293422	33.856722276741905	0.0
47.0	30.502885408079145	17.497938994229184	18.34295136026381	33.656224237427864	0.0
48.0	29.231406670810028	18.37580277605138	17.422829915061115	34.96996063807748	0.0
49.0	26.444212721584986	18.852971845672574	22.773722627737225	31.929092805005215	0.0
50.0	24.847976514992663	26.252883204026002	18.788005871251833	30.1111344097295	0.0
51.0	28.06832560101223	18.7051876845213	15.900463939266132	37.326022775200336	0.0
52.0	27.261200338123416	16.5469146238377	20.583262890955197	35.608622147083686	0.0
53.0	32.234042553191486	20.170212765957444	21.127659574468087	26.468085106382976	0.0
54.0	28.138435081685298	24.54858125537403	16.1865864144454	31.12639724849527	0.0
55.0	30.16010385114669	18.5417568152315	19.45045434876677	31.84768498485504	0.0
56.0	30.419656447053704	18.395303326810176	19.069362904979343	32.115677321156774	0.0
57.0	29.095674967234604	17.933595456531236	21.341197029270422	31.62953254696374	0.0
58.0	28.66578599735799	18.538088947600176	23.20563628357552	29.590488771466315	0.0
59.0	27.9229406554473	22.276350752878653	20.969884853852967	28.83082373782108	0.0
60.0	27.52334370831481	18.052467763450423	22.165406847487773	32.258781680747	0.0
61.0	31.056874160322433	16.659202866099417	22.503358710255263	29.780564263322884	0.0
62.0	31.722122302158272	19.06474820143885	21.695143884892087	27.51798561151079	0.0
63.0	32.98343830184278	18.33449965010497	19.01096337765337	29.671098670398884	0.0
64.0	28.39680300893277	19.675599435825106	20.498354489891867	31.42924306535026	0.0
65.0	29.124380457871133	18.83408071748879	20.81661552985603	31.224923294784045	0.0
66.0	27.154046997389038	17.32732019938286	22.24068359838595	33.27794920484216	0.0
67.0	30.39961941008563	16.65080875356803	19.148430066603233	33.801141769743104	0.0
68.0	25.931232091690543	18.290353390639925	20.41547277936963	35.3629417382999	0.0
69.0	26.10991120710343	20.230381569474442	24.166066714662826	29.4936405087593	0.0
70.0	30.406543180178012	21.265335578542217	18.95597786865528	29.37214337262449	0.0
71.0	28.488652824722354	21.873491067117335	19.314340898116853	30.323515210043457	0.0
72.0	26.886677990778935	18.4421256976462	19.825285124969668	34.84591118660519	0.0
73.0	28.90300513071097	18.81260688981187	19.716589298802834	32.56779868067432	0.0
74.0	31.38793526238352	17.33692986758215	22.511034820990684	28.764100049043652	0.0
75.0	30.241141732283467	20.47244094488189	21.678149606299215	27.608267716535433	0.0
76.0	29.921065614208192	19.807597434632463	18.722249629995066	31.549087321164283	0.0
77.0	29.107981220657276	20.113664442797134	18.977020014825797	31.801334321719793	0.0
78.0	29.70763131813677	19.821605550049554	19.549058473736373	30.921704658077303	0.0
79.0	27.718337894998758	22.368748444886787	19.00970390644439	30.90320975367007	0.0
80.0	28.817795551112223	18.845288677830542	21.194701324668834	31.142214446388405	0.0
81.0	26.7221801665405	19.555892001009337	18.218521322230632	35.503406510219534	0.0
82.0	31.106049101493294	18.957226018729436	20.855479625411288	29.081245254365985	0.0
83.0	28.08219178082192	19.93911719939117	20.446473871131403	31.532217148655505	0.0
84.0	29.7029702970297	19.091139883219093	19.04036557501904	32.16552424473216	0.0
85.0	32.907511497189574	16.913643331630045	20.567194685743484	29.61165048543689	0.0
86.0	28.96693155601128	18.866957190463985	22.635221738015893	29.530889515508846	0.0
87.0	31.338299511944516	16.953506293347033	22.347803750321088	29.360390444387363	0.0
88.0	33.350488934637156	19.14565105506948	17.73031394750386	29.773546062789503	0.0
89.0	30.785123966942145	17.355371900826448	17.949380165289256	33.910123966942145	0.0
90.0	30.693581780538302	18.374741200828158	18.73706004140787	32.19461697722567	0.0
91.0	30.5001295672454	20.912153407618554	16.22181912412542	32.36589790101063	0.0
92.0	30.70539419087137	18.438796680497926	17.453319502074688	33.40248962655601	0.0
93.0	31.88894654903996	18.266735858847948	18.759730150492995	31.0845874416191	0.0
94.0	30.039011703511054	16.540962288686607	20.208062418725618	33.21196358907672	0.0
95.0	30.656934306569344	16.657977059436913	21.115745568300312	31.569343065693428	0.0
96.0	29.46242171189979	16.440501043841333	20.45929018789144	33.63778705636743	0.0
97.0	30.517782426778243	18.410041841004183	18.383891213389123	32.68828451882845	0.0
98.0	29.973753280839894	20.866141732283463	19.711286089238843	29.448818897637796	0.0
99.0	31.348788198103268	19.362486828240254	19.17808219178082	30.110642781875658	0.0
100.0	31.623479640401904	14.569011105235324	18.69381279746166	35.11369645690111	0.0
101.0	32.86322511974454	18.626929217668973	19.212346993081425	29.297498669505057	0.0
102.0	30.65771812080537	15.677852348993287	21.261744966442954	32.402684563758385	0.0
103.0	28.709938055480745	18.502558577969296	20.684082951791005	32.10342041475896	0.0
104.0	28.01188546731497	19.448946515397083	21.636952998379254	30.902215018908695	0.0
105.0	29.561451001624256	20.49269085002707	18.516513264753655	31.429344883595018	0.0
106.0	28.800652706010332	18.194180038074517	19.11884688604841	33.88632036986674	0.0
107.0	31.0589519650655	19.486899563318776	18.367903930131003	31.086244541484714	0.0
108.0	34.48370309504246	18.32374691865242	15.612161051766641	31.580388934538483	0.0
109.0	30.02201430930105	19.29003852504128	19.34507429829389	31.342872867363784	0.0
110.0	26.070146368406515	20.933443800055233	19.304059652029824	33.69235017950842	0.0
111.0	29.952895538930452	18.53699085619285	18.34303131061236	33.16708229426434	0.0
112.0	24.687586781449596	19.38350458206054	21.88281033046376	34.0460983060261	0.0
113.0	27.96988287785834	20.133853876185164	18.962632459564972	32.93363078639152	0.0
114.0	31.44055944055944	17.006993006993007	20.83916083916084	30.713286713286713	0.0
115.0	28.479236812570146	18.911335578002245	19.753086419753085	32.856341189674524	0.0
116.0	28.555368184373243	20.93872962338392	17.25688589094997	33.24901630129286	0.0
117.0	32.36619718309859	18.169014084507044	17.408450704225352	32.056338028169016	0.0
118.0	28.094024355706598	15.094873973378647	23.13792126876239	33.67318040215236	0.0
119.0	22.253760999148454	22.367300596082885	29.00936701674709	26.369571388021573	0.0
120.0	27.114782113358014	19.48162916547992	22.700085445741955	30.703503275420108	0.0
121.0	30.914285714285718	19.34285714285714	18.54285714285714	31.2	0.0
122.0	27.436926605504585	19.495412844036696	22.964449541284402	30.103211009174313	0.0
123.0	31.169204251651824	18.615340419419706	17.95461074403907	32.2608445848894	0.0
124.0	30.558755760368662	17.51152073732719	21.255760368663594	30.67396313364055	0.0
125.0	29.51388888888889	19.15509259259259	20.515046296296298	30.81597222222222	0.0
126.0	32.30679837303893	18.216153399186517	18.216153399186517	31.260894828588032	0.0
127.0	27.980180705333723	20.518799183911398	22.5007286505392	29.00029146021568	0.0
128.0	29.97076023391813	18.421052631578945	21.023391812865498	30.584795321637426	0.0
129.0	30.82795067527892	20.25836758661186	17.263652378156195	31.650029359953024	0.0
130.0	30.18867924528302	19.78183962264151	18.160377358490564	31.869103773584907	0.0
131.0	31.3516711032239	19.37296657793552	18.308192842354334	30.967169476486244	0.0
132.0	27.901454437518552	19.946571682991987	20.510537251409914	31.64143662807955	0.0
133.0	29.20644391408115	21.539379474940333	20.19689737470167	29.05727923627685	0.0
134.0	26.519006285543252	21.28105357677342	20.472912301706074	31.72702783597725	0.0
135.0	26.358450915640947	17.021915340738516	19.99399579705794	36.62563794656259	0.0
136.0	24.25429346188611	18.770714070503164	22.11509490810485	34.859897559505875	0.0
137.0	27.750906892382105	16.35429262394196	20.949214026602174	34.945586457073766	0.0
138.0	29.714111922141118	17.487834549878343	19.099756690997566	33.69829683698297	0.0
139.0	28.422982885085574	18.918092909535453	20.721271393643033	31.93765281173594	0.0
140.0	29.21279212792128	19.12669126691267	20.29520295202952	31.365313653136536	0.0
141.0	31.302196102691	18.249304051964117	18.496752242499227	31.951747602845654	0.0
142.0	31.506849315068493	14.91282689912827	19.42714819427148	34.153175591531756	0.0
143.0	32.96772171732999	20.244437480413662	18.583516139141334	28.20432466311501	0.0
144.0	28.137843819159023	18.653177363262724	17.51501738855517	35.69396142902308	0.0
145.0	28.02284988892415	18.56553475087274	18.50206283719454	34.90955252300857	0.0
146.0	28.69454197255027	19.98084902649218	18.92754548356208	32.397063517395466	0.0
147.0	27.49438562720565	20.275906320179658	17.965992941931344	34.26371511068335	0.0
148.0	26.096774193548388	21.096774193548388	19.870967741935484	32.935483870967744	0.0
149.0	27.491074326517364	20.545277507302824	19.182083739045762	32.78156442713404	0.0
150.0	27.266797129810826	19.47162426614481	17.188519243313763	36.07305936073059	0.0
151.0	29.3713163064833	18.3366077275704	20.333988212180746	31.95808775376555	0.0
152.0	27.95911638641609	22.518958127266732	17.144741180349488	32.37718430596769	0.0
153.0	30.633919681380682	19.449054098904746	18.12147361433787	31.795552605376702	0.0
154.0	32.15358931552588	16.026711185308848	19.63272120200334	32.186978297161936	0.0
155.0	28.753351206434317	21.514745308310992	16.789544235924932	32.94235924932976	0.0
156.0	31.18243243243243	16.41891891891892	18.41216216216216	33.98648648648649	0.0
157.0	29.55163043478261	19.191576086956523	19.70108695652174	31.55570652173913	0.0
158.0	27.692307692307693	24.0	16.376068376068375	31.931623931623932	0.0
159.0	35.95737366792712	14.162942591955998	19.80061876933654	30.07906497078034	0.0
160.0	26.765927977839336	19.63296398891967	23.718836565096954	29.882271468144044	0.0
161.0	27.510460251046027	19.525801952580196	22.90794979079498	30.055788005578798	0.0
162.0	29.36229852838122	19.44639103013315	19.341275402943236	31.850035038542394	0.0
163.0	29.679238632358125	17.342262953824463	16.531547409235106	36.4469510045823	0.0
164.0	29.00817632420903	17.490223960184856	22.360469249911127	31.14113046569499	0.0
165.0	31.607142857142854	16.57142857142857	20.857142857142858	30.964285714285715	0.0
166.0	28.341096381225366	20.96022930849158	19.742027946972414	30.956646363310643	0.0
167.0	26.169906407487403	18.718502519798417	24.622030237580994	30.48956083513319	0.0
168.0	27.761627906976745	18.640988372093023	19.80377906976744	33.79360465116279	0.0
169.0	26.71783625730994	18.019005847953213	20.029239766081872	35.23391812865497	0.0
170.0	29.448529411764707	16.580882352941178	17.75735294117647	36.213235294117645	0.0
171.0	30.58431952662722	18.93491124260355	15.791420118343193	34.68934911242604	0.0
172.0	32.36607142857143	19.605654761904763	16.889880952380953	31.138392857142854	0.0
173.0	29.288389513108616	17.04119850187266	20.224719101123593	33.44569288389513	0.0
174.0	29.30969445492267	19.577517917766883	18.03093172387778	33.08185590343267	0.0
175.0	26.78843226788432	18.493150684931507	23.17351598173516	31.54490106544901	0.0
176.0	28.648027575641517	19.685944082726927	19.839142091152816	31.826886250478744	0.0
177.0	28.284389489953632	21.483771251931994	19.47449768160742	30.757341576506953	0.0
178.0	27.965772073123297	19.40879035394788	21.19797744068456	31.42746013224426	0.0
179.0	25.51859099804305	17.886497064579256	26.810176125244617	29.78473581213307	0.0
180.0	30.58730784391013	15.727236893969254	19.235317303902246	34.45013795821837	0.0
181.0	29.046299960427387	20.577760189948556	19.905025722200236	30.47091412742382	0.0
182.0	32.1371610845295	18.301435406698566	19.098883572567782	30.462519936204146	0.0
183.0	28.237192416296892	20.37111738604276	22.79144816458249	28.600242033077855	0.0
184.0	28.978428978428976	20.39072039072039	20.472120472120473	30.158730158730158	0.0
185.0	27.834629553827263	23.04543593941875	22.267703643061807	26.852230863692185	0.0
186.0	32.110469909315746	17.106347897774114	22.052761747732895	28.730420445177245	0.0
187.0	30.935550935550935	20.831600831600834	18.170478170478173	30.062370062370064	0.0
188.0	28.295549958018473	20.864819479429052	20.23509655751469	30.60453400503778	0.0
189.0	29.538721963605585	18.705035971223023	19.509098603470164	32.24714346170123	0.0
190.0	29.77262977262977	18.575718575718575	19.305019305019304	32.34663234663235	0.0
191.0	27.114967462039047	21.0412147505423	19.566160520607376	32.277657266811275	0.0
192.0	30.870135548753826	20.026235242675995	19.239177962396152	29.864451246174028	0.0
193.0	27.90594498669033	17.968056787932564	22.759538598047914	31.366459627329192	0.0
194.0	28.111011638316917	19.785138764547895	23.366159355416293	28.737690241718887	0.0
195.0	27.152619589977224	21.913439635535305	19.635535307517085	31.298405466970387	0.0
196.0	30.826026765113056	19.427780341485924	20.073834794646977	29.67235809875404	0.0
197.0	27.97563261480787	20.056232427366446	23.289597000937206	28.678537956888473	0.0
198.0	27.093358999037537	25.842155919153033	18.816169393647737	28.248315688161696	0.0
199.0	29.842399593289272	21.403152008134217	19.013726487036095	29.74072191154042	0.0
200.0	26.87536916715889	14.884819846426462	23.331364441819254	34.90844654459539	0.0
201.0	31.169871794871796	17.38782051282051	17.38782051282051	34.05448717948718	0.0
202.0	36.077481840193705	17.110573042776434	20.500403551251008	26.311541565778857	0.0
203.0	32.764227642276424	17.560975609756095	21.21951219512195	28.455284552845526	0.0
204.0	31.285831285831282	18.50941850941851	24.97952497952498	25.225225225225223	0.0
205.0	35.35269709543569	16.76348547717842	25.975103734439838	21.90871369294606	0.0
206.0	26.448362720403022	23.005877413937867	21.662468513853906	28.883291351805205	0.0
207.0	27.914893617021274	21.78723404255319	14.808510638297873	35.48936170212766	0.0
208.0	31.92407247627265	16.738567730802416	20.18981880931838	31.147540983606557	0.0
209.0	24.86910994764398	19.546247818499126	20.94240837696335	34.64223385689355	0.0
210.0	25.528169014084508	18.661971830985916	18.221830985915492	37.58802816901409	0.0
211.0	28.825622775800714	19.217081850533805	19.750889679715304	32.20640569395018	0.0
212.0	28.44364937388193	17.262969588550984	23.524150268336314	30.76923076923077	0.0
213.0	27.461607949412826	19.78319783197832	16.71183378500452	36.043360433604335	0.0
214.0	29.945054945054945	25.183150183150182	19.230769230769234	25.64102564102564	0.0
215.0	30.129390018484287	23.01293900184843	15.98890942698706	30.868761552680223	0.0
216.0	30.06597549481621	15.645617342130066	17.907634307257307	36.380772855796415	0.0
217.0	24.664107485604607	18.13819577735125	27.06333973128599	30.134357005758154	0.0
218.0	24.35129740518962	20.758483033932134	17.964071856287426	36.92614770459082	0.0
219.0	19.97780244173141	20.42175360710322	23.52941176470588	36.07103218645949	0.0
220.0	0.0	30.61594202898551	25.36231884057971	44.02173913043478	0.0
