# Position (bp)	A	C	G	T	N
0.0	25.93524443012013	24.33848324828195	24.395468284652058	25.33080403694586	0.0
1.0	27.038022900229258	20.84711010278943	15.61274790106521	36.5021190959161	0.0
2.0	29.163184230273163	19.94629064688053	17.403454221050033	33.48707090179628	0.0
3.0	23.202785563357832	22.39907402544183	15.344865697456743	39.05327471374359	0.0
4.0	33.720608598684706	13.627590645748016	15.15175512274107	37.50004563282621	0.0
5.0	34.80792994264558	14.948397308017686	23.6875968506873	26.556075898649432	0.0
6.0	31.41655754679053	17.638058167819256	21.34362316920057	29.601761116189646	0.0
7.0	35.369467173072735	17.4000626643817	20.21268830197494	27.01778186057063	0.0
8.0	22.669457739724947	26.979711564161363	22.869046041475286	27.481784654638396	0.0
9.0	27.359291510660803	18.788814295564755	15.676062206190522	38.17583198758392	0.0
10.0	26.362501094942154	16.994569086919313	24.900781395641346	31.742148422497184	0.0
11.0	27.892472188469302	18.830674776351046	19.484720222627008	33.79213281255264	0.0
12.0	25.690234688216623	20.61517780737553	20.535668161777423	33.15891934263042	0.0
13.0	26.499172336033816	21.22755930094401	19.115921245022225	33.157347117999954	0.0
14.0	30.47111711052065	18.815064831805657	20.00655842274425	30.70725963492944	0.0
15.0	29.461271615281127	18.60124228206159	20.27229246073369	31.665193641923594	0.0
16.0	29.631942214006724	18.217142189749545	18.68729350514005	33.46362209110368	0.0
17.0	30.23685564058047	17.907582390185723	19.874070422187234	31.981491547046577	0.0
18.0	32.036266730154594	17.79379263255538	19.291673498357024	30.878267138932998	0.0
19.0	30.347837854227826	18.625274858555933	20.206848610490333	30.820038676725908	0.0
20.0	29.737337415127946	17.74828234459121	20.418790105765797	32.09559013451504	0.0
21.0	29.16148206877809	18.691982103591634	20.288295461436697	31.858240366193574	0.0
22.0	29.832428929831618	18.898364661780793	22.979691349844686	28.289515058542907	0.0
23.0	29.85272747282859	20.232313034416	21.366195822823762	28.548763669931652	0.0
24.0	32.978843471561824	19.74121744091243	17.721919506590993	29.55801958093475	0.0
25.0	28.894147730718352	21.06042620763697	20.097270168834466	29.94815589281022	0.0
26.0	31.29858454862554	16.911241181504348	22.73302053549971	29.0571537343704	0.0
27.0	26.04137421416844	20.820381197091834	25.0243694817723	28.113875106967424	0.0
28.0	27.049591333897837	19.910877323804154	19.155844520460256	33.88368682183775	0.0
29.0	28.16808878127885	20.681856976971403	17.08696535939932	34.06308888235043	0.0
30.0	26.75968613665186	19.073089244902757	16.22432812290768	37.942896495537696	0.0
31.0	34.5396352162093	14.818741096408274	18.73284619396706	31.908777493415368	0.0
32.0	34.09641957681486	15.593512629014745	22.975029294216345	27.335038499954056	0.0
33.0	31.30337675229263	17.725727609033147	21.00416683499449	29.966728803679743	0.0
34.0	33.22484050748731	16.795073778944293	21.702108930681856	28.277976782886544	0.0
35.0	26.708410813302585	20.682479983257522	25.470852125602185	27.138257077837707	0.0
