#Position (bp)	Coverage
38.0	757.08
113.0	12.013333333333334
188.0	5.493333333333333
263.0	5.8
338.0	20.12
413.0	26.973333333333333
488.0	21.69333333333333
563.0	13.36
638.0	14.813333333333333
713.0	50.52
788.0	13.693333333333333
863.0	17.4
938.0	25.733333333333334
1013.0	26.173333333333332
1088.0	12.226666666666667
1163.0	10.546666666666667
1238.0	15.413333333333334
1313.0	23.226666666666667
1388.0	10.88
1463.0	8.866666666666667
1538.0	10.266666666666667
1613.0	22.8
1688.0	11.586666666666666
1763.0	14.96
1838.0	13.386666666666667
1913.0	20.026666666666667
1988.0	9.213333333333333
2063.0	10.013333333333334
2138.0	8.0
2213.0	18.973333333333333
2288.0	13.48
2363.0	12.72
2438.0	9.04
2513.0	23.30666666666667
2588.0	22.266666666666666
2663.0	12.146666666666667
2738.0	10.773333333333333
2813.0	17.16
2888.0	22.066666666666666
2963.0	11.773333333333333
3038.0	13.68
3113.0	11.493333333333334
3188.0	16.69333333333333
3263.0	9.373333333333333
3338.0	11.173333333333334
3413.0	8.4
3488.0	27.613333333333333
3563.0	24.92
3638.0	27.213333333333335
3713.0	16.72
3788.0	16.253333333333334
3863.0	8.493333333333334
3938.0	3.6133333333333333
4013.0	5.1466666666666665
4088.0	10.0
4163.0	8.173333333333334
4238.0	8.146666666666667
4313.0	11.333333333333334
4388.0	12.786666666666667
4463.0	5.346666666666667
4538.0	8.866666666666667
4613.0	16.64
4688.0	14.36
4763.0	7.0
4838.0	10.573333333333334
4913.0	8.973333333333333
4988.0	15.32
5063.0	7.0
5138.0	9.346666666666666
5213.0	6.2
5288.0	14.906666666666666
5363.0	7.0
5438.0	8.013333333333334
5513.0	10.466666666666667
5588.0	19.106666666666666
5663.0	11.68
5738.0	9.2
5813.0	9.173333333333334
5888.0	18.946666666666665
5963.0	20.773333333333333
6038.0	13.52
6113.0	17.946666666666665
6188.0	24.69333333333333
6263.0	18.226666666666667
6338.0	8.373333333333333
6413.0	7.133333333333334
6488.0	18.546666666666667
6563.0	18.12
6638.0	10.106666666666667
6713.0	16.386666666666667
6788.0	22.546666666666667
6863.0	15.6
6938.0	8.306666666666667
7013.0	10.88
7088.0	17.466666666666665
7163.0	7.653333333333333
7238.0	10.986666666666666
7313.0	18.12
7388.0	19.96
7463.0	8.213333333333333
7538.0	7.92
7613.0	14.76
7688.0	24.586666666666666
7763.0	12.453333333333333
7838.0	11.653333333333334
7913.0	11.173333333333334
7988.0	19.906666666666666
8063.0	9.453333333333333
8138.0	9.04
8213.0	10.293333333333333
8288.0	18.826666666666668
8363.0	9.133333333333333
8438.0	6.746666666666667
8513.0	9.053333333333333
8588.0	14.066666666666666
8663.0	13.026666666666667
8738.0	8.0
8813.0	11.786666666666667
8888.0	18.4
8963.0	23.493333333333332
9038.0	18.706666666666667
9113.0	23.773333333333333
9188.0	23.2
9263.0	18.373333333333335
9338.0	7.213333333333333
9413.0	7.426666666666667
9488.0	18.0
9563.0	20.506666666666668
9638.0	10.68
9713.0	10.44
9788.0	14.146666666666667
9863.0	12.546666666666667
9938.0	8.4
10013.0	11.973333333333333
10088.0	15.013333333333334
10163.0	15.933333333333334
10238.0	8.146666666666667
10313.0	13.733333333333333
10388.0	27.44
10463.0	21.413333333333334
10538.0	12.226666666666667
10613.0	6.906666666666666
10688.0	21.813333333333333
10763.0	20.506666666666668
10838.0	11.813333333333333
10913.0	12.853333333333333
10988.0	19.16
11063.0	21.453333333333333
11138.0	5.746666666666667
11213.0	7.1066666666666665
11288.0	13.786666666666667
11363.0	26.826666666666668
11438.0	16.0
11513.0	18.32
11588.0	26.466666666666665
11663.0	24.8
11738.0	15.96
11813.0	14.866666666666667
11888.0	26.573333333333334
11963.0	15.866666666666667
12038.0	14.973333333333333
12113.0	26.093333333333334
12188.0	32.16
12263.0	18.04
12338.0	8.84
12413.0	12.693333333333333
12488.0	17.106666666666666
12563.0	13.653333333333334
12638.0	13.2
12713.0	13.733333333333333
12788.0	13.96
12863.0	8.186666666666667
12938.0	9.106666666666667
13013.0	20.586666666666666
13088.0	20.30666666666667
13163.0	10.36
13238.0	7.6
13313.0	14.16
13388.0	15.92
13463.0	15.413333333333334
13538.0	13.213333333333333
13613.0	19.36
13688.0	18.266666666666666
13763.0	11.133333333333333
13838.0	9.093333333333334
13913.0	10.986666666666666
13988.0	13.093333333333334
14063.0	10.946666666666667
14138.0	13.346666666666666
14213.0	13.866666666666667
14288.0	12.173333333333334
14363.0	8.96
14438.0	15.613333333333333
14513.0	14.813333333333333
14588.0	26.053333333333335
14663.0	15.666666666666666
14738.0	10.84
14813.0	9.013333333333334
14888.0	17.373333333333335
14963.0	10.64
15038.0	12.306666666666667
15113.0	14.733333333333333
15188.0	20.866666666666667
15263.0	16.413333333333334
15338.0	13.266666666666667
15413.0	9.066666666666666
15488.0	12.626666666666667
15563.0	13.333333333333334
15638.0	9.4
15713.0	10.293333333333333
15788.0	13.52
15863.0	15.613333333333333
15938.0	4.0
16013.0	5.693333333333333
16088.0	5.226666666666667
16163.0	16.0
16238.0	11.12
16313.0	12.293333333333333
16388.0	12.266666666666667
16463.0	22.44
16538.0	13.973333333333333
16613.0	8.56
16688.0	7.48
16763.0	15.546666666666667
16838.0	15.8
16913.0	10.653333333333334
16988.0	12.466666666666667
17063.0	20.08
17138.0	14.92
17213.0	6.08
17288.0	8.613333333333333
17363.0	12.346666666666666
17438.0	19.586666666666666
17513.0	11.093333333333334
17588.0	11.28
17663.0	11.4
17738.0	13.706666666666667
17813.0	5.24
17888.0	5.866666666666666
17963.0	9.413333333333334
18038.0	13.0
18113.0	8.88
18188.0	13.893333333333333
18263.0	18.92
18338.0	16.96
18413.0	7.973333333333334
18488.0	4.866666666666666
18563.0	8.44
18638.0	26.026666666666667
18713.0	8.453333333333333
18788.0	19.933333333333334
18863.0	21.52
18938.0	23.053333333333335
19013.0	9.626666666666667
19088.0	11.6
19163.0	11.266666666666667
19238.0	23.56
19313.0	14.213333333333333
19388.0	10.026666666666667
19463.0	11.466666666666667
19538.0	19.973333333333333
19613.0	16.266666666666666
19688.0	4.493333333333333
19763.0	5.28
19838.0	10.853333333333333
19913.0	20.546666666666667
19988.0	12.653333333333334
20063.0	10.853333333333333
20138.0	9.946666666666667
20213.0	23.093333333333334
20288.0	13.693333333333333
20363.0	12.946666666666667
20438.0	14.906666666666666
20513.0	25.24
20588.0	14.333333333333334
20663.0	12.266666666666667
20738.0	14.133333333333333
20813.0	20.293333333333333
20888.0	16.08
20963.0	11.746666666666666
21038.0	9.68
21113.0	18.653333333333332
21188.0	9.173333333333334
21263.0	10.12
21338.0	12.813333333333333
21413.0	20.0
21488.0	10.0
21563.0	18.56
21638.0	21.68
21713.0	27.813333333333333
21788.0	11.693333333333333
21863.0	7.76
21938.0	9.986666666666666
22013.0	14.16
22088.0	4.386666666666667
22163.0	5.76
22238.0	10.693333333333333
22313.0	17.85333333333333
22388.0	5.946666666666666
22463.0	4.28
22538.0	9.546666666666667
22613.0	12.373333333333333
22688.0	8.76
22763.0	5.733333333333333
22838.0	14.586666666666666
22913.0	11.96
22988.0	13.96
23063.0	15.48
23138.0	18.386666666666667
23213.0	12.88
23288.0	6.133333333333334
23363.0	7.293333333333333
23438.0	16.893333333333334
23513.0	21.226666666666667
23588.0	8.0
23663.0	9.546666666666667
23738.0	9.546666666666667
23813.0	12.64
23888.0	4.52
23963.0	5.826666666666667
24038.0	10.453333333333333
24113.0	20.8
24188.0	13.24
24263.0	13.68
24338.0	9.466666666666667
24413.0	24.026666666666667
24488.0	12.613333333333333
24563.0	8.386666666666667
24638.0	9.746666666666666
24713.0	15.133333333333333
24788.0	12.24
24863.0	7.48
24938.0	8.36
25013.0	13.146666666666667
25088.0	7.053333333333334
25163.0	4.013333333333334
25238.0	2.24
25313.0	14.106666666666667
25388.0	20.626666666666665
25463.0	25.746666666666666
25538.0	24.666666666666668
25613.0	27.826666666666668
25688.0	15.0
25763.0	7.56
25838.0	15.106666666666667
25913.0	24.173333333333332
25988.0	25.4
26063.0	20.69333333333333
26138.0	20.8
26213.0	31.16
26288.0	34.96
26363.0	11.493333333333334
26438.0	10.08
26513.0	45.77333333333333
26588.0	48.32
26663.0	25.946666666666665
26738.0	37.21333333333333
26813.0	33.52
26888.0	41.13333333333333
26963.0	14.413333333333334
27038.0	16.346666666666668
27113.0	21.506666666666668
27188.0	47.4
27263.0	18.653333333333332
27338.0	16.613333333333333
27413.0	33.17333333333333
27488.0	59.06666666666667
27563.0	29.8
27638.0	21.026666666666667
27713.0	21.613333333333333
27788.0	64.74666666666667
27863.0	50.346666666666664
27938.0	23.24
28013.0	27.72
28088.0	37.22666666666667
28163.0	30.706666666666667
28238.0	19.613333333333333
28313.0	39.266666666666666
28388.0	49.6
28463.0	49.38666666666666
28538.0	21.906666666666666
28613.0	24.986666666666668
28688.0	42.96
28763.0	55.906666666666666
28838.0	46.413333333333334
28913.0	28.88
28988.0	43.92
29063.0	46.38666666666666
29138.0	53.8
29213.0	34.266666666666666
29288.0	52.6
29363.0	67.93333333333334
29438.0	14.653333333333334
29513.0	61.306666666666665
29588.0	53.78666666666667
29663.0	50.346666666666664
29738.0	14.08
29813.0	7.546666666666667
29877.0	1.9056603773584906
