# Position (bp)	A	C	G	T	N
0.0	32.47657111356119	18.060915104740904	21.692392502756338	27.770121278941566	0.0
1.0	24.791566182043685	24.99827740646317	24.261007372700337	25.949149038792807	0.0
2.0	30.526965829559487	20.9825717030328	17.764512144915603	30.725950322492107	0.0
3.0	29.279989038843595	20.052065492909502	22.484072069603343	28.183873398643556	0.0
4.0	32.08709942481512	18.029307039167353	18.789372774582304	31.09422076143522	0.0
5.0	27.822276990484013	20.53809817210926	20.188950503183406	31.450674334223315	0.0
6.0	28.5802300109529	23.281763417305587	19.27026286966046	28.86774370208105	0.0
7.0	32.747057213249384	19.128113879003557	18.785929373117984	29.33889953462907	0.0
8.0	32.30485051652186	18.813710063624548	18.177464596018336	30.70397482383526	0.0
9.0	27.942282705327226	20.70710524516173	19.147917663954043	32.202694385557	0.0
10.0	26.09319486198415	16.70538398469527	21.03033615742006	36.17108499590052	0.0
11.0	26.422569847667187	18.7786050959765	19.734954573399822	35.06387048295649	0.0
12.0	26.763159691404383	18.440636307776337	20.35911790810405	34.437086092715234	0.0
13.0	28.58312858312858	19.963144963144963	20.065520065520065	31.388206388206385	0.0
14.0	26.468381199263252	19.394228801418922	24.05348250221707	30.08390749710076	0.0
15.0	28.084526244035445	20.088616223585547	20.85207907293797	30.974778459441037	0.0
16.0	26.69982286415043	19.164736340100834	19.995912249625288	34.13952854612345	0.0
17.0	29.46422493021989	19.05507522635986	20.028592824562597	31.45210701885765	0.0
18.0	26.19436504695794	20.001361099768612	20.52538451068463	33.27888934258881	0.0
19.0	27.447112441330525	23.712672607305628	18.726617236922657	30.11359771444119	0.0
20.0	27.442050166542042	19.359662837332607	19.590782407722113	33.60750458840324	0.0
21.0	26.962550125739142	19.458981852783253	22.497111398083327	31.081356623394278	0.0
22.0	28.229860073359596	18.659149572069012	21.729384594484443	31.381605760086945	0.0
23.0	27.04060844764362	19.31278011680022	19.394268640499796	34.252342795056364	0.0
24.0	31.785471826205026	16.612355736591986	19.70807875084861	31.89409368635438	0.0
25.0	28.856464200882254	18.45266372582287	19.165252799457075	33.525619273837805	0.0
26.0	31.978558827520693	16.98330845433573	18.794951825213733	32.24318089292984	0.0
27.0	27.58410200759631	20.042051003798157	16.73901247965274	35.63483450895279	0.0
28.0	28.21607699606886	20.577470516470107	15.88043920292802	35.32601328453301	0.0
29.0	29.945799457994582	15.826558265582655	17.242547425474257	36.98509485094851	0.0
30.0	28.8855707886521	18.28424053210262	20.225329170625763	32.60485950861952	0.0
31.0	30.840804129312687	15.315131757674544	18.439282803585982	35.40478130942679	0.0
32.0	28.713140372333196	17.41405082212257	18.039135752140236	35.833673053404	0.0
33.0	30.35617183251767	21.587819467101685	18.094072865687874	29.961935834692767	0.0
34.0	29.51966845573748	17.6982131938311	19.648073918065087	33.13404443236633	0.0
35.0	26.763725423498197	21.579699299272058	18.409415606503842	33.2471596707259	0.0
36.0	28.592814371257486	16.072400653238976	19.386227544910177	35.94855743059336	0.0
37.0	31.964310039504156	19.404713254325024	18.82577305544204	29.805203650728785	0.0
38.0	30.80068143100511	19.79557069846678	16.48381601362862	32.91993185689949	0.0
39.0	32.89034280651536	18.79642881482996	16.56784570299189	31.745382675662782	0.0
40.0	27.49607588889647	20.883095611820103	19.968607111171774	31.652221388111652	0.0
41.0	27.796378544584897	16.556200888281516	24.68056030064913	30.966860266484453	0.0
42.0	32.339261285909714	17.43502051983584	19.192886456908344	31.0328317373461	0.0
43.0	32.29009724695247	19.511025886864815	17.935899191891522	30.262977674291193	0.0
44.0	30.328599849077314	21.293819029978735	17.20518625231529	31.17239486862866	0.0
45.0	31.939483084681658	16.978356797646565	19.086642852139803	31.995517265531976	0.0
46.0	29.36044466333638	17.92021388869345	19.49623584042778	33.223105607542394	0.0
47.0	30.89459573867645	17.835473402003668	18.914914632425567	32.355016226894314	0.0
48.0	27.986999222779623	19.07722744294496	17.98911891471773	34.946654419557696	0.0
49.0	28.92188052315306	17.94980558501237	19.794980558501237	33.33333333333333	0.0
50.0	27.90862154324917	21.479595445222436	18.728340052337504	31.883442959190887	0.0
51.0	28.960781537590258	19.198640804190852	19.474727452923688	32.365850205295196	0.0
52.0	28.92591279688054	17.6036866359447	20.404112017015244	33.06628855015952	0.0
53.0	29.80898956188312	20.2513668962579	20.471490449478093	29.468153092380884	0.0
54.0	28.455284552845526	22.657252888318357	18.528027385537012	30.359435173299104	0.0
55.0	29.649711065135193	18.877077834058642	18.77719911535992	32.69601198544624	0.0
56.0	28.102476272033112	18.78255905230857	19.603225576250622	33.51173909940769	0.0
57.0	31.074132266819028	17.304670761319812	20.111412655334952	31.50978431652621	0.0
58.0	30.17654206275463	19.24808805660782	18.77635622900436	31.79901365163319	0.0
59.0	28.49681619803964	19.138584817915145	20.211776489947773	32.15282249409744	0.0
60.0	29.578373727233615	17.768535780869065	19.82647354080023	32.82661695109709	0.0
61.0	29.872181530949305	17.66479965532098	21.34137584374551	31.121642969984205	0.0
62.0	29.332662160218607	19.135624910110742	21.25701136200201	30.274701567668632	0.0
63.0	32.56365990504963	18.479355488418932	18.752697453603798	30.204287152927634	0.0
64.0	28.449082403742352	19.841669665347247	21.25224901043541	30.45699892047499	0.0
65.0	30.09862500899863	18.580375782881003	19.22827730185012	32.09272190627025	0.0
66.0	28.04061352343919	18.002448332973284	21.588536040901563	32.36840210268597	0.0
67.0	28.21214960005765	18.599120847445413	19.672839950998057	33.515889601498884	0.0
68.0	26.884277273382335	19.714656290531778	20.204640438103475	33.19642599798242	0.0
69.0	28.281081081081084	20.843243243243244	20.915315315315315	29.96036036036036	0.0
70.0	27.246502235684407	20.921678926871483	19.6668109043704	32.16500793307371	0.0
71.0	28.67758458985643	18.89474063920352	19.832623908808888	32.59505086213116	0.0
72.0	28.833249152175483	18.88303629410491	21.213651778627607	31.070062775092	0.0
73.0	28.300252616383975	18.75135330205702	20.635149765427645	32.31324431613136	0.0
74.0	29.686033922771564	18.924575965355466	21.0826416456153	30.306748466257673	0.0
75.0	29.853440184824198	18.59071547180709	21.363078478088223	30.192765865280485	0.0
76.0	29.48653137863797	18.986061962880047	19.029392648227052	32.49801401025493	0.0
77.0	28.625099342533055	19.911856079763023	18.777544975074058	32.68549960262987	0.0
78.0	29.109440508891137	18.47621801358971	20.138788492120863	32.27555298539829	0.0
79.0	29.14314662035027	20.191055145462443	18.135764944275582	32.53003328991171	0.0
80.0	29.74949319432378	17.694758181291633	21.10483637416739	31.4509122502172	0.0
81.0	26.234970302766914	18.194987686513112	20.49833405765609	35.071707953063886	0.0
82.0	29.68195319858002	17.706295732811707	20.539013257987392	32.07273781062088	0.0
83.0	29.60440515867266	17.83074916678742	21.90986813505289	30.65497753948703	0.0
84.0	28.029863728616988	17.476080023195127	21.535227602203538	32.95882864598435	0.0
85.0	29.397258286791907	17.016029593094945	21.629070863857258	31.957641256255894	0.0
86.0	30.28368279764928	18.065733149532033	21.34513531161576	30.305448741202934	0.0
87.0	32.25970257526296	17.78019586507073	20.660137830975696	29.299963728690603	0.0
88.0	32.4771441010013	18.24843999419533	17.11652880568858	32.15788709911479	0.0
89.0	31.809274983670804	17.548443283257132	18.12903694027143	32.51324479280064	0.0
90.0	29.723452130362197	16.46221964143137	19.880961021993176	33.933367206213255	0.0
91.0	29.727767695099814	19.38294010889292	17.63339382940109	33.25589836660617	0.0
92.0	29.732674705796892	17.129158797036176	19.744297544675288	33.393868952491644	0.0
93.0	31.868052023541377	17.779553876335104	19.523359732616434	30.829034367507084	0.0
94.0	29.259609096853882	16.91491680592894	19.196396134563685	34.62907796265349	0.0
95.0	30.697674418604652	17.6453488372093	20.04360465116279	31.613372093023255	0.0
96.0	29.84738372093023	17.14389534883721	20.385174418604652	32.62354651162791	0.0
97.0	30.256559342975507	18.337088451195584	19.725270731884585	31.681081473944328	0.0
98.0	31.68799069496947	19.06804303576621	18.922651933701655	30.321314335562665	0.0
99.0	30.28716830243548	19.236641221374047	19.745547073791347	30.730643402399128	0.0
100.0	32.8922357069747	15.95993566310864	18.92089486767071	32.22693376224594	0.0
101.0	32.40502608567859	18.2526269380557	19.369534866632378	29.972812109633328	0.0
102.0	31.917879034044756	17.790414297319252	19.548039288088027	30.74366738054797	0.0
103.0	29.69710434718211	19.19573428127083	19.980745019625267	31.126416351921794	0.0
104.0	28.34932678717548	17.838280145800788	19.980659079074613	33.83173398794912	0.0
105.0	28.90017931858936	18.723849372384937	20.143454871488345	32.232516437537356	0.0
106.0	31.35516826923077	18.742487980769234	18.396935096153847	31.505408653846157	0.0
107.0	29.78578971187208	19.610801025795745	18.871624679438828	31.731784582893347	0.0
108.0	33.66164103341162	18.75899689370407	17.463444200318207	30.115917872566104	0.0
109.0	28.836784409257003	17.661388550548114	20.28014616321559	33.22168087697929	0.0
110.0	26.750764525993887	19.449541284403672	20.504587155963304	33.29510703363914	0.0
111.0	31.21351766513057	18.870967741935484	19.293394777265746	30.622119815668203	0.0
112.0	28.81159867355595	18.670471196113212	20.259119302845686	32.258810827485156	0.0
113.0	28.21943282194328	18.54176352084302	18.642491864249187	34.596311792964514	0.0
114.0	29.988313206077134	17.343202181534867	19.95325282430853	32.71523178807947	0.0
115.0	26.31867701230504	20.15048201269692	18.9826788933302	34.54816208166784	0.0
116.0	30.081172669241074	18.89825833399007	18.58302466703444	32.437544329734415	0.0
117.0	28.82590452062386	18.969202755126275	20.061752830338055	32.1431398939118	0.0
118.0	29.977699904428164	16.796750557502392	21.29659127110545	31.928958266964003	0.0
119.0	26.369233229391543	20.14072119613017	23.075077956344447	30.414967618133844	0.0
120.0	27.24279174363505	20.67303831017589	20.681069793590876	31.403100152598185	0.0
121.0	30.01209189842805	18.008867392180573	19.403466344216042	32.57557436517533	0.0
122.0	26.08695652173913	19.148247105497532	20.532750384584244	34.232045988179095	0.0
123.0	30.491670052824055	17.75700934579439	19.08167411621292	32.66964648516863	0.0
124.0	32.04049971421573	17.392014370866335	19.123050542990118	31.44443537192782	0.0
125.0	27.852459016393443	18.83606557377049	19.262295081967213	34.04918032786885	0.0
126.0	31.035902503293805	19.1699604743083	18.346508563899867	31.447628458498023	0.0
127.0	29.9801455989411	17.72005294506949	21.575115817339512	30.724685638649902	0.0
128.0	29.477363515312916	19.37416777629827	19.7237017310253	31.424766977363518	0.0
129.0	30.62557574742484	17.81257851101248	19.437233062557574	32.12461267900511	0.0
130.0	30.469538875799394	17.965331538202626	18.42813867384719	33.13699091215079	0.0
131.0	29.81713511683034	19.40399593633593	19.53098543853708	31.24788350829665	0.0
132.0	29.45234647815348	17.11949578400477	22.81747721659143	30.610680521250323	0.0
133.0	28.902971653678172	19.208700864948188	19.52556307270703	32.362764408666614	0.0
134.0	27.598967297762478	19.836488812392428	19.672977624784853	32.89156626506024	0.0
135.0	29.221059911818102	17.195469871185267	21.3624967580185	32.22097345897812	0.0
136.0	28.195325397514985	18.350855851941958	19.880093839603788	33.57372491093927	0.0
137.0	29.569093610698367	16.88663578358535	19.58744864959357	33.95682195612272	0.0
138.0	29.693823684673585	18.49375329931374	19.092028857997537	32.72039415801513	0.0
139.0	30.07611966719773	18.844043193485575	18.799787573021774	32.28004956629492	0.0
140.0	28.900961881011757	19.121838261489135	20.42215888849305	31.555040969006054	0.0
141.0	29.659876155433906	19.492057794130844	19.474109306290945	31.373956744144305	0.0
142.0	32.19283199422226	17.811681863320395	17.820709578405705	32.17477656405164	0.0
143.0	32.14058668604123	20.488602306784127	18.953773499228042	28.417037507946596	0.0
144.0	30.459034381858086	19.028895391367957	18.105340160936358	32.4067300658376	0.0
145.0	30.15449696523818	18.953466985469927	18.318925878241675	32.57311017105021	0.0
146.0	29.729979656001483	19.178842241538746	18.466802293323468	32.6243758091363	0.0
147.0	29.347623485554518	18.294501397949674	18.825722273998135	33.53215284249767	0.0
148.0	27.885607126113456	19.165494608532583	19.934364744491326	33.014533520862635	0.0
149.0	29.154849688031764	19.635091699754206	18.368311590092645	32.84174702212138	0.0
150.0	27.028055159296244	18.868283404660012	19.57203994293866	34.531621493105085	0.0
151.0	29.15948688493203	19.280107218073905	20.658625311123874	30.901780585870192	0.0
152.0	29.558411440718913	18.726446999710117	17.70219344864238	34.01294811092859	0.0
153.0	30.67639902676399	18.51094890510949	20.10705596107056	30.70559610705596	0.0
154.0	30.028384065772734	18.009200352353922	19.82969560536361	32.13271997650974	0.0
155.0	30.256410256410255	20.059171597633135	18.451676528599606	31.232741617357	0.0
156.0	30.565476190476193	17.90674603174603	21.03174603174603	30.496031746031747	0.0
157.0	30.33932135728543	19.64071856287425	19.9500998003992	30.06986027944112	0.0
158.0	28.195601968069084	21.488101214981423	18.64645044683201	31.669846370117483	0.0
159.0	32.85468702598847	15.289715845889374	20.26494084336131	31.590656284760843	0.0
160.0	27.256078950045783	18.99481127276427	21.863872214874352	31.8852375623156	0.0
161.0	29.55755837771405	17.359688652191725	20.780417861532158	32.30233510856206	0.0
162.0	31.524760630083392	17.656748687326264	20.693915371152062	30.124575311438278	0.0
163.0	28.177482894464028	18.878291519800953	19.417375077752435	33.52685050798258	0.0
164.0	27.96786981013979	17.58814938451909	20.529939495097015	33.91404131024411	0.0
165.0	28.581925055106538	16.74189146635877	21.24488296420699	33.4313005143277	0.0
166.0	27.822410147991544	19.19661733615222	20.317124735729386	32.66384778012685	0.0
167.0	28.998616579759496	17.37788655954028	22.070873683090348	31.552623177609874	0.0
168.0	29.20372950380452	18.529632408102024	19.108348515700353	33.158289572393095	0.0
169.0	28.375754961173428	17.644521138912854	19.2946505608283	34.68507333908542	0.0
170.0	28.035248041775457	18.374673629242817	19.092689295039165	34.49738903394256	0.0
171.0	30.091984231274637	17.925974594831363	17.827420061322822	34.15462111257118	0.0
172.0	27.76981589681402	20.758461029654946	17.68272516811818	33.788997905412856	0.0
173.0	28.763321492007105	18.150532859680286	18.794404973357015	34.2917406749556	0.0
174.0	29.661111732468402	19.19248406218544	19.226037356000447	31.92036684934571	0.0
175.0	29.126322900247693	17.946408466561586	19.815356901598737	33.11191173159199	0.0
176.0	28.683581749914666	17.77221526908636	18.69382182273296	34.85038115826601	0.0
177.0	27.789256198347108	19.857667584940312	20.064279155188245	32.288797061524335	0.0
178.0	28.077279037482644	20.326237852845903	19.736233225358628	31.860249884312818	0.0
179.0	28.83492878823255	18.234882091991594	20.72145692271772	32.20873219705814	0.0
180.0	29.965854232897684	17.15530436830331	19.474861650771224	33.40397974802779	0.0
181.0	29.48717948717949	18.61348528015195	18.88651471984805	33.01282051282051	0.0
182.0	30.26741815565416	19.079026262141742	19.438781628492624	31.21477395371148	0.0
183.0	29.065409261274333	20.65046548180389	19.767863619876678	30.5162616370451	0.0
184.0	31.778887130159504	19.45695848045781	18.020211859247535	30.743942530135154	0.0
185.0	28.76443134365021	20.265291083271926	19.086219602063377	31.88405797101449	0.0
186.0	29.50272142503711	18.864423552696685	20.88075210291935	30.752102919346857	0.0
187.0	30.54064177799975	21.151204894493695	17.792483456111874	30.515669871394678	0.0
188.0	29.13882234270584	18.648341949312826	19.253561972008573	32.959273735972765	0.0
189.0	29.21648435512592	19.68964640040702	19.16815059781226	31.925718646654794	0.0
190.0	32.06312548113934	18.539902489094175	17.975365665896845	31.421606363869643	0.0
191.0	28.51779935275081	19.249190938511326	19.313915857605178	32.919093851132686	0.0
192.0	31.675153414283848	19.114766940853897	18.72307089698394	30.487008747878313	0.0
193.0	30.023702923360545	17.671846194363972	19.712931261522254	32.59151962075323	0.0
194.0	28.958554729011688	18.982465462274174	21.107863974495217	30.951115834218918	0.0
195.0	29.96773326162947	20.86582414627588	19.158375907502016	30.00806668459263	0.0
196.0	30.204359673024523	19.91825613079019	17.87465940054496	32.002724795640326	0.0
197.0	28.413793103448278	20.013793103448275	21.848275862068967	29.724137931034484	0.0
198.0	28.428752285834857	21.83148122098748	19.341679561119708	30.398086932057954	0.0
199.0	29.5903330386089	21.234895372826408	18.25817860300619	30.916592985558506	0.0
200.0	23.921971252566735	19.31895961670089	23.340177960301165	33.418891170431216	0.0
201.0	28.9179548156956	19.286563614744352	20.214030915576693	31.58145065398335	0.0
202.0	31.3758389261745	18.33652924256951	20.661553211888783	29.626078619367206	0.0
203.0	28.249818445896878	19.99515855725006	20.915032679738562	30.839990317114502	0.0
204.0	31.729360039081584	18.417195896433807	22.496336101612115	27.357107962872497	0.0
205.0	29.673590504451035	17.359050445103858	23.417408506429275	29.549950544015825	0.0
206.0	28.213480330744172	21.77399148083187	22.099724379854674	27.91280380856928	0.0
207.0	29.638066312325996	20.425208807896738	20.070868134649455	29.865856745127818	0.0
208.0	27.467147642360217	18.861118268487502	21.746972429786137	31.92476165936614	0.0
209.0	27.913631633714882	19.979188345473464	19.198751300728407	32.90842872008325	0.0
210.0	30.013175230566535	17.628458498023715	18.603425559947297	33.75494071146245	0.0
211.0	28.137490007993605	18.411937116973085	21.262989608313347	32.187583266719955	0.0
212.0	25.289835535184686	17.28228633054732	24.26530062011324	33.162577514154755	0.0
213.0	30.956284153005463	20.792349726775956	18.934426229508198	29.31693989071038	0.0
214.0	30.841638981173862	21.87153931339978	19.352159468438536	27.93466223698782	0.0
215.0	26.662924501824303	20.40415380297502	19.786696603985405	33.14622509121527	0.0
216.0	30.210706150341686	17.28359908883827	22.494305239179955	30.01138952164009	0.0
217.0	25.166136954637388	20.57208899162092	24.588269286333432	29.673504767408264	0.0
218.0	26.001195457262405	20.53197848176928	19.994022713687986	33.47280334728033	0.0
219.0	23.57237715803453	23.240371845949532	24.03718459495352	29.150066401062418	0.0
220.0	14.071106659989985	22.8843264897346	22.984476715072606	40.060090135202806	0.0
