#Position (bp)	Coverage
38.0	241.45333333333335
113.0	951.44
188.0	1092.72
263.0	923.12
338.0	1568.6
413.0	1896.0
488.0	1647.32
563.0	1609.2266666666667
638.0	1652.4266666666667
713.0	1919.9066666666668
788.0	1649.5733333333333
863.0	1555.7333333333333
938.0	1814.3066666666666
1013.0	1927.9066666666668
1088.0	1604.0933333333332
1163.0	1833.08
1238.0	1505.56
1313.0	1166.72
1388.0	680.4666666666667
1463.0	738.32
1538.0	746.7733333333333
1613.0	909.8266666666667
1688.0	894.3333333333334
1763.0	812.2
1838.0	909.2666666666667
1913.0	3061.4666666666667
1988.0	4545.533333333334
2063.0	4709.133333333333
2138.0	4383.36
2213.0	3139.08
2288.0	1411.5866666666666
2363.0	1306.16
2438.0	1762.5333333333333
2513.0	2808.36
2588.0	6086.506666666667
2663.0	6175.48
2738.0	6132.2
2813.0	5727.626666666667
2888.0	3325.84
2963.0	1570.2133333333334
3038.0	1612.92
3113.0	1655.3066666666666
3188.0	1279.88
3263.0	1023.6933333333334
3338.0	1113.6533333333334
3413.0	1030.32
3488.0	1253.1866666666667
3563.0	1106.2
3638.0	1049.8133333333333
3713.0	1123.0266666666666
3788.0	1539.5333333333333
3863.0	1641.6133333333332
3938.0	1901.0933333333332
4013.0	1873.2
4088.0	3913.32
4163.0	4748.08
4238.0	4730.573333333334
4313.0	4894.173333333333
4388.0	4337.866666666667
4463.0	2540.3333333333335
4538.0	2282.48
4613.0	2259.6666666666665
4688.0	2399.6
4763.0	1994.88
4838.0	2135.24
4913.0	2193.8533333333335
4988.0	2270.76
5063.0	1747.88
5138.0	1729.04
5213.0	1689.6133333333332
5288.0	1661.4933333333333
5363.0	1503.84
5438.0	1462.32
5513.0	1540.68
5588.0	2549.8
5663.0	3370.68
5738.0	3982.5333333333333
5813.0	3140.64
5888.0	3426.133333333333
5963.0	1884.9066666666668
6038.0	1427.1333333333334
6113.0	1681.4666666666667
6188.0	2770.9333333333334
6263.0	3678.6
6338.0	3281.9866666666667
6413.0	3092.306666666667
6488.0	3173.4
6563.0	1893.8666666666666
6638.0	1856.4
6713.0	2134.786666666667
6788.0	2961.4133333333334
6863.0	2113.653333333333
6938.0	1531.72
7013.0	2010.2
7088.0	2164.4533333333334
7163.0	1921.2266666666667
7238.0	1803.2933333333333
7313.0	2056.2
7388.0	2262.28
7463.0	1805.3466666666666
7538.0	1861.3333333333333
7613.0	1854.3066666666666
7688.0	2114.5733333333333
7763.0	2000.9733333333334
7838.0	1911.3866666666668
7913.0	2121.92
7988.0	3744.6133333333332
8063.0	2751.866666666667
8138.0	2919.4533333333334
8213.0	2951.88
8288.0	3290.4266666666667
8363.0	1947.24
8438.0	1755.2
8513.0	1748.4933333333333
8588.0	2020.96
8663.0	3361.4
8738.0	3575.8133333333335
8813.0	3448.1466666666665
8888.0	3549.9866666666667
8963.0	3317.44
9038.0	2113.133333333333
9113.0	2202.52
9188.0	2220.266666666667
9263.0	2561.8533333333335
9338.0	2507.64
9413.0	2515.2533333333336
9488.0	3076.2933333333335
9563.0	2637.32
9638.0	1928.8666666666666
9713.0	1836.3733333333332
9788.0	1826.48
9863.0	1867.68
9938.0	1790.48
10013.0	1600.0
10088.0	2204.306666666667
10163.0	2913.0266666666666
10238.0	2614.2533333333336
10313.0	2570.2
10388.0	3247.5866666666666
10463.0	2725.733333333333
10538.0	2467.6266666666666
10613.0	2515.9866666666667
10688.0	3050.4266666666667
10763.0	2871.28
10838.0	2629.866666666667
10913.0	2646.64
10988.0	2788.48
11063.0	3323.3333333333335
11138.0	2960.64
11213.0	3141.6133333333332
11288.0	3295.44
11363.0	4058.96
11438.0	2729.866666666667
11513.0	2760.64
11588.0	3864.9466666666667
11663.0	3867.4133333333334
11738.0	2612.8933333333334
11813.0	2381.56
11888.0	2733.133333333333
11963.0	2283.2533333333336
12038.0	2083.7066666666665
12113.0	2616.2266666666665
12188.0	4322.733333333334
12263.0	3255.64
12338.0	3365.68
12413.0	4157.613333333334
12488.0	4736.613333333334
12563.0	4055.52
12638.0	3707.72
12713.0	4657.88
12788.0	5483.026666666667
12863.0	5145.613333333334
12938.0	5118.253333333333
13013.0	7199.866666666667
13088.0	12138.96
13163.0	14547.466666666667
13238.0	14094.893333333333
13313.0	14065.866666666667
13388.0	6807.053333333333
13463.0	4573.053333333333
13538.0	4228.413333333333
13613.0	5220.493333333333
13688.0	7730.72
13763.0	7897.546666666667
13838.0	8097.426666666666
13913.0	7221.613333333334
13988.0	4219.333333333333
14063.0	3556.5066666666667
14138.0	3729.92
14213.0	3945.88
14288.0	4184.653333333334
14363.0	3918.64
14438.0	3935.36
14513.0	3958.72
14588.0	4034.9066666666668
14663.0	3754.8933333333334
14738.0	3839.5466666666666
14813.0	3787.68
14888.0	3974.6666666666665
14963.0	3705.68
15038.0	3688.5466666666666
15113.0	3631.266666666667
15188.0	5531.64
15263.0	7872.96
15338.0	8260.506666666666
15413.0	8130.4
15488.0	7740.946666666667
15563.0	6414.253333333333
15638.0	5663.24
15713.0	5702.506666666667
15788.0	5542.013333333333
15863.0	5089.826666666667
15938.0	4100.8
16013.0	4016.56
16088.0	4177.68
16163.0	4720.48
16238.0	4171.693333333334
16313.0	4084.3333333333335
16388.0	4050.786666666667
16463.0	4379.213333333333
16538.0	3506.1066666666666
16613.0	3482.76
16688.0	3515.2933333333335
16763.0	4507.866666666667
16838.0	6318.453333333333
16913.0	6479.373333333333
16988.0	6433.8533333333335
17063.0	6870.72
17138.0	5981.56
17213.0	5365.8133333333335
17288.0	5149.453333333333
17363.0	5252.746666666667
17438.0	4726.533333333334
17513.0	3985.213333333333
17588.0	3898.32
17663.0	4153.573333333334
17738.0	4347.293333333333
17813.0	3830.7733333333335
17888.0	3776.2933333333335
17963.0	3861.04
18038.0	4492.973333333333
18113.0	4774.866666666667
18188.0	4616.866666666667
18263.0	4985.04
18338.0	4514.733333333334
18413.0	3872.12
18488.0	3914.32
18563.0	3927.4133333333334
18638.0	4826.466666666666
18713.0	4355.413333333333
18788.0	4535.92
18863.0	4396.306666666666
18938.0	4940.013333333333
19013.0	4266.24
19088.0	4399.466666666666
19163.0	4071.32
19238.0	4216.84
19313.0	3212.653333333333
19388.0	3142.5466666666666
19463.0	3192.9066666666668
19538.0	3163.213333333333
19613.0	3698.5066666666667
19688.0	3731.32
19763.0	3844.346666666667
19838.0	4007.0
19913.0	4231.933333333333
19988.0	3664.213333333333
20063.0	3779.786666666667
20138.0	3708.1866666666665
20213.0	3760.84
20288.0	3345.306666666667
20363.0	3378.266666666667
20438.0	3445.2266666666665
20513.0	4628.6
20588.0	4048.653333333333
20663.0	4255.32
20738.0	4119.933333333333
20813.0	4861.053333333333
20888.0	4312.586666666667
20963.0	4071.08
21038.0	4031.7733333333335
21113.0	4219.92
21188.0	3312.56
21263.0	3266.266666666667
21338.0	3282.2
21413.0	3590.5466666666666
21488.0	3549.1466666666665
21563.0	3518.826666666667
21638.0	3532.1866666666665
21713.0	3124.0266666666666
21788.0	2742.2933333333335
21863.0	2741.16
21938.0	2741.44
22013.0	2786.2
22088.0	3470.36
22163.0	3289.1066666666666
22238.0	3287.4666666666667
22313.0	3068.7733333333335
22388.0	2780.3733333333334
22463.0	2778.9066666666668
22538.0	3074.786666666667
22613.0	3552.8133333333335
22688.0	3688.9466666666667
22763.0	3563.56
22838.0	3945.693333333333
22913.0	3372.6133333333332
22988.0	3275.5333333333333
23063.0	3400.4
23138.0	3658.28
23213.0	4106.306666666666
23288.0	4119.746666666667
23363.0	4141.826666666667
23438.0	4236.7733333333335
23513.0	4389.946666666667
23588.0	4178.213333333333
23663.0	4177.266666666666
23738.0	4423.586666666667
23813.0	4632.413333333333
23888.0	5223.013333333333
23963.0	4755.373333333333
24038.0	5270.346666666666
24113.0	5476.12
24188.0	4291.666666666667
24263.0	4343.613333333334
24338.0	4104.933333333333
24413.0	4459.8133333333335
24488.0	3633.733333333333
24563.0	3621.7466666666664
24638.0	3628.866666666667
24713.0	4211.1466666666665
24788.0	3976.2266666666665
24863.0	3716.3333333333335
24938.0	3760.72
25013.0	4544.253333333333
25088.0	4068.44
25163.0	4032.72
25238.0	4025.68
25313.0	4829.213333333333
25388.0	5368.4
25463.0	5260.466666666666
25538.0	5209.933333333333
25613.0	5960.1466666666665
25688.0	5800.48
25763.0	5490.24
25838.0	6255.373333333333
25913.0	5259.893333333333
25988.0	4545.173333333333
26063.0	5111.933333333333
26138.0	3811.64
26213.0	4651.1466666666665
26288.0	3274.1866666666665
26363.0	1270.1466666666668
26438.0	1375.2
26513.0	2021.44
26588.0	2628.786666666667
26663.0	2435.6266666666666
26738.0	2450.7733333333335
26813.0	2640.826666666667
26888.0	4839.96
26963.0	5687.84
27038.0	5979.653333333334
27113.0	6117.306666666666
27188.0	5708.32
27263.0	4005.9733333333334
27338.0	3290.9866666666667
27413.0	3949.08
27488.0	2878.88
27563.0	777.28
27638.0	801.2
27713.0	777.08
27788.0	959.8933333333333
27863.0	1252.0133333333333
27938.0	1232.88
28013.0	1309.8533333333332
28088.0	1539.44
28163.0	1671.3333333333333
28238.0	1499.3466666666666
28313.0	1530.7866666666666
28388.0	1976.68
28463.0	1957.8533333333332
28538.0	1597.2133333333334
28613.0	1790.2533333333333
28688.0	1654.6933333333334
28763.0	1069.3066666666666
28838.0	746.5866666666667
28913.0	664.6666666666666
28988.0	789.5066666666667
29063.0	1537.7866666666666
29138.0	1721.7466666666667
29213.0	1569.6533333333334
29288.0	1505.4666666666667
29363.0	865.44
29438.0	386.32
29513.0	942.3866666666667
29588.0	1409.08
29663.0	1181.8666666666666
29738.0	911.8533333333334
29813.0	485.4266666666667
29877.0	5.320754716981132
