#Position (bp)	mapping quality
38.0	59.977014188105066
113.0	59.99716716110198
188.0	59.99719535435619
263.0	59.995002421994066
338.0	59.994729669506356
413.0	59.87071464376785
488.0	59.93779160186625
563.0	60.0
638.0	60.0
713.0	59.74279460051076
788.0	60.0
863.0	60.0
938.0	60.0
1013.0	60.0
1088.0	60.0
1163.0	60.0
1238.0	59.99351981855492
1313.0	59.98938241019289
1388.0	59.698492462311556
1463.0	60.0
1538.0	60.0
1613.0	59.99143015576952
1688.0	59.99707024097268
1763.0	60.0
1838.0	49.016707276553326
1913.0	43.69076056888079
1988.0	60.0
2063.0	60.0
2138.0	59.98604313060334
2213.0	59.98215423836839
2288.0	60.0
2363.0	60.0
2438.0	60.0
2513.0	60.0
2588.0	60.0
2663.0	60.0
2738.0	60.0
2813.0	60.0
2888.0	22.693725158956767
2963.0	60.0
3038.0	59.9935068448677
3113.0	59.99689794230173
3188.0	60.0
3263.0	60.0
3338.0	60.0
3413.0	60.0
3488.0	60.0
3563.0	60.0
3638.0	60.0
3713.0	60.0
3788.0	60.0
3863.0	59.991589571068126
3938.0	59.990978121945716
4013.0	60.0
4088.0	60.0
4163.0	26.96367728683187
4238.0	59.93446651648577
4313.0	51.33829946697379
4388.0	59.97703968993769
4463.0	60.0
4538.0	60.0
4613.0	59.852800264331734
4688.0	33.12444913020559
4763.0	60.0
4838.0	60.0
4913.0	60.0
4988.0	60.0
5063.0	60.0
5138.0	60.0
5213.0	60.0
5288.0	60.0
5363.0	60.0
5438.0	60.0
5513.0	60.0
5588.0	59.751028806584365
5663.0	59.96562589515898
5738.0	60.0
5813.0	60.0
5888.0	59.996137007468455
5963.0	59.996974586526825
6038.0	60.0
6113.0	60.0
6188.0	57.720694600030754
6263.0	59.997787271423896
6338.0	59.990896637427205
6413.0	59.99548438730163
6488.0	59.9951390491959
6563.0	59.978634298693926
6638.0	60.0
6713.0	60.0
6788.0	60.0
6863.0	60.0
6938.0	60.0
7013.0	60.0
7088.0	60.0
7163.0	60.0
7238.0	60.0
7313.0	60.0
7388.0	59.30189473684211
7463.0	60.0
7538.0	60.0
7613.0	60.0
7688.0	60.0
7763.0	60.0
7838.0	60.0
7913.0	60.0
7988.0	60.0
8063.0	60.0
8138.0	60.0
8213.0	59.82565379825654
8288.0	60.0
8363.0	60.0
8438.0	60.0
8513.0	60.0
8588.0	60.0
8663.0	60.0
8738.0	60.0
8813.0	60.0
8888.0	60.0
8963.0	60.0
9038.0	60.0
9113.0	59.964699949571354
9188.0	59.81379109688682
9263.0	59.98528149147553
9338.0	60.0
9413.0	59.99246420497362
9488.0	59.99336796728197
9563.0	59.99447055570915
9638.0	60.0
9713.0	59.97323022010708
9788.0	59.878983634797585
9863.0	36.89017273635271
9938.0	60.0
10013.0	60.0
10088.0	60.0
10163.0	60.0
10238.0	60.0
10313.0	60.0
10388.0	60.0
10463.0	59.53773796192609
10538.0	60.0
10613.0	60.0
10688.0	8.343085501533837
10763.0	59.92050874403816
10838.0	59.98136067101584
10913.0	60.0
10988.0	60.0
11063.0	59.91161296602745
11138.0	59.992802303262955
11213.0	59.99813359175909
11288.0	59.99248673439041
11363.0	59.99758254598199
11438.0	60.0
11513.0	60.0
11588.0	60.0
11663.0	40.61629524100268
11738.0	59.99386879215206
11813.0	59.99409506938294
11888.0	59.980389105058364
11963.0	59.99424065677456
12038.0	59.99764774322462
12113.0	59.99599751398384
12188.0	59.986464504945204
12263.0	59.99726177437021
12338.0	60.0
12413.0	60.0
12488.0	59.997459242007196
12563.0	59.99692528441119
12638.0	60.0
12713.0	59.99719022197247
12788.0	60.0
12863.0	59.99354769330036
12938.0	59.975983188231766
13013.0	60.0
13088.0	59.991066554171425
13163.0	60.0
13238.0	60.0
13313.0	59.99428462564298
13388.0	59.959775590134434
13463.0	60.0
13538.0	60.0
13613.0	59.54581673306773
13688.0	59.34469806414331
13763.0	60.0
13838.0	60.0
13913.0	59.98124455757251
13988.0	34.39924185155961
14063.0	59.99771389864951
14138.0	59.99260172626387
14213.0	59.97371676977094
14288.0	59.96994633273703
14363.0	60.0
14438.0	59.99580566235582
14513.0	59.99150682992427
14588.0	15.961474233985502
14663.0	59.99886118680604
14738.0	59.98886483142592
14813.0	59.994270708999764
14888.0	59.98501648186994
14963.0	60.0
15038.0	60.0
15113.0	60.0
15188.0	60.0
15263.0	60.0
15338.0	60.0
15413.0	60.0
15488.0	59.99727569923719
15563.0	59.993007284079084
15638.0	60.0
15713.0	59.99444469134705
15788.0	59.99753469404526
15863.0	47.15362583606865
15938.0	59.99718421399974
16013.0	59.99349146658953
16088.0	59.98693276312663
16163.0	60.0
16238.0	60.0
16313.0	60.0
16388.0	60.0
16463.0	60.0
16538.0	60.0
16613.0	60.0
16688.0	60.0
16763.0	60.0
16838.0	60.0
16913.0	60.0
16988.0	60.0
17063.0	60.0
17138.0	60.0
17213.0	60.0
17288.0	60.0
17363.0	60.0
17438.0	60.0
17513.0	60.0
17588.0	0.0
17663.0	30.981566820276498
17738.0	60.0
17813.0	60.0
17888.0	60.0
17963.0	50.92018779342723
18038.0	60.0
18113.0	60.0
18188.0	60.0
18263.0	60.0
18338.0	60.0
18413.0	60.0
18488.0	60.0
18563.0	60.0
18638.0	60.0
18713.0	60.0
18788.0	60.0
18863.0	60.0
18938.0	59.996940843562385
19013.0	59.99594612855277
19088.0	59.98761655548594
19163.0	59.991793102547014
19238.0	59.997958882828534
19313.0	59.97712252160651
19388.0	60.0
19463.0	60.0
19538.0	54.09657039711191
19613.0	37.9454817636185
19688.0	59.99005988023952
19763.0	59.993997223715965
19838.0	59.7854905889176
19913.0	59.9979871513159
19988.0	59.975170701427686
20063.0	60.0
20138.0	60.0
20213.0	59.988432620011565
20288.0	60.0
20363.0	60.0
20438.0	60.0
20513.0	60.0
20588.0	59.98476770753999
20663.0	59.96438843993973
20738.0	60.0
20813.0	59.71013625391505
20888.0	38.24050703811187
20963.0	59.999438539181035
21038.0	59.998386663081476
21113.0	59.997851233749955
21188.0	59.99542717780657
21263.0	60.0
21338.0	59.98667850799289
21413.0	59.99745989814191
21488.0	60.0
21563.0	59.99599555061179
21638.0	59.99531341534856
21713.0	59.99428843407901
21788.0	60.0
21863.0	60.0
21938.0	60.0
22013.0	59.99267533418788
22088.0	59.98628675910407
22163.0	60.0
22238.0	59.99599064483795
22313.0	60.0
22388.0	60.0
22463.0	60.0
22538.0	60.0
22613.0	59.99629383695971
22688.0	59.99663959675161
22763.0	52.6949910174982
22838.0	33.909029052030405
22913.0	60.0
22988.0	60.0
23063.0	59.99848082035701
23138.0	59.990531988114626
23213.0	59.996274066830765
23288.0	59.994016594600915
23363.0	59.996118669201145
23438.0	59.9909410858202
23513.0	59.993721445188775
23588.0	54.97005988023952
23663.0	60.0
23738.0	60.0
23813.0	60.0
23888.0	0.0
23963.0	0.0
24038.0	0.0
24113.0	60.0
24188.0	60.0
24263.0	60.0
24338.0	0.0
24413.0	60.0
24488.0	60.0
24563.0	60.0
24638.0	60.0
24713.0	59.98877056216793
24788.0	59.99543230016313
24863.0	59.9957729468599
24938.0	59.998822808682384
25013.0	59.987889590814966
25088.0	59.98949702415685
25163.0	60.0
25238.0	60.0
25313.0	60.0
25388.0	60.0
25463.0	60.0
25538.0	60.0
25613.0	24.50034851879512
25688.0	59.98067165982121
25763.0	59.99406410763751
25838.0	59.971877197093974
25913.0	59.99451904631406
25988.0	59.954085077650234
26063.0	59.99848312476299
26138.0	59.989115646258504
26213.0	60.0
26288.0	60.0
26363.0	60.0
26438.0	60.0
26513.0	60.0
26588.0	59.99366554054054
26663.0	60.0
26738.0	60.0
26813.0	59.99440141830736
26888.0	59.987312998889884
26963.0	60.0
27038.0	59.98715203426124
27113.0	59.9922740149369
27188.0	56.01117105334859
27263.0	59.05960542885126
27338.0	60.0
27413.0	60.0
27488.0	60.0
27563.0	60.0
27638.0	60.0
27713.0	60.0
27788.0	60.0
27863.0	60.0
27938.0	60.0
28013.0	60.0
28088.0	59.995222929936304
28163.0	59.99552267445579
28238.0	59.99765750055309
28313.0	59.992369324685235
28388.0	59.99235628218058
28463.0	59.98291247389406
28538.0	60.0
28613.0	60.0
28688.0	60.0
28763.0	59.997317956282686
28838.0	60.0
28913.0	59.993877863374315
28988.0	46.86796552215415
29063.0	60.0
29138.0	60.0
29213.0	60.0
29288.0	60.0
29363.0	60.0
29438.0	60.0
29513.0	60.0
29588.0	60.0
29663.0	60.0
29738.0	60.0
29813.0	0.0
29877.0	11.081527936145951
