# Position (bp)	A	C	G	T	N
0.0	28.35240883403894	20.36698781649663	24.51643500554178	26.764168343922655	0.0
1.0	29.199316182853668	17.44245906582968	21.191014630153912	32.16721012116274	0.0
2.0	30.024373593456765	19.074893641321417	20.047085940927133	30.853646824294685	0.0
3.0	31.294243231050196	20.124740489608744	19.176411318421184	29.404604960919876	0.0
4.0	30.68962435855824	18.787361799857845	19.335643002995106	31.18737083858881	0.0
5.0	32.52460340587823	19.236054661738315	19.476286151030404	28.763055781353046	0.0
6.0	28.2643123636036	18.77257365214775	17.57113993411739	35.39197405013126	0.0
7.0	27.762595551585168	22.094876506238133	18.56040687463835	31.58212106753835	0.0
8.0	29.6439656746394	19.296401111719717	18.739526910514677	32.32010630312621	0.0
9.0	31.3361557075053	17.79985530096993	18.651988699694794	32.21200029182998	0.0
10.0	29.693708722395346	21.78096051268373	20.115406476063608	28.40992428885732	0.0
11.0	28.23213272357045	19.74769897459085	19.850624278637767	32.16954402320093	0.0
12.0	29.980398559258724	18.605699682474857	19.226243488510562	32.18765826975586	0.0
13.0	31.341128784572366	18.28324281072693	20.30424082246254	30.071387582238174	0.0
14.0	29.189038533974106	19.039473112861252	19.974673548298494	31.796814804866152	0.0
15.0	30.409311573359172	18.414781845156995	20.931712437298774	30.24419414418506	0.0
16.0	29.245600885320883	19.517865303310167	19.965973252737122	31.27056055863183	0.0
17.0	28.7398265977844	20.65288248286724	20.238358723879884	30.368932195468474	0.0
18.0	29.3845827426343	20.024483036501294	20.073822049952852	30.517112170911552	0.0
19.0	30.17094718939405	18.589329264145725	19.147667076910366	32.09205646954986	0.0
20.0	30.423401260509493	18.293704251134987	19.530292767556105	31.75260172079941	0.0
21.0	30.007123564903733	19.799986407331986	18.857813141089377	31.335076886674905	0.0
22.0	29.49945771020335	20.47132658427888	19.347893373998776	30.68132233151899	0.0
23.0	29.283450538580624	20.302997827967147	19.299143312407956	31.11440832104427	0.0
24.0	29.541299170319625	18.293207384884678	19.249389497086437	32.91610394770926	0.0
25.0	29.643478811756935	20.789678241990742	18.78870885510783	30.778134091144487	0.0
26.0	31.08977532918961	18.777995883087733	19.44720776332027	30.68502102440238	0.0
27.0	30.475968393073334	18.1475984977513	20.30488230827257	31.0715508009028	0.0
28.0	29.70099253837822	19.01839381205877	18.989003502721996	32.29161014684102	0.0
29.0	30.481305179218033	20.906384502679444	18.363663852360165	30.24864646574236	0.0
30.0	33.17304987623365	18.305566271257273	18.43124136046549	30.090142492043594	0.0
31.0	30.116606857974116	18.948488842631477	21.215476051742222	29.71942824765219	0.0
32.0	29.45072774994035	20.680154215172863	18.40912230468799	31.4599957301988	0.0
33.0	31.163951548363467	18.115659166620198	19.753270626132554	30.96711865888378	0.0
34.0	29.840698681004973	21.37477334718664	18.599523005417563	30.18500496639082	0.0
35.0	30.07370987575369	20.633628985232846	18.694401614587687	30.598259524425774	0.0
36.0	29.841731802336053	18.62849029385601	19.52263724154077	32.00714066226716	0.0
37.0	29.41009943734739	20.56735401616678	19.55028233735902	30.472264209126802	0.0
38.0	31.26176719232069	19.20309547121701	19.130358583737834	30.404778752724464	0.0
39.0	30.509977444418052	18.92308769878249	18.325395230235443	32.24153962656402	0.0
40.0	31.532182109997496	18.863317825925105	20.36710246077548	29.23739760330192	0.0
41.0	30.964698977665766	18.466666768558753	20.469304754641314	30.09932949913417	0.0
42.0	30.12742123830211	18.952263224942428	18.612401803067176	32.30791373368829	0.0
43.0	30.886585287914613	18.76019684284527	20.158292324407235	30.194925544832873	0.0
44.0	30.474189082531733	19.780081323507044	18.324524737906085	31.42120485605514	0.0
45.0	32.17371988596926	18.960405766380635	18.479001938645638	30.386872409004468	0.0
46.0	30.953592248176744	18.448504805834425	20.416985274166894	30.180917671821945	0.0
47.0	29.300250575995356	19.321581449552276	19.335222090219712	32.04294588423265	0.0
48.0	29.12251157073203	20.577855970167725	19.13496918596497	31.16466327313528	0.0
49.0	29.247486119225126	19.26877281501443	19.818011922822425	31.66572914293802	0.0
50.0	29.312788373425118	19.494392807228785	18.772311183805087	32.42050763554101	0.0
51.0	29.80423131521541	20.454155569065303	19.309489492197603	30.43212362352168	0.0
52.0	29.716413911699835	18.56585959534283	19.34582777770855	32.37189871524879	0.0
53.0	29.28325056658852	18.992224069959963	19.36190454888526	32.36262081456625	0.0
54.0	30.48543011399846	18.83686865607711	20.93784408103755	29.739857148886877	0.0
55.0	29.994956988225663	20.742857560497868	18.912390460668163	30.349794990608302	0.0
56.0	31.844788751692438	19.206550007556817	18.899413810721892	30.049247430028853	0.0
57.0	29.53478893618894	18.657739146105463	19.17805133341785	32.62942058428774	0.0
58.0	29.280043581240122	18.68456450511623	20.843788230021197	31.19160368362245	0.0
59.0	28.891230139891498	19.259751108896037	19.091307211911783	32.75771153930068	0.0
60.0	29.592101694111822	19.575326484553376	21.162624727764946	29.669947093569853	0.0
61.0	31.0391553152925	18.441069153019953	19.251613992596873	31.268161539090677	0.0
62.0	29.113204744558924	20.302500255052554	19.718073103082993	30.866221897305536	0.0
63.0	29.2569302806432	18.473015851158316	19.69470273980511	32.57535112839338	0.0
64.0	28.793608106501843	18.584546025708512	19.979867467015332	32.64197840077431	0.0
65.0	31.01365731916294	19.799736604667213	19.34440401887897	29.84220205729088	0.0
66.0	29.918835086126855	18.8757298423418	19.105848912980367	32.09958615855098	0.0
67.0	29.881578954391326	18.307252094798752	20.63969888485559	31.17147006595434	0.0
68.0	28.872172891848475	18.853573285017852	19.6994329205554	32.574820902578274	0.0
69.0	29.93027642903845	20.231840252098138	19.432725596750164	30.405157722113252	0.0
70.0	28.758373871266063	20.70919989989485	20.358026295862285	30.174399932976808	0.0
71.0	29.122122739439416	20.552522281380934	20.07116265704055	30.2541923221391	0.0
72.0	29.52558119471472	18.712380397770932	19.267545030289796	32.49449337722455	0.0
73.0	29.180998645631362	18.074851692042397	21.616793090613044	31.1273565717132	0.0
74.0	29.966404696196896	20.632150370111333	18.775097684056902	30.62634724963487	0.0
75.0	32.81628906449202	18.150564911370815	19.466033164469337	29.567112859667834	0.0
76.0	29.804851612538506	20.837353513687457	19.59256978263032	29.765225091143716	0.0
77.0	32.49154864737498	18.472355019463308	18.354839676274377	30.68125665688734	0.0
78.0	31.30370689866973	18.31370097483873	19.363338310807308	31.019253815684227	0.0
79.0	29.784009052883636	18.666811857176317	22.047306570125922	29.501872519814125	0.0
80.0	32.10710355306512	19.409516843021276	19.199667926564395	29.283711677349206	0.0
81.0	32.24212537944764	18.399314946897942	19.508404047221617	29.850155626432805	0.0
82.0	31.26870452456011	18.65943815230007	20.181304096115298	29.890553227024526	0.0
83.0	31.730158195577722	19.51211297901602	18.934994222187132	29.82273460321912	0.0
84.0	30.032712214404437	17.896491736735285	21.680418486163706	30.390377562696568	0.0
85.0	31.95117838020153	17.982641053918577	19.544125185006024	30.52205538087387	0.0
86.0	31.979098272477447	18.193109145867883	19.072798566522657	30.754994015132013	0.0
87.0	29.96240197179284	20.1933230761172	19.465435949332104	30.378839002757857	0.0
88.0	29.372347629040153	18.752192850135312	20.087233533790563	31.788225987033968	0.0
89.0	29.448681764218353	18.872051609434852	19.600105279663104	32.07916134668369	0.0
90.0	30.111048619133097	20.298086735123448	18.85121034238494	30.739654303358517	0.0
91.0	30.601117185161513	19.17967686251916	18.489650733349688	31.72955521896964	0.0
92.0	29.70863481188246	19.662370344719065	18.754170034183705	31.87482480921477	0.0
93.0	31.904698597859877	18.701952586901857	19.426528366677886	29.966820448560384	0.0
94.0	32.37260550521147	18.849224801805583	18.967971328441322	29.81019836454163	0.0
95.0	29.85927342908387	20.382414721289763	18.79329310408536	30.965018745541006	0.0
96.0	30.860613784502867	18.124847534215032	19.12929782523944	31.885240856042664	0.0
97.0	29.72354627808563	18.692253101833387	20.81539620157546	30.768804418505518	0.0
98.0	30.261403568078777	20.192699401653233	19.488984472090614	30.05691255817738	0.0
99.0	30.182812447034717	18.36501243588867	18.9111688586273	32.54100625844931	0.0
100.0	29.632302918200633	19.89911098540468	18.90456443008421	31.564021666310477	0.0
101.0	29.488386709908642	19.71070470019653	19.190206547069554	31.610702042825274	0.0
102.0	30.04350251751485	18.50684806909421	18.543520187334853	32.906129226056095	0.0
103.0	29.88871399613171	18.760113609302486	20.44566675766253	30.905505636903275	0.0
104.0	29.68562211766898	20.4455676154097	19.46330414124004	30.40550612568128	0.0
105.0	30.448170767308525	20.085360299870384	18.67341219332765	30.79305673949344	0.0
106.0	32.02626054849849	18.156595710784888	19.461130452302747	30.35601328841387	0.0
107.0	30.149109459885615	18.776187822365305	19.23929569549277	31.835407022256305	0.0
108.0	30.178377697074787	18.574109260020567	18.834496171057886	32.413016871846764	0.0
109.0	30.82218605736429	18.37429446529995	19.076772217512914	31.726747259822847	0.0
110.0	30.116968244706214	18.041900045318158	21.36997094306203	30.471160766913595	0.0
111.0	29.550585964887265	18.2527289968842	19.851744110048745	32.34494092817979	0.0
112.0	29.0711953843688	19.529856753602015	19.911374446835094	31.487573415194092	0.0
113.0	30.091460973105548	18.538775890734495	20.064101568056074	31.305661568103883	0.0
114.0	28.70189546926381	19.26896578181064	20.251586351086797	31.777552397838747	0.0
115.0	29.999392732146173	18.18075778610583	21.2730137982079	30.546835683540095	0.0
116.0	30.035375317832187	18.778402907203553	21.297183420450153	29.889038354514106	0.0
117.0	29.76753693410493	19.124092182107255	19.546334468867947	31.562036414919874	0.0
118.0	29.325596614670047	18.77743347883653	21.222239002499453	30.674730903993968	0.0
119.0	30.27297066619297	18.789173641853676	20.618772444143247	30.31908324781011	0.0
120.0	30.97815176914718	18.290838289410498	19.206881213401452	31.524128728040875	0.0
121.0	30.79645129465564	18.66320103210139	19.221541934015036	31.318805739227933	0.0
122.0	30.267035533518506	19.082351612134786	19.158789566618285	31.491823287728423	0.0
123.0	31.360751384700293	18.983698973055013	19.27455995111663	30.380989691128065	0.0
124.0	31.00070195211896	18.520660625923785	20.29024731453881	30.18839010741845	0.0
125.0	30.35014702107157	20.400460347716308	18.87382231223034	30.375570318981776	0.0
126.0	30.849711274034824	19.489671644614713	19.107068511973775	30.553548569376687	0.0
127.0	30.73598479503391	20.275889714045235	19.139763059275143	29.848362431645707	0.0
128.0	31.020096077614166	19.173469291827136	19.67328597348308	30.13314865707562	0.0
129.0	29.439275855040147	19.677876787651083	18.694558595195016	32.18828876211375	0.0
130.0	30.80087737968397	18.602002967124786	19.04107175225203	31.55604790093921	0.0
131.0	29.356475655869946	18.92271558842081	19.25425598341664	32.46655277229261	0.0
132.0	29.59044379460777	19.57201997028005	19.534535920093425	31.303000315018757	0.0
133.0	29.47568531281361	20.16055416547159	20.32695967237598	30.036800849338817	0.0
134.0	29.26850382340211	19.901761810865835	20.437070167844947	30.392664197887107	0.0
135.0	30.239986604799736	19.069548781390978	19.134657182693143	31.55580743111615	0.0
136.0	29.255688785717933	20.135596112859716	20.395915309315704	30.212799792106647	0.0
137.0	30.774004056795135	18.500997971602434	20.035180527383368	30.68981744421907	0.0
138.0	30.676953072563084	18.3890466589599	20.217101464763694	30.71689880371332	0.0
139.0	29.602144953093866	19.861747595169536	21.49165553591776	29.04445191581883	0.0
140.0	28.912592615943144	19.561879468255437	20.161018095654654	31.36450982014677	0.0
141.0	29.890517302776832	18.68591747317997	19.317015782073906	32.10654944196929	0.0
142.0	31.379373378175927	18.69235446136565	20.492902056727914	29.435370103730513	0.0
143.0	29.837491355923184	18.855457737113674	21.686193414543325	29.620857492419812	0.0
144.0	32.13256406995656	17.710080518315742	20.27301264331658	29.88434276841112	0.0
145.0	27.826988544255915	18.90400410677618	20.305373932778558	32.96363341618934	0.0
146.0	28.399622599093284	18.957310780109474	20.13978820588105	32.503278414916196	0.0
147.0	28.623992785573904	19.51288855845716	20.26090338658103	31.602215269387912	0.0
148.0	30.497214901148112	18.361972448035825	20.309455427987288	30.83135722282877	0.0
149.0	31.91296476960952	19.37710218327692	19.236715962681075	29.473217084432484	0.0
150.0	25.62543631786756	22.764555488262907	21.707841934875034	29.902166258994495	0.0
