#GC Content (%)	Sample
1.0	0.0
2.0	0.0
3.0	0.0
4.0	0.0
5.0	0.0
6.0	0.0
7.0	0.0
8.0	0.0
9.0	0.0
10.0	0.0
11.0	0.0
12.0	0.0
13.0	0.0
14.0	8.424221321142548E-5
15.0	6.458569679542621E-5
16.0	1.4040368868570914E-5
17.0	3.8470610699884307E-4
18.0	2.695750822765615E-4
19.0	9.266643453256805E-5
20.0	0.004029585865279853
21.0	9.266643453256806E-4
22.0	0.001182199058733671
23.0	0.009999550708196206
24.0	0.0013422592638353797
25.0	0.017255613339473654
26.0	0.008595513821339116
27.0	0.0038639095126307157
28.0	0.03811679340439632
29.0	0.013624773950061213
30.0	0.0072757191476934486
31.0	0.0702102685641757
32.0	0.01899100293162902
33.0	0.01131653730806816
34.0	0.08815947612575678
35.0	0.02363555695335228
36.0	0.036752069550371226
37.0	0.0925821923193566
38.0	0.02463242314302081
39.0	0.09712284761145246
40.0	0.0348060744251873
41.0	0.014085298048950343
42.0	0.09919239798267981
43.0	0.025733188062316777
44.0	0.009628884970065933
45.0	0.07447854070022128
46.0	0.020147929326399264
47.0	0.010381448741421336
48.0	0.04329207336935157
49.0	0.01457951903312404
50.0	0.019462759325613005
51.0	0.01525907288636287
52.0	0.0075003650495905835
53.0	0.015169214525604015
54.0	0.001988116231789642
55.0	0.004408675824731268
56.0	0.011361466488447585
57.0	7.52563771355401E-4
58.0	0.0015304002066742301
59.0	0.0022689236091610596
60.0	3.7066573813027213E-4
61.0	8.396140583405408E-4
62.0	0.00144334991968909
63.0	2.8923159869256084E-4
64.0	3.4539307416684453E-4
65.0	6.739377056914041E-5
66.0	4.212110660571275E-5
67.0	1.1232295094856732E-5
68.0	0.0
69.0	0.0
70.0	2.808073773714183E-6
71.0	0.0
72.0	0.0
73.0	0.0
74.0	0.0
75.0	5.616147547428366E-6
76.0	0.0
77.0	0.0
78.0	0.0
79.0	0.0
80.0	0.0
81.0	0.0
82.0	0.0
83.0	0.0
84.0	0.0
85.0	0.0
86.0	0.0
87.0	0.0
88.0	0.0
89.0	0.0
90.0	0.0
91.0	0.0
92.0	0.0
93.0	0.0
94.0	0.0
95.0	0.0
96.0	0.0
97.0	0.0
98.0	0.0
99.0	0.0
100.0	3.088881151085601E-5
