#GC Content (%)	Sample
1.0	0.0
2.0	0.0
3.0	0.0
4.0	0.0
5.0	0.0
6.0	0.0
7.0	0.0
8.0	0.0
9.0	0.0
10.0	0.0
11.0	0.0
12.0	5.068963244947511E-6
13.0	5.068963244947511E-6
14.0	2.5344816224737552E-5
15.0	2.5344816224737552E-5
16.0	1.5206889734842532E-5
17.0	1.7741371357316287E-4
18.0	1.875516400630579E-4
19.0	5.575859569442261E-5
20.0	0.0048662047151496095
21.0	3.4468950065643067E-4
22.0	8.414478986612868E-4
23.0	0.009600616385930585
24.0	0.0010492753917041347
25.0	0.015632682647418124
26.0	0.008865616715413195
27.0	0.0024989988797591233
28.0	0.03253260610607312
29.0	0.012718028781573305
30.0	0.010918546829616939
31.0	0.06216576523603627
32.0	0.014487096954059989
33.0	0.01050796080677619
34.0	0.07014431338358365
35.0	0.01900354320530822
36.0	0.03427126049909012
37.0	0.07862468889238082
38.0	0.018481439991078624
39.0	0.09300026865505198
40.0	0.02917695243791787
41.0	0.011770132654768119
42.0	0.10055809285326872
43.0	0.028457159657135328
44.0	0.009291409627988786
45.0	0.07747910319902271
46.0	0.019986922074828037
47.0	0.014142407453403555
48.0	0.0564175609162658
49.0	0.016119303118933084
50.0	0.03223353727462122
51.0	0.024163747788664782
52.0	0.010513029770021137
53.0	0.02635353991048211
54.0	0.0027321711890267086
55.0	0.007796065470729273
56.0	0.01659578566395815
57.0	0.001657550981097836
58.0	0.004050101632713061
59.0	0.0028690331966402913
60.0	6.94447964557809E-4
61.0	0.0013432752599110904
62.0	0.001525757936729201
63.0	0.0014750683042797257
64.0	0.0012216201420323502
65.0	1.1151719138884523E-4
66.0	1.4699993410347782E-4
67.0	5.068963244947511E-6
68.0	0.0
69.0	0.0
70.0	0.0
71.0	0.0
72.0	0.0
73.0	0.0
74.0	0.0
75.0	1.0137926489895021E-5
76.0	0.0
77.0	0.0
78.0	0.0
79.0	0.0
80.0	0.0
81.0	0.0
82.0	0.0
83.0	0.0
84.0	0.0
85.0	0.0
86.0	0.0
87.0	0.0
88.0	0.0
89.0	0.0
90.0	0.0
91.0	0.0
92.0	0.0
93.0	0.0
94.0	0.0
95.0	0.0
96.0	0.0
97.0	0.0
98.0	0.0
99.0	0.0
100.0	5.068963244947511E-5
