#Position (bp)	insert size
38.0	347.5007848193514
113.0	257.79311788345615
188.0	217.39243430551545
263.0	293.36448176344135
338.0	240.38844457732267
413.0	260.3212478920742
488.0	247.3061260312445
563.0	273.1746795460389
638.0	331.9583554042124
713.0	273.6577399274916
788.0	233.68400673012653
863.0	197.96626749133657
938.0	264.16863406408095
1013.0	307.5409664444322
1088.0	233.92845257903494
1163.0	188.43117408906883
1238.0	296.62714836899335
1313.0	255.84395011796428
1388.0	255.442019791931
1463.0	217.6971153846154
1538.0	246.79032258064515
1613.0	241.60025220680959
1688.0	219.36449704142012
1763.0	194.69230769230768
1838.0	312.26312939902544
1913.0	257.4897060442585
1988.0	222.7775707267491
2063.0	206.3469135802469
2138.0	266.82153392330383
2213.0	258.68195718654437
2288.0	355.0066722268557
2363.0	219.69467787114846
2438.0	240.70714285714286
2513.0	298.75007333528896
2588.0	244.30587920897915
2663.0	240.31627959160775
2738.0	252.06520517144463
2813.0	291.05241660993875
2888.0	344.4085068675233
2963.0	217.80968858131487
3038.0	175.5568181818182
3113.0	297.68819444444443
3188.0	244.99459761549926
3263.0	242.69630730050935
3338.0	201.78136580201163
3413.0	333.81666666666666
3488.0	247.35424354243543
3563.0	278.919629057187
3638.0	187.5
3713.0	246.72222222222223
3788.0	288.3842289405221
3863.0	242.94492525570416
3938.0	224.99243119266055
4013.0	245.1970080552359
4088.0	241.42626070409133
4163.0	270.49816906209793
4238.0	196.2504258943782
4313.0	287.18966246510445
4388.0	248.43738194182092
4463.0	255.29352776318095
4538.0	241.44136558481324
4613.0	286.0993227990971
4688.0	290.53005464480873
4763.0	217.54255319148936
4838.0	183.20700636942675
4913.0	249.16778523489933
4988.0	234.32638888888889
5063.0	223.48167539267016
5138.0	187.22772277227722
5213.0	240.88235294117646
5288.0	229.76101694915255
5363.0	225.6627906976744
5438.0	353.71253534401507
5513.0	174.5857142857143
5588.0	259.43049387700177
5663.0	237.56773778485083
5738.0	202.36874424316855
5813.0	251.68927444794951
5888.0	246.11764705882354
5963.0	219.66666666666666
6038.0	228.5
6113.0	192.0
6188.0	295.1229758272706
6263.0	256.63340396078763
6338.0	229.54186566713017
6413.0	399.1879094141868
6488.0	261.61577181208054
6563.0	245.65143953934742
6638.0	292.7579617834395
6713.0	252.96825867695046
6788.0	245.2243170450173
6863.0	246.5900546513723
6938.0	195.3072340425532
7013.0	264.05592105263156
7088.0	269.41104294478527
7163.0	216.67688022284122
7238.0	189.36200716845877
7313.0	267.24481012658225
7388.0	227.67996764626585
7463.0	204.67023850674042
7538.0	194.48004836759372
7613.0	263.11224489795916
7688.0	232.87142857142857
7763.0	222.5737704918033
7838.0	222.26966292134833
7913.0	316.7325860069579
7988.0	295.8228110045637
8063.0	257.6738904367618
8138.0	214.44984882062911
8213.0	347.2339485313231
8288.0	278.31157894736845
8363.0	276.13604126370086
8438.0	208.6038961038961
8513.0	185.0921052631579
8588.0	291.6886381123365
8663.0	251.71730959446094
8738.0	246.68845742785894
8813.0	242.67081378747704
8888.0	238.3269493844049
8963.0	218.78550909671242
9038.0	195.89930898321816
9113.0	196.04473684210527
9188.0	290.189589409917
9263.0	237.96545328077903
9338.0	218.56516461841906
9413.0	271.67698906040397
9488.0	278.5173597863411
9563.0	206.4955836390814
9638.0	241.39135583185316
9713.0	240.94530672579452
9788.0	259.6751197020748
9863.0	228.06657147956452
9938.0	210.87925170068027
10013.0	245.96992300288738
10088.0	276.7246342120224
10163.0	223.56483126110123
10238.0	202.02051282051283
10313.0	181.94202898550725
10388.0	263.92509625481273
10463.0	238.7472734110568
10538.0	216.2696371152963
10613.0	229.5326902465166
10688.0	257.20952962736715
10763.0	244.0730659025788
10838.0	224.03716690042074
10913.0	207.2879746835443
10988.0	269.0465422612514
11063.0	235.05349397590362
11138.0	242.84427659108846
11213.0	240.15915184011698
11288.0	244.5907762260474
11363.0	257.38379204892965
11438.0	237.39193381592554
11513.0	224.12926136363637
11588.0	255.33636788048554
11663.0	228.94710144927535
11738.0	208.36670020120724
11813.0	194.66225165562915
11888.0	243.15023474178403
11963.0	215.39012738853503
12038.0	204.42956926658906
12113.0	247.5274406332454
12188.0	227.840830449827
12263.0	200.50927643784786
12338.0	196.2886977886978
12413.0	263.02541544477026
12488.0	244.92700729927006
12563.0	221.1646884272997
12638.0	187.71581196581195
12713.0	281.0411891366257
12788.0	259.5854510417921
12863.0	231.58400077197723
12938.0	218.94312608968247
13013.0	249.60446034083736
13088.0	233.40393626991565
13163.0	213.053154875717
13238.0	208.33965244865718
13313.0	260.2824812128057
13388.0	233.51872332169188
13463.0	219.6671036613915
13538.0	239.1689606074988
13613.0	265.53131816765347
13688.0	245.9822006472492
13763.0	208.3299620733249
13838.0	238.13382507903057
13913.0	301.5819863267794
13988.0	259.41470756880733
14063.0	229.76673007677152
14138.0	219.8622921651635
14213.0	257.71113689095125
14288.0	249.38656527249682
14363.0	215.32792207792207
14438.0	198.0596125186289
14513.0	266.06320691949435
14588.0	247.3153802543128
14663.0	218.70927742080937
14738.0	214.94838567977158
14813.0	319.3189448441247
14888.0	252.37835570469798
14963.0	301.5575657894737
15038.0	202.7489539748954
15113.0	184.43956043956044
15188.0	317.99916618618886
15263.0	248.0173699027923
15338.0	218.6902015444263
15413.0	204.63156706732127
15488.0	267.5806815617242
15563.0	240.8800195886386
15638.0	223.63900134952766
15713.0	207.2842430484037
15788.0	235.95995145631068
15863.0	253.76136565915482
15938.0	246.12660263191302
16013.0	201.16180285343708
16088.0	251.52672453174966
16163.0	240.6890420282457
16238.0	192.45003309066843
16313.0	189.70714285714286
16388.0	276.28036638789325
16463.0	245.78952112676058
16538.0	225.22227567957663
16613.0	210.1860628812764
16688.0	239.67601547388782
16763.0	248.71283997469956
16838.0	243.77167408738876
16913.0	212.62284069097888
16988.0	192.90128755364807
17063.0	273.15747209964155
17138.0	254.50864655839135
17213.0	223.78510871999404
17288.0	179.42148202129363
17363.0	281.6397751994199
17438.0	257.55713579822543
17513.0	210.67870036101084
17588.0	180.57011494252873
17663.0	262.9462193823216
17738.0	241.0431654676259
17813.0	216.8076266363119
17888.0	195.50190476190477
17963.0	251.48966331955108
18038.0	239.59980988593156
18113.0	217.29088050314465
18188.0	196.20607787274454
18263.0	247.74273050508987
18338.0	261.24001756289067
18413.0	241.3181144765309
18488.0	216.6732482092806
18563.0	272.52434210526314
18638.0	237.5853272827283
18713.0	236.1873459326212
18788.0	230.94394800974817
18863.0	294.8847736625514
18938.0	241.2683906603063
19013.0	222.1118738876176
19088.0	231.80090005439888
19163.0	285.7445255474453
19238.0	215.3604826546003
19313.0	243.32450331125827
19388.0	198.6504854368932
19463.0	168.66666666666666
19538.0	272.5518987341772
19613.0	243.62820512820514
19688.0	211.9108280254777
19763.0	189.53812316715542
19838.0	225.10135135135135
19913.0	244.04255319148936
19988.0	209.0487804878049
20063.0	184.78378378378378
20138.0	246.36614173228347
20213.0	247.59949494949495
20288.0	227.4522357723577
20363.0	192.97764705882352
20438.0	192.91372549019607
20513.0	254.84271844660194
20588.0	230.05042016806723
20663.0	288.2004950495049
20738.0	169.39411764705883
20813.0	314.4475524475524
20888.0	238.51923076923077
20963.0	262.3980582524272
21038.0	250.42990654205607
21113.0	237.72857142857143
21188.0	229.41496598639455
21263.0	207.7594501718213
21338.0	272.8019313304721
21413.0	238.95844728716366
21488.0	257.00547180135476
21563.0	217.16231796116506
21638.0	248.26508620689654
21713.0	258.2448614834674
21788.0	227.90303907380607
21863.0	230.20314735336194
21938.0	263.8789048789049
22013.0	237.19588494646231
22088.0	208.626993502658
22163.0	243.2733278638974
22238.0	258.7808219178082
22313.0	238.58344113842173
22388.0	221.72538141470181
22463.0	185.98870967741937
22538.0	249.09435729337392
22613.0	224.8013559322034
22688.0	198.46722222222223
22763.0	221.22250316055627
22838.0	238.68380462724934
22913.0	238.74173228346456
22988.0	218.95975232198143
23063.0	216.15728476821192
23138.0	286.6525736197827
23213.0	243.7054942789403
23288.0	215.8422015202606
23363.0	184.79172590275803
23438.0	255.02340597255852
23513.0	237.6101604278075
23588.0	217.8567222767419
23663.0	185.83171521035598
23738.0	214.85526315789474
23813.0	252.04617127749975
23888.0	219.17227564102564
23963.0	194.01844559585493
24038.0	234.82548476454295
24113.0	240.6751497005988
24188.0	239.4359637774903
24263.0	197.54311199207135
24338.0	208.29521276595744
24413.0	272.2644288405549
24488.0	240.5858463262067
24563.0	233.00034372135656
24638.0	245.77151573538856
24713.0	234.8825244740679
24788.0	242.63064384678077
24863.0	242.5853747051352
24938.0	246.19267116682738
25013.0	246.95261265072986
25088.0	214.97302158273382
25163.0	187.13439567047504
25238.0	220.66366366366367
25313.0	249.62030303030303
25388.0	240.24701754385964
25463.0	237.85643564356437
25538.0	243.80837649178113
25613.0	252.44788955527895
25688.0	228.82204132748905
25763.0	201.76192203082502
25838.0	190.40695652173912
25913.0	251.63891675025076
25988.0	233.0981087470449
26063.0	218.92224979321753
26138.0	204.1563981042654
26213.0	287.92318251702176
26288.0	258.9788452841566
26363.0	216.54561787220746
26438.0	181.0576338272916
26513.0	247.8274962742176
26588.0	247.15567649664598
26663.0	211.57061340941513
26738.0	204.3708748035621
26813.0	277.53411999750267
26888.0	249.96744087389968
26963.0	223.86941300594668
27038.0	188.87824939520564
27113.0	253.40209457315137
27188.0	247.39094736842105
27263.0	219.56656346749227
27338.0	202.512118491921
27413.0	250.12782805429865
27488.0	255.97295943915873
27563.0	228.14515027322403
27638.0	207.54157676348547
27713.0	231.84081632653061
27788.0	249.26893095768375
27863.0	240.2948402948403
27938.0	224.66899948159667
28013.0	220.24256870443074
28088.0	279.15663515615654
28163.0	234.83064304116937
28238.0	225.70278715790533
28313.0	197.56955653909571
28388.0	252.36590807675145
28463.0	243.7223959962465
28538.0	217.3068810967572
28613.0	218.732528041415
28688.0	263.81879066207426
28763.0	232.63314415437003
28838.0	222.14087972931407
28913.0	226.8042471042471
28988.0	254.34137532505056
29063.0	247.76643321238714
29138.0	231.97930350724997
29213.0	243.3275615567911
29288.0	256.0549132947977
29363.0	235.26175677260466
29438.0	208.31471015662845
29513.0	233.13561117732752
29588.0	213.80227272727274
29663.0	181.5253856041131
29738.0	156.17073170731706
29813.0	109.71428571428571
29877.0	42.0
