#Coverage	Number of genomic locations
0.0	131.0
1.0	27.0
2.0	47.0
3.0	103.0
4.0	10.0
5.0	1.0
6.0	2.0
7.0	3.0
8.0	12.0
9.0	11.0
10.0	1.0
11.0	3.0
12.0	2.0
13.0	1.0
14.0	1.0
16.0	2.0
18.0	1.0
25.0	1.0
26.0	1.0
28.0	2.0
29.0	3.0
30.0	6.0
31.0	5.0
32.0	8.0
33.0	9.0
34.0	3.0
36.0	2.0
37.0	3.0
39.0	3.0
40.0	1.0
42.0	1.0
43.0	5.0
44.0	3.0
45.0	14.0
46.0	24.0
47.0	5.0
48.0	14.0
49.0	23.0
50.0	24.0
51.0	15.0
52.0	10.0
53.0	8.0
54.0	13.0
55.0	28.0
56.0	13.0
57.0	8.0
58.0	9.0
59.0	18.0
60.0	11.0
61.0	5.0
62.0	5.0
63.0	6.0
64.0	1.0
65.0	10.0
66.0	16.0
67.0	8.0
68.0	6.0
69.0	2.0
70.0	1.0
71.0	2.0
72.0	1.0
75.0	1.0
76.0	5.0
77.0	1.0
78.0	8.0
79.0	3.0
80.0	1.0
81.0	2.0
83.0	1.0
84.0	1.0
85.0	2.0
87.0	2.0
90.0	1.0
91.0	5.0
92.0	17.0
93.0	6.0
94.0	5.0
95.0	5.0
96.0	20.0
97.0	12.0
98.0	14.0
99.0	23.0
100.0	5.0
101.0	9.0
102.0	4.0
103.0	5.0
104.0	5.0
105.0	9.0
106.0	4.0
107.0	12.0
108.0	11.0
109.0	6.0
110.0	8.0
111.0	15.0
112.0	6.0
113.0	5.0
114.0	7.0
115.0	7.0
116.0	11.0
117.0	5.0
118.0	23.0
119.0	11.0
120.0	6.0
121.0	2.0
122.0	7.0
123.0	2.0
124.0	1.0
125.0	8.0
126.0	1.0
127.0	2.0
128.0	5.0
129.0	10.0
130.0	9.0
132.0	7.0
133.0	4.0
134.0	8.0
135.0	4.0
136.0	6.0
137.0	10.0
138.0	12.0
139.0	6.0
140.0	10.0
141.0	10.0
142.0	3.0
143.0	13.0
144.0	3.0
145.0	8.0
146.0	7.0
147.0	14.0
148.0	6.0
149.0	8.0
150.0	8.0
151.0	16.0
152.0	17.0
153.0	10.0
154.0	18.0
155.0	11.0
156.0	11.0
157.0	13.0
158.0	9.0
159.0	9.0
160.0	7.0
161.0	26.0
162.0	23.0
163.0	14.0
164.0	16.0
165.0	15.0
166.0	11.0
167.0	17.0
168.0	20.0
169.0	17.0
170.0	18.0
171.0	22.0
172.0	14.0
173.0	15.0
174.0	14.0
175.0	18.0
176.0	17.0
177.0	20.0
178.0	21.0
179.0	24.0
180.0	15.0
181.0	27.0
182.0	33.0
183.0	33.0
184.0	35.0
185.0	28.0
186.0	46.0
187.0	59.0
188.0	58.0
189.0	42.0
190.0	36.0
191.0	30.0
192.0	28.0
193.0	24.0
194.0	21.0
195.0	31.0
196.0	32.0
197.0	30.0
198.0	14.0
199.0	19.0
200.0	24.0
201.0	10.0
202.0	23.0
203.0	36.0
204.0	24.0
205.0	17.0
206.0	15.0
207.0	34.0
208.0	29.0
209.0	31.0
210.0	20.0
211.0	17.0
212.0	25.0
213.0	15.0
214.0	22.0
215.0	20.0
216.0	23.0
217.0	21.0
218.0	19.0
219.0	22.0
220.0	22.0
221.0	23.0
222.0	28.0
223.0	18.0
224.0	19.0
225.0	26.0
226.0	24.0
227.0	11.0
228.0	21.0
229.0	22.0
230.0	19.0
231.0	29.0
232.0	17.0
233.0	21.0
234.0	14.0
235.0	12.0
236.0	16.0
237.0	33.0
238.0	18.0
239.0	12.0
240.0	11.0
241.0	10.0
242.0	6.0
243.0	13.0
244.0	19.0
245.0	9.0
246.0	25.0
247.0	32.0
248.0	14.0
249.0	17.0
250.0	18.0
251.0	14.0
252.0	21.0
253.0	24.0
254.0	21.0
255.0	19.0
256.0	23.0
257.0	18.0
258.0	20.0
259.0	17.0
260.0	21.0
261.0	11.0
262.0	11.0
263.0	18.0
264.0	19.0
265.0	14.0
266.0	14.0
267.0	23.0
268.0	18.0
269.0	25.0
270.0	20.0
271.0	23.0
272.0	26.0
273.0	17.0
274.0	11.0
275.0	10.0
276.0	16.0
277.0	7.0
278.0	10.0
279.0	10.0
280.0	14.0
281.0	20.0
282.0	22.0
283.0	7.0
284.0	16.0
285.0	16.0
286.0	23.0
287.0	10.0
288.0	10.0
289.0	15.0
290.0	7.0
291.0	20.0
292.0	15.0
293.0	24.0
294.0	24.0
295.0	30.0
296.0	15.0
297.0	14.0
298.0	9.0
299.0	18.0
300.0	23.0
301.0	23.0
302.0	17.0
303.0	10.0
304.0	12.0
305.0	15.0
306.0	11.0
307.0	11.0
308.0	14.0
309.0	17.0
310.0	22.0
311.0	16.0
312.0	14.0
313.0	14.0
314.0	14.0
315.0	13.0
316.0	15.0
317.0	20.0
318.0	11.0
319.0	15.0
320.0	18.0
321.0	12.0
322.0	16.0
323.0	13.0
324.0	16.0
325.0	19.0
326.0	16.0
327.0	19.0
328.0	19.0
329.0	18.0
330.0	15.0
331.0	23.0
332.0	21.0
333.0	14.0
334.0	14.0
335.0	15.0
336.0	13.0
337.0	16.0
338.0	4.0
339.0	10.0
340.0	13.0
341.0	6.0
342.0	11.0
343.0	8.0
344.0	14.0
345.0	17.0
346.0	8.0
347.0	11.0
348.0	15.0
349.0	17.0
350.0	7.0
351.0	13.0
352.0	6.0
353.0	18.0
354.0	20.0
355.0	16.0
356.0	12.0
357.0	17.0
358.0	29.0
359.0	14.0
360.0	18.0
361.0	15.0
362.0	12.0
363.0	10.0
364.0	25.0
365.0	19.0
366.0	23.0
367.0	12.0
368.0	10.0
369.0	16.0
370.0	14.0
371.0	13.0
372.0	15.0
373.0	13.0
374.0	12.0
375.0	9.0
376.0	14.0
377.0	8.0
378.0	18.0
379.0	16.0
380.0	13.0
381.0	18.0
382.0	15.0
383.0	14.0
384.0	22.0
385.0	11.0
386.0	18.0
387.0	14.0
388.0	16.0
389.0	29.0
390.0	21.0
391.0	16.0
392.0	11.0
393.0	9.0
394.0	18.0
395.0	15.0
396.0	17.0
397.0	30.0
398.0	14.0
399.0	27.0
400.0	33.0
401.0	22.0
402.0	16.0
403.0	23.0
404.0	16.0
405.0	11.0
406.0	13.0
407.0	7.0
408.0	23.0
409.0	28.0
410.0	22.0
411.0	18.0
412.0	26.0
413.0	13.0
414.0	13.0
415.0	17.0
416.0	17.0
417.0	18.0
418.0	15.0
419.0	11.0
420.0	21.0
421.0	20.0
422.0	14.0
423.0	16.0
424.0	22.0
425.0	21.0
426.0	33.0
427.0	19.0
428.0	23.0
429.0	8.0
430.0	18.0
431.0	19.0
432.0	14.0
433.0	16.0
434.0	18.0
435.0	18.0
436.0	24.0
437.0	18.0
438.0	28.0
439.0	38.0
440.0	19.0
441.0	20.0
442.0	22.0
443.0	17.0
444.0	20.0
445.0	29.0
446.0	30.0
447.0	25.0
448.0	35.0
449.0	24.0
450.0	25.0
451.0	28.0
452.0	28.0
453.0	31.0
454.0	13.0
455.0	15.0
456.0	13.0
457.0	27.0
458.0	22.0
459.0	34.0
460.0	15.0
461.0	24.0
462.0	27.0
463.0	24.0
464.0	30.0
465.0	36.0
466.0	27.0
467.0	14.0
468.0	24.0
469.0	21.0
470.0	18.0
471.0	21.0
472.0	24.0
473.0	17.0
474.0	24.0
475.0	13.0
476.0	20.0
477.0	26.0
478.0	28.0
479.0	30.0
480.0	28.0
481.0	31.0
482.0	22.0
483.0	16.0
484.0	30.0
485.0	33.0
486.0	30.0
487.0	30.0
488.0	36.0
489.0	27.0
490.0	23.0
491.0	23.0
492.0	18.0
493.0	17.0
494.0	25.0
495.0	18.0
496.0	25.0
497.0	20.0
498.0	13.0
499.0	24.0
500.0	20.0
501.0	16.0
502.0	18.0
503.0	32.0
504.0	33.0
505.0	21.0
506.0	13.0
507.0	29.0
508.0	19.0
509.0	23.0
510.0	18.0
511.0	25.0
512.0	20.0
513.0	20.0
514.0	23.0
515.0	27.0
516.0	18.0
517.0	20.0
518.0	31.0
519.0	28.0
520.0	24.0
521.0	26.0
522.0	20.0
523.0	21.0
524.0	32.0
525.0	19.0
526.0	23.0
527.0	19.0
528.0	19.0
529.0	25.0
530.0	25.0
531.0	36.0
532.0	28.0
533.0	33.0
534.0	26.0
535.0	31.0
536.0	28.0
537.0	32.0
538.0	23.0
539.0	18.0
540.0	24.0
541.0	32.0
542.0	24.0
543.0	25.0
544.0	22.0
545.0	18.0
546.0	21.0
547.0	20.0
548.0	33.0
549.0	16.0
550.0	17.0
551.0	14.0
552.0	21.0
553.0	15.0
554.0	24.0
555.0	29.0
556.0	31.0
557.0	20.0
558.0	24.0
559.0	24.0
560.0	35.0
561.0	20.0
562.0	19.0
563.0	17.0
564.0	19.0
565.0	31.0
566.0	22.0
567.0	36.0
568.0	15.0
569.0	29.0
570.0	20.0
571.0	25.0
572.0	24.0
573.0	17.0
574.0	16.0
575.0	21.0
576.0	29.0
577.0	20.0
578.0	32.0
579.0	24.0
580.0	20.0
581.0	26.0
582.0	19.0
583.0	30.0
584.0	28.0
585.0	22.0
586.0	19.0
587.0	27.0
588.0	26.0
589.0	16.0
590.0	16.0
591.0	19.0
592.0	19.0
593.0	33.0
594.0	26.0
595.0	24.0
596.0	18.0
597.0	22.0
598.0	15.0
599.0	23.0
600.0	12.0
601.0	21.0
602.0	24.0
603.0	15.0
604.0	26.0
605.0	30.0
606.0	25.0
607.0	24.0
608.0	23.0
609.0	22.0
610.0	25.0
611.0	17.0
612.0	20.0
613.0	20.0
614.0	17.0
615.0	15.0
616.0	15.0
617.0	26.0
618.0	20.0
619.0	30.0
620.0	30.0
621.0	31.0
622.0	27.0
623.0	22.0
624.0	25.0
625.0	25.0
626.0	25.0
627.0	13.0
628.0	28.0
629.0	13.0
630.0	17.0
631.0	24.0
632.0	21.0
633.0	21.0
634.0	20.0
635.0	21.0
636.0	25.0
637.0	28.0
638.0	21.0
639.0	31.0
640.0	34.0
641.0	26.0
642.0	30.0
643.0	19.0
644.0	18.0
645.0	12.0
646.0	24.0
647.0	23.0
648.0	31.0
649.0	17.0
650.0	19.0
651.0	18.0
652.0	18.0
653.0	31.0
654.0	28.0
655.0	30.0
656.0	29.0
657.0	24.0
658.0	44.0
659.0	26.0
660.0	20.0
661.0	30.0
662.0	26.0
663.0	25.0
664.0	27.0
665.0	40.0
666.0	26.0
667.0	32.0
668.0	18.0
669.0	37.0
670.0	26.0
671.0	19.0
672.0	32.0
673.0	30.0
674.0	26.0
675.0	22.0
676.0	27.0
677.0	27.0
678.0	28.0
679.0	47.0
680.0	22.0
681.0	33.0
682.0	33.0
683.0	25.0
684.0	26.0
685.0	41.0
686.0	37.0
687.0	25.0
688.0	34.0
689.0	20.0
690.0	30.0
691.0	30.0
692.0	19.0
693.0	31.0
694.0	30.0
695.0	26.0
696.0	27.0
697.0	39.0
698.0	24.0
699.0	30.0
700.0	38.0
701.0	31.0
702.0	26.0
703.0	35.0
704.0	26.0
705.0	39.0
706.0	31.0
707.0	28.0
708.0	26.0
709.0	39.0
710.0	26.0
711.0	29.0
712.0	35.0
713.0	41.0
714.0	27.0
715.0	30.0
716.0	41.0
717.0	36.0
718.0	34.0
719.0	28.0
720.0	29.0
721.0	27.0
722.0	25.0
723.0	27.0
724.0	33.0
725.0	30.0
726.0	37.0
727.0	36.0
728.0	46.0
729.0	34.0
730.0	26.0
731.0	24.0
732.0	33.0
733.0	24.0
734.0	19.0
735.0	25.0
736.0	33.0
737.0	34.0
738.0	26.0
739.0	30.0
740.0	34.0
741.0	35.0
742.0	40.0
743.0	23.0
744.0	20.0
745.0	24.0
746.0	27.0
747.0	26.0
748.0	23.0
749.0	33.0
750.0	24.0
751.0	14.0
752.0	22.0
753.0	44.0
754.0	26.0
755.0	25.0
756.0	35.0
757.0	30.0
758.0	30.0
759.0	39.0
760.0	26.0
761.0	34.0
762.0	38.0
763.0	47.0
764.0	31.0
765.0	28.0
766.0	18.0
767.0	24.0
768.0	25.0
769.0	35.0
770.0	26.0
771.0	23.0
772.0	30.0
773.0	30.0
774.0	27.0
775.0	26.0
776.0	30.0
777.0	34.0
778.0	21.0
779.0	36.0
780.0	36.0
781.0	35.0
782.0	34.0
783.0	28.0
784.0	25.0
785.0	31.0
786.0	19.0
787.0	28.0
788.0	39.0
789.0	15.0
790.0	38.0
791.0	38.0
792.0	38.0
793.0	31.0
794.0	26.0
795.0	29.0
796.0	34.0
797.0	24.0
798.0	29.0
799.0	23.0
800.0	27.0
801.0	32.0
802.0	33.0
803.0	35.0
804.0	43.0
805.0	37.0
806.0	33.0
807.0	35.0
808.0	41.0
809.0	24.0
810.0	28.0
811.0	32.0
812.0	38.0
813.0	27.0
814.0	23.0
815.0	36.0
816.0	29.0
817.0	38.0
818.0	33.0
819.0	19.0
820.0	24.0
821.0	25.0
822.0	23.0
823.0	26.0
824.0	34.0
825.0	28.0
826.0	37.0
827.0	28.0
828.0	25.0
829.0	41.0
830.0	38.0
831.0	36.0
832.0	33.0
833.0	33.0
834.0	16.0
835.0	32.0
836.0	26.0
837.0	26.0
838.0	31.0
839.0	25.0
840.0	19.0
841.0	17.0
842.0	21.0
843.0	25.0
844.0	29.0
845.0	25.0
846.0	28.0
847.0	18.0
848.0	15.0
849.0	17.0
850.0	16.0
851.0	18.0
852.0	19.0
853.0	20.0
854.0	23.0
855.0	27.0
856.0	28.0
857.0	20.0
858.0	22.0
859.0	27.0
860.0	23.0
861.0	20.0
862.0	16.0
863.0	26.0
864.0	32.0
865.0	20.0
866.0	17.0
867.0	40.0
868.0	26.0
869.0	23.0
870.0	36.0
871.0	19.0
872.0	32.0
873.0	13.0
874.0	20.0
875.0	12.0
876.0	27.0
877.0	21.0
878.0	20.0
879.0	23.0
880.0	19.0
881.0	19.0
882.0	26.0
883.0	23.0
884.0	17.0
885.0	20.0
886.0	30.0
887.0	23.0
888.0	23.0
889.0	21.0
890.0	33.0
891.0	25.0
892.0	26.0
893.0	16.0
894.0	19.0
895.0	21.0
896.0	18.0
897.0	16.0
898.0	29.0
899.0	26.0
900.0	23.0
901.0	15.0
902.0	19.0
903.0	19.0
904.0	22.0
905.0	24.0
906.0	22.0
907.0	17.0
908.0	19.0
909.0	21.0
910.0	16.0
911.0	21.0
912.0	16.0
913.0	24.0
914.0	26.0
915.0	21.0
916.0	25.0
917.0	27.0
918.0	21.0
919.0	41.0
920.0	25.0
921.0	32.0
922.0	31.0
923.0	30.0
924.0	35.0
925.0	21.0
926.0	27.0
927.0	30.0
928.0	25.0
929.0	25.0
930.0	28.0
931.0	25.0
932.0	22.0
933.0	21.0
934.0	15.0
935.0	24.0
936.0	11.0
937.0	25.0
938.0	24.0
939.0	25.0
940.0	29.0
941.0	29.0
942.0	17.0
943.0	25.0
944.0	13.0
945.0	34.0
946.0	21.0
947.0	22.0
948.0	34.0
949.0	44.0
950.0	40.0
951.0	35.0
952.0	35.0
953.0	25.0
954.0	33.0
955.0	20.0
956.0	26.0
957.0	13.0
958.0	23.0
959.0	27.0
960.0	25.0
961.0	22.0
962.0	27.0
963.0	29.0
964.0	27.0
965.0	20.0
966.0	25.0
967.0	32.0
968.0	23.0
969.0	31.0
970.0	21.0
971.0	24.0
972.0	30.0
973.0	34.0
974.0	39.0
975.0	23.0
976.0	14.0
977.0	27.0
978.0	27.0
979.0	24.0
980.0	25.0
981.0	27.0
982.0	40.0
983.0	35.0
984.0	32.0
985.0	27.0
986.0	24.0
987.0	33.0
988.0	34.0
989.0	28.0
990.0	21.0
991.0	19.0
992.0	24.0
993.0	30.0
994.0	23.0
995.0	26.0
996.0	34.0
997.0	18.0
998.0	31.0
999.0	22.0
1000.0	29.0
1001.0	16.0
1002.0	20.0
1003.0	18.0
1004.0	19.0
1005.0	16.0
1006.0	31.0
1007.0	21.0
1008.0	27.0
1009.0	22.0
1010.0	26.0
1011.0	28.0
1012.0	33.0
1013.0	44.0
1014.0	32.0
1015.0	21.0
1016.0	29.0
1017.0	31.0
1018.0	35.0
1019.0	29.0
1020.0	15.0
1021.0	30.0
1022.0	23.0
1023.0	31.0
1024.0	24.0
1025.0	19.0
1026.0	22.0
1027.0	25.0
1028.0	19.0
1029.0	20.0
1030.0	34.0
1031.0	19.0
1032.0	27.0
1033.0	27.0
1034.0	26.0
1035.0	26.0
1036.0	22.0
1037.0	22.0
1038.0	31.0
1039.0	31.0
1040.0	23.0
1041.0	15.0
1042.0	27.0
1043.0	22.0
1044.0	20.0
1045.0	23.0
1046.0	27.0
1047.0	26.0
1048.0	32.0
1049.0	18.0
1050.0	27.0
1051.0	26.0
1052.0	20.0
1053.0	23.0
1054.0	26.0
1055.0	14.0
1056.0	26.0
1057.0	15.0
1058.0	34.0
1059.0	21.0
1060.0	19.0
1061.0	22.0
1062.0	23.0
1063.0	22.0
1064.0	22.0
1065.0	21.0
1066.0	20.0
1067.0	21.0
1068.0	15.0
1069.0	20.0
1070.0	23.0
1071.0	28.0
1072.0	28.0
1073.0	20.0
1074.0	20.0
1075.0	22.0
1076.0	14.0
1077.0	27.0
1078.0	17.0
1079.0	13.0
1080.0	25.0
1081.0	29.0
1082.0	13.0
1083.0	23.0
1084.0	32.0
1085.0	29.0
1086.0	24.0
1087.0	21.0
1088.0	16.0
1089.0	21.0
1090.0	18.0
1091.0	19.0
1092.0	19.0
1093.0	27.0
1094.0	32.0
1095.0	28.0
1096.0	24.0
1097.0	19.0
1098.0	23.0
1099.0	22.0
1100.0	14.0
1101.0	17.0
1102.0	11.0
1103.0	14.0
1104.0	20.0
1105.0	11.0
1106.0	13.0
1107.0	12.0
1108.0	20.0
1109.0	13.0
1110.0	21.0
1111.0	18.0
1112.0	21.0
1113.0	17.0
1114.0	12.0
1115.0	15.0
1116.0	26.0
1117.0	18.0
1118.0	16.0
1119.0	17.0
1120.0	16.0
1121.0	16.0
1122.0	22.0
1123.0	18.0
1124.0	23.0
1125.0	27.0
1126.0	19.0
1127.0	26.0
1128.0	10.0
1129.0	19.0
1130.0	22.0
1131.0	11.0
1132.0	15.0
1133.0	20.0
1134.0	17.0
1135.0	15.0
1136.0	15.0
1137.0	18.0
1138.0	22.0
1139.0	11.0
1140.0	19.0
1141.0	26.0
1142.0	10.0
1143.0	18.0
1144.0	12.0
1145.0	13.0
1146.0	15.0
1147.0	20.0
1148.0	23.0
1149.0	19.0
1150.0	16.0
1151.0	20.0
1152.0	17.0
1153.0	24.0
1154.0	15.0
1155.0	21.0
1156.0	19.0
1157.0	15.0
1158.0	14.0
1159.0	20.0
1160.0	14.0
1161.0	11.0
1162.0	14.0
1163.0	10.0
1164.0	12.0
1165.0	16.0
1166.0	22.0
1167.0	14.0
1168.0	18.0
1169.0	16.0
1170.0	20.0
1171.0	10.0
1172.0	12.0
1173.0	19.0
1174.0	13.0
1175.0	12.0
1176.0	15.0
1177.0	28.0
1178.0	15.0
1179.0	15.0
1180.0	15.0
1181.0	20.0
1182.0	12.0
1183.0	13.0
1184.0	10.0
1185.0	14.0
1186.0	13.0
1187.0	19.0
1188.0	16.0
1189.0	12.0
1190.0	16.0
1191.0	11.0
1192.0	14.0
1193.0	18.0
1194.0	11.0
1195.0	11.0
1196.0	10.0
1197.0	15.0
1198.0	9.0
1199.0	15.0
1200.0	12.0
1201.0	15.0
1202.0	11.0
1203.0	11.0
1204.0	9.0
1205.0	5.0
1206.0	7.0
1207.0	3.0
1208.0	5.0
1209.0	10.0
1210.0	6.0
1211.0	7.0
1212.0	10.0
1213.0	11.0
1214.0	9.0
1215.0	18.0
1216.0	19.0
1217.0	15.0
1218.0	11.0
1219.0	11.0
1220.0	8.0
1221.0	7.0
1222.0	17.0
1223.0	27.0
1224.0	18.0
1225.0	14.0
1226.0	7.0
1227.0	10.0
1228.0	16.0
1229.0	11.0
1230.0	11.0
1231.0	15.0
1232.0	15.0
1233.0	11.0
1234.0	11.0
1235.0	14.0
1236.0	15.0
1237.0	6.0
1238.0	12.0
1239.0	7.0
1240.0	12.0
1241.0	5.0
1242.0	12.0
1243.0	6.0
1244.0	13.0
1245.0	6.0
1246.0	10.0
1247.0	6.0
1248.0	9.0
1249.0	16.0
1250.0	7.0
1251.0	11.0
1252.0	10.0
1253.0	13.0
1254.0	10.0
1255.0	14.0
1256.0	6.0
1257.0	11.0
1258.0	9.0
1259.0	10.0
1260.0	9.0
1261.0	7.0
1262.0	6.0
1263.0	11.0
1264.0	8.0
1265.0	11.0
1266.0	14.0
1267.0	16.0
1268.0	13.0
1269.0	17.0
1270.0	9.0
1271.0	11.0
1272.0	17.0
1273.0	10.0
1274.0	11.0
1275.0	6.0
1276.0	9.0
1277.0	7.0
1278.0	11.0
1279.0	9.0
1280.0	17.0
1281.0	16.0
1282.0	5.0
1283.0	11.0
1284.0	6.0
1285.0	10.0
1286.0	7.0
1287.0	8.0
1288.0	9.0
1289.0	13.0
1290.0	10.0
1291.0	20.0
1292.0	12.0
1293.0	8.0
1294.0	17.0
1295.0	6.0
1296.0	13.0
1297.0	4.0
1298.0	9.0
1299.0	11.0
1300.0	9.0
1301.0	7.0
1302.0	11.0
1303.0	11.0
1304.0	14.0
1305.0	16.0
1306.0	6.0
1307.0	2.0
1308.0	12.0
1309.0	12.0
1310.0	10.0
1311.0	11.0
1312.0	12.0
1313.0	4.0
1314.0	9.0
1315.0	8.0
1316.0	7.0
1317.0	4.0
1318.0	13.0
1319.0	5.0
1320.0	12.0
1321.0	11.0
1322.0	10.0
1323.0	9.0
1324.0	8.0
1325.0	8.0
1326.0	19.0
1327.0	15.0
1328.0	12.0
1329.0	12.0
1330.0	9.0
1331.0	7.0
1332.0	21.0
1333.0	8.0
1334.0	14.0
1335.0	14.0
1336.0	13.0
1337.0	11.0
1338.0	17.0
1339.0	6.0
1340.0	10.0
1341.0	13.0
1342.0	9.0
1343.0	11.0
1344.0	8.0
1345.0	4.0
1346.0	9.0
1347.0	17.0
1348.0	9.0
1349.0	11.0
1350.0	9.0
1351.0	12.0
1352.0	10.0
1353.0	10.0
1354.0	9.0
1355.0	10.0
1356.0	13.0
1357.0	13.0
1358.0	10.0
1359.0	10.0
1360.0	13.0
1361.0	8.0
1362.0	9.0
1363.0	14.0
1364.0	12.0
1365.0	12.0
1366.0	3.0
1367.0	11.0
1368.0	9.0
1369.0	7.0
1370.0	12.0
1371.0	6.0
1372.0	13.0
1373.0	18.0
1374.0	5.0
1375.0	7.0
1376.0	11.0
1377.0	7.0
1378.0	8.0
1379.0	11.0
1380.0	8.0
1381.0	10.0
1382.0	11.0
1383.0	15.0
1384.0	14.0
1385.0	14.0
1386.0	11.0
1387.0	9.0
1388.0	12.0
1389.0	11.0
1390.0	4.0
1391.0	3.0
1392.0	14.0
1393.0	2.0
1394.0	2.0
1395.0	2.0
1396.0	8.0
1397.0	6.0
1398.0	4.0
1399.0	4.0
1400.0	9.0
1401.0	6.0
1402.0	10.0
1403.0	6.0
1404.0	9.0
1405.0	7.0
1406.0	5.0
1407.0	8.0
1408.0	9.0
1409.0	6.0
1410.0	6.0
1411.0	7.0
1412.0	3.0
1413.0	4.0
1414.0	3.0
1415.0	10.0
1416.0	6.0
1417.0	10.0
1418.0	6.0
1419.0	8.0
1420.0	11.0
1421.0	6.0
1422.0	8.0
1423.0	9.0
1424.0	6.0
1425.0	6.0
1426.0	9.0
1427.0	7.0
1428.0	11.0
1429.0	7.0
1430.0	6.0
1431.0	7.0
1432.0	2.0
1433.0	7.0
1434.0	6.0
1435.0	7.0
1436.0	10.0
1437.0	6.0
1438.0	7.0
1439.0	4.0
1440.0	8.0
1441.0	2.0
1442.0	4.0
1443.0	4.0
1444.0	5.0
1445.0	2.0
1446.0	6.0
1447.0	4.0
1448.0	3.0
1449.0	7.0
1450.0	7.0
1451.0	6.0
1452.0	6.0
1453.0	7.0
1454.0	8.0
1455.0	6.0
1456.0	8.0
1457.0	8.0
1458.0	8.0
1459.0	7.0
1460.0	8.0
1461.0	6.0
1462.0	6.0
1463.0	9.0
1464.0	9.0
1465.0	8.0
1466.0	5.0
1467.0	7.0
1468.0	4.0
1469.0	7.0
1470.0	9.0
1471.0	5.0
1472.0	5.0
1473.0	8.0
1474.0	10.0
1475.0	7.0
1476.0	8.0
1477.0	11.0
1478.0	5.0
1479.0	4.0
1480.0	8.0
1481.0	8.0
1482.0	12.0
1483.0	4.0
1484.0	5.0
1485.0	8.0
1486.0	7.0
1487.0	5.0
1488.0	6.0
1489.0	6.0
1490.0	7.0
1491.0	5.0
1492.0	6.0
1493.0	2.0
1494.0	6.0
1495.0	4.0
1496.0	5.0
1497.0	7.0
1498.0	6.0
1499.0	4.0
1500.0	6.0
1501.0	5.0
1502.0	12.0
1503.0	5.0
1504.0	8.0
1505.0	3.0
1506.0	3.0
1507.0	6.0
1508.0	4.0
1509.0	6.0
1510.0	8.0
1511.0	5.0
1512.0	5.0
1513.0	5.0
1514.0	5.0
1515.0	6.0
1516.0	1.0
1517.0	3.0
1518.0	2.0
1519.0	2.0
1520.0	3.0
1521.0	3.0
1522.0	6.0
1523.0	9.0
1524.0	7.0
1525.0	5.0
1526.0	2.0
1527.0	3.0
1528.0	4.0
1529.0	5.0
1530.0	4.0
1531.0	11.0
1532.0	9.0
1533.0	4.0
1534.0	3.0
1535.0	8.0
1536.0	6.0
1537.0	11.0
1538.0	9.0
1539.0	8.0
1540.0	10.0
1541.0	6.0
1542.0	10.0
1543.0	5.0
1544.0	8.0
1545.0	13.0
1546.0	5.0
1547.0	6.0
1548.0	9.0
1549.0	7.0
1550.0	4.0
1551.0	6.0
1552.0	4.0
1553.0	5.0
1554.0	6.0
1555.0	5.0
1556.0	11.0
1557.0	8.0
1558.0	6.0
1559.0	5.0
1560.0	5.0
1561.0	7.0
1562.0	2.0
1563.0	6.0
1564.0	6.0
1565.0	8.0
1566.0	7.0
1567.0	6.0
1568.0	11.0
1569.0	8.0
1570.0	12.0
1571.0	14.0
1572.0	6.0
1573.0	12.0
1574.0	6.0
1575.0	9.0
1576.0	4.0
1577.0	4.0
1578.0	3.0
1579.0	5.0
1580.0	5.0
1581.0	5.0
1582.0	5.0
1583.0	5.0
1584.0	2.0
1585.0	3.0
1586.0	7.0
1587.0	4.0
1588.0	4.0
1589.0	4.0
1590.0	5.0
1591.0	8.0
1592.0	4.0
1593.0	5.0
1594.0	3.0
1595.0	8.0
1596.0	7.0
1597.0	1.0
1598.0	3.0
1599.0	8.0
1600.0	8.0
1601.0	5.0
1602.0	5.0
1603.0	12.0
1604.0	2.0
1605.0	6.0
1606.0	4.0
1607.0	5.0
1608.0	5.0
1609.0	4.0
1610.0	8.0
1611.0	9.0
1612.0	8.0
1613.0	7.0
1614.0	6.0
1615.0	10.0
1616.0	3.0
1617.0	7.0
1618.0	3.0
1619.0	2.0
1620.0	8.0
1621.0	6.0
1622.0	3.0
1623.0	5.0
1624.0	4.0
1625.0	8.0
1626.0	8.0
1627.0	4.0
1628.0	2.0
1629.0	5.0
1630.0	4.0
1631.0	1.0
1632.0	8.0
1633.0	2.0
1634.0	5.0
1635.0	7.0
1636.0	6.0
1637.0	5.0
1638.0	2.0
1639.0	7.0
1640.0	6.0
1641.0	6.0
1642.0	7.0
1643.0	8.0
1644.0	4.0
1645.0	1.0
1646.0	4.0
1647.0	1.0
1648.0	7.0
1649.0	10.0
1650.0	7.0
1651.0	7.0
1652.0	2.0
1653.0	12.0
1655.0	5.0
1656.0	5.0
1657.0	7.0
1658.0	6.0
1659.0	5.0
1660.0	4.0
1661.0	4.0
1662.0	4.0
1663.0	9.0
1664.0	5.0
1665.0	6.0
1666.0	11.0
1667.0	4.0
1668.0	6.0
1669.0	7.0
1670.0	9.0
1671.0	3.0
1672.0	3.0
1673.0	2.0
1674.0	2.0
1675.0	6.0
1676.0	5.0
1677.0	8.0
1678.0	4.0
1679.0	4.0
1680.0	2.0
1681.0	6.0
1682.0	6.0
1683.0	4.0
1684.0	4.0
1685.0	5.0
1686.0	3.0
1687.0	4.0
1688.0	4.0
1689.0	3.0
1690.0	2.0
1691.0	8.0
1692.0	2.0
1694.0	3.0
1695.0	2.0
1696.0	5.0
1697.0	3.0
1698.0	5.0
1700.0	5.0
1701.0	2.0
1702.0	2.0
1703.0	3.0
1704.0	3.0
1705.0	4.0
1706.0	1.0
1707.0	4.0
1708.0	3.0
1709.0	5.0
1710.0	2.0
1711.0	4.0
1712.0	10.0
1713.0	1.0
1714.0	3.0
1715.0	5.0
1716.0	2.0
1717.0	3.0
1718.0	3.0
1719.0	4.0
1720.0	3.0
1721.0	1.0
1722.0	1.0
1723.0	2.0
1724.0	3.0
1725.0	4.0
1727.0	2.0
1728.0	4.0
1729.0	6.0
1730.0	4.0
1731.0	3.0
1732.0	3.0
1733.0	5.0
1734.0	2.0
1735.0	1.0
1736.0	3.0
1737.0	2.0
1738.0	2.0
1739.0	3.0
1740.0	3.0
1741.0	3.0
1742.0	2.0
1743.0	4.0
1744.0	4.0
1745.0	2.0
1746.0	2.0
1747.0	2.0
1748.0	5.0
1749.0	2.0
1750.0	4.0
1751.0	3.0
1752.0	1.0
1753.0	1.0
1754.0	4.0
1755.0	2.0
1756.0	1.0
1757.0	3.0
1758.0	2.0
1759.0	1.0
1760.0	1.0
1762.0	2.0
1763.0	3.0
1764.0	1.0
1765.0	1.0
1766.0	2.0
1767.0	1.0
1768.0	2.0
1769.0	1.0
1771.0	1.0
1772.0	1.0
1773.0	2.0
1774.0	1.0
1775.0	2.0
1776.0	2.0
1777.0	1.0
1778.0	2.0
1779.0	2.0
1780.0	2.0
1782.0	2.0
1783.0	2.0
1784.0	2.0
1785.0	1.0
1786.0	3.0
1787.0	1.0
1788.0	2.0
1789.0	2.0
1791.0	2.0
1792.0	2.0
1793.0	1.0
1795.0	1.0
1796.0	2.0
1797.0	1.0
1799.0	2.0
1801.0	1.0
1802.0	1.0
1803.0	3.0
1805.0	3.0
1807.0	1.0
1808.0	2.0
1809.0	1.0
1810.0	2.0
1811.0	1.0
1813.0	1.0
1814.0	2.0
1815.0	3.0
1816.0	1.0
1817.0	2.0
1819.0	1.0
1820.0	2.0
1821.0	1.0
1822.0	1.0
1823.0	2.0
1824.0	1.0
1825.0	3.0
1826.0	3.0
1827.0	2.0
1828.0	1.0
1829.0	1.0
1830.0	3.0
1831.0	2.0
1832.0	4.0
1833.0	3.0
1834.0	2.0
1836.0	2.0
1837.0	1.0
1838.0	3.0
1840.0	1.0
1841.0	2.0
1842.0	2.0
1843.0	1.0
1845.0	1.0
1847.0	2.0
1849.0	1.0
1851.0	4.0
1852.0	1.0
1854.0	1.0
1856.0	3.0
1857.0	3.0
1860.0	2.0
1861.0	1.0
1862.0	1.0
1863.0	2.0
1864.0	1.0
1865.0	1.0
1867.0	2.0
1868.0	2.0
1869.0	1.0
1870.0	2.0
1871.0	2.0
1873.0	2.0
1874.0	4.0
1875.0	4.0
1876.0	2.0
1877.0	2.0
1878.0	4.0
1879.0	2.0
1880.0	2.0
1881.0	3.0
1882.0	1.0
1884.0	1.0
1885.0	1.0
1886.0	1.0
1887.0	3.0
1888.0	1.0
1889.0	2.0
1890.0	3.0
1893.0	1.0
1894.0	4.0
1896.0	1.0
1897.0	6.0
1898.0	1.0
1899.0	2.0
1900.0	1.0
1901.0	1.0
1902.0	1.0
1904.0	1.0
1905.0	2.0
1906.0	3.0
1911.0	1.0
1912.0	1.0
1914.0	1.0
1918.0	2.0
1919.0	1.0
1920.0	1.0
1921.0	2.0
1922.0	4.0
1923.0	1.0
1924.0	2.0
1925.0	1.0
1927.0	1.0
1928.0	2.0
1929.0	1.0
1930.0	1.0
1931.0	2.0
1932.0	2.0
1933.0	2.0
1934.0	1.0
1935.0	2.0
1936.0	2.0
1937.0	2.0
1938.0	5.0
1939.0	4.0
1940.0	1.0
1941.0	1.0
1942.0	2.0
1943.0	3.0
1944.0	3.0
1945.0	1.0
1946.0	1.0
1947.0	2.0
1948.0	5.0
1949.0	3.0
1950.0	6.0
1951.0	1.0
1952.0	1.0
1953.0	3.0
1956.0	1.0
1957.0	3.0
1958.0	3.0
1959.0	5.0
1960.0	2.0
1961.0	1.0
1962.0	2.0
1963.0	1.0
1964.0	1.0
1965.0	6.0
1966.0	3.0
1967.0	2.0
1968.0	3.0
1969.0	2.0
1971.0	1.0
1972.0	1.0
1973.0	2.0
1974.0	3.0
1975.0	2.0
1976.0	2.0
1977.0	1.0
1978.0	3.0
1980.0	2.0
1981.0	2.0
1982.0	1.0
1983.0	3.0
1984.0	6.0
1985.0	3.0
1986.0	1.0
1988.0	6.0
1989.0	3.0
1990.0	2.0
1991.0	1.0
1992.0	2.0
1995.0	2.0
1997.0	1.0
1998.0	2.0
1999.0	1.0
2000.0	1.0
2001.0	1.0
2002.0	1.0
2003.0	1.0
2004.0	1.0
2005.0	1.0
2006.0	1.0
2008.0	1.0
2009.0	1.0
2010.0	3.0
2011.0	2.0
2012.0	3.0
2014.0	2.0
2016.0	2.0
2018.0	1.0
2020.0	2.0
2023.0	3.0
2024.0	2.0
2025.0	1.0
2027.0	1.0
2028.0	1.0
2030.0	1.0
2031.0	1.0
2034.0	2.0
2035.0	2.0
2036.0	2.0
2038.0	2.0
2039.0	1.0
2040.0	2.0
2041.0	2.0
2042.0	1.0
2043.0	3.0
2044.0	1.0
2045.0	2.0
2046.0	3.0
2047.0	4.0
2048.0	2.0
2049.0	2.0
2050.0	2.0
2051.0	1.0
2052.0	1.0
2054.0	1.0
2057.0	2.0
2059.0	3.0
2061.0	2.0
2065.0	1.0
2066.0	1.0
2067.0	1.0
2069.0	1.0
2070.0	3.0
2071.0	1.0
2072.0	1.0
2073.0	1.0
2078.0	1.0
2080.0	3.0
2081.0	1.0
2085.0	2.0
2086.0	1.0
2088.0	6.0
2089.0	3.0
2090.0	2.0
2091.0	1.0
2092.0	1.0
2094.0	1.0
2096.0	1.0
2097.0	1.0
2098.0	1.0
2099.0	2.0
2100.0	1.0
2102.0	2.0
2103.0	1.0
2106.0	1.0
2108.0	3.0
2109.0	2.0
2111.0	2.0
2112.0	1.0
2113.0	2.0
2116.0	3.0
2117.0	3.0
2118.0	4.0
2119.0	2.0
2120.0	2.0
2121.0	5.0
2122.0	1.0
2123.0	3.0
2125.0	2.0
2126.0	1.0
2127.0	4.0
2128.0	1.0
2129.0	2.0
2130.0	2.0
2131.0	1.0
2132.0	2.0
2133.0	1.0
2134.0	2.0
2135.0	2.0
2136.0	2.0
2137.0	3.0
2138.0	1.0
2139.0	3.0
2140.0	3.0
2141.0	1.0
2142.0	4.0
2144.0	2.0
2145.0	4.0
2146.0	7.0
2147.0	2.0
2148.0	1.0
2149.0	3.0
2150.0	3.0
2151.0	5.0
2152.0	4.0
2153.0	1.0
2154.0	3.0
2155.0	1.0
2157.0	2.0
2158.0	5.0
2159.0	1.0
2161.0	2.0
2162.0	1.0
2166.0	2.0
2167.0	1.0
2168.0	3.0
2169.0	1.0
2170.0	3.0
2171.0	4.0
2172.0	3.0
2173.0	1.0
2174.0	2.0
2175.0	2.0
2177.0	2.0
2178.0	1.0
2179.0	3.0
2180.0	1.0
2181.0	2.0
2182.0	3.0
2183.0	1.0
2184.0	2.0
2185.0	1.0
2186.0	2.0
2187.0	1.0
2188.0	1.0
2190.0	2.0
2191.0	1.0
2192.0	2.0
2193.0	1.0
2195.0	2.0
2196.0	1.0
2197.0	1.0
2199.0	3.0
2200.0	3.0
2201.0	1.0
2202.0	1.0
2204.0	1.0
2205.0	1.0
2206.0	1.0
2208.0	1.0
2209.0	1.0
2210.0	1.0
2212.0	3.0
2213.0	1.0
2214.0	1.0
2216.0	1.0
2217.0	3.0
2218.0	2.0
2223.0	2.0
2224.0	2.0
2226.0	2.0
2230.0	2.0
2231.0	2.0
2232.0	1.0
2233.0	4.0
2234.0	3.0
2235.0	1.0
2237.0	1.0
2238.0	1.0
2239.0	1.0
2240.0	2.0
2241.0	2.0
2242.0	1.0
2245.0	1.0
2246.0	2.0
2248.0	1.0
2249.0	3.0
2250.0	1.0
2251.0	1.0
2252.0	2.0
2253.0	2.0
2254.0	2.0
2255.0	2.0
2256.0	1.0
2257.0	1.0
2258.0	3.0
2260.0	1.0
2261.0	3.0
2262.0	1.0
2263.0	2.0
2266.0	3.0
2267.0	3.0
2270.0	1.0
2271.0	1.0
2273.0	1.0
2275.0	1.0
2276.0	2.0
2278.0	4.0
2281.0	1.0
2282.0	1.0
2283.0	4.0
2284.0	2.0
2285.0	1.0
2287.0	1.0
2288.0	1.0
2289.0	3.0
2291.0	1.0
2292.0	2.0
2294.0	2.0
2296.0	4.0
2297.0	1.0
2298.0	2.0
2299.0	3.0
2300.0	3.0
2301.0	3.0
2302.0	1.0
2303.0	2.0
2304.0	2.0
2305.0	3.0
2307.0	1.0
2308.0	1.0
2309.0	2.0
2310.0	1.0
2311.0	1.0
2312.0	2.0
2313.0	1.0
2317.0	2.0
2318.0	2.0
2321.0	3.0
2322.0	1.0
2324.0	2.0
2325.0	2.0
2326.0	1.0
2327.0	1.0
2329.0	3.0
2332.0	1.0
2333.0	1.0
2334.0	1.0
2335.0	1.0
2336.0	1.0
2339.0	1.0
2341.0	1.0
2344.0	1.0
2347.0	1.0
2348.0	3.0
2350.0	3.0
2351.0	1.0
2353.0	2.0
2354.0	1.0
2355.0	2.0
2356.0	2.0
2357.0	3.0
2359.0	1.0
2362.0	1.0
2364.0	1.0
2366.0	1.0
2367.0	1.0
2369.0	1.0
2371.0	1.0
2375.0	1.0
2376.0	2.0
2377.0	1.0
2387.0	1.0
2393.0	1.0
2394.0	1.0
2400.0	1.0
2403.0	2.0
2404.0	3.0
2405.0	1.0
2406.0	1.0
2407.0	1.0
2410.0	2.0
2411.0	3.0
2421.0	1.0
2423.0	1.0
2429.0	1.0
2431.0	1.0
2432.0	1.0
2433.0	1.0
2434.0	2.0
2437.0	1.0
2438.0	1.0
2440.0	2.0
2445.0	2.0
2448.0	1.0
2450.0	2.0
2451.0	1.0
2453.0	1.0
2454.0	1.0
2458.0	1.0
2459.0	4.0
2460.0	1.0
2461.0	1.0
2462.0	1.0
2472.0	2.0
2477.0	1.0
2483.0	1.0
2484.0	2.0
2487.0	1.0
2489.0	1.0
2495.0	3.0
2498.0	1.0
2502.0	2.0
2504.0	2.0
2505.0	3.0
2507.0	3.0
2508.0	2.0
2511.0	2.0
2512.0	2.0
2518.0	2.0
2519.0	1.0
2524.0	2.0
2531.0	2.0
2533.0	1.0
2537.0	1.0
2556.0	1.0
2563.0	2.0
2568.0	2.0
2575.0	1.0
2580.0	1.0
2589.0	2.0
2591.0	1.0
2596.0	1.0
2597.0	1.0
2608.0	1.0
2616.0	1.0
2625.0	1.0
2627.0	1.0
2648.0	1.0
2653.0	1.0
2657.0	1.0
2662.0	1.0
2665.0	1.0
2674.0	1.0
2678.0	1.0
2693.0	1.0
2701.0	1.0
2703.0	1.0
