#GC Content (%)	Sample
1.0	0.0
2.0	0.0
3.0	0.0
4.0	0.0
5.0	0.0
6.0	0.0
7.0	0.0
8.0	0.0
9.0	0.0
10.0	1.989693388248871E-5
11.0	0.0
12.0	0.0
13.0	0.0
14.0	0.0
15.0	1.989693388248871E-5
16.0	0.0
17.0	1.989693388248871E-5
18.0	3.979386776497742E-5
19.0	9.948466941244355E-5
20.0	7.958773552995484E-5
21.0	3.979386776497742E-5
22.0	1.790724049423984E-4
23.0	6.963926858871048E-4
24.0	0.002447322867546111
25.0	0.0032233032889631705
26.0	0.002049384189896337
27.0	0.007859288883583039
28.0	0.009590322131359559
29.0	0.007202690065460913
30.0	0.015559402296106169
31.0	0.03458087108776538
32.0	0.03852046399649814
33.0	0.037028193955311484
34.0	0.06424719950655604
35.0	0.06506297379573808
36.0	0.05248811158200521
37.0	0.07316102588591099
38.0	0.0851389800831692
39.0	0.07636443224099167
40.0	0.042838098648998194
41.0	0.07310133508426352
42.0	0.06603792355598002
43.0	0.039017887343560355
44.0	0.040012734037684794
45.0	0.04236057223581846
46.0	0.03318808571599117
47.0	0.01663383672576056
48.0	0.021647864064147718
49.0	0.014206410792096936
50.0	0.013032491693030102
51.0	0.006705266718398694
52.0	0.005790007759804215
53.0	0.00354165423108299
54.0	0.0018902087188364274
55.0	0.0015320639089516307
56.0	0.0017509301816590063
57.0	5.372172148271951E-4
58.0	2.785570743548419E-4
59.0	1.1938160329493227E-4
60.0	3.979386776497742E-5
61.0	0.0
62.0	0.0
63.0	0.0
64.0	0.0
65.0	0.0
66.0	0.0
67.0	0.0
68.0	0.0
69.0	0.0
70.0	0.0
71.0	0.0
72.0	0.0
73.0	0.0
74.0	0.0
75.0	0.0
76.0	0.0
77.0	0.0
78.0	0.0
79.0	0.0
80.0	0.0
81.0	0.0
82.0	0.0
83.0	0.0
84.0	0.0
85.0	0.0
86.0	0.0
87.0	0.0
88.0	0.0
89.0	0.0
90.0	0.0
91.0	0.0
92.0	0.0
93.0	0.0
94.0	0.0
95.0	0.0
96.0	0.0
97.0	0.0
98.0	0.0
99.0	0.0
100.0	1.989693388248871E-5
