#Position (bp)	mapping quality
38.0	59.55053629192441
113.0	59.23317949588652
188.0	59.21440106393084
263.0	59.077215614630326
338.0	59.40461155414427
413.0	59.37671516108417
488.0	59.293453467153284
563.0	59.26545476077688
638.0	59.32847306601863
713.0	59.5401745633602
788.0	59.52204852897158
863.0	59.497521998584
938.0	59.3980010097639
1013.0	56.541792214578074
1088.0	51.72439894748225
1163.0	52.43581189611288
1238.0	50.934352411423156
1313.0	42.73657289002558
1388.0	17.868649318463444
1463.0	17.509835686183752
1538.0	20.6110014588518
1613.0	46.4001540421246
1688.0	47.2712146422629
1763.0	45.74724063523604
1838.0	46.739249718427814
1913.0	51.96714428174041
1988.0	49.973794549266245
2063.0	50.43679310129351
2138.0	50.11765465720837
2213.0	49.10715345095573
2288.0	47.19515766865176
2363.0	46.4045842217484
2438.0	49.52823086574655
2513.0	49.08247716894977
2588.0	50.57929081507018
2663.0	48.95194772374454
2738.0	48.42222082098493
2813.0	49.09453776521181
2888.0	52.62199434229137
2963.0	51.445570857970424
3038.0	47.74532819983097
3113.0	48.78084142394822
3188.0	43.936193946605194
3263.0	36.29693300901626
3338.0	37.15796151406217
3413.0	37.43379011335342
3488.0	38.17961410243459
3563.0	31.218548046814274
3638.0	29.41531782360436
3713.0	32.61409736308316
3788.0	41.1067700740568
3863.0	42.48614902299938
3938.0	44.27741317190931
4013.0	45.29161417724967
4088.0	52.408679609944656
4163.0	50.701017270866906
4238.0	46.20471403015054
4313.0	47.58875795339031
4388.0	45.390538444493686
4463.0	38.298522669383594
4538.0	35.695517774343124
4613.0	35.92914225312326
4688.0	35.390721073225265
4763.0	30.905706512760077
4838.0	32.20069662944996
4913.0	34.38247359692764
4988.0	27.535640546652246
5063.0	15.154324131608435
5138.0	14.76341342284178
5213.0	16.01238946895139
5288.0	34.99621412887105
5363.0	42.311061111334325
5438.0	42.85508240301473
5513.0	43.427826749055555
5588.0	50.14154133600619
5663.0	51.768506306781575
5738.0	53.45148315736551
5813.0	51.734698291399326
5888.0	51.435355491286316
5963.0	39.657767679636464
6038.0	30.564991097109985
6113.0	33.27800055954491
6188.0	45.480005067353574
6263.0	50.16160968742489
6338.0	47.58043897471454
6413.0	47.101188332733166
6488.0	49.01762612678801
6563.0	45.18371040723982
6638.0	43.86625124345427
6713.0	45.272166538164996
6788.0	45.88710653020735
6863.0	35.8521195124582
6938.0	19.838557782860217
7013.0	26.070995605394756
7088.0	28.638369405337254
7163.0	24.387266111232627
7238.0	22.410912906610704
7313.0	29.22416015121574
7388.0	38.49630198828162
7463.0	37.115622963597104
7538.0	37.438687979442996
7613.0	40.04210526315789
7688.0	46.35914032408779
7763.0	44.07449780497539
7838.0	42.249678758525256
7913.0	44.90910160616579
7988.0	48.205229247532166
8063.0	41.413249211356465
8138.0	42.66897746967071
8213.0	43.35398894045072
8288.0	46.55199526737107
8363.0	41.57289304368349
8438.0	38.875973552318875
8513.0	39.19523512708636
8588.0	39.009521491801785
8663.0	36.0873332178132
8738.0	33.774799199331085
8813.0	34.80747699946454
8888.0	35.88495008212859
8963.0	45.71403013830592
9038.0	45.5792759051186
9113.0	46.000457844629075
9188.0	46.771605448842344
9263.0	43.020670842759486
9338.0	40.36270898271465
9413.0	41.679619349722444
9488.0	49.32640040242482
9563.0	52.63229509939407
9638.0	50.564270746299336
9713.0	48.93711683473936
9788.0	47.92820422187453
9863.0	28.258355546442484
9938.0	12.101984405297248
10013.0	8.325358851674642
10088.0	33.61933218964087
10163.0	48.16030592734226
10238.0	47.20764196469888
10313.0	47.06861702423841
10388.0	49.30494977454968
10463.0	41.055980681688396
10538.0	35.93645398302538
10613.0	35.92765908878675
10688.0	43.77842639060958
10763.0	44.73940318529137
10838.0	42.93926191508277
10913.0	43.17090139579378
10988.0	45.234783937645666
11063.0	46.07235701906413
11138.0	42.875038869885834
11213.0	43.79088625662051
11288.0	44.86858573216521
11363.0	50.84567447811767
11438.0	47.449861379075536
11513.0	47.577552035690786
11588.0	50.03655177739453
11663.0	48.714516905043084
11738.0	40.11134903640257
11813.0	39.53844933780962
11888.0	45.296523776356615
11963.0	46.72394868628662
12038.0	45.38268069476437
12113.0	47.69990025766769
12188.0	50.69400655717082
12263.0	45.383487007544005
12338.0	46.19637150989191
12413.0	49.66843969314009
12488.0	50.279394038899724
12563.0	47.14505239938902
12638.0	46.06967114738358
12713.0	47.98079163322892
12788.0	47.487766115056885
12863.0	46.011600102265376
12938.0	46.289538729158785
13013.0	49.434485265716944
13088.0	52.08411761914554
13163.0	53.30263885095685
13238.0	53.33986308898788
13313.0	53.74375082326001
13388.0	41.65319783453334
13463.0	11.731599063000862
13538.0	10.349178837902391
13613.0	27.536898839137645
13688.0	44.09989340642607
13763.0	44.67970660146699
13838.0	44.05531610369155
13913.0	40.65421659365376
13988.0	32.68027316295698
14063.0	27.625992694555016
14138.0	29.206345245744156
14213.0	33.326362406200026
14288.0	36.68223797250859
14363.0	33.904826764280244
14438.0	32.285846482760824
14513.0	34.68513193176077
14588.0	34.463305629606396
14663.0	30.091602001928464
14738.0	29.896539174739615
14813.0	30.33758516469443
14888.0	31.50855399487143
14963.0	26.942201188837362
15038.0	25.95668789808917
15113.0	26.959713927036177
15188.0	39.84405458089669
15263.0	45.505092929978474
15338.0	44.59970801884283
15413.0	44.40733548566624
15488.0	45.39826281871673
15563.0	46.08538008260866
15638.0	44.65136825737139
15713.0	45.102610661915854
15788.0	45.370385434227096
15863.0	41.79523543384099
15938.0	30.019158712127634
16013.0	28.79520901831846
16088.0	31.437554416174905
16163.0	31.832566430600224
16238.0	19.359360649662438
16313.0	18.167223636529485
16388.0	16.786739195613997
16463.0	19.78619601090544
16538.0	11.821213887747398
16613.0	11.075561077890812
16688.0	13.949344882407763
16763.0	26.73040546097541
16838.0	37.85692363494322
16913.0	38.7381996481106
16988.0	38.30366053160415
17063.0	40.99465227846436
17138.0	45.09856070087609
17213.0	43.75463605872739
17288.0	41.46458060020477
17363.0	42.78540232544687
17438.0	41.64376590330789
17513.0	36.40450774582974
17588.0	33.97256829226959
17663.0	36.90173780576552
17738.0	33.38126439609097
17813.0	23.963580770162267
17888.0	23.139313420355833
17963.0	25.29864942675345
18038.0	35.933217749965884
18113.0	37.38662538052744
18188.0	35.68021494720819
18263.0	37.2635801437406
18338.0	32.90152933743889
18413.0	25.159817351598175
18488.0	25.493314006160535
18563.0	25.357228613215167
18638.0	40.51507028708232
18713.0	40.266383761696765
18788.0	41.098376730356215
18863.0	41.80432738973258
18938.0	41.624116790558666
19013.0	31.3718753702168
19088.0	31.396934367047404
19163.0	29.97968855788761
19238.0	29.021415156623572
19313.0	4.853318727963578
19388.0	1.8439545629572585
19463.0	1.6694821178628312
19538.0	2.7724740036199735
19613.0	14.67210119465917
19688.0	15.347252990695614
19763.0	16.272767538348894
19838.0	19.374343900902794
19913.0	19.875087090673834
19988.0	12.670508467943137
20063.0	13.078497366608794
20138.0	14.363072046490128
20213.0	9.908359479357584
20288.0	2.6721022006802317
20363.0	2.263623994462082
20438.0	2.7846574175921655
20513.0	31.943365667612895
20588.0	29.137580935596336
20663.0	30.347675110584856
20738.0	30.598740837616717
20813.0	38.36996992696549
20888.0	30.761347618557885
20963.0	25.758494629750334
21038.0	25.827617902849465
21113.0	26.279355333844972
21188.0	3.9249083399081077
21263.0	3.0547536850043007
21338.0	3.257332049686524
21413.0	5.163047178160529
21488.0	4.606180084357234
21563.0	4.27924580875865
21638.0	5.826727066817667
21713.0	4.419269380925822
21788.0	0.47633861354105744
21863.0	0.4622622722294135
21938.0	0.26001598561294836
22013.0	0.49923510316779224
22088.0	3.423340311535323
22163.0	2.5039063439024978
22238.0	2.5895032464804792
22313.0	2.6755027203221244
22388.0	0.27717085960422
22463.0	0.2510617037222083
22538.0	11.121442803862463
22613.0	20.19024317171818
22688.0	22.651774905299334
22763.0	20.733717309319772
22838.0	24.61965574680733
22913.0	13.089282561356011
22988.0	11.873352516248465
23063.0	13.664419388585378
23138.0	21.742533371746855
23213.0	28.827692367900962
23288.0	30.159321229085183
23363.0	30.909866328731404
23438.0	33.33363120503999
23513.0	35.312858693966184
23588.0	30.789560621076973
23663.0	30.802431387896874
23738.0	32.56838512849682
23813.0	28.332559897110883
23888.0	21.847138842764082
23963.0	20.175323106152142
24038.0	23.039944317698463
24113.0	34.59338284223695
24188.0	37.71519198487633
24263.0	38.64342777095409
24338.0	35.71535753448375
24413.0	36.398954430209336
24488.0	18.692309957882955
24563.0	17.06983103420129
24638.0	17.261960385982732
24713.0	29.527210046786507
24788.0	33.1264809764385
24863.0	30.463618244316706
24938.0	31.84007946362056
25013.0	37.15919890791588
25088.0	26.71424373451996
25163.0	26.09320345172629
25238.0	25.976881291352367
25313.0	36.210547224153345
25388.0	40.99834385400518
25463.0	40.28427900848225
25538.0	40.54254368143031
25613.0	45.50699768342107
25688.0	44.716842824116135
25763.0	43.04534586298932
25838.0	45.356891986815796
25913.0	51.9481169910985
25988.0	55.93508033836101
26063.0	55.60751586380583
26138.0	54.0751849630074
26213.0	55.55500638411796
26288.0	56.91330371240774
26363.0	52.748864224509745
26438.0	54.4205818536067
26513.0	56.26655604610507
26588.0	57.02460612497787
26663.0	56.76433219112155
26738.0	56.62853702588802
26813.0	56.71757215951256
26888.0	56.555730198865575
26963.0	54.74019883699118
27038.0	55.32393843871686
27113.0	56.40858315285535
27188.0	58.72703438539881
27263.0	58.86950059985317
27338.0	58.56963357897239
27413.0	58.816393165761255
27488.0	58.4503572459806
27563.0	12.470765748774047
27638.0	13.028890959925443
27713.0	22.61682242990654
27788.0	49.46708463949843
27863.0	56.076398617726724
27938.0	56.310017132063315
28013.0	56.80677167150297
28088.0	57.334672729195304
28163.0	55.50389097526037
28238.0	43.52933886857922
28313.0	52.120150943396226
28388.0	55.28190036328818
28463.0	57.839325298748946
28538.0	56.86619632351146
28613.0	57.2064314562219
28688.0	57.23729670968367
28763.0	52.437987655758704
28838.0	15.99204375932372
28913.0	14.992371588404815
28988.0	51.30199458755137
29063.0	57.970109875967246
29138.0	58.160840741848205
29213.0	58.09384523499594
29288.0	59.93303766813527
29363.0	59.83291471005788
29438.0	58.4794728839331
29513.0	59.74391922900413
29588.0	59.99708808541616
29663.0	59.99545810098155
29738.0	59.99825965889314
29813.0	59.9948342660353
29877.0	60.0
