#Read position (bp)	Clipping profile
0.0	13.319185017816096
1.0	0.08528199422631097
2.0	0.07204858132912478
3.0	0.06469668527513245
4.0	0.06420655887153297
5.0	0.06371643246793349
6.0	0.06273617966073451
7.0	0.06224605325713501
8.0	0.06028554764273707
9.0	0.05832504202833911
10.0	0.05832504202833911
11.0	0.055874410010341664
12.0	0.053913904395943714
13.0	0.05146327237794627
14.0	0.04705213474555087
15.0	0.04019036509515804
16.0	0.03675948026996163
17.0	0.033818721848364694
18.0	0.033818721848364694
19.0	0.031368089830367256
20.0	0.02891745781236981
21.0	0.02254581456557646
22.0	0.022055688161976974
23.0	0.021565561758377483
24.0	0.020585308951178508
25.0	0.02009518254757902
26.0	0.018624803336780557
27.0	0.018624803336780557
28.0	0.018624803336780557
29.0	0.018134676933181066
30.0	0.3715158139284121
31.0	0.01764455052958158
32.0	0.24506320179974417
33.0	0.16174171318783112
34.0	0.05783491562473962
35.0	0.3837689740183994
36.0	0.010782780879188741
37.0	0.11959084247827514
38.0	0.06469668527513245
39.0	0.26907939557611904
40.0	11.646873728734642
41.0	0.17252449406701986
42.0	0.49943880526787854
43.0	0.1176303368638772
44.0	0.3769072043680065
45.0	27.214268559861587
46.0	14.080351322606099
47.0	0.17840601091021374
48.0	0.08038073019031608
49.0	0.007842022457591814
50.0	0.007351896053992325
51.0	0.006861769650392837
52.0	0.006861769650392837
53.0	1.4110739159629269
54.0	0.006861769650392837
55.0	0.7940047738311711
56.0	0.006371643246793348
57.0	0.005881516843193859
58.0	0.005881516843193859
59.0	0.005391390439594371
60.0	0.084301741419112
61.0	1.6904459660146351
62.0	0.005391390439594371
63.0	0.004901264035994883
64.0	0.004901264035994883
65.0	23.778972597032773
66.0	0.005391390439594371
67.0	0.005391390439594371
68.0	0.005391390439594371
69.0	0.005391390439594371
70.0	0.005391390439594371
71.0	0.005881516843193859
72.0	0.005881516843193859
73.0	0.005881516843193859
74.0	0.005881516843193859
75.0	0.005391390439594371
76.0	0.005881516843193859
77.0	0.005391390439594371
78.0	0.004411137632395395
79.0	0.004411137632395395
80.0	0.06469668527513245
81.0	0.015684044915183628
82.0	0.004411137632395395
83.0	0.004411137632395395
84.0	0.004901264035994883
85.0	0.055874410010341664
86.0	0.013723539300785674
87.0	0.006371643246793348
88.0	0.006371643246793348
89.0	0.006371643246793348
90.0	0.006371643246793348
91.0	0.006371643246793348
92.0	0.005881516843193859
93.0	0.006861769650392837
94.0	0.006371643246793348
95.0	0.006371643246793348
96.0	0.006861769650392837
97.0	0.006861769650392837
98.0	0.007842022457591814
99.0	0.008332148861191302
100.0	0.00882227526479079
101.0	0.06665719088953041
102.0	0.008332148861191302
103.0	0.008332148861191302
104.0	0.007842022457591814
105.0	0.007842022457591814
106.0	0.007842022457591814
107.0	0.007842022457591814
108.0	0.007842022457591814
109.0	0.007842022457591814
110.0	0.009312401668390279
111.0	0.009802528071989766
112.0	0.009802528071989766
113.0	0.009802528071989766
114.0	0.009312401668390279
115.0	0.009312401668390279
116.0	0.008332148861191302
117.0	0.007842022457591814
118.0	0.007351896053992325
119.0	0.007842022457591814
120.0	0.008332148861191302
121.0	0.009312401668390279
122.0	0.010292654475589254
123.0	0.01127290728278823
124.0	0.01127290728278823
125.0	0.010782780879188741
126.0	0.010782780879188741
127.0	0.01127290728278823
128.0	0.01127290728278823
129.0	0.01127290728278823
130.0	0.011763033686387718
131.0	0.012253160089987206
132.0	0.010292654475589254
133.0	0.009802528071989766
134.0	0.009802528071989766
135.0	0.00882227526479079
136.0	0.009312401668390279
137.0	0.00882227526479079
138.0	0.009312401668390279
139.0	0.00882227526479079
140.0	0.00882227526479079
141.0	0.00882227526479079
142.0	0.008332148861191302
143.0	0.009802528071989766
144.0	0.007351896053992325
145.0	0.007351896053992325
146.0	0.006371643246793348
147.0	0.005881516843193859
148.0	0.006371643246793348
149.0	0.006861769650392837
150.0	0.006861769650392837
151.0	0.005391390439594371
152.0	0.005881516843193859
153.0	0.006861769650392837
154.0	0.006861769650392837
155.0	0.006371643246793348
156.0	0.006861769650392837
157.0	0.007351896053992325
158.0	0.006861769650392837
159.0	0.006861769650392837
160.0	0.006861769650392837
161.0	0.007351896053992325
162.0	0.009312401668390279
163.0	0.009312401668390279
164.0	0.009312401668390279
165.0	0.009312401668390279
166.0	0.009802528071989766
167.0	0.010292654475589254
168.0	0.009802528071989766
169.0	0.010292654475589254
170.0	0.010782780879188741
171.0	0.010782780879188741
172.0	0.010782780879188741
173.0	0.010782780879188741
174.0	0.010782780879188741
175.0	0.01127290728278823
176.0	0.01127290728278823
177.0	0.011763033686387718
178.0	0.013723539300785674
179.0	0.013723539300785674
180.0	0.01421366570438516
181.0	0.015193918511584139
182.0	0.015193918511584139
183.0	0.015684044915183628
184.0	0.016664297722382603
185.0	0.01764455052958158
186.0	0.01764455052958158
187.0	0.016664297722382603
188.0	0.016664297722382603
189.0	0.016664297722382603
190.0	0.015684044915183628
191.0	0.015193918511584139
192.0	0.015193918511584139
193.0	0.015684044915183628
194.0	0.015193918511584139
195.0	0.015193918511584139
196.0	0.016664297722382603
197.0	0.020585308951178508
198.0	0.023526067372775437
199.0	0.023035940969175953
200.0	0.01715442412598209
201.0	0.003921011228795907
202.0	0.003921011228795907
203.0	0.003921011228795907
204.0	0.003921011228795907
205.0	0.003921011228795907
206.0	0.003921011228795907
207.0	0.0034308848251964185
208.0	0.0034308848251964185
209.0	0.0034308848251964185
210.0	0.0034308848251964185
211.0	0.0034308848251964185
212.0	0.0034308848251964185
213.0	0.0034308848251964185
214.0	0.0034308848251964185
215.0	0.0034308848251964185
216.0	0.0034308848251964185
217.0	0.0034308848251964185
218.0	0.0029407584215969296
219.0	0.0029407584215969296
220.0	0.0014703792107984648
