# Position (bp)	A	C	G	T	N
0.0	32.354374523737796	14.528876995870919	26.820429211930037	26.289452232008365	0.0068670364528876995
1.0	27.663447909284194	17.447510630758327	20.78556874557052	34.09860028348689	0.004872430900070872
2.0	29.98225418286368	19.480398938344887	18.973659726718836	31.561698206191807	0.0019889458807825842
3.0	30.754381016184198	18.572599696766687	20.262640598004303	30.41015831599732	2.2037304749479922E-4
4.0	31.937964393478218	18.21444347503126	20.03674491076393	29.810407688301183	4.3953242540585325E-4
5.0	32.04223192063659	18.252664142741963	20.16970764538858	29.533643565744732	0.0017527254881340483
6.0	28.09501447059466	18.225304428548025	17.76486648828701	35.91437776442964	4.368481406651013E-4
7.0	27.365212753219325	19.638607987634295	19.721336279621624	33.27418986143011	6.531180946368119E-4
8.0	26.182981040628466	19.281544172363446	20.28429294496163	34.250530988234736	6.508538117253484E-4
9.0	29.8799571182792	17.653911660196943	19.88402050714551	32.581462301261375	6.484131169650808E-4
10.0	28.64489968284611	20.499948290126863	21.202125275785992	29.651734004412578	0.0012927468284611142
11.0	26.81020007644045	20.180923383477698	20.33444844778645	32.67399865155608	4.294407393251769E-4
12.0	28.07274314582651	19.202384544114278	20.598789326041043	32.125655032813164	4.2795120500360544E-4
13.0	28.86693792597521	18.54245037575385	21.178058704608848	31.412126485315316	4.2650834676834627E-4
14.0	28.610308454157124	18.769840510468562	20.98942619064325	31.63021222037239	2.1262435867177817E-4
15.0	28.645129018173186	18.619778971330707	21.41443087449183	31.32002526526408	6.358707401959329E-4
16.0	29.17052307718315	18.8964115307731	21.366416052810635	30.566226718902538	4.226203305736226E-4
17.0	27.980261522188933	20.01618184346595	20.633746728865628	31.3693885033059	4.214021735924114E-4
18.0	28.337078651685392	19.48671637089153	20.548356610311878	31.627218313556654	6.30053554552137E-4
19.0	27.710355987055017	18.72348542012509	21.21879034827372	32.3469490417023	4.1920284387209284E-4
20.0	27.92839185197745	18.78290430825332	20.120323794093082	33.16775205092618	6.279947499638902E-4
21.0	28.139238389834055	18.598837938385653	20.785854616895875	32.47523303933453	8.360155498892279E-4
22.0	28.336941703080925	18.88579666331927	20.21967560164433	32.556750922274254	8.35109681217757E-4
23.0	28.055942539187306	18.454322491303294	19.31711060872757	34.17220725267575	4.171081060789336E-4
24.0	28.50093666713205	18.283659065666722	19.093839668426085	34.121356218990485	2.0837978466033054E-4
25.0	30.048409405255878	18.250595743971736	19.363345498175274	32.337024446333054	6.249062640603909E-4
26.0	28.65932426575991	18.69916158282495	18.816881688168817	33.823799046571324	8.334166750008335E-4
27.0	29.706697219039686	18.39870846786793	18.9911467555463	32.90261431100927	8.332465368190813E-4
28.0	29.39962300698791	18.29978234381346	18.884433937702426	33.41511929433573	0.0010414171604719703
29.0	29.51597200842077	18.556070528128874	18.530691718187036	33.3968496991987	4.1604606462027473E-4
30.0	29.694061437424306	18.377331163615327	19.127507002334806	32.80068421030727	4.161863182909725E-4
31.0	29.53861208852985	18.46717608111766	19.295633887859417	32.69816152741053	4.164150825542901E-4
32.0	29.438676278887684	18.8916792650066	19.049106454931263	32.62012152712704	4.1647404741973503E-4
33.0	29.72872174184811	17.828523804562977	20.130638608188352	32.31128242525263	8.334201479320763E-4
34.0	29.58684473274455	19.052333834291822	19.74978478239572	31.610619764167364	4.168864005402848E-4
35.0	29.03577556819959	19.16814871494426	19.437940574902683	32.35771815298908	4.169889643870575E-4
36.0	29.12752181821216	18.304353630250137	20.186226575667064	32.381480801642	4.171742286448512E-4
37.0	29.002987117014882	18.5457829917896	20.859547092984446	31.591265603097256	4.1719511381082706E-4
38.0	29.82640243508085	18.35031199994993	19.609786221097497	32.21287346633927	6.258775324569657E-4
39.0	29.627518411101576	18.72722755014898	19.345489776018272	32.29913785723383	6.264054973346446E-4
40.0	29.70317935509767	18.48094226652395	19.901700896440996	31.913550307733473	6.271742039068772E-4
41.0	30.189512088482207	18.529257327668265	19.563530167337145	31.717072823769865	6.275927425175256E-4
42.0	29.95447603444989	18.47795345368308	19.76343459779482	31.803088422918268	0.001047491153937205
43.0	30.336416945756646	18.373621491115927	19.739660397446485	31.54925326839165	0.001047897289299292
44.0	31.10868881668588	17.919505292946234	18.7359815532963	32.234776228906824	0.0010481081647626036
45.0	30.501524793093758	18.31282797733155	19.389201864148696	31.79476746380976	0.001677901616238732
46.0	29.71403394666723	18.517927952499843	19.70060634034786	32.06680234143885	6.294190462203386E-4
47.0	29.236678876166287	19.224189502629066	19.706552198234697	31.83152989578195	0.0010495271880018053
48.0	29.223301990859905	18.825865419971635	19.5371119399065	32.41330041498135	4.202342806114409E-4
49.0	29.812545591762685	19.015154859582626	19.714140961846923	31.45752792265535	6.306641524189123E-4
50.0	28.547903026683013	19.543568377461508	19.691001133612776	32.21689650893535	6.309533073520782E-4
51.0	29.312328934274994	18.25619728651103	19.881597798577406	32.54945521943748	4.207611990852651E-4
52.0	28.546970028808733	18.935635224152165	20.50958606398571	32.00759809289553	2.1059015785838235E-4
53.0	29.46073040312488	19.543361101630282	19.554948782450772	31.440749027688238	2.1068510582712867E-4
54.0	28.16460565336616	19.1057724531714	20.18071717782747	32.5482723952087	6.323204262682768E-4
55.0	28.606148754755957	19.812607371338835	19.832843245749938	31.74818983779682	2.1079035844900453E-4
56.0	29.462576024699068	18.62489139328705	19.319130808877492	32.59297999949387	4.2177364252153155E-4
57.0	28.996572798487303	18.380267423014587	20.54611527552674	32.07641139924365	6.331037277147488E-4
58.0	28.386599841730416	18.954576628857822	20.554787654972305	32.10276971775257	0.0012661566868900026
59.0	28.12507255094395	18.877597323793545	20.045166260381382	32.951108578423614	0.001055286457508891
60.0	28.560716631779943	18.85256116442103	20.729262816383173	31.8568257233803	6.336640355527768E-4
61.0	28.64425458645249	18.81265190343331	21.061192890126094	31.480208397232367	0.001692222755742452
62.0	28.68297717543949	18.898152378051876	19.786432160804022	32.63095781940003	0.0014804663045869077
63.0	28.354873457502077	18.325436110799547	20.122151233046015	33.196692689760845	8.465088915177694E-4
64.0	27.810835076782343	18.98594794216549	20.593591448488493	32.60877851280271	8.470197609710236E-4
65.0	28.40855137096637	19.49303070896851	19.77896664575314	32.31923931290591	2.1196140606718328E-4
66.0	28.711083608652256	18.69533798002446	19.97660407267148	32.61633857975701	6.357588947967373E-4
67.0	28.9313789506712	19.833069036574713	20.11715271829923	31.117551283464636	8.480109902224333E-4
68.0	29.213032687779734	18.799185457013767	19.602486053072564	32.384447319856605	8.484822773264323E-4
69.0	29.07206558866549	18.971377136949457	19.833268585330437	32.122651823452365	6.368656022519568E-4
70.0	29.62450177418293	18.73711301895647	20.86315963824081	30.77501321877767	2.123498421178924E-4
71.0	29.74507920859396	19.379334375849876	19.54824755235246	31.327126393799293	2.1246940440576556E-4
72.0	29.83847314616055	18.56177339482689	19.69713714905103	31.90261630996153	0.0
73.0	29.4375821735079	18.681947570642624	20.5624178264921	31.31805242935738	0.0
74.0	29.339223931441953	19.853728642146166	18.503007398733168	32.30404002767872	0.0
75.0	29.377525239064852	18.606227945801308	20.12003880472906	31.896208010404788	0.0
76.0	30.344239036514725	19.34800465101394	19.194819879884363	31.11272308332356	2.1334926341166807E-4
77.0	29.654320302680464	18.631578722741367	19.34239980538312	32.37148777349327	2.1339570178377466E-4
78.0	29.54768455278296	18.00710998240675	20.06870560269179	32.376286092352814	2.1376976568695982E-4
79.0	29.711764491596792	18.56484388225437	20.1784141582756	31.54454889675079	4.2857112244919823E-4
80.0	29.11891040632335	18.68383674975648	20.189580374268907	32.007457915130814	2.1455452044919133E-4
81.0	29.100572310324154	18.397531092375573	20.693434657118846	31.80824702830604	2.149118753854982E-4
82.0	28.99167620703606	19.072848252175632	20.85058490354902	31.08467544093722	2.1519630206674528E-4
83.0	29.732775412407562	18.56006412355851	19.72122627686898	31.985287780325102	6.464068398462414E-4
84.0	28.844426983948818	18.922740184946942	20.60707840817842	31.625322707374565	4.317155512575874E-4
85.0	29.832417689291933	18.49219145101124	20.48441964305011	31.19053896926289	4.322473838227094E-4
86.0	29.575498347320323	18.238137396450472	20.010736465235283	32.17519486900863	4.3292198529364014E-4
87.0	30.36546565368925	17.606157676600525	19.709032863931224	32.319343805779006	0.0
88.0	29.402284870335784	18.020503018982666	20.656357239042613	31.920203292645844	6.515789930932627E-4
89.0	29.141748687592695	18.568334340925794	19.222254600493212	33.06679250699153	8.69863996764106E-4
90.0	29.813705196644513	17.87841812833642	19.95772960017431	32.3481860769147	0.001960997930057741
91.0	29.900272737793948	18.93049226005516	18.872843919301058	32.29573598806854	6.550947812966073E-4
92.0	29.37651740467257	17.84522526971834	19.22807124891009	33.54821932356804	0.0019667531309617205
93.0	29.59416234819675	17.861279142830245	19.768411788273465	32.77527098535551	8.757353440216833E-4
94.0	29.822714863664768	18.17408369788069	19.65244657873675	32.35031630650484	4.3855321295047637E-4
95.0	29.178978471929085	18.387681159420293	19.77165998311524	32.66058111720839	0.0010992683270015478
96.0	29.078123554267034	18.46903212446191	19.609756742347802	32.8428672767568	2.2030216645150486E-4
97.0	30.091086173388014	18.445556763959083	19.568195505474215	31.894058551930588	0.0011030052480989704
98.0	29.376473345982546	18.364138150649488	19.533527052069648	32.72497689085851	8.845604398034507E-4
99.0	28.94820808941162	18.06667759790475	20.05446415514086	32.92998542009191	6.647374508648234E-4
100.0	28.91873350103351	18.787896280475213	19.984147670884333	32.3083344619422	8.880856647432211E-4
101.0	29.016675047951335	18.800259893995293	19.550125274246017	32.632494759842814	4.450239645404905E-4
102.0	28.44368926410054	19.03545036547458	19.325332584099293	33.19508181368155	4.459726440380147E-4
103.0	29.668013192830138	18.86923064898988	19.532891637022995	31.92941791214754	4.466090094435475E-4
104.0	29.19618866936774	19.157328131047493	19.014817118324412	32.6312186369504	4.474443099625713E-4
105.0	29.07668336864288	19.11468316687404	19.528981852013764	32.27830648686821	0.001345125601103003
106.0	30.09234819605403	18.89330425035324	18.567805500457133	32.44609277949875	4.4927363684762664E-4
107.0	30.085100634877755	18.50421000495295	18.955603584132557	32.45463550812733	4.502679094060966E-4
108.0	28.63581527116967	19.098676570922514	19.83110352025809	32.43417871940502	2.2591824470560596E-4
109.0	30.009737759862315	18.121971103763755	19.38810634539608	32.48018479097785	0.0
110.0	28.910621817529663	18.542834376468505	19.322404818172117	33.2239119725584	2.270152713173015E-4
111.0	29.092245815854344	17.97025973227841	19.78230834188789	33.154958494276606	2.2761570275210146E-4
112.0	28.481554835216798	18.319981176771588	20.121894110202692	33.07656987780892	0.0
113.0	28.933384921461652	18.396586025874957	19.29037324316095	33.37965580950244	0.0
114.0	27.839153293385678	17.706912780953694	20.710104001653008	33.74360033978465	2.2958422297219736E-4
115.0	28.76816363728419	18.345906536377903	20.733587712474858	32.15234211386305	0.0
116.0	27.95132595218029	18.983109551242826	20.676310654952264	32.38925384162462	0.0
117.0	27.7586850173457	18.39733592263608	20.93673743218723	32.90700988832474	2.3173950625580796E-4
118.0	28.494794850399884	18.323195745699564	21.404216647646585	31.777560331623462	2.3242463050294367E-4
119.0	28.690097783830804	18.84758268948678	20.13465390867135	32.32743241068742	2.332073236427917E-4
120.0	28.8971934641226	18.563687855026437	20.739741212182157	31.79914361016723	2.3385850157503702E-4
121.0	29.59012067691658	18.660943602012456	19.904771956983193	31.844163764087767	0.0
122.0	29.845512229105083	18.433328312402327	19.476191372785298	32.24473272956638	2.3535614091242869E-4
123.0	30.077872430799722	18.284210774712697	19.478726667767894	32.159190126719686	0.0
124.0	29.75991740723113	18.117841506181435	19.647986209280795	32.47425487730664	0.0
125.0	30.14270648259874	18.3900865549971	19.124996437088484	32.34221052531567	0.0
126.0	29.900930150511794	18.447349476283783	19.083103298673187	32.56861707453123	0.0
127.0	28.98339484277994	19.235224569314205	19.90919578193585	31.872184805970004	0.0
128.0	29.467031870354294	18.894721780680594	19.56589177113368	32.07235457783143	0.0
129.0	28.52011633075035	19.18563643741908	19.92598890799822	32.36777522270962	4.831011227270092E-4
130.0	28.88639733630378	18.884674282080965	20.529341671945037	31.69910134228351	4.8536738670918486E-4
131.0	28.331473241482158	19.372572336454063	19.725664881303395	32.57028954076038	0.0
132.0	27.936207926512786	18.918502051648662	20.933426693956694	32.21186332788186	0.0
133.0	28.2544407813807	18.872459774639573	20.45047483147173	32.422624612507995	0.0
134.0	27.405921888832292	19.200144412187996	20.42319694953981	32.97048946829608	2.4728114382365884E-4
135.0	28.38344603410099	17.757764175818167	20.96706453641092	32.89122822713119	4.970265387320356E-4
136.0	28.473628362773862	18.91267711129143	20.924286873478557	31.689407652456154	0.0
137.0	29.094142196450605	19.215682340312405	20.2046067877888	31.485067065279548	5.016101686413387E-4
138.0	29.736449903794504	18.568038593155414	20.66135918314853	31.033395789149836	7.565307517141726E-4
139.0	29.128912972401682	19.429582337480642	21.467584836511193	29.973412950858314	5.069027481732492E-4
140.0	29.085078037236766	19.375447373582734	20.03443980548642	31.504780051404975	2.5473228910076956E-4
141.0	29.74398381168274	18.174203711530335	19.280490772403017	32.80029712734212	0.0010245770417899361
142.0	30.35435129169918	18.503581113969823	21.53432898860894	29.60696598134885	7.726243732084772E-4
143.0	30.159979494455474	18.64451101266839	19.9786659486274	31.216584635858297	2.5890839044420916E-4
144.0	30.758214489372392	18.360773551153894	19.060427499759143	31.819803305324605	7.811543899574791E-4
145.0	27.999023939715155	18.936881434913573	19.753938350772977	33.3096315110043	5.247635940009026E-4
146.0	27.758801402478277	19.7041281596995	19.844322782823365	32.691683559187666	0.0010640958111868392
147.0	27.861104177293495	19.184999077500787	19.894509501741894	33.058030626973874	0.0013566164899447585
148.0	29.19123651826195	19.160260201064457	19.45622483174228	32.188336008560725	0.003942440370589395
149.0	29.315320438746678	21.78336126420996	15.79294447906394	33.10141630719527	0.006957510784141715
150.0	24.28192777225578	25.85824604327548	13.021722693715965	36.827909031441415	0.010194459311364274
