#Insert size (bp)	insert size
74.0	1.0
83.0	2.0
94.0	1.0
100.0	1.0
104.0	1.0
105.0	1.0
110.0	2.0
113.0	2.0
115.0	2.0
118.0	1.0
119.0	1.0
120.0	1.0
121.0	1.0
123.0	5.0
124.0	1.0
126.0	1.0
128.0	2.0
129.0	1.0
131.0	2.0
132.0	1.0
133.0	1.0
134.0	1.0
136.0	3.0
137.0	3.0
138.0	1.0
141.0	1.0
143.0	2.0
145.0	1.0
146.0	1.0
152.0	2.0
153.0	2.0
154.0	1.0
155.0	1.0
157.0	3.0
158.0	1.0
159.0	5.0
161.0	2.0
162.0	3.0
163.0	2.0
164.0	2.0
168.0	5.0
169.0	5.0
170.0	4.0
171.0	2.0
172.0	8.0
174.0	1.0
175.0	11.0
176.0	1.0
181.0	4.0
182.0	1.0
185.0	4.0
186.0	3.0
187.0	3.0
188.0	1.0
189.0	2.0
190.0	4.0
191.0	1.0
192.0	7.0
193.0	4.0
194.0	2.0
195.0	2.0
196.0	3.0
197.0	2.0
198.0	2.0
199.0	3.0
200.0	3.0
201.0	2.0
202.0	5.0
204.0	3.0
205.0	2.0
206.0	2.0
207.0	6.0
208.0	1.0
209.0	4.0
210.0	8.0
211.0	3.0
212.0	2.0
213.0	1.0
214.0	4.0
215.0	4.0
216.0	1.0
217.0	2.0
218.0	3.0
219.0	3.0
220.0	1.0
222.0	2.0
223.0	6.0
224.0	3.0
225.0	1.0
227.0	2.0
229.0	5.0
230.0	2.0
231.0	1.0
232.0	4.0
233.0	4.0
234.0	3.0
235.0	1.0
236.0	6.0
237.0	3.0
238.0	3.0
239.0	2.0
240.0	3.0
242.0	4.0
244.0	2.0
245.0	1.0
246.0	2.0
247.0	2.0
248.0	4.0
249.0	4.0
251.0	2.0
253.0	2.0
254.0	3.0
255.0	2.0
257.0	2.0
258.0	4.0
259.0	5.0
260.0	3.0
261.0	7.0
262.0	2.0
263.0	2.0
264.0	2.0
265.0	2.0
266.0	2.0
267.0	3.0
268.0	3.0
269.0	1.0
270.0	3.0
271.0	3.0
272.0	1.0
274.0	2.0
275.0	2.0
276.0	1.0
277.0	4.0
278.0	3.0
279.0	2.0
280.0	3.0
281.0	5.0
282.0	6.0
283.0	3.0
284.0	1.0
285.0	2.0
286.0	5.0
287.0	6.0
288.0	2.0
289.0	1.0
290.0	3.0
291.0	4.0
292.0	7.0
293.0	4.0
294.0	2.0
295.0	1.0
296.0	1.0
297.0	6.0
298.0	4.0
299.0	4.0
300.0	7.0
301.0	6.0
302.0	2.0
303.0	8.0
304.0	8.0
305.0	4.0
306.0	4.0
307.0	2.0
308.0	8.0
309.0	5.0
310.0	7.0
311.0	7.0
312.0	11.0
313.0	5.0
314.0	9.0
315.0	4.0
316.0	3.0
317.0	10.0
318.0	6.0
319.0	7.0
320.0	10.0
321.0	6.0
322.0	11.0
323.0	7.0
324.0	12.0
325.0	6.0
326.0	12.0
327.0	11.0
328.0	3.0
329.0	11.0
330.0	12.0
331.0	16.0
332.0	12.0
333.0	13.0
334.0	9.0
335.0	14.0
336.0	16.0
337.0	17.0
338.0	18.0
339.0	22.0
340.0	14.0
341.0	25.0
342.0	15.0
343.0	25.0
344.0	16.0
345.0	22.0
346.0	26.0
347.0	23.0
348.0	29.0
349.0	32.0
350.0	27.0
351.0	31.0
352.0	33.0
353.0	34.0
354.0	35.0
355.0	43.0
356.0	38.0
357.0	39.0
358.0	33.0
359.0	31.0
360.0	35.0
361.0	39.0
362.0	32.0
363.0	41.0
364.0	40.0
365.0	46.0
366.0	44.0
367.0	41.0
368.0	56.0
369.0	64.0
370.0	70.0
371.0	59.0
372.0	67.0
373.0	90.0
374.0	96.0
375.0	119.0
376.0	128.0
377.0	136.0
378.0	135.0
379.0	138.0
380.0	131.0
381.0	125.0
382.0	114.0
383.0	123.0
384.0	101.0
385.0	98.0
386.0	110.0
387.0	92.0
388.0	93.0
389.0	87.0
390.0	97.0
391.0	99.0
392.0	81.0
393.0	76.0
394.0	64.0
395.0	51.0
396.0	46.0
397.0	42.0
398.0	44.0
399.0	56.0
400.0	51.0
401.0	41.0
402.0	48.0
403.0	43.0
404.0	40.0
405.0	45.0
406.0	35.0
407.0	27.0
408.0	28.0
409.0	32.0
410.0	26.0
411.0	22.0
412.0	21.0
413.0	21.0
414.0	15.0
415.0	9.0
416.0	13.0
417.0	9.0
418.0	5.0
419.0	5.0
420.0	3.0
421.0	2.0
422.0	1.0
423.0	1.0
425.0	1.0
426.0	1.0
428.0	1.0
429.0	4.0
430.0	3.0
431.0	2.0
432.0	2.0
433.0	3.0
436.0	1.0
437.0	3.0
439.0	1.0
440.0	1.0
442.0	1.0
443.0	3.0
445.0	2.0
446.0	3.0
447.0	1.0
448.0	2.0
450.0	2.0
451.0	2.0
453.0	2.0
454.0	2.0
455.0	3.0
456.0	1.0
457.0	1.0
458.0	1.0
459.0	2.0
460.0	2.0
461.0	2.0
463.0	1.0
464.0	1.0
465.0	3.0
466.0	3.0
467.0	4.0
468.0	1.0
470.0	3.0
472.0	1.0
473.0	2.0
474.0	1.0
475.0	2.0
476.0	2.0
477.0	2.0
479.0	1.0
480.0	3.0
481.0	1.0
483.0	2.0
484.0	2.0
485.0	3.0
486.0	5.0
487.0	3.0
488.0	5.0
489.0	7.0
490.0	1.0
492.0	2.0
493.0	4.0
494.0	4.0
495.0	3.0
496.0	4.0
497.0	11.0
498.0	2.0
499.0	1.0
504.0	1.0
505.0	4.0
506.0	1.0
507.0	2.0
508.0	2.0
509.0	1.0
511.0	1.0
512.0	1.0
513.0	1.0
514.0	1.0
515.0	1.0
516.0	1.0
517.0	3.0
518.0	3.0
519.0	2.0
520.0	1.0
521.0	1.0
522.0	1.0
523.0	2.0
524.0	1.0
525.0	1.0
526.0	3.0
527.0	3.0
530.0	1.0
531.0	2.0
532.0	2.0
533.0	1.0
534.0	2.0
535.0	2.0
538.0	1.0
539.0	1.0
540.0	1.0
541.0	4.0
542.0	4.0
543.0	2.0
545.0	1.0
546.0	1.0
547.0	3.0
548.0	1.0
550.0	1.0
551.0	1.0
553.0	1.0
555.0	2.0
557.0	2.0
558.0	2.0
559.0	1.0
560.0	1.0
561.0	2.0
562.0	1.0
563.0	4.0
564.0	2.0
565.0	2.0
566.0	4.0
567.0	1.0
569.0	1.0
570.0	1.0
571.0	1.0
572.0	6.0
573.0	1.0
574.0	1.0
576.0	3.0
577.0	2.0
578.0	1.0
581.0	1.0
582.0	1.0
583.0	1.0
584.0	3.0
586.0	1.0
588.0	4.0
589.0	1.0
590.0	1.0
591.0	2.0
593.0	2.0
594.0	3.0
595.0	1.0
596.0	2.0
597.0	1.0
598.0	5.0
599.0	1.0
600.0	2.0
601.0	3.0
602.0	3.0
603.0	4.0
604.0	5.0
605.0	5.0
606.0	3.0
607.0	4.0
608.0	3.0
609.0	1.0
610.0	1.0
611.0	4.0
612.0	3.0
613.0	8.0
614.0	5.0
615.0	3.0
616.0	3.0
617.0	6.0
618.0	5.0
619.0	3.0
620.0	1.0
621.0	5.0
622.0	3.0
623.0	6.0
624.0	4.0
625.0	4.0
626.0	3.0
627.0	4.0
628.0	7.0
629.0	1.0
630.0	10.0
631.0	3.0
632.0	4.0
633.0	3.0
634.0	3.0
635.0	6.0
636.0	9.0
637.0	1.0
638.0	6.0
639.0	10.0
640.0	6.0
641.0	5.0
642.0	6.0
643.0	2.0
644.0	8.0
645.0	4.0
646.0	4.0
647.0	11.0
648.0	5.0
649.0	4.0
650.0	4.0
651.0	7.0
652.0	5.0
653.0	5.0
654.0	5.0
655.0	6.0
656.0	4.0
657.0	15.0
658.0	9.0
659.0	11.0
660.0	8.0
661.0	6.0
662.0	7.0
663.0	7.0
664.0	5.0
665.0	8.0
666.0	9.0
667.0	8.0
668.0	10.0
669.0	11.0
670.0	8.0
671.0	11.0
672.0	5.0
673.0	11.0
674.0	10.0
675.0	8.0
676.0	14.0
677.0	8.0
678.0	12.0
679.0	11.0
680.0	12.0
681.0	13.0
682.0	4.0
683.0	6.0
684.0	5.0
685.0	5.0
686.0	7.0
687.0	8.0
688.0	9.0
689.0	7.0
690.0	5.0
691.0	6.0
692.0	5.0
693.0	7.0
694.0	13.0
695.0	13.0
696.0	7.0
697.0	11.0
698.0	6.0
699.0	4.0
700.0	13.0
701.0	6.0
702.0	10.0
703.0	5.0
704.0	5.0
705.0	10.0
706.0	7.0
707.0	6.0
708.0	6.0
709.0	5.0
710.0	4.0
711.0	8.0
712.0	5.0
713.0	9.0
714.0	5.0
715.0	6.0
716.0	2.0
717.0	3.0
718.0	4.0
719.0	5.0
720.0	5.0
721.0	3.0
722.0	3.0
723.0	3.0
724.0	5.0
725.0	5.0
726.0	5.0
727.0	3.0
728.0	5.0
729.0	1.0
730.0	2.0
731.0	1.0
732.0	3.0
733.0	2.0
734.0	2.0
735.0	3.0
736.0	2.0
737.0	1.0
741.0	2.0
744.0	1.0
745.0	3.0
746.0	1.0
747.0	1.0
748.0	1.0
749.0	1.0
751.0	2.0
752.0	1.0
753.0	1.0
756.0	1.0
757.0	1.0
758.0	2.0
759.0	3.0
761.0	2.0
762.0	2.0
766.0	2.0
767.0	1.0
768.0	1.0
769.0	4.0
770.0	2.0
773.0	2.0
774.0	1.0
775.0	1.0
777.0	2.0
778.0	2.0
779.0	3.0
780.0	4.0
781.0	2.0
782.0	3.0
783.0	2.0
784.0	1.0
786.0	3.0
787.0	3.0
788.0	2.0
789.0	2.0
790.0	1.0
791.0	1.0
792.0	2.0
793.0	1.0
794.0	1.0
795.0	2.0
796.0	1.0
798.0	1.0
799.0	1.0
800.0	3.0
801.0	2.0
802.0	3.0
803.0	3.0
804.0	1.0
805.0	2.0
806.0	3.0
807.0	2.0
808.0	2.0
810.0	4.0
811.0	1.0
812.0	2.0
813.0	2.0
814.0	2.0
815.0	1.0
816.0	1.0
817.0	1.0
818.0	1.0
819.0	1.0
820.0	1.0
822.0	1.0
823.0	1.0
824.0	2.0
825.0	108.0
826.0	7.0
827.0	3.0
828.0	5.0
829.0	6.0
830.0	2.0
831.0	3.0
833.0	1.0
834.0	1.0
835.0	1.0
836.0	2.0
837.0	1.0
838.0	3.0
841.0	1.0
843.0	1.0
844.0	5.0
845.0	2.0
846.0	2.0
848.0	2.0
852.0	1.0
853.0	1.0
854.0	2.0
855.0	1.0
857.0	1.0
858.0	3.0
860.0	1.0
861.0	1.0
863.0	1.0
864.0	1.0
867.0	3.0
870.0	1.0
871.0	2.0
875.0	1.0
877.0	1.0
880.0	1.0
881.0	1.0
883.0	1.0
885.0	1.0
896.0	1.0
899.0	1.0
904.0	1.0
906.0	1.0
908.0	1.0
909.0	2.0
914.0	1.0
915.0	1.0
918.0	3.0
919.0	2.0
924.0	1.0
932.0	1.0
936.0	1.0
937.0	3.0
939.0	2.0
940.0	1.0
942.0	1.0
944.0	2.0
945.0	3.0
949.0	4.0
950.0	6.0
951.0	1.0
952.0	2.0
953.0	1.0
957.0	2.0
958.0	3.0
960.0	1.0
961.0	1.0
962.0	2.0
963.0	4.0
964.0	4.0
965.0	2.0
966.0	2.0
967.0	2.0
968.0	1.0
970.0	1.0
972.0	1.0
973.0	1.0
974.0	1.0
975.0	1.0
976.0	1.0
977.0	3.0
979.0	1.0
981.0	3.0
982.0	2.0
983.0	2.0
984.0	1.0
986.0	1.0
987.0	1.0
989.0	1.0
992.0	2.0
995.0	2.0
996.0	1.0
997.0	1.0
998.0	3.0
999.0	1.0
1000.0	2.0
1005.0	1.0
1006.0	3.0
1007.0	1.0
1008.0	1.0
1014.0	1.0
1015.0	2.0
1016.0	4.0
1017.0	1.0
1018.0	2.0
1020.0	2.0
1021.0	1.0
1022.0	2.0
1026.0	1.0
1027.0	1.0
1029.0	2.0
1030.0	1.0
1032.0	1.0
1034.0	2.0
1035.0	2.0
1036.0	1.0
1039.0	1.0
1049.0	1.0
1093.0	1.0
1132.0	1.0
1133.0	2.0
1144.0	1.0
1149.0	1.0
1169.0	1.0
1172.0	1.0
1174.0	1.0
1177.0	1.0
1178.0	1.0
1187.0	1.0
1188.0	1.0
1189.0	3.0
1190.0	1.0
1201.0	2.0
1216.0	1.0
1219.0	1.0
1220.0	1.0
1231.0	1.0
1232.0	3.0
1250.0	1.0
1252.0	1.0
1262.0	1.0
1265.0	1.0
1276.0	1.0
1286.0	1.0
1298.0	1.0
1307.0	1.0
1348.0	1.0
1351.0	1.0
1360.0	1.0
1374.0	2.0
1386.0	1.0
1397.0	1.0
1399.0	1.0
1416.0	1.0
1436.0	1.0
1454.0	1.0
1457.0	3.0
1460.0	1.0
1461.0	1.0
1463.0	1.0
1464.0	1.0
1469.0	1.0
1482.0	1.0
1484.0	1.0
1487.0	1.0
1491.0	1.0
1493.0	1.0
1495.0	1.0
1525.0	1.0
1528.0	1.0
1537.0	1.0
1541.0	1.0
1545.0	1.0
1552.0	1.0
1561.0	1.0
1569.0	1.0
1576.0	1.0
1590.0	2.0
1594.0	1.0
1609.0	2.0
1615.0	1.0
1626.0	1.0
1631.0	1.0
1639.0	1.0
1645.0	1.0
1657.0	1.0
1659.0	1.0
1660.0	2.0
1667.0	1.0
1674.0	1.0
1685.0	1.0
1724.0	1.0
1745.0	1.0
1753.0	1.0
1768.0	1.0
1780.0	1.0
1784.0	1.0
1789.0	1.0
1798.0	1.0
1802.0	1.0
1811.0	2.0
1813.0	1.0
1817.0	1.0
1823.0	1.0
1824.0	1.0
1828.0	1.0
1829.0	1.0
1839.0	1.0
1840.0	3.0
1852.0	1.0
1855.0	1.0
1856.0	1.0
1863.0	1.0
1864.0	1.0
1872.0	1.0
1874.0	1.0
1875.0	1.0
1880.0	1.0
1899.0	1.0
1901.0	1.0
1903.0	1.0
1912.0	1.0
1915.0	2.0
1932.0	2.0
1944.0	1.0
1945.0	1.0
1952.0	1.0
