# Position (bp)	A	C	G	T	N
0.0	34.15952292210213	17.49906820723071	21.598956392098398	26.74245247856877	0.0
1.0	25.049689440993788	26.15527950310559	23.683229813664596	25.111801242236027	0.0
2.0	30.117428924598272	22.033374536464773	17.65760197775031	30.19159456118665	0.0
3.0	31.364084854464725	19.523926985693144	21.28761716822891	27.824370991613222	0.0
4.0	32.69218913753776	17.927378090130077	18.667159854509585	30.713272917822575	0.0
5.0	28.049306625577813	20.906009244992298	19.513097072419107	31.531587057010785	0.0
6.0	28.16042385411533	23.589206505667818	19.295219319862	28.955150320354857	0.0
7.0	33.624830644168	19.047912304470994	18.327380219238822	28.999876832122183	0.0
8.0	32.5658704752524	18.560699335139127	18.51760650086186	30.355823688746614	0.0
9.0	27.435534494430424	21.792110283709768	18.831928118653455	31.940427103206353	0.0
10.0	26.938449240607515	15.993359158826784	20.24841665129435	36.81977494927135	0.0
11.0	25.80922547755052	18.27283336404398	19.820649837233585	36.09729132117192	0.0
12.0	26.9122160834868	17.495395948434624	20.135052179251076	35.45733578882751	0.0
13.0	28.705463911203775	20.819280063776294	19.88103268534985	30.59422333967008	0.0
14.0	26.26485360774225	19.000367511944138	24.525297072154846	30.209481808158767	0.0
15.0	28.53036511528347	19.307687603204695	21.148553605284082	31.01339367622775	0.0
16.0	26.50617133080777	18.892826591714527	20.059880239520957	34.54112183795674	0.0
17.0	28.844276299731508	20.29533805223334	19.874298267024653	30.986087381010496	0.0
18.0	26.453186947240013	19.926806953339433	20.115888990545898	33.50411710887466	0.0
19.0	26.90689592098043	24.15706359368331	19.035424669227485	29.900615816108772	0.0
20.0	27.726995734308346	18.403412553321147	19.573430834856794	34.29616087751371	0.0
21.0	27.452054794520546	18.727549467275495	21.540334855403348	32.28006088280061	0.0
22.0	28.058429701765064	18.362751065124773	23.45709068776628	30.121728545343885	0.0
23.0	26.304903272904244	19.73476091981993	19.45492152329967	34.50541428397615	0.0
24.0	32.757782101167315	15.898589494163422	19.351896887159533	31.991731517509724	0.0
25.0	28.40909090909091	17.695673310646573	20.819154107924163	33.07608167233836	0.0
26.0	32.62652652044474	16.95728780606355	17.643842274743303	32.772343398748404	0.0
27.0	27.340095972787466	19.06699872441232	16.248557371074533	37.344347931725686	0.0
28.0	27.428953121204763	20.658246295846492	16.12824872479961	35.784551858149136	0.0
29.0	29.8427730225217	15.346324288229225	16.57257330176653	38.238329387482544	0.0
30.0	28.677364454169705	17.82761974228057	21.02479941648432	32.470216387065406	0.0
31.0	31.239739770170853	15.017936401775401	18.076244907885936	35.66607892016781	0.0
32.0	28.65134379180348	17.62130609266691	17.627386598565	36.099963516964614	0.0
33.0	29.408186849948297	21.884313606228332	17.49285323277173	31.21464631105164	0.0
34.0	29.108380975550418	16.6524753679601	20.45979807809269	33.77934557839679	0.0
35.0	27.295436544202765	21.30628160604399	18.107597636020227	33.290684213733016	0.0
36.0	28.505242623750306	16.691050963179713	18.105340160936358	36.698366252133624	0.0
37.0	33.41058794828007	18.900951451573555	18.68748475237863	29.000975847767744	0.0
38.0	31.497743627271618	19.697524088303453	16.508110745212832	32.2966215392121	0.0
39.0	33.90688876685582	17.60327048630179	16.46226127280493	32.027579474037466	0.0
40.0	26.776990718124082	22.239863214460183	19.41255495847582	31.57059110893991	0.0
41.0	27.564063360039142	16.16414898171366	25.28285731759525	30.988930340651947	0.0
42.0	33.363942454851546	17.90021426385063	18.824609733700644	29.91123354759718	0.0
43.0	33.71151723292039	19.023672267876854	17.619281246167056	29.64552925303569	0.0
44.0	29.929923776739614	21.612982542414557	16.34497172362921	32.11212195721662	0.0
45.0	31.86227886627354	16.245006657789617	18.97787077547397	32.914843700462875	0.0
46.0	29.633634397659332	17.427808166899887	18.96069202391553	33.97786541152525	0.0
47.0	30.883009244501114	17.271278291361174	19.458080969078736	32.38763149505897	0.0
48.0	27.122536199527968	18.715315430248133	18.48567965809785	35.676468712126045	0.0
49.0	29.08742820676452	18.0089342693044	18.927887683471603	33.97574984045948	0.0
50.0	27.911133810010213	21.546220633299285	18.239274770173648	32.30337078651686	0.0
51.0	29.993610223642168	18.543130990415335	18.600638977635782	32.86261980830671	0.0
52.0	29.1259031907411	17.290108063175396	19.643199693075005	33.9407890530085	0.0
53.0	30.403071017274474	19.44337811900192	19.404990403071018	30.74856046065259	0.0
54.0	28.037743115732717	22.626612747929904	18.4350728544836	30.90057128185378	0.0
55.0	30.21241096066226	18.494513251620358	18.6998652377591	32.59321054995829	0.0
56.0	28.597099217045308	19.05403670902323	19.70863817225003	32.64022590168143	0.0
57.0	30.50346776265091	17.67916773696378	19.323144104803493	32.49422039558181	0.0
58.0	30.8784782468993	18.520660625923785	18.719876614613458	31.880984512563458	0.0
59.0	28.084613900855143	19.475342377676334	20.7162605285154	31.723783192953125	0.0
60.0	30.331509494689413	17.367235275185067	19.29835854522047	33.00289668490505	0.0
61.0	30.212025520396985	17.96739060385384	21.254108397241737	30.566475478507442	0.0
62.0	28.267889434254716	19.70421079824335	21.486695944200466	30.541203823301473	0.0
63.0	32.667829682755055	17.574465335659365	19.10576985203851	30.65193512954707	0.0
64.0	28.14498933901919	18.446727401951282	21.845318860244234	31.562964398785294	0.0
65.0	30.25584700865745	18.32278072102339	19.918594133608995	31.50277813671017	0.0
66.0	28.48927371413802	17.47221504264668	21.426725252003102	32.6117859912122	0.0
67.0	28.60005170630817	18.575491209927613	19.525594622543952	33.29886246122027	0.0
68.0	26.822647362978287	19.292916235780766	20.417528438469493	33.46690796277146	0.0
69.0	27.88623141564318	21.040723981900452	21.03425985778927	30.038784744667097	0.0
70.0	27.089933406607614	20.236632831188984	20.068533005754187	32.60490075644921	0.0
71.0	29.112778065183655	18.45576823590274	19.742628039317122	32.68882565959648	0.0
72.0	28.548324492172338	18.786388924828568	21.619873204813043	31.045413378186055	0.0
73.0	28.90973794888386	18.42122290520867	20.38175347783889	32.28728566806859	0.0
74.0	29.484856329277765	17.725860730002587	21.25291224436966	31.536370696349987	0.0
75.0	29.089261440869958	18.22771700433685	22.066153149071138	30.61686840572205	0.0
76.0	29.099501521331	19.32414060982715	19.35650935456723	32.21984851427462	0.0
77.0	28.36052836052836	19.94949494949495	18.693343693343696	32.996632996633	0.0
78.0	28.421461897356142	18.98652151373769	19.69284603421462	32.89917055469155	0.0
79.0	28.84740049267471	20.71826785945806	18.177103591339296	32.25722805652794	0.0
80.0	29.05401024444012	17.51928937301433	20.644491992478766	32.782208390066785	0.0
81.0	26.222914233813416	17.45815492409498	20.851174257168807	35.467756584922796	0.0
82.0	30.046704722366375	17.151011935651272	20.83549558899844	31.96678775298391	0.0
83.0	29.19423900350331	17.964188400155702	22.602828597379006	30.23874399896198	0.0
84.0	27.45263431092655	17.44095509992214	21.21074487412406	33.89566571502725	0.0
85.0	29.884460599766328	17.090743866026223	20.881474750097365	32.14332078411009	0.0
86.0	30.068159688412855	18.00714053878611	21.148977604673806	30.775722168127235	0.0
87.0	31.93768257059396	18.286270691333982	20.331061343719572	29.444985394352486	0.0
88.0	32.300798753165786	18.371322813169684	16.78031040976687	32.547568023897654	0.0
89.0	31.90231863350003	17.18516594141716	18.782879781775673	32.12963564330714	0.0
90.0	29.897375941803066	16.816056118472332	19.66095089633671	33.6256170433879	0.0
91.0	29.777835520332594	18.656619462128102	17.182018968429258	34.38352604911004	0.0
92.0	29.06704781704782	17.561070686070686	19.178794178794178	34.193087318087315	0.0
93.0	31.663417803768677	17.478882391163094	19.090318388564004	31.767381416504225	0.0
94.0	30.29574260643484	16.633084172895675	18.86252843678908	34.2086447838804	0.0
95.0	31.01475654943769	17.389325879217317	19.781577065591886	31.8143405057531	0.0
96.0	30.156666449977248	17.272313592927258	20.21712279789378	32.353897159201715	0.0
97.0	30.99278330407646	18.698394122618815	19.31603926922827	30.99278330407646	0.0
98.0	32.21904266389178	19.621488033298647	18.19719042663892	29.962278876170657	0.0
99.0	30.308352849336455	18.384074941451992	20.426749934946656	30.880822274264897	0.0
100.0	32.45803122346332	15.990593768371546	18.786334835717554	32.76504017244758	0.0
101.0	33.1451454079958	18.079170222543162	19.49714435764459	29.27854001181645	0.0
102.0	31.410678971654583	17.943309162821357	19.95385629531971	30.69215557020435	0.0
103.0	29.884144323071833	18.980470043032106	19.81463091691493	31.32075471698113	0.0
104.0	27.888896272177554	18.346734002259286	19.662436042261945	34.10193368330122	0.0
105.0	29.185293921398547	18.696203376259422	19.903916727830786	32.214585974511245	0.0
106.0	31.08370752630521	18.946451310233897	18.329870652101064	31.639970511359827	0.0
107.0	29.741553371920848	18.78449320231525	19.322923677480144	32.151029748283754	0.0
108.0	32.59399513118745	18.082228834189884	17.372193670543684	31.951582364078984	0.0
109.0	28.35983149884495	17.99157494224759	20.437559451012365	33.211034107895095	0.0
110.0	26.973190531414147	18.630193055460808	20.4515996998431	33.945016713281944	0.0
111.0	31.413684354860827	18.81255998903058	19.24448100918689	30.529274646921706	0.0
112.0	28.60783908521044	18.585107115795275	20.23834125508025	32.56871254391403	0.0
113.0	28.93516916903065	18.176157199197398	17.837127240019374	35.051546391752574	0.0
114.0	30.509063129383986	16.57059518022085	19.69581220918119	33.22452948121397	0.0
115.0	26.534170153417016	19.8186889818689	19.07252440725244	34.574616457461644	0.0
116.0	29.441873510026646	18.643948955265742	18.30739026784462	33.606787266862995	0.0
117.0	29.299048960901725	19.06305036984854	19.4786896794646	32.15921098978514	0.0
118.0	29.33144676335338	17.18429430491687	21.563494870887865	31.920764060841883	0.0
119.0	25.883021817923392	19.70719920403667	23.608840878402386	30.800938099637555	0.0
120.0	26.72561323445522	19.616371933827722	21.170849971477466	32.48716486023959	0.0
121.0	29.860265137943387	17.85739878179864	19.319240415621643	32.963095664636334	0.0
122.0	26.8076840060436	17.864594575149294	20.469098496294695	34.85862292251241	0.0
123.0	30.24263431542461	16.984402079722706	19.591276718659735	33.18168688619295	0.0
124.0	31.582384096350573	17.09352100413553	19.451498222447945	31.87259667706595	0.0
125.0	28.502697186178743	18.435632016328913	18.74908878845313	34.31258200903922	0.0
126.0	30.24976195707903	19.37303156815352	18.472130667252618	31.905075807514834	0.0
127.0	29.385384502279077	17.54888986913689	21.38656079988237	31.679164828701662	0.0
128.0	29.836623050195904	18.36327345309381	19.900938863014712	31.89916463369557	0.0
129.0	30.62044338640083	18.48683231661955	18.308287457223628	32.58443683975599	0.0
130.0	29.846728971962616	18.40747663551402	17.98878504672897	33.757009345794394	0.0
131.0	29.466165413533833	19.834586466165412	19.894736842105264	30.80451127819549	0.0
132.0	29.712556732223906	16.838124054462934	22.390317700453856	31.059001512859304	0.0
133.0	29.173000912131346	19.261173608999695	19.50440863484342	32.061416844025544	0.0
134.0	27.39998470129274	19.873020729748337	19.89596879063719	32.83102577832173	0.0
135.0	29.306109917101626	16.47221369358305	21.0392999692969	33.18237642001842	0.0
136.0	28.001854427445526	18.47473342605471	20.058723535775	33.46468861072477	0.0
137.0	29.62129442806146	16.739096694086605	19.1370479590253	34.50256091882664	0.0
138.0	29.552192229677015	18.02153222031518	19.12154782337338	33.30472772663442	0.0
139.0	30.516579133025008	18.570196754722897	18.98565493454574	31.927569177706356	0.0
140.0	29.56192877403089	19.01197604790419	20.067759218405296	31.358335959659627	0.0
141.0	29.81538705332383	18.960462720862058	19.269471515727755	31.954678710086366	0.0
142.0	32.405931122448976	17.90497448979592	17.873086734693878	31.816007653061224	0.0
143.0	31.740942609810833	19.934273805706955	19.533504328310354	28.791279256171848	0.0
144.0	30.49291237113402	18.854703608247423	17.96069587628866	32.691688144329895	0.0
145.0	30.12565869477098	19.148763680583706	17.875962707742197	32.84961491690312	0.0
146.0	29.52435250040723	18.765271216810557	18.162567193353965	33.54780908942824	0.0
147.0	28.414584186808682	18.82015567390414	18.271200327734537	34.49405981155264	0.0
148.0	28.77751215893166	18.333195944274998	20.35281510180529	32.53647679498805	0.0
149.0	29.398090493980906	19.46035699460357	18.45579078455791	32.68576172685761	0.0
150.0	27.704397257983615	17.923424176559106	19.85453937468651	34.51763919077077	0.0
151.0	28.402018502943648	19.259882253994952	21.11017661900757	31.22792262405383	0.0
152.0	29.800763035184403	18.01610852055956	17.91437049597287	34.26875794828317	0.0
153.0	30.131489071038253	18.254781420765028	20.474726775956285	31.13900273224044	0.0
154.0	30.670213678880977	17.832317858062304	19.62584742126491	31.871621041791816	0.0
155.0	29.073786072230863	20.139968895800934	18.109555901157766	32.67668913081044	0.0
156.0	30.914634146341463	17.386759581881535	20.287456445993033	31.411149825783973	0.0
157.0	30.486628671635245	20.113985094256908	19.982463831652783	29.416922402455064	0.0
158.0	27.916409487699497	21.982188519530908	18.72850718631514	31.37289480645446	0.0
159.0	32.10666666666667	16.08888888888889	19.715555555555557	32.08888888888889	0.0
160.0	27.81107433580821	19.295106896860183	21.057339654709722	31.83647911262188	0.0
161.0	29.557936436481498	17.160349329251822	20.35653191680922	32.925182317457455	0.0
162.0	30.81521739130435	18.134057971014492	20.452898550724637	30.59782608695652	0.0
163.0	28.71575498316192	17.83926458541913	19.568581050332213	33.87639938108674	0.0
164.0	27.99926847110461	17.37381126554499	19.998171177761524	34.62874908558888	0.0
165.0	29.683765398051108	16.97003125574554	20.50928479499908	32.83691855120426	0.0
166.0	27.524460033228728	19.854162820749494	20.11260845486432	32.50876869115747	0.0
167.0	28.22535734174865	17.263783181733803	21.681826619639875	32.82903285687767	0.0
168.0	28.739495798319325	18.87955182072829	19.215686274509807	33.16526610644257	0.0
169.0	27.943249083904913	18.350089260546838	20.10711265620596	33.59954899934229	0.0
170.0	28.080636002271437	17.329169032746545	19.11792542116222	35.4722695438198	0.0
171.0	29.21991226397101	17.78561892046538	18.319664314323862	34.67480450123975	0.0
172.0	27.900950187158074	19.925136769363665	18.053556003455228	34.12035704002304	0.0
173.0	28.006176413819727	17.380814514572478	19.339895773016792	35.27311329859101	0.0
174.0	30.26711996114619	18.42642059252064	18.465274405050998	32.84118504128218	0.0
175.0	29.169921875	17.646484375	20.5078125	32.67578125	0.0
176.0	28.286304198210598	16.74368302035198	18.798544882509095	36.17146789892833	0.0
177.0	27.635355834900526	19.231911313471244	19.99406116994952	33.13867168167871	0.0
178.0	27.274541101356743	19.942138866719873	20.281324820430964	32.50199521149242	0.0
179.0	27.94812506283301	18.880064341007337	20.930933949934655	32.24087664622499	0.0
180.0	29.92693322508626	17.119951288816722	19.809214532169676	33.14390095392734	0.0
181.0	29.1658147618074	19.41320793293805	18.442036393375588	32.978940911878965	0.0
182.0	29.92166563595135	18.089053803339517	19.6866625438054	32.302618016903736	0.0
183.0	28.97497144044034	20.043618236577007	20.209782947346557	30.7716273756361	0.0
184.0	31.47818809498902	19.928862851762734	17.240297102207343	31.352651951040905	0.0
185.0	29.127134724857683	19.555133881509594	19.871389415981447	31.446341977651276	0.0
186.0	29.35984687367078	18.864313058273076	20.69332199064228	31.082518077413866	0.0
187.0	30.918652071259928	20.519424769263793	17.5788795878944	30.983043571581888	0.0
188.0	29.72270363951473	18.17590987868284	18.522530329289427	33.578856152513	0.0
189.0	29.82244629548444	18.0403331871986	19.958351600175362	32.17886891714161	0.0
190.0	30.647482014388487	19.02600996126176	17.963475373547315	32.36303265080244	0.0
191.0	29.680161037799152	19.07850592708566	18.250950570342205	32.990382464772985	0.0
192.0	31.921382582175532	18.89754885349599	18.19722128092172	30.983847283406757	0.0
193.0	31.0399817746896	18.065838933819343	19.21631165280784	31.67786763868322	0.0
194.0	29.02411021814007	19.42594718714122	20.4247990815155	31.125143513203213	0.0
195.0	30.962051758152487	20.494371591040967	18.18498317279796	30.35859347800859	0.0
196.0	30.131826741996232	19.962335216572505	17.961393596986817	31.944444444444443	0.0
197.0	28.891004283674445	20.21656354117087	20.656830080913853	30.23560209424084	0.0
198.0	28.28955332284227	21.934390509623533	19.089698583706575	30.686357583827622	0.0
199.0	28.990269177303173	22.595728547959055	17.932516112725892	30.48148616201188	0.0
200.0	23.757396449704142	19.12721893491124	21.923076923076923	35.19230769230769	0.0
201.0	30.661364587693598	18.124738384261196	19.79907911259941	31.41481791544579	0.0
202.0	30.27095681625741	18.818797629127857	21.041490262489415	29.868755292125314	0.0
203.0	29.160403693364827	18.27356667382435	20.184668241357095	32.38136139145373	0.0
204.0	31.22426868905742	18.548212351029253	22.340195016251354	27.887323943661972	0.0
205.0	28.21241258741259	17.70104895104895	24.03846153846154	30.048076923076923	0.0
206.0	29.06077348066298	21.43646408839779	20.132596685082873	29.37016574585635	0.0
207.0	29.407821229050278	19.39664804469274	20.558659217877096	30.636871508379887	0.0
208.0	28.48086936834956	17.817523205795787	20.98709531356124	32.714512112293406	0.0
209.0	26.923960487020445	19.77946243969676	19.044337238685962	34.25223983459683	0.0
210.0	30.104772991850993	17.671711292200232	20.419091967403958	31.80442374854482	0.0
211.0	30.06120527306968	18.85593220338983	19.37382297551789	31.7090395480226	0.0
212.0	26.318289786223275	17.767220902612827	22.68408551068884	33.23040380047506	0.0
213.0	30.45049385690195	20.260178270296315	18.429294145988916	30.86003372681282	0.0
214.0	30.246161345357052	22.25201072386059	19.692907628564466	27.80892030221789	0.0
215.0	27.055637616937467	19.37469226981782	19.12850812407681	34.441161989167895	0.0
216.0	30.82895066366141	17.430503380916605	22.138742799899823	29.601803155522166	0.0
217.0	24.815849631699262	19.735839471678943	25.196850393700785	30.251460502921006	0.0
218.0	25.68591586098772	20.094068460935457	19.623726156258165	34.596289521818655	0.0
219.0	23.005241700640653	23.325567850902736	24.17006406523005	29.49912638322656	0.0
220.0	14.160839160839162	25.043706293706293	21.197552447552447	39.5979020979021	0.0
