#Position (bp)	mapping quality
38.0	59.77803223817493
113.0	59.631683995544
188.0	59.66554118621393
263.0	59.60543126988501
338.0	59.74177772343808
413.0	59.75143463564185
488.0	59.72598506309554
563.0	59.7187683440952
638.0	59.719995403964965
713.0	59.786998894805585
788.0	59.764102564102565
863.0	59.74649039116805
938.0	59.786915736697395
1013.0	59.794561933534744
1088.0	59.76126538423716
1163.0	59.77197970273869
1238.0	59.75234821912004
1313.0	59.59831551668287
1388.0	58.84845693228927
1463.0	58.89318479685452
1538.0	58.95522388059702
1613.0	59.19214680127168
1688.0	59.09174554758694
1763.0	59.037283248568336
1838.0	59.14140692021733
1913.0	59.702525077827744
1988.0	59.76960748296494
2063.0	59.77913975270262
2138.0	59.76533656355307
2213.0	57.74156782686021
2288.0	47.61979125998803
2363.0	45.816607352558876
2438.0	49.893511374574125
2513.0	53.637932775291
2588.0	56.89041153829886
2663.0	56.938643822404984
2738.0	55.833192856643926
2813.0	54.373720565525005
2888.0	51.58126350569255
2963.0	45.08400746733043
3038.0	45.009475800019146
3113.0	45.47468002225932
3188.0	43.93148183299842
3263.0	41.069059107358264
3338.0	41.659643151890506
3413.0	41.71127668407368
3488.0	41.78258952070678
3563.0	37.292145677928914
3638.0	36.131394941239414
3713.0	36.81543272375389
3788.0	42.35185804014103
3863.0	43.18364214592777
3938.0	44.03734541520475
4013.0	43.44252276477419
4088.0	51.03581979931384
4163.0	48.68856093595443
4238.0	45.39062566858649
4313.0	46.355673014418315
4388.0	45.91437720756999
4463.0	38.68831745244731
4538.0	37.09918194303457
4613.0	36.85802219022906
4688.0	37.127727104253026
4763.0	33.61407233747659
4838.0	34.32817692767483
4913.0	35.153952599353
4988.0	35.95625478631216
5063.0	30.015917608225774
5138.0	30.229744192623563
5213.0	30.187256350167154
5288.0	36.45429387178689
5363.0	38.83421578638197
5438.0	38.002032387071395
5513.0	38.942178711787825
5588.0	43.117258022140554
5663.0	42.65115735718696
5738.0	44.31621676847958
5813.0	42.31770907740221
5888.0	42.72625951854991
5963.0	32.15268203533297
6038.0	26.96456984918889
6113.0	28.812654485387853
6188.0	41.77133103414504
6263.0	46.34984912618918
6338.0	44.23141396108808
6413.0	43.57434871002821
6488.0	43.997174837629935
6563.0	32.533244785984216
6638.0	31.35135729442679
6713.0	34.76048861291666
6788.0	41.825169581669485
6863.0	35.88248361657225
6938.0	28.888278596034557
7013.0	34.244090244090245
7088.0	33.31425415474218
7163.0	27.8059614103332
7238.0	26.863847944142748
7313.0	32.31065780638588
7388.0	35.78553832777858
7463.0	30.506742554085957
7538.0	31.00573844759891
7613.0	32.788044207794535
7688.0	33.52953960427121
7763.0	31.99196713269561
7838.0	31.21066481776209
7913.0	33.32652018395503
7988.0	42.309713149673385
8063.0	37.501785553028874
8138.0	38.60055986975415
8213.0	38.036184408246676
8288.0	41.32283510007105
8363.0	31.649018610319086
8438.0	29.718704981423915
8513.0	29.481533367294958
8588.0	33.10625785598851
8663.0	42.7496196768242
8738.0	43.72429749598836
8813.0	43.42213022699707
8888.0	43.1115598182736
8963.0	39.51828748866478
9038.0	30.47869891328564
9113.0	31.48216523344461
9188.0	32.119812220622066
9263.0	36.11196988506668
9338.0	35.80812298810499
9413.0	36.807406630053286
9488.0	41.37531663954473
9563.0	38.81038529799049
9638.0	29.512168355819508
9713.0	28.8467018469657
9788.0	28.537482263125288
9863.0	20.509145640403872
9938.0	18.475964391691395
10013.0	16.098581074915593
10088.0	21.87269404111844
10163.0	27.979825907881814
10238.0	26.55264905059089
10313.0	26.476172097248053
10388.0	31.497594107047384
10463.0	26.84948723600962
10538.0	24.617750855938898
10613.0	25.5136511587313
10688.0	30.063553090153878
10763.0	28.61248432880868
10838.0	27.021955777016505
10913.0	27.246594409289496
10988.0	29.27525456309447
11063.0	39.58512421580929
11138.0	39.108053289932
11213.0	39.97340614140841
11288.0	41.17100781425087
11363.0	35.279338167705035
11438.0	13.405387566519533
11513.0	12.245611232988683
11588.0	26.362198471261706
11663.0	30.750209214747315
11738.0	28.91971182177051
11813.0	27.34163814799526
11888.0	30.18644639552164
11963.0	25.664966873278477
12038.0	23.509433120735025
12113.0	28.88953608002659
12188.0	37.81306364775331
12263.0	32.65194477062893
12338.0	33.63043892387318
12413.0	36.82918318944177
12488.0	39.6723935744467
12563.0	37.799602901215465
12638.0	36.580630403080534
12713.0	39.48736817877469
12788.0	38.89910641917246
12863.0	34.320234151654034
12938.0	34.167663031077446
13013.0	39.609305776670006
13088.0	45.73555001468915
13163.0	47.924101741112935
13238.0	47.73945261814749
13313.0	48.893967097004264
13388.0	37.1545515113937
13463.0	20.729683876289943
13538.0	18.22236695764005
13613.0	25.976072694417788
13688.0	36.952545471470366
13763.0	37.03150924739505
13838.0	37.21289620459802
13913.0	33.91138668775601
13988.0	22.086393175462245
14063.0	17.090157634963195
14138.0	18.062509562822527
14213.0	20.58302014323023
14288.0	21.29216240371551
14363.0	18.315251861000768
14438.0	17.980786486607744
14513.0	18.842725976868802
14588.0	21.1940283046963
14663.0	19.126117992346234
14738.0	20.224249170548248
14813.0	19.89963503649635
14888.0	21.36003133000674
14963.0	16.58495699990122
15038.0	16.078105978474827
15113.0	16.381844865749205
15188.0	29.305293365727298
15263.0	36.60616559326053
15338.0	36.994418246101574
15413.0	36.736864053377815
15488.0	36.35609244759629
15563.0	33.465895694589925
15638.0	30.839710220647735
15713.0	30.781580526671974
15788.0	30.136769983686786
15863.0	28.091956801126685
15938.0	23.02787943417109
16013.0	22.018778043962975
16088.0	23.722239103724352
16163.0	26.675549536561746
16238.0	20.75062257452374
16313.0	20.241568754183884
16388.0	20.058842796974957
16463.0	23.322836951169197
16538.0	15.966279136653863
16613.0	15.867493842620913
16688.0	16.844745941070354
16763.0	24.565856368082827
16838.0	32.27421525881721
16913.0	32.50458446489966
16988.0	32.875786887762935
17063.0	35.11019874123035
17138.0	36.65516236076932
17213.0	34.57300159704127
17288.0	32.62566265575081
17363.0	33.63363217951108
17438.0	29.869018830964016
17513.0	23.75610697692994
17588.0	23.456183621080182
17663.0	25.300276570525483
17738.0	28.364305032259566
17813.0	24.471355865848885
17888.0	24.779415331774477
17963.0	24.61995295707658
18038.0	28.315265776381253
18113.0	27.18934162478759
18188.0	26.94813708708162
18263.0	29.39120022935393
18338.0	27.9441325272382
18413.0	23.48909278726378
18488.0	24.434012231349495
18563.0	23.852158035194734
18638.0	31.18866430861825
18713.0	27.385216050593343
18788.0	28.55024687730038
18863.0	28.039278301133642
18938.0	31.602655900405054
19013.0	27.96654938157292
19088.0	28.81641740538455
19163.0	26.95671699314644
19238.0	27.475366573751835
19313.0	7.444309998347557
19388.0	5.160382448314413
19463.0	5.652832975961459
19538.0	5.876288659793815
19613.0	19.997159932325246
19688.0	20.480349520011224
19763.0	20.94403973903433
19838.0	23.504206750789344
19913.0	25.430200269269605
19988.0	17.780851246039223
20063.0	19.341765052763538
20138.0	19.334897859019463
20213.0	20.432289262997372
20288.0	14.143566751004613
20363.0	15.22662561475689
20438.0	15.867597690345105
20513.0	28.499122994789087
20588.0	22.047523548137512
20663.0	23.437253164134493
20738.0	22.389108442559166
20813.0	30.37890258850674
20888.0	26.919966536530954
20963.0	24.681517209282646
21038.0	23.99322791794422
21113.0	24.92912035010941
21188.0	8.357950415268261
21263.0	7.647618350771932
21338.0	8.001183560961175
21413.0	14.497072330915186
21488.0	15.250948175348782
21563.0	15.53826315087376
21638.0	15.973710224692084
21713.0	11.095554595562403
21788.0	0.4173827022708105
21863.0	0.38903198792046795
21938.0	0.2825709764142849
22013.0	1.9892572698647897
22088.0	13.833885677082058
22163.0	11.737471381327907
22238.0	11.154923485675447
22313.0	7.454384312856589
22388.0	0.8095776772247361
22463.0	1.016533601559062
22538.0	10.165499952198346
22613.0	17.866819943329546
22688.0	20.697922818834115
22763.0	18.821624183694965
22838.0	25.424234719258873
22913.0	18.56391540494246
22988.0	17.88483055919369
23063.0	21.23561463385426
23138.0	23.187809177233184
23213.0	26.660258236834967
23288.0	25.48755783952065
23363.0	26.200506766163613
23438.0	27.323842242867382
23513.0	27.355073803528988
23588.0	23.616404277161248
23663.0	23.805668921563147
23738.0	26.159282413699376
23813.0	27.747397778773845
23888.0	31.44226021115997
23963.0	28.913909446060224
24038.0	30.958540392170935
24113.0	32.37414617486339
24188.0	23.675229028201905
24263.0	24.570364005392673
24338.0	22.92329316021619
24413.0	23.31357309431512
24488.0	6.91903610439423
24563.0	6.256071410480816
24638.0	7.001193284306924
24713.0	15.861609928586287
24788.0	22.21851186566751
24863.0	20.133631219593678
24938.0	21.411797187124435
25013.0	29.330311746419127
25088.0	24.906501106539725
25163.0	24.82306664464696
25238.0	24.412369097766923
25313.0	30.099382029137953
25388.0	33.642374371397636
25463.0	9.649805867709238
25538.0	29.61528380464222
25613.0	38.83823283908273
25688.0	39.44821254738708
25763.0	37.56019011954486
25838.0	40.0972401776179
25913.0	48.037851423587036
25988.0	55.582215937874736
26063.0	55.703050663145426
26138.0	54.28496403404175
26213.0	55.458155882805684
26288.0	54.53934249766186
26363.0	48.2459189196889
26438.0	49.12216860480447
26513.0	52.181231163875076
26588.0	53.284974093264246
26663.0	52.33014763303708
26738.0	52.33418612286364
26813.0	52.82583728727045
26888.0	56.207972696665486
26963.0	56.82247807130562
27038.0	57.11049950225449
27113.0	59.3989706361922
27188.0	59.82983857442873
27263.0	59.845591347015336
27338.0	59.815183910128646
27413.0	59.84015385585472
27488.0	59.786492488569564
27563.0	58.924674083317846
27638.0	58.97786639073266
27713.0	58.93594661342021
27788.0	59.29713125423023
27863.0	59.44044610482364
27938.0	59.42505017384176
28013.0	59.49289223960091
28088.0	59.58068891258658
28163.0	59.651775840341536
28238.0	59.037072234128175
28313.0	59.65773596050799
28388.0	59.73021546950334
28463.0	59.69739247211549
28538.0	59.5920830316196
28613.0	59.63416286527257
28688.0	59.62334379600566
28763.0	59.2407618549186
28838.0	58.21239406779661
28913.0	57.85544082605242
28988.0	59.566202801323605
29063.0	59.99832002183972
29138.0	59.9973921790207
29213.0	59.99840987994594
29288.0	59.99960035169051
29363.0	59.99803050528481
29438.0	59.99726414664174
29513.0	59.99922653500574
29588.0	59.99509322865554
29663.0	59.997962440995686
29738.0	60.0
29813.0	60.0
29877.0	60.0
