#Position (bp)	Coverage
38.0	719.2133333333334
113.0	76.65333333333334
188.0	77.0
263.0	92.06666666666666
338.0	142.90666666666667
413.0	103.57333333333334
488.0	57.306666666666665
563.0	52.0
638.0	71.36
713.0	83.88
788.0	53.626666666666665
863.0	63.18666666666667
938.0	87.4
1013.0	110.53333333333333
1088.0	65.77333333333333
1163.0	68.53333333333333
1238.0	108.0
1313.0	148.65333333333334
1388.0	78.85333333333334
1463.0	63.413333333333334
1538.0	68.74666666666667
1613.0	107.46666666666667
1688.0	38.28
1763.0	42.29333333333334
1838.0	50.06666666666667
1913.0	116.65333333333334
1988.0	85.37333333333333
2063.0	67.13333333333334
2138.0	63.6
2213.0	104.85333333333334
2288.0	50.45333333333333
2363.0	35.52
2438.0	29.626666666666665
2513.0	93.41333333333333
2588.0	111.37333333333333
2663.0	95.64
2738.0	97.70666666666666
2813.0	140.76
2888.0	178.58666666666667
2963.0	101.48
3038.0	102.64
3113.0	108.30666666666667
3188.0	128.48
3263.0	53.013333333333335
3338.0	63.21333333333333
3413.0	59.17333333333333
3488.0	125.70666666666666
3563.0	92.14666666666666
3638.0	100.97333333333333
3713.0	92.10666666666667
3788.0	128.98666666666668
3863.0	75.30666666666667
3938.0	41.06666666666667
4013.0	48.14666666666667
4088.0	89.49333333333334
4163.0	69.33333333333333
4238.0	49.68
4313.0	70.36
4388.0	82.49333333333334
4463.0	41.77333333333333
4538.0	41.85333333333333
4613.0	61.53333333333333
4688.0	91.52
4763.0	64.49333333333334
4838.0	87.0
4913.0	81.26666666666667
4988.0	115.22666666666667
5063.0	50.0
5138.0	65.30666666666667
5213.0	59.76
5288.0	66.65333333333334
5363.0	11.72
5438.0	12.76
5513.0	11.213333333333333
5588.0	46.04
5663.0	47.85333333333333
5738.0	46.29333333333334
5813.0	39.38666666666666
5888.0	81.86666666666666
5963.0	69.89333333333333
6038.0	56.53333333333333
6113.0	52.8
6188.0	91.30666666666667
6263.0	79.10666666666667
6338.0	63.88
6413.0	53.346666666666664
6488.0	82.10666666666667
6563.0	61.74666666666667
6638.0	48.413333333333334
6713.0	95.70666666666666
6788.0	157.09333333333333
6863.0	131.49333333333334
6938.0	102.38666666666667
7013.0	108.56
7088.0	184.62666666666667
7163.0	115.16
7238.0	126.52
7313.0	133.06666666666666
7388.0	136.77333333333334
7463.0	48.12
7538.0	52.6
7613.0	85.46666666666667
7688.0	83.22666666666667
7763.0	40.0
7838.0	41.32
7913.0	40.57333333333333
7988.0	103.74666666666667
8063.0	69.0
8138.0	69.92
8213.0	67.48
8288.0	168.74666666666667
8363.0	103.94666666666667
8438.0	75.32
8513.0	77.04
8588.0	123.52
8663.0	131.82666666666665
8738.0	95.0
8813.0	76.33333333333333
8888.0	94.37333333333333
8963.0	108.04
9038.0	57.266666666666666
9113.0	62.12
9188.0	87.08
9263.0	134.22666666666666
9338.0	92.56
9413.0	71.85333333333334
9488.0	79.66666666666667
9563.0	89.0
9638.0	59.77333333333333
9713.0	58.973333333333336
9788.0	96.08
9863.0	88.84
9938.0	65.64
10013.0	77.69333333333333
10088.0	140.02666666666667
10163.0	119.45333333333333
10238.0	62.17333333333333
10313.0	64.4
10388.0	128.46666666666667
10463.0	100.52
10538.0	68.76
10613.0	56.10666666666667
10688.0	107.33333333333333
10763.0	92.21333333333334
10838.0	64.61333333333333
10913.0	64.93333333333334
10988.0	82.41333333333333
11063.0	79.66666666666667
11138.0	37.346666666666664
11213.0	41.76
11288.0	63.4
11363.0	111.73333333333333
11438.0	65.86666666666666
11513.0	79.49333333333334
11588.0	105.34666666666666
11663.0	105.74666666666667
11738.0	44.8
11813.0	56.74666666666667
11888.0	98.78666666666666
11963.0	70.0
12038.0	55.12
12113.0	85.77333333333333
12188.0	120.17333333333333
12263.0	86.22666666666667
12338.0	57.013333333333335
12413.0	71.72
12488.0	81.89333333333333
12563.0	61.32
12638.0	63.17333333333333
12713.0	84.46666666666667
12788.0	85.56
12863.0	48.25333333333333
12938.0	52.8
13013.0	74.84
13088.0	73.32
13163.0	45.973333333333336
13238.0	36.093333333333334
13313.0	79.53333333333333
13388.0	102.22666666666667
13463.0	101.06666666666666
13538.0	102.93333333333334
13613.0	124.54666666666667
13688.0	99.46666666666667
13763.0	60.346666666666664
13838.0	53.17333333333333
13913.0	75.86666666666666
13988.0	85.64
14063.0	62.93333333333333
14138.0	59.693333333333335
14213.0	76.56
14288.0	79.33333333333333
14363.0	46.093333333333334
14438.0	63.38666666666666
14513.0	72.78666666666666
14588.0	134.21333333333334
14663.0	83.52
14738.0	78.52
14813.0	68.92
14888.0	120.25333333333333
14963.0	79.88
15038.0	99.64
15113.0	101.01333333333334
15188.0	135.68
15263.0	76.08
15338.0	52.56
15413.0	51.44
15488.0	76.77333333333333
15563.0	62.653333333333336
15638.0	36.53333333333333
15713.0	31.813333333333333
15788.0	31.613333333333333
15863.0	62.46666666666667
15938.0	43.08
16013.0	53.333333333333336
16088.0	47.56
16163.0	118.74666666666667
16238.0	80.61333333333333
16313.0	91.02666666666667
16388.0	104.44
16463.0	161.77333333333334
16538.0	74.68
16613.0	59.973333333333336
16688.0	58.92
16763.0	88.84
16838.0	60.50666666666667
16913.0	31.746666666666666
16988.0	30.426666666666666
17063.0	64.73333333333333
17138.0	91.08
17213.0	56.24
17288.0	63.346666666666664
17363.0	73.58666666666667
17438.0	118.14666666666666
17513.0	76.26666666666667
17588.0	85.85333333333334
17663.0	86.34666666666666
17738.0	106.34666666666666
17813.0	50.77333333333333
17888.0	53.08
17963.0	70.08
18038.0	89.76
18113.0	54.0
18188.0	63.49333333333333
18263.0	94.26666666666667
18338.0	92.34666666666666
18413.0	52.28
18488.0	52.64
18563.0	77.34666666666666
18638.0	134.93333333333334
18713.0	54.53333333333333
18788.0	55.38666666666666
18863.0	47.346666666666664
18938.0	105.94666666666667
19013.0	68.33333333333333
19088.0	75.70666666666666
19163.0	76.89333333333333
19238.0	179.12
19313.0	137.18666666666667
19388.0	116.78666666666666
19463.0	125.36
19538.0	148.45333333333335
19613.0	137.45333333333335
19688.0	79.05333333333333
19763.0	66.44
19838.0	91.86666666666666
19913.0	139.68
19988.0	77.84
20063.0	78.73333333333333
20138.0	82.24
20213.0	149.97333333333333
20288.0	91.33333333333333
20363.0	91.70666666666666
20438.0	86.50666666666666
20513.0	145.70666666666668
20588.0	82.66666666666667
20663.0	54.64
20738.0	62.306666666666665
20813.0	94.34666666666666
20888.0	69.68
20963.0	48.29333333333334
21038.0	36.88
21113.0	189.22666666666666
21188.0	168.33333333333334
21263.0	175.34666666666666
21338.0	165.61333333333334
21413.0	265.04
21488.0	156.50666666666666
21563.0	179.56
21638.0	154.98666666666668
21713.0	160.74666666666667
21788.0	51.49333333333333
21863.0	51.56
21938.0	59.50666666666667
22013.0	117.65333333333334
22088.0	80.97333333333333
22163.0	102.29333333333334
22238.0	106.29333333333334
22313.0	184.13333333333333
22388.0	115.32
22463.0	126.32
22538.0	129.69333333333333
22613.0	145.74666666666667
22688.0	74.28
22763.0	78.29333333333334
22838.0	105.34666666666666
22913.0	61.64
22988.0	31.85333333333333
23063.0	31.32
23138.0	68.64
23213.0	63.48
23288.0	45.693333333333335
23363.0	43.22666666666667
23438.0	71.48
23513.0	84.96
23588.0	50.17333333333333
23663.0	47.8
23738.0	44.626666666666665
23813.0	96.34666666666666
23888.0	69.44
23963.0	73.01333333333334
24038.0	60.85333333333333
24113.0	92.17333333333333
24188.0	53.16
24263.0	48.373333333333335
24338.0	46.0
24413.0	82.62666666666667
24488.0	61.026666666666664
24563.0	52.626666666666665
24638.0	39.42666666666667
24713.0	69.18666666666667
24788.0	64.6
24863.0	51.14666666666667
24938.0	40.92
25013.0	67.41333333333333
25088.0	40.88
25163.0	21.76
25238.0	20.933333333333334
25313.0	58.85333333333333
25388.0	46.666666666666664
25463.0	41.57333333333333
25538.0	41.14666666666667
25613.0	64.01333333333334
25688.0	56.32
25763.0	47.25333333333333
25838.0	64.14666666666666
25913.0	93.62666666666667
25988.0	89.24
26063.0	48.586666666666666
26138.0	45.013333333333335
26213.0	104.48
26288.0	119.86666666666666
26363.0	68.13333333333334
26438.0	46.72
26513.0	85.64
26588.0	85.38666666666667
26663.0	44.72
26738.0	44.57333333333333
26813.0	63.92
26888.0	131.4
26963.0	95.57333333333334
27038.0	103.21333333333334
27113.0	96.86666666666666
27188.0	146.68
27263.0	74.08
27338.0	69.53333333333333
27413.0	80.04
27488.0	184.72
27563.0	126.54666666666667
27638.0	121.2
27713.0	125.02666666666667
27788.0	206.86666666666667
27863.0	143.37333333333333
27938.0	76.17333333333333
28013.0	78.29333333333334
28088.0	108.24
28163.0	119.76
28238.0	100.64
28313.0	158.52
28388.0	154.88
28463.0	98.28
28538.0	38.306666666666665
28613.0	39.96
28688.0	94.65333333333334
28763.0	104.34666666666666
28838.0	82.25333333333333
28913.0	50.64
28988.0	79.62666666666667
29063.0	100.84
29138.0	86.06666666666666
29213.0	64.52
29288.0	92.26666666666667
29363.0	104.17333333333333
29438.0	61.0
29513.0	120.22666666666667
29588.0	145.86666666666667
29663.0	162.86666666666667
29738.0	74.48
29813.0	85.98666666666666
29877.0	26.641509433962263
