#Insert size (bp)	insert size
24.0	1.0
69.0	1.0
76.0	1.0
86.0	1.0
90.0	1.0
95.0	4.0
96.0	1.0
97.0	1.0
98.0	2.0
101.0	1.0
102.0	1.0
104.0	2.0
105.0	2.0
107.0	1.0
108.0	5.0
110.0	6.0
111.0	1.0
112.0	1.0
114.0	1.0
115.0	4.0
116.0	1.0
118.0	1.0
119.0	2.0
121.0	3.0
123.0	5.0
124.0	3.0
125.0	2.0
126.0	2.0
127.0	1.0
128.0	3.0
129.0	1.0
130.0	1.0
134.0	4.0
137.0	1.0
138.0	1.0
139.0	1.0
140.0	1.0
141.0	3.0
142.0	1.0
143.0	3.0
145.0	2.0
146.0	3.0
147.0	1.0
148.0	2.0
149.0	1.0
150.0	1.0
152.0	1.0
154.0	1.0
155.0	2.0
156.0	2.0
157.0	3.0
158.0	3.0
159.0	1.0
160.0	6.0
161.0	2.0
162.0	3.0
163.0	3.0
164.0	4.0
165.0	3.0
166.0	3.0
167.0	5.0
168.0	2.0
169.0	3.0
170.0	3.0
171.0	1.0
172.0	8.0
173.0	1.0
174.0	4.0
175.0	6.0
176.0	5.0
177.0	1.0
178.0	3.0
179.0	3.0
180.0	3.0
181.0	3.0
182.0	2.0
183.0	3.0
184.0	3.0
185.0	3.0
186.0	3.0
187.0	2.0
188.0	1.0
189.0	1.0
190.0	2.0
191.0	4.0
192.0	12.0
193.0	4.0
194.0	4.0
195.0	1.0
196.0	4.0
197.0	2.0
198.0	1.0
199.0	3.0
200.0	3.0
201.0	2.0
202.0	3.0
203.0	3.0
204.0	2.0
205.0	4.0
206.0	3.0
207.0	4.0
208.0	7.0
209.0	7.0
210.0	16.0
211.0	2.0
212.0	2.0
213.0	2.0
214.0	4.0
215.0	7.0
216.0	3.0
217.0	3.0
218.0	5.0
219.0	4.0
220.0	3.0
221.0	2.0
222.0	3.0
223.0	8.0
224.0	4.0
225.0	2.0
226.0	6.0
227.0	4.0
228.0	6.0
229.0	11.0
230.0	8.0
231.0	5.0
232.0	5.0
233.0	9.0
234.0	8.0
235.0	5.0
236.0	3.0
237.0	4.0
238.0	4.0
239.0	2.0
240.0	5.0
241.0	4.0
242.0	5.0
243.0	2.0
244.0	5.0
245.0	6.0
246.0	5.0
247.0	2.0
248.0	2.0
249.0	2.0
250.0	3.0
251.0	1.0
252.0	6.0
253.0	3.0
254.0	7.0
255.0	4.0
256.0	8.0
258.0	5.0
259.0	1.0
260.0	6.0
261.0	5.0
263.0	4.0
264.0	2.0
265.0	3.0
266.0	4.0
267.0	1.0
268.0	2.0
269.0	2.0
270.0	5.0
271.0	3.0
272.0	3.0
273.0	1.0
274.0	1.0
275.0	3.0
276.0	2.0
277.0	2.0
278.0	3.0
279.0	4.0
280.0	6.0
281.0	3.0
282.0	4.0
283.0	5.0
284.0	5.0
285.0	3.0
286.0	4.0
287.0	4.0
288.0	4.0
289.0	4.0
290.0	3.0
292.0	4.0
293.0	6.0
294.0	3.0
295.0	7.0
296.0	6.0
297.0	7.0
298.0	7.0
299.0	3.0
300.0	4.0
301.0	5.0
302.0	2.0
303.0	7.0
304.0	4.0
305.0	8.0
306.0	8.0
307.0	5.0
308.0	5.0
309.0	5.0
310.0	3.0
311.0	7.0
312.0	5.0
313.0	10.0
314.0	8.0
315.0	4.0
316.0	8.0
317.0	8.0
318.0	9.0
319.0	13.0
320.0	8.0
321.0	14.0
322.0	5.0
323.0	5.0
324.0	10.0
325.0	5.0
326.0	22.0
327.0	10.0
328.0	19.0
329.0	11.0
330.0	12.0
331.0	12.0
332.0	18.0
333.0	20.0
334.0	13.0
335.0	19.0
336.0	20.0
337.0	19.0
338.0	15.0
339.0	17.0
340.0	18.0
341.0	15.0
342.0	25.0
343.0	24.0
344.0	23.0
345.0	28.0
346.0	26.0
347.0	21.0
348.0	31.0
349.0	29.0
350.0	29.0
351.0	23.0
352.0	26.0
353.0	37.0
354.0	36.0
355.0	35.0
356.0	43.0
357.0	36.0
358.0	34.0
359.0	32.0
360.0	35.0
361.0	36.0
362.0	46.0
363.0	41.0
364.0	35.0
365.0	40.0
366.0	38.0
367.0	37.0
368.0	36.0
369.0	54.0
370.0	59.0
371.0	59.0
372.0	64.0
373.0	84.0
374.0	88.0
375.0	103.0
376.0	123.0
377.0	112.0
378.0	132.0
379.0	134.0
380.0	132.0
381.0	133.0
382.0	118.0
383.0	92.0
384.0	85.0
385.0	102.0
386.0	95.0
387.0	97.0
388.0	89.0
389.0	96.0
390.0	78.0
391.0	69.0
392.0	85.0
393.0	66.0
394.0	49.0
395.0	44.0
396.0	38.0
397.0	39.0
398.0	37.0
399.0	50.0
400.0	50.0
401.0	37.0
402.0	32.0
403.0	42.0
404.0	40.0
405.0	38.0
406.0	37.0
407.0	26.0
408.0	29.0
409.0	28.0
410.0	19.0
411.0	21.0
412.0	20.0
413.0	14.0
414.0	15.0
415.0	11.0
416.0	11.0
417.0	9.0
418.0	7.0
419.0	4.0
420.0	2.0
421.0	1.0
425.0	2.0
427.0	1.0
428.0	1.0
430.0	1.0
432.0	2.0
433.0	3.0
434.0	2.0
436.0	1.0
438.0	3.0
439.0	1.0
441.0	1.0
443.0	1.0
445.0	2.0
446.0	1.0
447.0	1.0
448.0	1.0
452.0	2.0
453.0	2.0
454.0	1.0
455.0	2.0
457.0	1.0
463.0	2.0
464.0	2.0
469.0	1.0
470.0	4.0
474.0	1.0
476.0	1.0
477.0	1.0
479.0	3.0
481.0	2.0
482.0	3.0
484.0	1.0
485.0	2.0
486.0	5.0
487.0	2.0
488.0	2.0
489.0	4.0
491.0	3.0
492.0	2.0
493.0	2.0
494.0	2.0
496.0	1.0
497.0	8.0
498.0	4.0
500.0	2.0
501.0	3.0
504.0	3.0
505.0	2.0
506.0	1.0
507.0	1.0
508.0	1.0
509.0	2.0
510.0	1.0
513.0	1.0
514.0	1.0
516.0	2.0
517.0	1.0
518.0	1.0
519.0	2.0
520.0	1.0
523.0	1.0
525.0	1.0
529.0	1.0
530.0	2.0
533.0	1.0
536.0	1.0
537.0	1.0
538.0	1.0
539.0	1.0
541.0	1.0
542.0	1.0
543.0	2.0
545.0	1.0
547.0	1.0
550.0	1.0
551.0	1.0
555.0	1.0
556.0	2.0
558.0	1.0
560.0	2.0
561.0	1.0
564.0	1.0
566.0	1.0
568.0	1.0
570.0	1.0
571.0	2.0
576.0	2.0
577.0	1.0
578.0	1.0
580.0	1.0
582.0	4.0
584.0	1.0
585.0	2.0
591.0	1.0
594.0	2.0
595.0	2.0
596.0	2.0
598.0	1.0
599.0	1.0
601.0	2.0
602.0	1.0
603.0	1.0
604.0	1.0
605.0	1.0
606.0	1.0
607.0	1.0
608.0	1.0
609.0	1.0
610.0	1.0
612.0	3.0
613.0	8.0
614.0	1.0
616.0	3.0
617.0	2.0
619.0	1.0
620.0	1.0
621.0	2.0
623.0	3.0
624.0	2.0
625.0	2.0
626.0	1.0
627.0	2.0
628.0	3.0
629.0	3.0
630.0	3.0
631.0	1.0
632.0	2.0
633.0	1.0
634.0	3.0
636.0	1.0
637.0	2.0
638.0	1.0
639.0	4.0
640.0	3.0
641.0	4.0
642.0	3.0
643.0	2.0
644.0	4.0
645.0	2.0
646.0	1.0
647.0	1.0
648.0	2.0
649.0	1.0
650.0	4.0
651.0	5.0
652.0	2.0
653.0	4.0
654.0	2.0
655.0	1.0
656.0	2.0
657.0	1.0
658.0	2.0
659.0	4.0
661.0	1.0
662.0	3.0
663.0	1.0
664.0	4.0
665.0	4.0
666.0	3.0
667.0	3.0
668.0	6.0
669.0	7.0
671.0	1.0
674.0	3.0
675.0	3.0
676.0	5.0
677.0	6.0
678.0	6.0
679.0	8.0
680.0	4.0
681.0	6.0
682.0	2.0
683.0	4.0
684.0	3.0
685.0	4.0
686.0	3.0
687.0	4.0
688.0	2.0
689.0	3.0
690.0	2.0
691.0	6.0
692.0	3.0
693.0	2.0
694.0	4.0
695.0	7.0
696.0	4.0
697.0	5.0
698.0	4.0
700.0	4.0
701.0	6.0
702.0	1.0
703.0	7.0
704.0	7.0
705.0	2.0
706.0	4.0
707.0	3.0
708.0	3.0
709.0	3.0
710.0	1.0
711.0	2.0
712.0	1.0
713.0	2.0
714.0	2.0
715.0	3.0
716.0	4.0
717.0	1.0
718.0	3.0
719.0	4.0
720.0	4.0
721.0	3.0
722.0	1.0
723.0	1.0
724.0	2.0
725.0	2.0
726.0	4.0
728.0	3.0
733.0	1.0
734.0	1.0
735.0	2.0
736.0	1.0
738.0	1.0
739.0	1.0
740.0	1.0
741.0	1.0
742.0	1.0
750.0	1.0
765.0	1.0
775.0	1.0
779.0	1.0
781.0	1.0
787.0	4.0
789.0	1.0
795.0	2.0
796.0	1.0
797.0	1.0
802.0	2.0
809.0	1.0
812.0	1.0
815.0	1.0
816.0	1.0
817.0	2.0
819.0	1.0
820.0	1.0
821.0	1.0
825.0	71.0
826.0	1.0
830.0	2.0
831.0	1.0
833.0	1.0
834.0	3.0
836.0	1.0
837.0	3.0
841.0	3.0
842.0	2.0
844.0	1.0
845.0	1.0
846.0	3.0
849.0	1.0
852.0	1.0
853.0	1.0
857.0	1.0
858.0	3.0
863.0	1.0
864.0	1.0
865.0	1.0
867.0	2.0
868.0	1.0
871.0	3.0
872.0	1.0
874.0	2.0
876.0	3.0
878.0	2.0
881.0	1.0
883.0	1.0
886.0	1.0
894.0	1.0
903.0	3.0
904.0	1.0
908.0	1.0
911.0	2.0
918.0	1.0
923.0	1.0
926.0	1.0
928.0	1.0
931.0	1.0
939.0	2.0
942.0	1.0
944.0	1.0
945.0	2.0
947.0	1.0
948.0	1.0
949.0	2.0
950.0	2.0
951.0	1.0
952.0	2.0
953.0	1.0
957.0	1.0
959.0	1.0
961.0	1.0
962.0	1.0
963.0	2.0
964.0	2.0
965.0	2.0
966.0	3.0
967.0	3.0
968.0	1.0
970.0	1.0
973.0	1.0
976.0	1.0
977.0	2.0
978.0	1.0
979.0	1.0
982.0	1.0
983.0	2.0
984.0	1.0
986.0	1.0
988.0	1.0
989.0	2.0
997.0	2.0
998.0	1.0
1006.0	2.0
1007.0	1.0
1008.0	1.0
1009.0	2.0
1015.0	4.0
1016.0	3.0
1018.0	1.0
1020.0	1.0
1022.0	1.0
1024.0	2.0
1026.0	1.0
1027.0	2.0
1029.0	1.0
1032.0	1.0
1034.0	2.0
1036.0	4.0
1038.0	1.0
1039.0	1.0
1044.0	1.0
1046.0	1.0
1049.0	1.0
1060.0	1.0
1065.0	1.0
1118.0	1.0
1123.0	1.0
1134.0	1.0
1167.0	1.0
1177.0	1.0
1189.0	2.0
1198.0	1.0
1216.0	1.0
1219.0	1.0
1231.0	1.0
1241.0	1.0
1263.0	1.0
1264.0	1.0
1265.0	3.0
1271.0	1.0
1277.0	1.0
1293.0	1.0
1298.0	1.0
1306.0	1.0
1316.0	1.0
1323.0	1.0
1333.0	1.0
1348.0	1.0
1349.0	1.0
1360.0	1.0
1374.0	1.0
1381.0	1.0
1386.0	3.0
1391.0	3.0
1406.0	1.0
1407.0	1.0
1415.0	1.0
1417.0	1.0
1434.0	1.0
1435.0	1.0
1436.0	1.0
1437.0	2.0
1445.0	2.0
1446.0	1.0
1454.0	2.0
1457.0	3.0
1460.0	1.0
1461.0	1.0
1464.0	2.0
1470.0	1.0
1471.0	1.0
1472.0	1.0
1475.0	1.0
1477.0	1.0
1479.0	1.0
1480.0	2.0
1491.0	1.0
1492.0	1.0
1493.0	1.0
1495.0	1.0
1498.0	2.0
1499.0	1.0
1502.0	3.0
1511.0	1.0
1512.0	1.0
1521.0	2.0
1522.0	1.0
1523.0	1.0
1539.0	1.0
1540.0	1.0
1543.0	1.0
1550.0	1.0
1553.0	1.0
1557.0	1.0
1565.0	1.0
1573.0	1.0
1574.0	1.0
1576.0	1.0
1577.0	1.0
1579.0	1.0
1594.0	1.0
1600.0	1.0
1603.0	1.0
1609.0	1.0
1610.0	3.0
1611.0	3.0
1612.0	1.0
1615.0	1.0
1618.0	1.0
1626.0	1.0
1631.0	1.0
1634.0	1.0
1644.0	1.0
1655.0	1.0
1656.0	1.0
1659.0	2.0
1660.0	1.0
1662.0	1.0
1686.0	1.0
1731.0	1.0
1741.0	1.0
1762.0	1.0
1779.0	1.0
1788.0	1.0
1791.0	1.0
1800.0	1.0
1823.0	1.0
1836.0	1.0
1840.0	3.0
1843.0	2.0
1845.0	1.0
1848.0	1.0
1857.0	1.0
1861.0	1.0
1862.0	2.0
1863.0	1.0
1864.0	1.0
1885.0	1.0
1890.0	1.0
1907.0	1.0
1915.0	1.0
1916.0	2.0
1920.0	1.0
1936.0	1.0
1941.0	1.0
1955.0	2.0
2009.0	1.0
2012.0	1.0
2020.0	1.0
2023.0	1.0
2030.0	1.0
2031.0	1.0
2044.0	1.0
2045.0	1.0
2046.0	1.0
2047.0	1.0
2057.0	1.0
2058.0	1.0
2062.0	1.0
2064.0	1.0
2074.0	1.0
2086.0	1.0
2091.0	1.0
2093.0	1.0
2096.0	1.0
2101.0	2.0
2105.0	1.0
2108.0	1.0
2112.0	2.0
2113.0	1.0
2116.0	1.0
2118.0	1.0
2119.0	2.0
2127.0	1.0
2128.0	1.0
2131.0	1.0
2137.0	1.0
2141.0	1.0
2149.0	1.0
2150.0	1.0
2158.0	1.0
2164.0	1.0
2177.0	2.0
2180.0	1.0
2181.0	1.0
2195.0	1.0
2199.0	1.0
2201.0	2.0
2203.0	1.0
2215.0	1.0
2228.0	1.0
2230.0	2.0
2235.0	1.0
2237.0	1.0
2246.0	1.0
2247.0	1.0
2251.0	1.0
2254.0	1.0
2256.0	1.0
2267.0	2.0
2278.0	1.0
2291.0	2.0
2294.0	1.0
2342.0	1.0
2355.0	1.0
2369.0	1.0
2388.0	1.0
2399.0	1.0
2400.0	1.0
2408.0	2.0
2412.0	1.0
2413.0	1.0
2455.0	1.0
2461.0	1.0
2462.0	2.0
2464.0	1.0
2469.0	1.0
2479.0	1.0
2490.0	1.0
2494.0	1.0
2516.0	1.0
2517.0	1.0
2521.0	1.0
2526.0	1.0
2527.0	2.0
2562.0	1.0
2575.0	1.0
2576.0	1.0
2598.0	1.0
2606.0	1.0
2607.0	1.0
2613.0	2.0
2628.0	1.0
2640.0	1.0
2663.0	1.0
2671.0	1.0
2676.0	1.0
2677.0	1.0
2679.0	1.0
2687.0	2.0
2694.0	1.0
2715.0	1.0
2724.0	1.0
2729.0	1.0
2734.0	1.0
2736.0	1.0
2738.0	1.0
2740.0	1.0
2779.0	1.0
2806.0	1.0
2815.0	1.0
2819.0	1.0
2836.0	1.0
2850.0	1.0
2854.0	1.0
2855.0	2.0
2866.0	1.0
2873.0	1.0
2874.0	1.0
2888.0	1.0
2906.0	1.0
2915.0	1.0
2927.0	1.0
2928.0	1.0
2939.0	1.0
3010.0	1.0
3018.0	1.0
3021.0	1.0
3040.0	2.0
3050.0	1.0
3055.0	1.0
3056.0	2.0
3058.0	1.0
3060.0	1.0
3083.0	1.0
3086.0	2.0
3102.0	1.0
3130.0	1.0
3137.0	1.0
3138.0	1.0
3139.0	1.0
3161.0	1.0
3173.0	1.0
3174.0	1.0
3203.0	1.0
3208.0	1.0
3214.0	1.0
3231.0	1.0
3234.0	1.0
3243.0	1.0
3276.0	1.0
3296.0	1.0
3299.0	1.0
3314.0	1.0
3316.0	1.0
3328.0	1.0
3340.0	1.0
3341.0	1.0
3342.0	1.0
3352.0	4.0
3353.0	1.0
3354.0	2.0
3358.0	1.0
3368.0	1.0
3396.0	2.0
3402.0	1.0
3408.0	1.0
3409.0	1.0
3423.0	1.0
3433.0	1.0
3449.0	1.0
3450.0	1.0
3454.0	1.0
3517.0	1.0
3532.0	1.0
3576.0	1.0
3602.0	1.0
3607.0	1.0
3608.0	1.0
3622.0	1.0
3641.0	1.0
3650.0	1.0
3664.0	1.0
3665.0	1.0
3694.0	1.0
3697.0	1.0
3708.0	1.0
3709.0	2.0
3717.0	1.0
3725.0	1.0
3740.0	1.0
3742.0	1.0
3749.0	1.0
3757.0	1.0
3803.0	1.0
3817.0	1.0
3818.0	1.0
3823.0	1.0
3826.0	1.0
3843.0	1.0
3868.0	1.0
3900.0	2.0
3905.0	1.0
3907.0	1.0
3909.0	1.0
3917.0	1.0
3921.0	1.0
3925.0	1.0
3926.0	1.0
3939.0	1.0
3957.0	1.0
3963.0	1.0
3964.0	1.0
3965.0	1.0
3972.0	1.0
3974.0	1.0
3997.0	1.0
4002.0	1.0
4011.0	1.0
4018.0	1.0
4021.0	1.0
4052.0	1.0
4062.0	1.0
4069.0	1.0
4072.0	1.0
4073.0	1.0
4079.0	1.0
4087.0	1.0
4088.0	1.0
4089.0	1.0
4093.0	1.0
4094.0	1.0
4097.0	1.0
4127.0	1.0
4135.0	1.0
4150.0	1.0
4159.0	1.0
4173.0	1.0
4189.0	1.0
4200.0	1.0
4205.0	1.0
4244.0	1.0
4271.0	1.0
4278.0	1.0
4304.0	1.0
4317.0	1.0
4328.0	1.0
4333.0	1.0
4347.0	1.0
4351.0	1.0
4368.0	1.0
4371.0	1.0
4374.0	1.0
4376.0	1.0
4388.0	1.0
4398.0	1.0
4418.0	1.0
4435.0	1.0
4442.0	1.0
4443.0	1.0
4452.0	1.0
4456.0	1.0
4465.0	1.0
4501.0	1.0
4503.0	1.0
4519.0	1.0
4525.0	1.0
4562.0	1.0
4563.0	1.0
4564.0	1.0
4567.0	1.0
4572.0	1.0
4581.0	1.0
4588.0	1.0
4593.0	1.0
4605.0	1.0
4621.0	1.0
4630.0	1.0
4687.0	1.0
4689.0	1.0
4690.0	1.0
4696.0	1.0
4699.0	1.0
4711.0	1.0
4745.0	1.0
4762.0	1.0
4773.0	1.0
4790.0	2.0
4797.0	1.0
4801.0	1.0
4807.0	1.0
4811.0	1.0
4817.0	1.0
4833.0	2.0
4841.0	1.0
4850.0	1.0
4883.0	1.0
4927.0	1.0
4937.0	1.0
4951.0	1.0
4958.0	2.0
4962.0	1.0
4965.0	1.0
5002.0	1.0
5004.0	1.0
5013.0	1.0
5024.0	2.0
5030.0	1.0
5039.0	1.0
5043.0	1.0
5050.0	1.0
5055.0	1.0
5067.0	1.0
5069.0	1.0
5094.0	1.0
5107.0	1.0
5109.0	1.0
5116.0	1.0
5118.0	1.0
5124.0	1.0
5150.0	1.0
5170.0	1.0
5192.0	1.0
5205.0	1.0
5227.0	1.0
5246.0	1.0
5249.0	1.0
5263.0	1.0
5272.0	1.0
5274.0	1.0
5287.0	1.0
5302.0	1.0
5327.0	1.0
5347.0	1.0
5390.0	1.0
5401.0	1.0
5424.0	1.0
5452.0	1.0
5453.0	1.0
5455.0	1.0
5456.0	1.0
5462.0	1.0
5473.0	1.0
5493.0	1.0
5506.0	1.0
5511.0	1.0
5543.0	1.0
5564.0	1.0
5615.0	1.0
5644.0	1.0
5656.0	1.0
5658.0	1.0
5670.0	2.0
5675.0	1.0
5680.0	1.0
5684.0	1.0
5686.0	1.0
5688.0	1.0
5695.0	1.0
5707.0	1.0
5722.0	1.0
5735.0	1.0
5741.0	1.0
5746.0	4.0
5768.0	1.0
5769.0	1.0
5770.0	2.0
5774.0	1.0
5776.0	1.0
5778.0	1.0
5788.0	1.0
5796.0	1.0
5821.0	1.0
5824.0	1.0
5830.0	1.0
5831.0	1.0
5833.0	1.0
5838.0	1.0
5844.0	1.0
5871.0	1.0
5873.0	1.0
5904.0	2.0
5929.0	1.0
5931.0	1.0
5989.0	1.0
5996.0	1.0
6026.0	1.0
6058.0	1.0
6069.0	1.0
6071.0	1.0
6076.0	1.0
6110.0	1.0
6121.0	1.0
6138.0	1.0
6141.0	1.0
6145.0	1.0
6148.0	1.0
6155.0	1.0
6183.0	1.0
6185.0	1.0
6189.0	1.0
6214.0	1.0
6228.0	1.0
6256.0	2.0
6271.0	1.0
6279.0	1.0
6290.0	1.0
6297.0	1.0
6304.0	1.0
6306.0	1.0
6307.0	1.0
6308.0	3.0
6319.0	1.0
6337.0	1.0
6367.0	1.0
6378.0	1.0
6398.0	1.0
6409.0	1.0
6413.0	1.0
6414.0	1.0
6423.0	1.0
6428.0	1.0
6433.0	1.0
6452.0	1.0
6458.0	1.0
6467.0	1.0
6476.0	1.0
6485.0	1.0
6505.0	1.0
6531.0	1.0
6532.0	1.0
6538.0	1.0
6547.0	1.0
6562.0	1.0
6571.0	1.0
6602.0	1.0
6608.0	1.0
6617.0	1.0
6663.0	1.0
6711.0	1.0
6744.0	1.0
6758.0	1.0
6779.0	1.0
6793.0	2.0
6808.0	1.0
6815.0	1.0
6839.0	1.0
6869.0	2.0
6901.0	1.0
6902.0	1.0
6931.0	1.0
6935.0	1.0
6937.0	1.0
6949.0	1.0
6950.0	1.0
6972.0	1.0
6989.0	1.0
7008.0	1.0
7013.0	1.0
7032.0	1.0
7052.0	1.0
7075.0	1.0
7092.0	1.0
7093.0	1.0
7106.0	1.0
7107.0	1.0
7115.0	1.0
7116.0	1.0
7137.0	1.0
7173.0	1.0
7187.0	1.0
7224.0	1.0
7232.0	1.0
7239.0	1.0
7240.0	1.0
7259.0	1.0
7294.0	1.0
7295.0	1.0
7306.0	1.0
7321.0	1.0
7338.0	1.0
7342.0	1.0
7348.0	1.0
7361.0	1.0
7397.0	1.0
7402.0	1.0
7439.0	1.0
7450.0	1.0
7454.0	1.0
7455.0	1.0
7482.0	1.0
7488.0	1.0
7492.0	1.0
7493.0	1.0
7505.0	1.0
7535.0	1.0
7537.0	1.0
7545.0	1.0
7547.0	1.0
7584.0	1.0
7603.0	1.0
7604.0	1.0
7620.0	1.0
7635.0	1.0
7670.0	1.0
7695.0	1.0
7717.0	1.0
7771.0	1.0
7773.0	1.0
7785.0	1.0
7812.0	1.0
7832.0	1.0
7841.0	2.0
7853.0	1.0
7904.0	2.0
7914.0	1.0
7925.0	1.0
7961.0	1.0
7972.0	1.0
7987.0	1.0
8021.0	1.0
8033.0	1.0
8034.0	2.0
8038.0	1.0
8040.0	1.0
8056.0	1.0
8080.0	1.0
8183.0	1.0
8188.0	1.0
8212.0	2.0
8214.0	1.0
8238.0	1.0
8240.0	1.0
8249.0	1.0
8261.0	1.0
8276.0	1.0
8374.0	1.0
8378.0	1.0
8397.0	1.0
8421.0	1.0
8427.0	1.0
