#Position (bp)	Coverage
38.0	273.2266666666667
113.0	988.1066666666667
188.0	1047.12
263.0	868.04
338.0	1499.8933333333334
413.0	1641.9866666666667
488.0	1571.4533333333334
563.0	1534.5466666666666
638.0	1605.2666666666667
713.0	2184.3733333333334
788.0	2053.3733333333334
863.0	2143.28
938.0	2102.1466666666665
1013.0	1617.2666666666667
1088.0	1047.44
1163.0	1287.1066666666666
1238.0	1247.88
1313.0	1088.9333333333334
1388.0	758.24
1463.0	813.4933333333333
1538.0	882.2533333333333
1613.0	1187.2133333333334
1688.0	1012.88
1763.0	905.4133333333333
1838.0	1001.72
1913.0	3272.6
1988.0	4802.026666666667
2063.0	5626.666666666667
2138.0	5483.16
2213.0	3931.92
2288.0	1430.2133333333334
2363.0	1182.6133333333332
2438.0	1450.3466666666666
2513.0	3007.2266666666665
2588.0	6935.44
2663.0	6540.266666666666
2738.0	5996.906666666667
2813.0	5540.053333333333
2888.0	3282.28
2963.0	1684.4
3038.0	1677.7866666666666
3113.0	1778.7733333333333
3188.0	1885.7066666666667
3263.0	1655.4533333333334
3338.0	1596.9733333333334
3413.0	1564.1866666666667
3488.0	1768.9333333333334
3563.0	1487.4266666666667
3638.0	1358.8266666666666
3713.0	1438.04
3788.0	1955.6266666666668
3863.0	2043.52
3938.0	2005.9866666666667
4013.0	1891.76
4088.0	4077.306666666667
4163.0	4535.506666666667
4238.0	4348.586666666667
4313.0	4681.053333333333
4388.0	4445.56
4463.0	2584.0
4538.0	2337.4533333333334
4613.0	2392.0
4688.0	2628.733333333333
4763.0	2094.6266666666666
4838.0	2221.0933333333332
4913.0	2347.4533333333334
4988.0	2573.48
5063.0	2037.04
5138.0	2105.3333333333335
5213.0	2073.1466666666665
5288.0	2349.0666666666666
5363.0	2622.1866666666665
5438.0	2314.0933333333332
5513.0	2332.6
5588.0	3539.7733333333335
5663.0	3667.8133333333335
5738.0	4053.9333333333334
5813.0	3463.56
5888.0	3719.96
5963.0	1716.8133333333333
6038.0	1261.48
6113.0	1326.0933333333332
6188.0	2830.3333333333335
6263.0	3976.4933333333333
6338.0	3362.2933333333335
6413.0	3245.306666666667
6488.0	3313.92
6563.0	2266.8133333333335
6638.0	1842.3733333333332
6713.0	2213.9466666666667
6788.0	3273.2533333333336
6863.0	2128.92
6938.0	1465.92
7013.0	1916.92
7088.0	2368.0666666666666
7163.0	1913.88
7238.0	1787.7466666666667
7313.0	2143.3733333333334
7388.0	2434.32
7463.0	1916.0666666666666
7538.0	1931.4933333333333
7613.0	2081.733333333333
7688.0	2171.96
7763.0	1909.2133333333334
7838.0	1868.3733333333332
7913.0	2103.5066666666667
7988.0	4030.68
8063.0	2875.133333333333
8138.0	3003.9733333333334
8213.0	3137.2933333333335
8288.0	3411.92
8363.0	1954.4133333333334
8438.0	1701.3066666666666
8513.0	1717.84
8588.0	2065.52
8663.0	3317.866666666667
8738.0	3606.4133333333334
8813.0	3570.0533333333333
8888.0	3847.653333333333
8963.0	3568.4133333333334
9038.0	2331.04
9113.0	2342.4933333333333
9188.0	2440.28
9263.0	2842.9733333333334
9338.0	2673.6133333333332
9413.0	2840.4133333333334
9488.0	3617.1066666666666
9563.0	3656.36
9638.0	2616.6266666666666
9713.0	2543.826666666667
9788.0	2585.6266666666666
9863.0	2037.8933333333334
9938.0	1867.4933333333333
10013.0	1678.0666666666666
10088.0	2059.3333333333335
10163.0	2548.9866666666667
10238.0	2192.3866666666668
10313.0	2256.7733333333335
10388.0	2897.0533333333333
10463.0	2481.6
10538.0	2179.213333333333
10613.0	2212.36
10688.0	2906.0266666666666
10763.0	2660.8933333333334
10838.0	2278.0
10913.0	2311.4533333333334
10988.0	2811.12
11063.0	6016.6
11138.0	5751.88
11213.0	6127.053333333333
11288.0	6012.106666666667
11363.0	6144.053333333333
11438.0	2841.0133333333333
11513.0	2905.9466666666667
11588.0	4030.7066666666665
11663.0	4013.9466666666667
11738.0	2567.96
11813.0	2404.693333333333
11888.0	2862.6266666666666
11963.0	2231.3866666666668
12038.0	1973.5866666666666
12113.0	2597.4266666666667
12188.0	4519.96
12263.0	3511.04
12338.0	3804.56
12413.0	4538.173333333333
12488.0	3738.213333333333
12563.0	2934.0533333333333
12638.0	2800.9333333333334
12713.0	3909.866666666667
12788.0	5709.44
12863.0	5644.866666666667
12938.0	5904.08
13013.0	7945.986666666667
13088.0	12618.56
13163.0	14665.106666666667
13238.0	14484.986666666666
13313.0	14819.413333333334
13388.0	7459.64
13463.0	5010.293333333333
13538.0	4623.946666666667
13613.0	5443.306666666666
13688.0	7494.933333333333
13763.0	7314.013333333333
13838.0	7351.266666666666
13913.0	6538.64
13988.0	4539.573333333334
14063.0	3991.7466666666664
14138.0	4113.1866666666665
14213.0	4336.546666666667
14288.0	4338.653333333334
14363.0	3965.1466666666665
14438.0	3947.0133333333333
14513.0	4111.306666666666
14588.0	4341.36
14663.0	4020.96
14738.0	4070.5066666666667
14813.0	4018.16
14888.0	4277.28
14963.0	3720.76
15038.0	3617.1066666666666
15113.0	3610.0933333333332
15188.0	6007.346666666666
15263.0	8706.773333333333
15338.0	8650.8
15413.0	8609.72
15488.0	7752.586666666667
15563.0	5070.56
15638.0	4132.306666666666
15713.0	4144.92
15788.0	4098.413333333333
15863.0	4431.96
15938.0	4273.413333333333
16013.0	4204.36
16088.0	4361.24
16163.0	5013.946666666667
16238.0	4110.48
16313.0	3938.5066666666667
16388.0	3971.2533333333336
16463.0	4386.133333333333
16538.0	3498.72
16613.0	3435.2533333333336
16688.0	3551.3866666666668
16763.0	4345.346666666666
16838.0	5362.36
16913.0	5496.8
16988.0	5357.013333333333
17063.0	5835.4
17138.0	5831.6
17213.0	5288.893333333333
17288.0	4904.706666666667
17363.0	5250.893333333333
17438.0	4773.56
17513.0	3891.266666666667
17588.0	3743.8
17663.0	4043.0533333333333
17738.0	4362.96
17813.0	4003.04
17888.0	4108.466666666666
17963.0	4110.8533333333335
18038.0	4536.96
18113.0	4325.6
18188.0	4177.906666666667
18263.0	4606.493333333333
18338.0	4452.706666666667
18413.0	3777.9466666666667
18488.0	3848.4133333333334
18563.0	3776.4266666666667
18638.0	4626.56
18713.0	4015.133333333333
18788.0	4116.48
18863.0	4227.1866666666665
18938.0	4969.573333333334
19013.0	4142.666666666667
19088.0	4220.426666666666
19163.0	3933.6666666666665
19238.0	3980.16
19313.0	2483.64
19388.0	2383.68
19463.0	2418.173333333333
19538.0	2420.8
19613.0	3141.3733333333334
19688.0	3224.3333333333335
19763.0	3267.6133333333332
19838.0	3493.64
19913.0	3617.1466666666665
19988.0	3015.346666666667
20063.0	3076.2933333333335
20138.0	3039.52
20213.0	3120.653333333333
20288.0	2799.2533333333336
20363.0	2795.7466666666664
20438.0	2810.36
20513.0	3954.04
20588.0	3225.8533333333335
20663.0	3329.733333333333
20738.0	3369.8933333333334
20813.0	4247.466666666666
20888.0	3728.733333333333
20963.0	3451.5333333333333
21038.0	3382.04
21113.0	3493.0933333333332
21188.0	2506.16
21263.0	2431.306666666667
21338.0	2438.88
21413.0	2883.9066666666668
21488.0	2840.346666666667
21563.0	2795.72
21638.0	3003.653333333333
21713.0	3453.32
21788.0	2644.5733333333333
21863.0	3213.7733333333335
21938.0	3068.0133333333333
22013.0	3034.4666666666667
22088.0	3643.693333333333
22163.0	3395.2266666666665
22238.0	3458.1066666666666
22313.0	2941.3733333333334
22388.0	2169.1066666666666
22463.0	2170.56
22538.0	2516.4933333333333
22613.0	2893.6
22688.0	3022.8133333333335
22763.0	2881.36
22838.0	3349.1866666666665
22913.0	3019.52
22988.0	3035.213333333333
23063.0	2966.266666666667
23138.0	3258.2266666666665
23213.0	3647.2266666666665
23288.0	3622.9333333333334
23363.0	3613.84
23438.0	3812.6133333333332
23513.0	3847.0266666666666
23588.0	3302.1466666666665
23663.0	3376.8133333333335
23738.0	3678.36
23813.0	3870.9333333333334
23888.0	4315.586666666667
23963.0	3965.6666666666665
24038.0	4578.0
24113.0	4753.373333333333
24188.0	3152.6133333333332
24263.0	3162.4133333333334
24338.0	3079.2
24413.0	3412.96
24488.0	3114.7733333333335
24563.0	3153.6
24638.0	3107.306666666667
24713.0	3610.2266666666665
24788.0	3165.6
24863.0	2845.84
24938.0	2936.306666666667
25013.0	3765.1866666666665
25088.0	3145.36
25163.0	3098.7466666666664
25238.0	3088.7466666666664
25313.0	3267.56
25388.0	3496.24
25463.0	3321.0
25538.0	3369.2
25613.0	4144.546666666667
25688.0	4692.746666666667
25763.0	4397.666666666667
25838.0	5208.64
25913.0	4969.12
25988.0	4137.24
26063.0	4029.7733333333335
26138.0	2833.6133333333332
26213.0	3739.72
26288.0	2738.4266666666667
26363.0	1007.2533333333333
26438.0	1097.6133333333332
26513.0	1648.96
26588.0	1717.1066666666666
26663.0	1491.5733333333333
26738.0	1496.72
26813.0	1736.4133333333334
26888.0	4337.706666666667
26963.0	5763.68
27038.0	6652.44
27113.0	7082.493333333333
27188.0	5404.933333333333
27263.0	2075.0666666666666
27338.0	1760.4533333333334
27413.0	2134.24
27488.0	1959.16
27563.0	483.48
27638.0	494.3066666666667
27713.0	510.08
27788.0	836.3066666666666
27863.0	1260.4933333333333
27938.0	1288.6933333333334
28013.0	1468.3866666666668
28088.0	1813.0133333333333
28163.0	2417.1466666666665
28238.0	1500.0133333333333
28313.0	2231.4533333333334
28388.0	2728.4
28463.0	1849.12
28538.0	1248.2133333333334
28613.0	1322.6533333333334
28688.0	1508.88
28763.0	1030.76
28838.0	649.9466666666667
28913.0	667.9333333333333
28988.0	763.6666666666666
29063.0	1256.96
29138.0	1264.4933333333333
29213.0	1249.2533333333333
29288.0	1305.8666666666666
29363.0	943.5333333333333
29438.0	675.3866666666667
29513.0	1134.4133333333334
29588.0	1789.6266666666668
29663.0	1443.28
29738.0	899.72
29813.0	615.3866666666667
29877.0	8.18867924528302
