#Position (bp)	mapping quality
38.0	59.99969158623526
113.0	59.99779881576288
188.0	59.98968374957031
263.0	59.95188954173007
338.0	59.99473390142697
413.0	59.996714640641024
488.0	59.996608071122566
563.0	59.99724533627411
638.0	59.99685983823895
713.0	59.99557225630103
788.0	59.999049422040585
863.0	59.99851400331905
938.0	59.998140756363554
1013.0	59.99814715727508
1088.0	59.998059930729575
1163.0	59.99672210533347
1238.0	59.99755410396329
1313.0	59.99826078934659
1388.0	60.0
1463.0	59.99784658084893
1538.0	59.996812749003986
1613.0	59.99848108701581
1688.0	59.998296969098625
1763.0	59.9990553193854
1838.0	59.99806838226674
1913.0	59.996455589226755
1988.0	59.994512348010446
2063.0	59.99702794899199
2138.0	59.997975241924905
2213.0	59.99664177089895
2288.0	59.997816236283235
2363.0	60.0
2438.0	60.0
2513.0	59.9989034634005
2588.0	59.999594900512335
2663.0	59.996326343180776
2738.0	59.99799604935444
2813.0	59.996613230977644
2888.0	59.999058188124636
2963.0	59.996754960275005
3038.0	59.94179577090639
3113.0	59.99793793213853
3188.0	59.99832975753801
3263.0	59.99911624828901
3338.0	59.99958651233878
3413.0	59.999119075784655
3488.0	59.998798515894066
3563.0	59.998558212183106
3638.0	59.99863123993559
3713.0	59.99692139289868
3788.0	59.999796479088225
3863.0	59.9988739152254
3938.0	59.99944429231835
4013.0	59.99905863628423
4088.0	59.998931675304554
4163.0	59.998027173169554
4238.0	59.99875472774055
4313.0	59.99867907730836
4388.0	59.998398154085166
4463.0	59.99864751653454
4538.0	59.99892539055058
4613.0	59.99879029066941
4688.0	59.99798010156951
4763.0	59.998178589145
4838.0	59.99817964108548
4913.0	59.999083220730256
4988.0	59.998961508505054
5063.0	60.0
5138.0	59.988101983002835
5213.0	60.0
5288.0	59.99527324835141
5363.0	59.996166720493555
5438.0	59.99802171595816
5513.0	59.99951727554102
5588.0	59.9983020427812
5663.0	59.9989303738373
5738.0	59.98937364053256
5813.0	59.998047182855984
5888.0	59.99862232242865
5963.0	59.998706459971444
6038.0	60.0
6113.0	60.0
6188.0	59.982193158444744
6263.0	59.999022703006
6338.0	59.998811878085235
6413.0	59.99777967453253
6488.0	59.998774742600965
6563.0	59.99832289724763
6638.0	59.99876376031242
6713.0	59.998411534300004
6788.0	59.999247186727025
6863.0	59.99888887740442
6938.0	60.0
7013.0	59.98023064250412
7088.0	59.99927494950541
7163.0	59.99846198916069
7238.0	60.0
7313.0	59.99448717948718
7388.0	59.99716627502709
7463.0	59.99864409181527
7538.0	59.99900663848392
7613.0	59.99717617288033
7688.0	59.998781995749944
7763.0	59.998138342883394
7838.0	59.99740664247091
7913.0	59.99772938623683
7988.0	59.99861573589025
8063.0	59.99891133571685
8138.0	59.998102096351715
8213.0	59.9975967855322
8288.0	59.9988015484898
8363.0	59.993499778401535
8438.0	59.999191312384475
8513.0	60.0
8588.0	59.99921116390887
8663.0	59.999336866862905
8738.0	59.9987527075373
8813.0	59.998139133206195
8888.0	59.99899333642162
8963.0	59.998027620440766
9038.0	59.99710703633788
9113.0	59.99726079908001
9188.0	59.99685921106311
9263.0	59.997990719214215
9338.0	59.99945005862319
9413.0	59.998993629355056
9488.0	59.99887353853691
9563.0	59.99797546191793
9638.0	59.99713318910006
9713.0	59.99896673807025
9788.0	59.9964756430969
9863.0	59.99735635047866
9938.0	59.999309291706645
10013.0	59.9994694680759
10088.0	59.99860891796376
10163.0	59.99835041032726
10238.0	59.998876472010316
10313.0	59.997131308939046
10388.0	59.99847432366638
10463.0	59.99894187037182
10538.0	59.998656282095176
10613.0	59.99795125420433
10688.0	59.99910018037922
10763.0	59.99807187449862
10838.0	59.99742261607589
10913.0	59.998813906706644
10988.0	59.992336192815635
11063.0	59.992687768521165
11138.0	59.995224771719705
11213.0	59.998494290050566
11288.0	59.997409685044005
11363.0	59.999105556461075
11438.0	59.99890846424986
11513.0	59.999041084751845
11588.0	59.99642481648915
11663.0	59.998847089508516
11738.0	59.99939602527107
11813.0	59.99946724677573
11888.0	59.998435574312495
11963.0	59.998339469555056
12038.0	59.99792283796497
12113.0	59.994956790089105
12188.0	59.9992722984571
12263.0	59.99828720464012
12338.0	59.998818945652246
12413.0	59.998920276528
12488.0	59.99771230714856
12563.0	59.99776691428668
12638.0	59.99914052630735
12713.0	59.99697244268064
12788.0	59.99913088814241
12863.0	59.99797152389898
12938.0	59.99767177445415
13013.0	59.998030375486366
13088.0	59.99870775782296
13163.0	59.9983470896725
13238.0	59.998195974173946
13313.0	59.99792280540246
13388.0	59.99433312036237
13463.0	59.998668612880394
13538.0	59.999212444992935
13613.0	59.998713165205075
13688.0	59.99829483049084
13763.0	59.99544741297436
13838.0	59.99865588321581
13913.0	59.997243528980746
13988.0	59.99532749631276
14063.0	59.998629896749016
14138.0	59.99869529892481
14213.0	59.9966347503776
14288.0	59.999187316359794
14363.0	59.98486453669882
14438.0	59.94890372826223
14513.0	59.998294707498886
14588.0	59.996656394068786
14663.0	59.99830984590364
14738.0	59.99947046268323
14813.0	59.9978037332169
14888.0	59.99440901236848
14963.0	59.99919449429787
15038.0	59.998231555678366
15113.0	59.9985398441639
15188.0	59.99916162456324
15263.0	59.99480973151217
15338.0	59.99681536926383
15413.0	59.997735793962036
15488.0	59.997340764686854
15563.0	59.99733618226914
15638.0	59.99708320913022
15713.0	59.9975708311942
15788.0	59.997582997057506
15863.0	59.998234998746064
15938.0	59.99772148007957
16013.0	59.9987054352338
16088.0	59.998913439835306
16163.0	59.99902619905189
16238.0	59.99773964659866
16313.0	59.99700659908837
16388.0	59.99828039168856
16463.0	59.996855085657536
16538.0	59.99712194720829
16613.0	60.0
16688.0	60.0
16763.0	59.99882938659391
16838.0	59.99729622466634
16913.0	59.998782313876504
16988.0	59.9990173861485
17063.0	59.99758276838416
17138.0	59.997594458129996
17213.0	59.99909034356376
17288.0	59.998600426249354
17363.0	59.998416092263376
17438.0	59.99771377967845
17513.0	59.99907655509636
17588.0	59.99846987292941
17663.0	59.99693371624657
17738.0	59.99647850222659
17813.0	59.99828101964287
17888.0	59.99920386104901
17963.0	59.9992534113925
18038.0	59.997748951688585
18113.0	59.99849767596282
18188.0	59.99891814040729
18263.0	59.99942974682419
18338.0	59.99907341478279
18413.0	59.99908187127293
18488.0	59.997327851199216
18563.0	59.99841562586403
18638.0	59.99606454277673
18713.0	59.99607883832806
18788.0	59.99890314000316
18863.0	59.99804945117965
18938.0	59.99874584604571
19013.0	59.99904054657895
19088.0	59.999260486223484
19163.0	59.999049522860474
19238.0	59.99880339938127
19313.0	59.99523575092506
19388.0	60.0
19463.0	60.0
19538.0	59.997673145359975
19613.0	59.998627648059376
19688.0	59.99887240870847
19763.0	59.9992229647226
19838.0	59.995458876477386
19913.0	59.992859864486526
19988.0	59.983611790997124
20063.0	60.0
20138.0	59.99791723263606
20213.0	59.99319276108252
20288.0	60.0
20363.0	60.0
20438.0	60.0
20513.0	59.99919017434562
20588.0	59.99929423935966
20663.0	59.99738058825621
20738.0	59.998887171283634
20813.0	59.99851199809478
20888.0	59.99879805558866
20963.0	59.997708163673785
21038.0	59.99824930016929
21113.0	59.997569403691884
21188.0	59.99620920071961
21263.0	60.0
21338.0	60.0
21413.0	60.0
21488.0	60.0
21563.0	59.99776619508563
21638.0	59.99942656756578
21713.0	59.9915683224152
21788.0	59.99642498683282
21863.0	59.99800633611304
21938.0	59.99904030130917
22013.0	59.99888611047965
22088.0	59.99703298320414
22163.0	59.99913019741743
22238.0	59.99821262600987
22313.0	60.0
22388.0	60.0
22463.0	60.0
22538.0	59.99912839423399
22613.0	59.99904981579142
22688.0	59.99869879951638
22763.0	59.998785110311985
22838.0	59.998015823182214
22913.0	59.99769696700761
22988.0	59.99880503968498
23063.0	59.998859842547574
23138.0	59.997641723957585
23213.0	59.99754363676909
23288.0	59.99850212547796
23363.0	59.9685681907298
23438.0	59.949486663139105
23513.0	59.99034370652189
23588.0	59.99815409981004
23663.0	59.99903351061725
23738.0	59.998226931008524
23813.0	59.99818647046661
23888.0	59.99961814710428
23963.0	59.999898693141525
24038.0	59.99686778389995
24113.0	59.99816201283217
24188.0	59.99778529666374
24263.0	59.99924239763588
24338.0	59.997839300498775
24413.0	59.998802865308136
24488.0	59.9989470199035
24563.0	59.998034123032326
24638.0	59.997372630924076
24713.0	59.997112510578084
24788.0	59.99792797694151
24863.0	59.998838768956574
24938.0	59.99902519474018
25013.0	59.99843854789031
25088.0	59.998657248923195
25163.0	59.99945068753814
25238.0	59.99748047093866
25313.0	59.99863260618772
25388.0	59.99932420482633
25463.0	59.99819791376869
25538.0	59.97873679870898
25613.0	59.99473299376634
25688.0	59.9908272986614
25763.0	59.99838202662722
25838.0	59.99958360597228
25913.0	59.99878935899191
25988.0	59.997453090558835
26063.0	59.999157823816745
26138.0	59.99998654340425
26213.0	59.99849701290756
26288.0	59.99864055366542
26363.0	59.99824174583088
26438.0	59.99653452547981
26513.0	59.99895324100134
26588.0	59.99618680664969
26663.0	59.99630462617603
26738.0	59.996997727657835
26813.0	59.99499502645964
26888.0	59.996995134364866
26963.0	59.997831984537115
27038.0	59.99931401877915
27113.0	59.99852201779104
27188.0	59.997319995275134
27263.0	59.998970068078954
27338.0	59.999160394979405
27413.0	59.998183386425175
27488.0	59.99826528567455
27563.0	59.99444058373871
27638.0	60.0
27713.0	60.0
27788.0	59.999560375146544
27863.0	59.998858357609635
27938.0	59.999214546597024
28013.0	59.99835855684318
28088.0	59.99450153542613
28163.0	59.99911164131691
28238.0	59.99867902912816
28313.0	59.99699612632963
28388.0	59.99737593682666
28463.0	59.997797663333785
28538.0	59.996942362800226
28613.0	59.99896400030562
28688.0	59.99603837346352
28763.0	59.99828396186125
28838.0	59.998932308349346
28913.0	59.99897355391861
28988.0	59.99758223444115
29063.0	59.997994524814146
29138.0	59.9987139651634
29213.0	59.99742985305988
29288.0	59.99683468797958
29363.0	59.99842586802135
29438.0	60.0
29513.0	59.98952722920407
29588.0	60.0
29663.0	59.99689440993789
29738.0	59.99956483899042
29813.0	59.97936117936118
29877.0	60.0
