#Position (bp)	Coverage
38.0	692.4933333333333
113.0	10.626666666666667
188.0	4.533333333333333
263.0	4.453333333333333
338.0	23.36
413.0	37.12
488.0	31.64
563.0	6.8533333333333335
638.0	11.066666666666666
713.0	101.53333333333333
788.0	5.066666666666666
863.0	7.173333333333333
938.0	14.36
1013.0	17.493333333333332
1088.0	9.226666666666667
1163.0	6.48
1238.0	15.8
1313.0	21.32
1388.0	8.066666666666666
1463.0	4.44
1538.0	6.92
1613.0	19.0
1688.0	10.253333333333334
1763.0	8.12
1838.0	9.96
1913.0	20.0
1988.0	10.173333333333334
2063.0	6.693333333333333
2138.0	5.653333333333333
2213.0	19.96
2288.0	16.866666666666667
2363.0	11.893333333333333
2438.0	6.56
2513.0	15.76
2588.0	11.28
2663.0	4.093333333333334
2738.0	3.76
2813.0	11.546666666666667
2888.0	15.266666666666667
2963.0	9.426666666666666
3038.0	6.013333333333334
3113.0	5.733333333333333
3188.0	15.946666666666667
3263.0	7.693333333333333
3338.0	5.386666666666667
3413.0	6.386666666666667
3488.0	24.16
3563.0	15.506666666666666
3638.0	16.573333333333334
3713.0	8.266666666666667
3788.0	11.36
3863.0	6.946666666666666
3938.0	3.16
4013.0	2.8533333333333335
4088.0	9.0
4163.0	6.613333333333333
4238.0	5.026666666666666
4313.0	8.4
4388.0	12.64
4463.0	5.906666666666666
4538.0	3.3066666666666666
4613.0	9.6
4688.0	11.68
4763.0	7.133333333333334
4838.0	8.653333333333334
4913.0	9.786666666666667
4988.0	11.586666666666666
5063.0	2.3733333333333335
5138.0	2.44
5213.0	2.48
5288.0	11.693333333333333
5363.0	6.173333333333333
5438.0	6.8933333333333335
5513.0	9.613333333333333
5588.0	17.613333333333333
5663.0	9.12
5738.0	5.826666666666667
5813.0	3.7466666666666666
5888.0	18.64
5963.0	12.813333333333333
6038.0	6.266666666666667
6113.0	3.066666666666667
6188.0	11.773333333333333
6263.0	10.013333333333334
6338.0	3.8666666666666667
6413.0	3.933333333333333
6488.0	20.533333333333335
6563.0	22.28
6638.0	11.533333333333333
6713.0	12.213333333333333
6788.0	24.4
6863.0	16.32
6938.0	3.68
7013.0	7.24
7088.0	14.586666666666666
7163.0	7.653333333333333
7238.0	6.906666666666666
7313.0	15.293333333333333
7388.0	20.4
7463.0	8.453333333333333
7538.0	9.013333333333334
7613.0	25.76
7688.0	24.786666666666665
7763.0	6.173333333333333
7838.0	4.88
7913.0	7.706666666666667
7988.0	18.173333333333332
8063.0	10.0
8138.0	7.6
8213.0	10.4
8288.0	26.013333333333332
8363.0	11.44
8438.0	4.24
8513.0	7.426666666666667
8588.0	18.026666666666667
8663.0	17.826666666666668
8738.0	7.0
8813.0	6.76
8888.0	18.746666666666666
8963.0	25.626666666666665
9038.0	10.76
9113.0	9.506666666666666
9188.0	14.226666666666667
9263.0	12.826666666666666
9338.0	6.08
9413.0	4.213333333333333
9488.0	11.2
9563.0	15.493333333333334
9638.0	9.64
9713.0	7.64
9788.0	12.493333333333334
9863.0	9.146666666666667
9938.0	5.573333333333333
10013.0	6.213333333333333
10088.0	23.28
10163.0	16.773333333333333
10238.0	10.706666666666667
10313.0	7.12
10388.0	14.733333333333333
10463.0	11.48
10538.0	4.506666666666667
10613.0	5.666666666666667
10688.0	20.293333333333333
10763.0	17.08
10838.0	8.613333333333333
10913.0	4.973333333333334
10988.0	19.56
11063.0	18.92
11138.0	4.933333333333334
11213.0	2.2666666666666666
11288.0	6.293333333333333
11363.0	14.573333333333334
11438.0	8.56
11513.0	6.253333333333333
11588.0	14.973333333333333
11663.0	14.933333333333334
11738.0	6.96
11813.0	6.453333333333333
11888.0	19.32
11963.0	12.8
12038.0	10.253333333333334
12113.0	14.4
12188.0	26.906666666666666
12263.0	15.32
12338.0	5.96
12413.0	11.08
12488.0	11.88
12563.0	8.0
12638.0	6.573333333333333
12713.0	12.093333333333334
12788.0	13.093333333333334
12863.0	7.626666666666667
12938.0	5.546666666666667
13013.0	17.16
13088.0	18.8
13163.0	7.266666666666667
13238.0	4.373333333333333
13313.0	11.826666666666666
13388.0	10.733333333333333
13463.0	6.413333333333333
13538.0	6.693333333333333
13613.0	13.026666666666667
13688.0	13.88
13763.0	7.026666666666666
13838.0	6.306666666666667
13913.0	10.386666666666667
13988.0	11.386666666666667
14063.0	9.146666666666667
14138.0	5.746666666666667
14213.0	10.666666666666666
14288.0	9.946666666666667
14363.0	5.733333333333333
14438.0	3.92
14513.0	7.093333333333334
14588.0	17.546666666666667
14663.0	9.52
14738.0	4.6
14813.0	7.933333333333334
14888.0	17.12
14963.0	8.64
15038.0	8.706666666666667
15113.0	10.253333333333334
15188.0	21.893333333333334
15263.0	12.773333333333333
15338.0	8.44
15413.0	7.453333333333333
15488.0	11.426666666666666
15563.0	9.266666666666667
15638.0	5.253333333333333
15713.0	3.4
15788.0	7.613333333333333
15863.0	12.186666666666667
15938.0	5.0
16013.0	4.56
16088.0	4.293333333333333
16163.0	10.493333333333334
16238.0	6.84
16313.0	6.666666666666667
16388.0	9.066666666666666
16463.0	20.213333333333335
16538.0	9.186666666666667
16613.0	6.626666666666667
16688.0	4.933333333333334
16763.0	13.0
16838.0	11.533333333333333
16913.0	7.613333333333333
16988.0	4.68
17063.0	16.573333333333334
17138.0	16.946666666666665
17213.0	5.746666666666667
17288.0	5.466666666666667
17363.0	11.0
17438.0	19.24
17513.0	10.906666666666666
17588.0	7.08
17663.0	8.173333333333334
17738.0	11.613333333333333
17813.0	6.413333333333333
17888.0	3.3866666666666667
17963.0	9.826666666666666
18038.0	14.973333333333333
18113.0	7.96
18188.0	9.253333333333334
18263.0	20.013333333333332
18338.0	21.653333333333332
18413.0	6.013333333333334
18488.0	2.76
18563.0	5.906666666666666
18638.0	22.826666666666668
18713.0	17.2
18788.0	8.826666666666666
18863.0	12.92
18938.0	31.386666666666667
19013.0	8.2
19088.0	7.173333333333333
19163.0	9.68
19238.0	20.213333333333335
19313.0	14.573333333333334
19388.0	6.68
19463.0	3.64
19538.0	17.253333333333334
19613.0	20.0
19688.0	6.013333333333334
19763.0	3.3466666666666667
19838.0	13.413333333333334
19913.0	25.013333333333332
19988.0	16.92
20063.0	11.826666666666666
20138.0	10.56
20213.0	18.96
20288.0	3.8133333333333335
20363.0	3.493333333333333
20438.0	2.32
20513.0	11.333333333333334
20588.0	6.746666666666667
20663.0	3.32
20738.0	2.7333333333333334
20813.0	12.693333333333333
20888.0	13.36
20963.0	5.16
21038.0	3.546666666666667
21113.0	13.72
21188.0	8.92
21263.0	8.373333333333333
21338.0	10.346666666666666
21413.0	18.213333333333335
21488.0	8.226666666666667
21563.0	8.013333333333334
21638.0	17.973333333333333
21713.0	35.626666666666665
21788.0	11.56
21863.0	7.88
21938.0	10.106666666666667
22013.0	14.026666666666667
22088.0	4.76
22163.0	2.7333333333333334
22238.0	8.066666666666666
22313.0	27.08
22388.0	16.373333333333335
22463.0	9.106666666666667
22538.0	11.453333333333333
22613.0	16.626666666666665
22688.0	7.346666666666667
22763.0	6.8533333333333335
22838.0	20.866666666666667
22913.0	12.68
22988.0	8.146666666666667
23063.0	7.92
23138.0	15.666666666666666
23213.0	10.146666666666667
23288.0	4.573333333333333
23363.0	3.56
23438.0	10.746666666666666
23513.0	19.04
23588.0	11.68
23663.0	5.413333333333333
23738.0	7.706666666666667
23813.0	16.16
23888.0	7.546666666666667
23963.0	4.92
24038.0	5.866666666666666
24113.0	24.586666666666666
24188.0	9.64
24263.0	8.653333333333334
24338.0	8.2
24413.0	17.906666666666666
24488.0	8.213333333333333
24563.0	3.013333333333333
24638.0	2.88
24713.0	13.746666666666666
24788.0	13.133333333333333
24863.0	9.613333333333333
24938.0	8.32
25013.0	24.413333333333334
25088.0	9.253333333333334
25163.0	1.8933333333333333
25238.0	0.8533333333333334
25313.0	20.573333333333334
25388.0	20.666666666666668
25463.0	19.093333333333334
25538.0	21.68
25613.0	47.93333333333333
25688.0	23.866666666666667
25763.0	11.013333333333334
25838.0	10.053333333333333
25913.0	28.253333333333334
25988.0	24.56
26063.0	9.88
26138.0	9.133333333333333
26213.0	29.973333333333333
26288.0	35.18666666666667
26363.0	3.8666666666666667
26438.0	3.7733333333333334
26513.0	36.72
26588.0	42.693333333333335
26663.0	30.346666666666668
26738.0	30.96
26813.0	26.133333333333333
26888.0	34.49333333333333
26963.0	13.066666666666666
27038.0	14.32
27113.0	22.906666666666666
27188.0	39.13333333333333
27263.0	22.346666666666668
27338.0	16.706666666666667
27413.0	16.733333333333334
27488.0	37.36
27563.0	16.68
27638.0	8.146666666666667
27713.0	2.933333333333333
27788.0	15.866666666666667
27863.0	12.813333333333333
27938.0	8.626666666666667
28013.0	8.32
28088.0	17.88
28163.0	19.533333333333335
28238.0	7.613333333333333
28313.0	14.466666666666667
28388.0	26.08
28463.0	23.76
28538.0	7.64
28613.0	3.68
28688.0	19.546666666666667
28763.0	23.493333333333332
28838.0	12.8
28913.0	6.093333333333334
28988.0	35.026666666666664
29063.0	33.76
29138.0	22.186666666666667
29213.0	14.2
29288.0	21.573333333333334
29363.0	47.52
29438.0	5.32
29513.0	31.346666666666668
29588.0	37.266666666666666
29663.0	31.946666666666665
29738.0	5.8933333333333335
29813.0	6.466666666666667
29877.0	2.7169811320754715
