# Position (bp)	A	C	G	T	N
0.0	27.496750038416284	23.788036327784564	22.843500469407736	25.871713164391412	0.0
1.0	27.5233401764288	20.083907165112517	14.991861004984086	37.400891653474595	0.0
2.0	28.30767925953784	19.8712404683017	18.00669353155769	33.814275144544794	1.1159605798084787E-4
3.0	23.86800487633807	22.071998352287594	15.24601570893383	38.81375839860167	2.2266383883591347E-4
4.0	34.090028219192384	13.899368205488138	14.680865477410766	37.32929387606877	4.4422183994465E-4
5.0	36.32569193114972	15.007466843001026	22.690104935217093	25.966418067762987	0.010318222869176028
6.0	32.72295791180666	17.68688405933647	19.855305555340028	29.730972968718998	0.003879504797839005
7.0	35.64281972072169	16.6987695317043	20.390949761139176	27.266574880901878	8.86105532953711E-4
8.0	23.13229380322131	26.99107060827676	22.373622043321994	27.50124249934416	0.0017710458357731336
9.0	29.208979924156942	18.380768430880604	16.020407711743285	36.38973331032377	1.1062289539941503E-4
10.0	26.864267257249697	17.104609931038446	24.972330241470473	31.058018590981817	7.739792595672128E-4
11.0	28.38096332632356	18.836436530239457	19.758389350743208	33.02277421272655	0.0014365799672238755
12.0	26.805479778847364	19.601783888018836	20.97404791934953	32.61404977480512	0.004638638979146004
13.0	27.374080862057543	21.612162430719632	18.742464724976262	32.27129198224656	0.0
14.0	31.78936560160753	18.35990460838651	20.584715260450018	29.265352087795616	6.624417603285711E-4
15.0	30.087994347163644	18.8453640117473	19.586746748515026	31.47879082297348	0.0011040696005476184
16.0	30.498708238567357	17.8020182392298	19.074900081701152	32.62249652218076	0.0018769183209309515
17.0	30.137125444388012	18.290127409631904	20.564731600680105	31.003820080817896	0.00419546448208095
18.0	31.570759820699095	18.27776183010577	18.306357232759954	31.83805507099168	0.007066045443504758
19.0	30.603153222779163	18.451321571311855	19.738335504670214	31.207189701238764	0.0
20.0	30.370084130103564	18.310883918122197	19.192814715039635	32.126217236734604	0.0
21.0	30.39691302139687	17.490228984035152	19.369907478967473	32.742619294720335	3.3122088016428555E-4
22.0	28.803188553006382	19.28632941020602	19.90328350299203	32.006425685075186	7.728487203833329E-4
23.0	30.169364276724004	17.766577605052223	20.303950361030758	31.759114094552523	9.936626404928566E-4
24.0	31.30280212864619	18.04237419126902	18.54483626647824	32.10811049528562	0.0018769183209309515
25.0	29.61589418596948	18.137434583876168	19.40711462450593	32.839446198688364	1.1040696005476184E-4
26.0	32.26864221520525	18.057499944796522	19.770353523086097	29.903504316912137	0.0
27.0	29.478327113741248	18.17044626493254	19.84774880208448	32.50347781924173	0.0
28.0	30.243116126040587	18.025923554220856	19.897431934109125	31.830436990747895	0.0030913948815333315
29.0	29.525802106564797	18.493497030052776	19.70300527745269	32.27427297016804	0.0034226157616976173
30.0	30.051626408519905	18.372200349328395	19.564929372511696	32.00991898319381	0.0013248864461908412
31.0	30.565409452896162	18.30175117832739	19.491616182694017	31.63967747669567	0.0015457093867618824
32.0	29.254602083841668	18.403808636339043	19.824208291424274	32.51738098839501	0.0
33.0	29.55417936830576	18.607455038681806	19.47626371418193	32.36110819753942	9.936812910790605E-4
34.0	29.83875775903758	18.063459045751546	19.687805696695882	32.409867088873135	1.1040964185320376E-4
35.0	30.34664009438756	17.549745692683636	19.71191024343684	32.39170396949196	0.0
36.0	31.023940974543173	17.446892667227193	19.021744534587853	32.50742182364178	0.0
37.0	29.25411660187802	18.852942671443127	19.244105485782224	32.64828275104586	5.524898507614415E-4
38.0	30.47076258964183	18.49796264799398	19.43723331244592	31.592936295589	0.0011051543292763118
39.0	29.44699207556515	18.93185958891994	19.700313085930592	31.920393037817952	4.422117663706796E-4
40.0	30.00294316808809	18.312037778771128	19.664014127206823	32.01812814509598	0.002876780837984129
41.0	29.742403283557955	18.45229327417731	20.5804924672425	31.223703460870972	0.0011075141512620677
42.0	29.458800790414834	18.381245490745428	19.435870780695346	32.72242054014636	0.0016623979980295042
43.0	29.388218988218988	18.37006237006237	20.186278586278586	32.05322245322245	0.002217602217602218
44.0	29.46109551325214	18.80935398240887	20.147269425620397	31.582281078718594	0.0
45.0	29.659133156139543	18.262095140857966	19.643984751715987	32.434786951286505	0.0
46.0	30.260492120848802	17.664507462852256	19.285186973728763	32.789591416471005	2.220260991679572E-4
47.0	29.75712188545907	17.949683187975136	20.015124359546668	32.27640488865495	0.001665678364170592
48.0	30.307422822176385	17.970967165061076	18.661632738747805	33.05897759724356	9.996767711773194E-4
49.0	29.642144422270917	17.676438822541147	20.195517193868255	32.4847884156396	0.0011111456800878248
50.0	30.024281991301176	18.600850314420654	19.61337822092165	31.76137829207767	1.1118127885154186E-4
51.0	30.272783018920418	18.35061482183021	19.273097969735787	32.10350418951358	0.0
52.0	29.980981115930515	17.80521855004128	19.951221631835853	32.262355868166935	2.228340254186773E-4
53.0	31.411531923816494	17.57839861160063	19.497932123688898	31.501429890739395	0.01070745015458881
54.0	30.21986426092092	18.26939931159141	19.35102474184678	32.15803699721667	0.001674688424218674
55.0	28.943540006927606	18.20988413019431	18.49056392951719	34.35455937070516	0.001452562655731477
56.0	29.398597207609022	18.512923781166176	20.314661114831964	31.773370648699235	4.472476935995501E-4
57.0	28.25221330522858	18.70633106548564	19.760035533716195	33.28063692172401	7.831738455737811E-4
58.0	30.639630370603406	18.01954503878668	21.889816495170837	29.450784186185025	2.2390925405751556E-4
59.0	29.917269061004404	20.212099581919095	21.1270367577271	28.736423015852562	0.007171583496841701
60.0	31.24283836850038	19.201645730292817	19.606569004739445	29.948722437889508	2.2445857785289658E-4
61.0	29.225820301831064	21.020048263296854	19.560460063639216	30.19333418005784	3.3719117503256703E-4
62.0	31.07046549716034	16.41067289041679	21.906616714463688	30.612019617428604	2.2528053058070563E-4
63.0	26.507521226169985	20.138201683634048	25.786012191209494	27.566570420275905	0.0016944787105694803
64.0	26.252603043140027	19.64645040601245	18.45655253476103	35.64235574413346	0.0020382719530382142
65.0	27.643811737362	19.20372421557234	18.783592388146428	34.362743317838465	0.006128341080766996
66.0	26.41997703501307	19.8653964988068	16.952097859522105	36.7558143637003	0.006714242957726444
67.0	33.4819594452712	14.193812710556827	17.943207858962303	34.379194018131855	0.001825967077813587
68.0	34.106680106147294	15.659609017214915	23.144008109819318	27.089587439467554	1.1532735091921666E-4
69.0	32.20852074653891	17.079613012074844	20.368633882738845	30.3432323586474	0.0
70.0	33.068602186686014	16.044502131456458	22.10054306957534	28.786352612282194	0.0
71.0	25.967358640625964	19.859446262086525	25.85972883002586	28.313466267261646	0.0
