#Read position (bp)	Clipping profile
0.0	39.4280021420694
1.0	0.19950814923312712
2.0	0.1989064443453064
3.0	0.1977889924107822
4.0	0.19701537184072698
5.0	0.19572600422396833
6.0	0.19486642581279587
7.0	0.19409280524274064
8.0	0.19323322683156818
9.0	0.1919438592148095
10.0	0.1891072504579404
11.0	0.18721617795336098
12.0	0.18429361135537464
13.0	0.18197274964520901
14.0	0.17905018304722267
15.0	0.1762995321314708
16.0	0.17337696553348445
17.0	0.17071227245884982
18.0	0.16942290484209113
19.0	0.16727395881416
20.0	0.16529692846846336
21.0	0.1633198981227667
22.0	0.1614288256181873
23.0	0.1591939217491389
24.0	0.15627135515115256
25.0	0.15214537877752476
26.0	0.14870706513283496
27.0	0.14664407694602105
28.0	0.14397938387138645
29.0	0.1401112810211104
30.0	0.13727467226424128
31.0	0.1348678527129584
32.0	1.2042693540526113
33.0	26.618822532300808
34.0	0.1316874125916203
35.0	9.675328638316051
36.0	0.15283304150646274
37.0	0.1489649386561867
38.0	0.14853514945060045
39.0	0.14836323376836597
40.0	0.1475036553571935
41.0	0.14647216126378657
42.0	0.14569854069373137
43.0	0.14595641421708308
44.0	0.14569854069373137
45.0	0.14647216126378657
46.0	0.14776152888054525
47.0	0.14784748672166248
48.0	0.1505121797962971
49.0	0.15214537877752476
50.0	0.1527470836653455
51.0	0.15214537877752476
52.0	0.15197346309529028
53.0	0.15266112582422825
54.0	0.15309091502981448
55.0	0.15291899934758
56.0	0.15343474639428345
57.0	0.15403645128210416
58.0	0.15695901788009053
59.0	0.15902200606690442
60.0	0.1603113736836631
61.0	0.16013945800142862
62.0	0.16228840402935976
63.0	0.16340585596388396
64.0	0.16452330789840816
65.0	0.1652109706273461
66.0	0.16624246472075307
67.0	0.1660705490385186
68.0	0.16727395881416
69.0	0.1663284225618703
70.0	0.1668441696085738
71.0	0.16624246472075307
72.0	0.16555480199181508
73.0	0.1660705490385186
74.0	0.16693012744969102
75.0	0.1665003382441048
76.0	0.1671020431319255
77.0	0.16907907347762216
78.0	0.1693369470009739
79.0	0.1696807783654429
80.0	0.17002460972991187
81.0	0.17002460972991187
82.0	0.16907907347762216
83.0	0.1695088626832084
84.0	0.1701105675710291
85.0	0.17097014598220156
86.0	0.1712280195055533
87.0	0.1717437665522568
88.0	0.17182972439337404
89.0	0.17200164007560853
90.0	0.17131397734667053
91.0	0.17079823029996707
92.0	0.17079823029996707
93.0	0.17079823029996707
94.0	0.1713999351877878
95.0	0.17294717632789822
96.0	0.17372079689795344
97.0	0.17466633315024313
98.0	0.17578378508476733
99.0	0.1761276164492363
100.0	0.17475229099136036
101.0	0.17208759791672576
102.0	0.17114206166443605
103.0	0.1698526940476774
104.0	0.16847736858980145
105.0	0.16744587449639448
106.0	0.1652109706273461
107.0	0.16314798244053222
108.0	0.16134286777707005
109.0	0.16022541584254588
110.0	0.15824838549684922
111.0	0.15773263845014573
112.0	0.15627135515115256
113.0	0.1548100718521594
114.0	0.15300495718869725
115.0	0.15223133661864202
116.0	0.15068409547853162
117.0	0.14664407694602105
118.0	0.14492492012367617
119.0	0.14406534171250368
120.0	0.14269001625462774
121.0	0.143119805460214
122.0	0.1426040584135105
123.0	0.14346363682468297
124.0	0.14243214273127602
125.0	0.14208831136680702
126.0	0.14062702806781385
127.0	0.13907978692770342
128.0	0.138220208516531
129.0	0.13684488305865505
130.0	0.13512572623631014
131.0	0.1339223164606687
132.0	0.13340656941396523
133.0	0.13357848509619974
134.0	0.13289082236726174
135.0	0.13177337043273757
136.0	0.13194528611497205
137.0	0.13142953906826857
138.0	0.1303120871337444
139.0	0.1303120871337444
140.0	0.12988229792815817
141.0	0.12928059304033743
142.0	0.12876484599363397
143.0	0.12799122542357877
144.0	0.12644398428346834
145.0	0.1250686588255924
146.0	0.12438099609665444
147.0	0.12334950200324749
148.0	0.12231800790984054
149.0	0.11776224233062652
150.0	0.04366658328756078
