# Position (bp)	A	C	G	T	N
0.0	26.925982323069846	24.044962027246967	23.71611107536644	25.31294457431674	0.0
1.0	27.091728010099715	20.092644008751822	15.241410732846383	37.57421724830208	0.0
2.0	27.841106661399557	20.125890303702672	17.753087529479668	34.27991550541811	0.0
3.0	23.868545663780257	21.981059105401172	15.190918180617654	38.95947705020092	0.0
4.0	33.66709915195277	14.424794569489102	14.55548034072319	37.352155845132664	4.7009270228088977E-4
5.0	35.72030368101759	14.783210710974995	22.275026108588257	27.2134802454794	0.007979253939756632
6.0	32.23556751868849	17.642966076084587	20.2672026649987	29.84840711509674	0.005856625131481234
7.0	34.98571715764424	17.16372204793986	20.399218300739154	27.450874970195375	4.675234813668516E-4
8.0	23.807589594188283	26.284152240088147	21.713401310997817	28.192522456907014	0.002334397818738678
9.0	28.80884811711676	18.370383152573122	16.217117459547566	36.60365127076255	0.0
10.0	27.050157937402748	17.135276413749406	24.53923276898277	31.274634041799832	6.988380652435218E-4
11.0	28.051658489810738	18.69769217163019	19.906997961216565	33.342254950333746	0.001396427008760252
12.0	26.443434662896266	20.06157910403334	21.016427295728533	32.47204755171901	0.006511385622860544
13.0	27.53095225372368	21.163697867901426	18.284656185455635	33.02069369291926	0.0
14.0	31.28959785884053	18.711912290524857	20.295013486795487	29.702779371824327	6.969920147948172E-4
15.0	29.81848004628027	18.71562958127043	19.14706763842842	32.31789341133449	9.293226863930896E-4
16.0	30.511057778314722	17.574653653051314	19.016265470318594	32.896164452942585	0.0018586453727861792
17.0	29.859834905824762	18.457974866467946	20.24366840837227	31.43503685926105	0.0034849600739740856
18.0	31.795381730909973	18.128529974141596	18.394780923793217	31.67456978167887	0.006737589476349899
19.0	30.493865308616446	18.287444153514816	19.973700167975075	31.24499036989366	0.0
20.0	30.159076810843338	18.073699935644406	19.965800925140734	31.801189997699925	2.323306715982724E-4
21.0	29.686051563469256	17.62925136087691	19.224201421399048	33.46003099291159	4.646613431965448E-4
22.0	28.765092781253703	18.76441902230607	19.878676923291383	32.59064961979086	0.001161653357991362
23.0	29.76736729852865	17.483115368441595	20.04595500684214	32.702168342158025	0.0013939840295896344
24.0	30.697386976936535	17.810469284723563	18.825521988936416	32.6652277653739	0.0013939840295896344
25.0	29.261118765116013	18.252362222103475	19.22396909072745	33.26231759138146	2.323306715982724E-4
26.0	31.012195036952196	17.50123716082626	20.73806807753339	30.748499724688156	0.0
27.0	28.682615392836315	18.329496005074102	19.7820273639065	33.20586123818308	0.0
28.0	30.113075337866878	17.76075052100153	20.162120342641273	31.960568838416343	0.0034849600739740856
29.0	29.416780315086854	18.425216241772592	19.2711322170619	32.884315588691074	0.0025556373875809963
30.0	29.965754220316065	18.17837543968886	19.17066665427561	32.684042024264784	0.00116166145467894
31.0	30.505442421848684	18.24959631983086	19.375486449124683	31.867151470092818	0.0023233391029587724
32.0	29.315139785645744	18.65179399129665	19.373897850649033	32.65916837240857	0.0
33.0	29.624027657735525	17.76121969126681	19.618079757623068	32.99574353398202	9.29359392570701E-4
34.0	29.385960836067248	18.239714123737212	19.34590470171656	33.027955650145444	4.646883335346982E-4
35.0	30.105854064637956	17.40848227781576	19.582304325784953	32.90335933176134	0.0
36.0	30.931158644944595	17.529238269801542	18.86950008838936	32.66987039328613	2.3260357837344973E-4
37.0	28.959699221530972	19.00734729583219	19.48964445416432	32.54307637185972	2.3265661279890556E-4
38.0	30.619464083743313	18.218778945016687	19.20715672082924	31.954134802906253	4.654475045032046E-4
39.0	29.993712742175855	18.746041356184797	19.369178464977647	31.890834575260808	2.3286140089418778E-4
40.0	29.7511504829346	18.692752832182265	19.335810399479396	32.21608786820702	0.004198417196716838
41.0	29.294048094740706	18.084716098021484	20.63339619158447	31.985502877692802	0.002336737960541843
42.0	28.936260815446026	18.52769549693728	19.72330240197661	32.81016757214587	0.002573713494213824
43.0	29.485050417510863	18.370009486221555	20.260461194327007	31.880731258856738	0.0037476430838418026
44.0	29.391397708305984	18.890535041164224	19.940504097668924	31.777094312022953	4.688408379123455E-4
45.0	29.313601054807283	18.640246434512093	19.96462078786784	32.08153172281279	0.0
46.0	29.99199430915114	17.642570554552563	19.403587770309453	32.96161259499421	2.3477099263523397E-4
47.0	29.765467538019912	18.658297666420793	19.582661887065477	31.990988917025685	0.002583991468129989
48.0	30.375524500182177	18.24543670149622	18.696066101714838	32.68203241616812	9.402804386408247E-4
49.0	28.894283812171984	18.404294609860006	19.920911051986515	32.77980479473806	7.057312434278778E-4
50.0	29.45658651252953	18.448877300338943	19.530710835058663	32.56382535207287	0.0
51.0	30.17559015902015	18.09931147130816	19.332148412512954	32.39294995715874	0.0
52.0	29.417471363366403	18.300944340464195	19.935498068018067	32.346086228151336	0.0
53.0	31.055834337263683	18.034462478300874	19.325738244528974	31.571396048150714	0.012568891755755604
54.0	29.929501329423868	18.70745308998976	19.145842194179046	32.213876856619436	0.003326529787886204
55.0	28.952292084227967	18.53900756490152	18.156239734538133	34.35150845755038	9.521587819984861E-4
56.0	29.39804769648213	18.07573640564423	20.720692795933257	31.805284667216654	2.3843472372568562E-4
57.0	28.11733022642843	19.08526161985618	19.43574341294777	33.36118724513671	4.7749563091497714E-4
58.0	30.409300790768075	17.717317749120635	21.881822377277913	29.991559082833376	0.0
59.0	29.09426322787767	20.699577139160745	21.23168701110459	28.96297272367901	0.011499898177984882
60.0	31.170965927933903	18.65456433031015	19.82154100519564	30.3526884201116	2.403164486996477E-4
61.0	29.034676979905583	21.112402409208617	19.424365026932406	30.428555583953397	0.0
62.0	30.94102205195019	16.684748652327006	21.28790557328774	31.08608155298425	2.4216945080811944E-4
63.0	26.2308499935446	20.376410748607217	24.943423895700217	28.447853762036885	0.0014616001110816085
64.0	26.088776092080046	20.278217625507526	18.060161379928097	35.570397527171984	0.0024473753123462746
65.0	27.595610946076217	19.48810765084299	18.729220357655763	34.18115913517342	0.005901910251618107
66.0	27.019292787260383	19.536696329502124	17.225120410024243	36.20999409379255	0.008896379420697428
67.0	33.4814630814134	14.145190337204246	17.766378935602063	34.60547724026579	0.0014904055145004036
68.0	34.30454291930678	15.611040484792452	23.050755478285335	27.033409877746678	2.512398687522926E-4
69.0	31.79914059849708	17.026635278637293	20.415925655602045	30.75829846726359	0.0
70.0	32.693214799029974	16.236591361868136	22.529841676794245	28.54035216230765	0.0
71.0	26.032523572757565	19.748557252630583	25.267263037285424	28.951656137326427	0.0
