#Position (bp)	Coverage
38.0	1498.0666666666666
113.0	2731.3333333333335
188.0	2970.266666666667
263.0	2836.0133333333333
338.0	15421.933333333332
413.0	20818.16
488.0	21535.306666666667
563.0	23805.453333333335
638.0	19941.426666666666
713.0	23003.466666666667
788.0	11331.333333333334
863.0	9644.213333333333
938.0	11520.906666666666
1013.0	10445.973333333333
1088.0	4440.92
1163.0	5421.946666666667
1238.0	4594.386666666666
1313.0	3414.16
1388.0	58.346666666666664
1463.0	56.373333333333335
1538.0	48.22666666666667
1613.0	14487.44
1688.0	12739.026666666667
1763.0	13750.786666666667
1838.0	15444.506666666666
1913.0	17406.306666666667
1988.0	3353.5066666666667
2063.0	3204.306666666667
2138.0	2641.266666666667
2213.0	2498.693333333333
2288.0	189.69333333333333
2363.0	107.94666666666667
2438.0	128.4
2513.0	200.30666666666667
2588.0	196.89333333333335
2663.0	181.41333333333333
2738.0	140.81333333333333
2813.0	337.56
2888.0	1086.5733333333333
2963.0	950.72
3038.0	807.5333333333333
3113.0	893.8533333333334
3188.0	1907.0533333333333
3263.0	1200.4
3338.0	1500.6666666666667
3413.0	1123.0
3488.0	1524.7466666666667
3563.0	161.78666666666666
3638.0	156.82666666666665
3713.0	167.73333333333332
3788.0	876.3866666666667
3863.0	514.1066666666667
3938.0	777.04
4013.0	643.24
4088.0	3087.2
4163.0	4113.973333333333
4238.0	3605.6
4313.0	8704.533333333333
4388.0	7457.48
4463.0	8709.853333333333
4538.0	6550.786666666667
4613.0	6641.48
4688.0	5223.493333333333
4763.0	1837.2933333333333
4838.0	2742.173333333333
4913.0	1894.56
4988.0	2145.826666666667
5063.0	6.706666666666667
5138.0	7.36
5213.0	5.44
5288.0	1335.16
5363.0	1448.7466666666667
5438.0	1545.2
5513.0	1458.04
5588.0	14201.946666666667
5663.0	15542.16
5738.0	21620.013333333332
5813.0	16120.093333333334
5888.0	16293.706666666667
5963.0	3769.9333333333334
6038.0	41.946666666666665
6113.0	51.48
6188.0	52857.56
6263.0	62316.81333333333
6338.0	63390.293333333335
6413.0	58310.78666666667
6488.0	65768.4
6563.0	6993.333333333333
6638.0	1091.9866666666667
6713.0	1173.76
6788.0	783.1066666666667
6863.0	752.12
6938.0	10.106666666666667
7013.0	13.213333333333333
7088.0	55.18666666666667
7163.0	37.413333333333334
7238.0	31.506666666666668
7313.0	511.2266666666667
7388.0	1258.64
7463.0	1330.68
7538.0	1314.7733333333333
7613.0	1420.1066666666666
7688.0	1104.2533333333333
7763.0	750.24
7838.0	674.5333333333333
7913.0	568.56
7988.0	4514.666666666667
8063.0	2374.213333333333
8138.0	3291.0133333333333
8213.0	2478.8533333333335
8288.0	3779.1866666666665
8363.0	401.3333333333333
8438.0	236.68
8513.0	296.17333333333335
8588.0	318.93333333333334
8663.0	1102.5733333333333
8738.0	933.8666666666667
8813.0	1051.36
8888.0	1465.7466666666667
8963.0	4606.906666666667
9038.0	2821.2933333333335
9113.0	3431.9866666666667
9188.0	3262.786666666667
9263.0	2338.213333333333
9338.0	593.4533333333334
9413.0	775.16
9488.0	11078.693333333333
9563.0	17150.626666666667
9638.0	17563.28
9713.0	15682.56
9788.0	16670.76
9863.0	5014.706666666667
9938.0	244.17333333333335
10013.0	206.52
10088.0	5856.44
10163.0	9392.586666666666
10238.0	8381.48
10313.0	9675.16
10388.0	10695.12
10463.0	3893.173333333333
10538.0	1595.4133333333334
10613.0	1414.44
10688.0	4914.973333333333
10763.0	5181.426666666666
10838.0	4039.4533333333334
10913.0	5305.6
10988.0	5275.293333333333
11063.0	8872.653333333334
11138.0	5299.573333333334
11213.0	6471.746666666667
11288.0	5832.786666666667
11363.0	6601.973333333333
11438.0	1061.76
11513.0	1208.3866666666668
11588.0	1588.0933333333332
11663.0	1354.1066666666666
11738.0	461.9066666666667
11813.0	359.37333333333333
11888.0	14503.093333333334
11963.0	17104.906666666666
12038.0	16892.48
12113.0	20289.306666666667
12188.0	21083.226666666666
12263.0	7053.586666666667
12338.0	5115.306666666666
12413.0	8911.506666666666
12488.0	18691.84
12563.0	14655.973333333333
12638.0	14794.986666666666
12713.0	21378.693333333333
12788.0	27059.773333333334
12863.0	17135.093333333334
12938.0	17351.426666666666
13013.0	47494.14666666667
13088.0	53353.333333333336
13163.0	73774.24
13238.0	54464.08
13313.0	58326.306666666664
13388.0	29900.106666666667
13463.0	790.9333333333333
13538.0	962.0
13613.0	7612.293333333333
13688.0	14463.626666666667
13763.0	17614.18666666667
13838.0	15839.306666666667
13913.0	16252.106666666667
13988.0	7585.56
14063.0	2373.8
14138.0	2589.693333333333
14213.0	5259.893333333333
14288.0	5554.4
14363.0	5855.386666666666
14438.0	3872.12
14513.0	5170.613333333334
14588.0	9919.426666666666
14663.0	4941.6
14738.0	6458.04
14813.0	5611.16
14888.0	6027.013333333333
14963.0	301.2
15038.0	348.1333333333333
15113.0	376.37333333333333
15188.0	7533.386666666666
15263.0	9244.133333333333
15338.0	10738.533333333333
15413.0	10818.253333333334
15488.0	14500.653333333334
15563.0	8860.013333333334
15638.0	7483.6
15713.0	7166.8
15788.0	5657.613333333334
15863.0	18715.4
15938.0	14625.453333333333
16013.0	15906.493333333334
16088.0	14130.506666666666
16163.0	15357.706666666667
16238.0	193.44
16313.0	197.88
16388.0	161.48
16463.0	247.54666666666665
16538.0	60.6
16613.0	50.92
16688.0	60.053333333333335
16763.0	4083.0266666666666
16838.0	7569.066666666667
16913.0	8006.84
16988.0	9091.746666666666
17063.0	18314.653333333332
17138.0	43568.76
17213.0	38576.64
17288.0	41316.49333333333
17363.0	24275.36
17438.0	34001.46666666667
17513.0	2240.786666666667
17588.0	2149.4533333333334
17663.0	2196.8533333333335
17738.0	3261.0666666666666
17813.0	1089.1733333333334
17888.0	1382.7466666666667
17963.0	1548.9733333333334
18038.0	1618.5866666666666
18113.0	1326.0933333333332
18188.0	1181.0666666666666
18263.0	7466.573333333334
18338.0	12311.413333333334
18413.0	14204.0
18488.0	15071.613333333333
18563.0	11501.56
18638.0	55043.90666666667
18713.0	41703.68
18788.0	46138.53333333333
18863.0	35980.52
18938.0	40756.36
19013.0	3728.0666666666666
19088.0	5278.666666666667
19163.0	3700.4
19238.0	4877.173333333333
19313.0	458.26666666666665
19388.0	0.0
19463.0	0.0
19538.0	40.57333333333333
19613.0	264.05333333333334
19688.0	277.74666666666667
19763.0	252.62666666666667
19838.0	257.61333333333334
19913.0	264.2
19988.0	21.266666666666666
20063.0	27.6
20138.0	22.813333333333333
20213.0	28.293333333333333
20288.0	2.9466666666666668
20363.0	3.68
20438.0	2.3066666666666666
20513.0	3499.733333333333
20588.0	2779.733333333333
20663.0	3278.52
20738.0	2664.6133333333332
20813.0	7287.333333333333
20888.0	5802.76
20963.0	4891.48
21038.0	5876.16
21113.0	5580.32
21188.0	238.13333333333333
21263.0	1.44
21338.0	1.6
21413.0	20.866666666666667
21488.0	18.093333333333334
21563.0	14.186666666666667
21638.0	312.2
21713.0	2307.1866666666665
21788.0	2704.213333333333
21863.0	2262.44
21938.0	2290.826666666667
22013.0	3020.6
22088.0	1618.68
22163.0	1477.92
22238.0	1593.6
22313.0	1277.2533333333333
22388.0	9.76
22463.0	7.386666666666667
22538.0	2615.5466666666666
22613.0	2931.92
22688.0	4512.986666666667
22763.0	3774.6133333333332
22838.0	11446.44
22913.0	8723.466666666667
22988.0	8348.72
23063.0	9632.106666666667
23138.0	24830.893333333333
23213.0	27909.933333333334
23288.0	28199.213333333333
23363.0	28131.92
23438.0	23621.426666666666
23513.0	18981.88
23588.0	1141.2133333333334
23663.0	1153.8266666666666
23738.0	1198.0266666666666
23813.0	1382.64
23888.0	1131.1066666666666
23963.0	862.7333333333333
24038.0	1008.3466666666667
24113.0	3106.9866666666667
24188.0	2901.7066666666665
24263.0	3294.173333333333
24338.0	2445.5866666666666
24413.0	4521.96
24488.0	1418.32
24563.0	1581.7733333333333
24638.0	1394.2933333333333
24713.0	13778.066666666668
24788.0	14731.533333333333
24863.0	14402.706666666667
24938.0	15764.213333333333
25013.0	16682.333333333332
25088.0	3285.44
25163.0	1570.92
25238.0	1538.8933333333334
25313.0	6788.746666666667
25388.0	6621.32
25463.0	6217.026666666667
25538.0	5475.306666666666
25613.0	7463.506666666667
25688.0	782.8933333333333
25763.0	237.97333333333333
25838.0	302.62666666666667
25913.0	383.44
25988.0	494.16
26063.0	567.1733333333333
26138.0	390.6
26213.0	1292.28
26288.0	1996.4133333333334
26363.0	1910.3333333333333
26438.0	1555.1333333333334
26513.0	4844.653333333334
26588.0	14598.213333333333
26663.0	11932.666666666666
26738.0	11947.64
26813.0	13048.84
26888.0	15398.333333333334
26963.0	2527.8933333333334
27038.0	2332.2933333333335
27113.0	2721.04
27188.0	13048.16
27263.0	9632.573333333334
27338.0	9473.533333333333
27413.0	9805.226666666667
27488.0	9409.626666666667
27563.0	17.986666666666668
27638.0	1.1333333333333333
27713.0	2.56
27788.0	63.14666666666667
27863.0	126.41333333333333
27938.0	125.97333333333333
28013.0	148.92
28088.0	18282.12
28163.0	34109.52
28238.0	34962.90666666667
28313.0	34111.17333333333
28388.0	43585.613333333335
28463.0	22913.853333333333
28538.0	10329.333333333334
28613.0	12325.56
28688.0	10020.973333333333
28763.0	6112.173333333333
28838.0	68.76
28913.0	56.22666666666667
28988.0	8458.24
29063.0	21755.666666666668
29138.0	21396.706666666665
29213.0	20431.706666666665
29288.0	19036.946666666667
29363.0	13744.84
29438.0	18.36
29513.0	69.32
29588.0	87.61333333333333
29663.0	103.32
29738.0	80.66666666666667
29813.0	65.24
29877.0	0.6981132075471698
