#Insert size (bp)	insert size
27.0	2.0
51.0	2.0
65.0	1.0
77.0	1.0
81.0	1.0
85.0	1.0
86.0	1.0
88.0	1.0
89.0	1.0
94.0	1.0
95.0	1.0
98.0	2.0
100.0	1.0
102.0	1.0
103.0	2.0
104.0	2.0
105.0	1.0
107.0	2.0
108.0	2.0
110.0	1.0
113.0	1.0
114.0	1.0
116.0	1.0
117.0	1.0
118.0	1.0
120.0	1.0
121.0	2.0
122.0	2.0
123.0	8.0
125.0	3.0
126.0	1.0
128.0	2.0
129.0	2.0
130.0	4.0
131.0	2.0
132.0	2.0
134.0	2.0
136.0	2.0
137.0	4.0
138.0	3.0
140.0	1.0
141.0	1.0
142.0	3.0
144.0	1.0
145.0	1.0
146.0	1.0
149.0	1.0
150.0	2.0
151.0	1.0
152.0	1.0
153.0	1.0
154.0	4.0
155.0	3.0
157.0	2.0
158.0	4.0
159.0	3.0
160.0	1.0
163.0	4.0
164.0	3.0
166.0	2.0
167.0	1.0
168.0	2.0
169.0	3.0
170.0	1.0
171.0	2.0
172.0	5.0
174.0	1.0
175.0	14.0
176.0	1.0
177.0	1.0
179.0	1.0
181.0	2.0
182.0	1.0
184.0	1.0
186.0	4.0
187.0	3.0
188.0	2.0
189.0	2.0
190.0	3.0
191.0	1.0
192.0	11.0
193.0	4.0
194.0	2.0
195.0	2.0
196.0	4.0
197.0	4.0
198.0	3.0
199.0	5.0
202.0	1.0
203.0	2.0
204.0	5.0
205.0	3.0
206.0	3.0
207.0	4.0
208.0	4.0
209.0	8.0
210.0	13.0
211.0	3.0
212.0	3.0
213.0	3.0
214.0	3.0
215.0	5.0
216.0	3.0
217.0	5.0
218.0	2.0
219.0	4.0
220.0	3.0
221.0	2.0
223.0	2.0
224.0	2.0
225.0	1.0
226.0	3.0
227.0	2.0
228.0	3.0
229.0	2.0
230.0	5.0
231.0	5.0
232.0	6.0
233.0	7.0
234.0	11.0
235.0	2.0
236.0	3.0
237.0	1.0
238.0	1.0
239.0	2.0
240.0	2.0
241.0	1.0
242.0	3.0
243.0	1.0
244.0	2.0
245.0	3.0
246.0	2.0
247.0	2.0
248.0	2.0
249.0	3.0
250.0	2.0
251.0	3.0
252.0	4.0
254.0	4.0
255.0	5.0
256.0	2.0
257.0	5.0
258.0	4.0
259.0	7.0
260.0	5.0
261.0	11.0
262.0	4.0
263.0	4.0
264.0	3.0
265.0	3.0
266.0	4.0
267.0	3.0
268.0	5.0
269.0	3.0
270.0	2.0
271.0	4.0
272.0	3.0
273.0	1.0
274.0	5.0
275.0	3.0
276.0	3.0
277.0	5.0
278.0	2.0
279.0	7.0
280.0	9.0
281.0	6.0
282.0	3.0
283.0	4.0
284.0	4.0
285.0	2.0
286.0	3.0
287.0	3.0
288.0	5.0
289.0	9.0
290.0	5.0
291.0	5.0
292.0	4.0
293.0	6.0
294.0	5.0
295.0	5.0
296.0	5.0
297.0	6.0
298.0	3.0
299.0	10.0
300.0	7.0
301.0	1.0
302.0	4.0
303.0	2.0
304.0	9.0
305.0	5.0
306.0	6.0
307.0	6.0
308.0	5.0
309.0	2.0
310.0	5.0
311.0	2.0
312.0	5.0
313.0	7.0
314.0	13.0
315.0	8.0
316.0	6.0
317.0	4.0
318.0	8.0
319.0	7.0
320.0	12.0
321.0	8.0
322.0	15.0
323.0	5.0
324.0	14.0
325.0	11.0
326.0	21.0
327.0	14.0
328.0	9.0
329.0	18.0
330.0	9.0
331.0	13.0
332.0	11.0
333.0	16.0
334.0	13.0
335.0	11.0
336.0	17.0
337.0	21.0
338.0	16.0
339.0	26.0
340.0	25.0
341.0	20.0
342.0	21.0
343.0	18.0
344.0	25.0
345.0	37.0
346.0	28.0
347.0	26.0
348.0	34.0
349.0	25.0
350.0	39.0
351.0	39.0
352.0	32.0
353.0	25.0
354.0	36.0
355.0	37.0
356.0	39.0
357.0	40.0
358.0	42.0
359.0	30.0
360.0	43.0
361.0	43.0
362.0	44.0
363.0	59.0
364.0	34.0
365.0	50.0
366.0	39.0
367.0	35.0
368.0	59.0
369.0	57.0
370.0	82.0
371.0	65.0
372.0	79.0
373.0	88.0
374.0	102.0
375.0	113.0
376.0	140.0
377.0	139.0
378.0	141.0
379.0	147.0
380.0	130.0
381.0	139.0
382.0	127.0
383.0	110.0
384.0	106.0
385.0	88.0
386.0	112.0
387.0	108.0
388.0	96.0
389.0	100.0
390.0	103.0
391.0	76.0
392.0	77.0
393.0	70.0
394.0	60.0
395.0	50.0
396.0	44.0
397.0	52.0
398.0	54.0
399.0	51.0
400.0	46.0
401.0	39.0
402.0	55.0
403.0	43.0
404.0	41.0
405.0	36.0
406.0	49.0
407.0	28.0
408.0	35.0
409.0	24.0
410.0	20.0
411.0	22.0
412.0	17.0
413.0	15.0
414.0	19.0
415.0	11.0
416.0	11.0
417.0	9.0
418.0	9.0
419.0	7.0
420.0	3.0
421.0	1.0
423.0	1.0
424.0	3.0
425.0	3.0
426.0	1.0
427.0	2.0
428.0	1.0
429.0	3.0
430.0	1.0
431.0	4.0
432.0	1.0
433.0	2.0
434.0	2.0
436.0	1.0
437.0	4.0
438.0	3.0
439.0	2.0
440.0	3.0
441.0	3.0
442.0	2.0
443.0	2.0
444.0	5.0
445.0	2.0
446.0	4.0
447.0	4.0
448.0	2.0
449.0	1.0
450.0	2.0
451.0	2.0
452.0	2.0
453.0	1.0
454.0	1.0
455.0	3.0
456.0	2.0
457.0	1.0
458.0	2.0
459.0	3.0
460.0	2.0
461.0	3.0
462.0	3.0
463.0	4.0
464.0	6.0
465.0	2.0
466.0	3.0
467.0	6.0
468.0	3.0
469.0	3.0
470.0	3.0
472.0	1.0
473.0	1.0
474.0	1.0
475.0	2.0
476.0	3.0
477.0	1.0
478.0	7.0
479.0	2.0
480.0	1.0
481.0	1.0
483.0	2.0
484.0	4.0
485.0	6.0
486.0	3.0
487.0	5.0
488.0	3.0
489.0	7.0
491.0	1.0
492.0	3.0
493.0	2.0
494.0	7.0
495.0	4.0
496.0	2.0
497.0	12.0
498.0	2.0
499.0	1.0
501.0	5.0
503.0	4.0
504.0	2.0
505.0	5.0
506.0	4.0
507.0	1.0
508.0	2.0
509.0	2.0
511.0	1.0
512.0	1.0
513.0	1.0
514.0	1.0
515.0	1.0
516.0	3.0
517.0	1.0
518.0	2.0
519.0	3.0
520.0	3.0
521.0	3.0
522.0	2.0
523.0	1.0
524.0	4.0
525.0	3.0
526.0	2.0
527.0	4.0
528.0	2.0
529.0	1.0
531.0	1.0
532.0	3.0
533.0	1.0
536.0	2.0
537.0	1.0
538.0	2.0
540.0	1.0
541.0	2.0
542.0	3.0
543.0	3.0
544.0	1.0
545.0	4.0
546.0	2.0
547.0	4.0
548.0	1.0
550.0	1.0
551.0	2.0
552.0	4.0
553.0	1.0
554.0	1.0
555.0	1.0
556.0	1.0
557.0	3.0
558.0	1.0
561.0	1.0
564.0	2.0
565.0	4.0
566.0	2.0
567.0	2.0
568.0	1.0
569.0	1.0
570.0	1.0
571.0	1.0
573.0	3.0
574.0	1.0
575.0	2.0
576.0	2.0
577.0	4.0
578.0	1.0
580.0	2.0
581.0	4.0
582.0	1.0
583.0	2.0
584.0	1.0
585.0	3.0
586.0	2.0
587.0	1.0
588.0	4.0
589.0	1.0
590.0	1.0
591.0	2.0
592.0	1.0
593.0	2.0
594.0	2.0
596.0	2.0
597.0	5.0
598.0	3.0
599.0	1.0
600.0	2.0
601.0	3.0
602.0	6.0
603.0	4.0
604.0	6.0
605.0	5.0
607.0	5.0
608.0	2.0
609.0	3.0
610.0	2.0
611.0	1.0
612.0	4.0
613.0	7.0
614.0	2.0
615.0	1.0
616.0	1.0
617.0	9.0
618.0	5.0
619.0	2.0
620.0	2.0
621.0	5.0
622.0	4.0
623.0	6.0
624.0	3.0
625.0	4.0
626.0	5.0
627.0	7.0
628.0	5.0
629.0	4.0
630.0	11.0
631.0	4.0
632.0	7.0
633.0	7.0
634.0	5.0
635.0	6.0
636.0	5.0
637.0	6.0
638.0	7.0
639.0	8.0
640.0	7.0
641.0	10.0
642.0	10.0
643.0	11.0
644.0	7.0
645.0	9.0
646.0	4.0
647.0	10.0
648.0	13.0
649.0	4.0
650.0	3.0
651.0	10.0
652.0	11.0
653.0	5.0
654.0	3.0
655.0	7.0
656.0	9.0
657.0	7.0
658.0	5.0
659.0	5.0
660.0	8.0
661.0	3.0
662.0	13.0
663.0	6.0
664.0	6.0
665.0	6.0
666.0	4.0
667.0	10.0
668.0	8.0
669.0	8.0
670.0	9.0
671.0	9.0
672.0	5.0
673.0	10.0
674.0	10.0
675.0	12.0
676.0	14.0
677.0	8.0
678.0	9.0
679.0	10.0
680.0	9.0
681.0	12.0
682.0	6.0
683.0	7.0
684.0	6.0
685.0	8.0
686.0	10.0
687.0	5.0
688.0	8.0
689.0	7.0
690.0	9.0
691.0	5.0
692.0	6.0
693.0	9.0
694.0	11.0
695.0	17.0
696.0	11.0
697.0	8.0
698.0	8.0
699.0	7.0
700.0	12.0
701.0	8.0
702.0	5.0
703.0	10.0
704.0	13.0
705.0	5.0
706.0	6.0
707.0	6.0
708.0	7.0
709.0	10.0
710.0	4.0
711.0	3.0
712.0	7.0
713.0	6.0
714.0	7.0
715.0	5.0
716.0	4.0
717.0	3.0
718.0	9.0
719.0	5.0
720.0	7.0
721.0	3.0
722.0	6.0
723.0	4.0
724.0	7.0
725.0	5.0
726.0	5.0
727.0	3.0
728.0	5.0
729.0	2.0
730.0	2.0
731.0	1.0
732.0	1.0
733.0	5.0
734.0	2.0
735.0	5.0
736.0	4.0
737.0	1.0
738.0	2.0
740.0	1.0
741.0	2.0
742.0	3.0
744.0	1.0
745.0	1.0
746.0	1.0
747.0	1.0
748.0	2.0
749.0	1.0
750.0	1.0
751.0	2.0
753.0	2.0
754.0	4.0
755.0	1.0
756.0	2.0
757.0	2.0
758.0	2.0
759.0	1.0
760.0	3.0
761.0	5.0
762.0	3.0
763.0	3.0
764.0	3.0
765.0	3.0
766.0	2.0
767.0	2.0
768.0	5.0
769.0	2.0
770.0	6.0
771.0	5.0
772.0	4.0
773.0	4.0
775.0	2.0
776.0	4.0
777.0	4.0
778.0	4.0
779.0	5.0
780.0	5.0
781.0	3.0
782.0	2.0
783.0	1.0
784.0	3.0
785.0	1.0
786.0	2.0
787.0	5.0
788.0	2.0
789.0	3.0
790.0	2.0
791.0	2.0
792.0	3.0
793.0	2.0
794.0	1.0
795.0	2.0
796.0	4.0
797.0	2.0
798.0	3.0
799.0	1.0
800.0	5.0
801.0	1.0
802.0	1.0
803.0	2.0
804.0	1.0
805.0	1.0
806.0	3.0
807.0	1.0
808.0	4.0
809.0	4.0
810.0	5.0
811.0	6.0
812.0	7.0
813.0	2.0
814.0	2.0
815.0	1.0
816.0	4.0
817.0	7.0
818.0	2.0
819.0	1.0
820.0	1.0
822.0	2.0
823.0	2.0
824.0	5.0
825.0	146.0
826.0	13.0
827.0	2.0
828.0	11.0
829.0	10.0
830.0	5.0
832.0	2.0
833.0	1.0
834.0	2.0
835.0	5.0
836.0	5.0
837.0	8.0
838.0	6.0
839.0	2.0
840.0	2.0
842.0	1.0
843.0	1.0
844.0	4.0
845.0	2.0
846.0	1.0
847.0	2.0
848.0	1.0
849.0	5.0
851.0	3.0
852.0	2.0
856.0	1.0
858.0	3.0
859.0	2.0
860.0	2.0
861.0	1.0
862.0	1.0
864.0	2.0
866.0	2.0
867.0	1.0
868.0	1.0
869.0	1.0
873.0	2.0
874.0	2.0
875.0	2.0
879.0	1.0
880.0	3.0
881.0	2.0
882.0	1.0
885.0	1.0
886.0	2.0
887.0	1.0
889.0	1.0
890.0	1.0
891.0	1.0
894.0	1.0
898.0	1.0
899.0	1.0
901.0	1.0
904.0	1.0
906.0	1.0
908.0	3.0
909.0	1.0
910.0	1.0
912.0	1.0
913.0	1.0
914.0	1.0
915.0	1.0
918.0	1.0
921.0	1.0
924.0	1.0
926.0	1.0
927.0	1.0
929.0	2.0
931.0	1.0
933.0	1.0
934.0	3.0
936.0	3.0
937.0	1.0
938.0	2.0
939.0	4.0
941.0	1.0
944.0	2.0
947.0	4.0
948.0	1.0
949.0	3.0
950.0	4.0
953.0	1.0
955.0	1.0
956.0	1.0
957.0	1.0
961.0	1.0
962.0	1.0
963.0	3.0
964.0	2.0
965.0	4.0
966.0	3.0
967.0	3.0
968.0	1.0
970.0	1.0
973.0	1.0
974.0	2.0
976.0	1.0
977.0	2.0
978.0	2.0
979.0	1.0
981.0	1.0
982.0	1.0
983.0	4.0
984.0	4.0
985.0	3.0
986.0	1.0
988.0	1.0
989.0	1.0
990.0	1.0
991.0	1.0
992.0	1.0
995.0	1.0
997.0	2.0
998.0	4.0
999.0	1.0
1001.0	1.0
1004.0	1.0
1006.0	2.0
1007.0	1.0
1008.0	1.0
1010.0	1.0
1011.0	1.0
1015.0	2.0
1016.0	4.0
1017.0	1.0
1018.0	2.0
1020.0	2.0
1021.0	2.0
1022.0	2.0
1024.0	2.0
1027.0	1.0
1029.0	2.0
1031.0	2.0
1032.0	1.0
1033.0	1.0
1034.0	2.0
1036.0	2.0
1037.0	1.0
1038.0	2.0
1039.0	1.0
1043.0	1.0
1044.0	1.0
1048.0	1.0
1049.0	1.0
1050.0	1.0
1052.0	1.0
1060.0	1.0
1072.0	1.0
1077.0	1.0
1103.0	1.0
1118.0	1.0
1133.0	1.0
1138.0	1.0
1148.0	1.0
1158.0	1.0
1160.0	1.0
1167.0	2.0
1169.0	1.0
1176.0	1.0
1178.0	1.0
1196.0	1.0
1198.0	1.0
1214.0	1.0
1219.0	1.0
1230.0	1.0
1231.0	2.0
1232.0	1.0
1238.0	2.0
1239.0	1.0
1265.0	1.0
1271.0	1.0
1276.0	1.0
1286.0	1.0
1291.0	1.0
1297.0	1.0
1306.0	1.0
1316.0	3.0
1318.0	1.0
1339.0	1.0
1342.0	1.0
1382.0	1.0
1391.0	1.0
1404.0	1.0
1407.0	1.0
1417.0	1.0
1434.0	1.0
1436.0	1.0
1445.0	1.0
1454.0	1.0
1457.0	2.0
1460.0	1.0
1470.0	1.0
1482.0	1.0
1498.0	1.0
1499.0	1.0
1504.0	1.0
1506.0	1.0
1512.0	3.0
1519.0	1.0
1528.0	1.0
1529.0	1.0
1539.0	1.0
1548.0	1.0
1564.0	1.0
1570.0	1.0
1576.0	1.0
1598.0	1.0
1610.0	1.0
1616.0	1.0
1626.0	1.0
1643.0	1.0
1645.0	1.0
