#Position (bp)	insert size
38.0	1621.6702508960573
113.0	247.37686567164178
188.0	206.88118811881188
263.0	159.43243243243242
338.0	265.072202166065
413.0	242.51256281407035
488.0	227.2170542635659
563.0	171.7906976744186
638.0	259.52249134948096
713.0	236.8014440433213
788.0	199.6954732510288
863.0	161.72368421052633
938.0	366.98168498168496
1013.0	280.1542416452442
1088.0	259.20958083832335
1163.0	287.82758620689657
1238.0	423.31
1313.0	995.2451612903226
1388.0	320.4727272727273
1463.0	322.1842105263158
1538.0	471.04411764705884
1613.0	273.5941828254848
1688.0	242.41255605381167
1763.0	215.0625
1838.0	214.14814814814815
1913.0	255.10245901639345
1988.0	222.53424657534248
2063.0	169.57692307692307
2138.0	216.1153846153846
2213.0	314.73214285714283
2288.0	280.848
2363.0	296.29333333333335
2438.0	249.3
2513.0	293.46992481203006
2588.0	258.54545454545456
2663.0	194.67226890756302
2738.0	159.48076923076923
2813.0	267.25210084033614
2888.0	268.56296296296296
2963.0	208.67924528301887
3038.0	228.51111111111112
3113.0	288.4
3188.0	287.21860465116276
3263.0	256.8837209302326
3338.0	239.72340425531914
3413.0	265.87692307692305
3488.0	301.1958456973294
3563.0	325.562874251497
3638.0	325.71844660194176
3713.0	331.23737373737373
3788.0	292.40453074433657
3863.0	250.37410071942446
3938.0	243.63934426229508
4013.0	163.6984126984127
4088.0	262.5923190546529
4163.0	248.37053571428572
4238.0	233.22012578616352
4313.0	331.300136425648
4388.0	242.36764705882354
4463.0	221.54314720812184
4538.0	215.32051282051282
4613.0	299.5405405405405
4688.0	258.3102094240838
4763.0	220.14361702127658
4838.0	180.74305555555554
4913.0	219.7
4988.0	280.39247311827955
5063.0	240.34615384615384
5138.0	269.9130434782609
5213.0	292.125
5288.0	269.19066937119675
5363.0	235.0487329434698
5438.0	191.71785714285716
5513.0	202.475
5588.0	312.1760299625468
5663.0	245.316
5738.0	253.1433823529412
5813.0	275.9887640449438
5888.0	295.0278637770898
5963.0	259.1458333333333
6038.0	554.2372881355932
6113.0	219.64705882352942
6188.0	267.8013392857143
6263.0	237.96046852122987
6338.0	503.6294642857143
6413.0	201.55405405405406
6488.0	387.61882352941177
6563.0	260.2165775401069
6638.0	257.80981595092027
6713.0	286.79274611398966
6788.0	275.5722222222222
6863.0	216.018018018018
6938.0	148.75
7013.0	317.3780487804878
7088.0	327.5623100303951
7163.0	283.95652173913044
7238.0	263.8348623853211
7313.0	273.9381818181818
7388.0	249.015873015873
7463.0	274.3014705882353
7538.0	651.8793103448276
7613.0	288.34615384615387
7688.0	282.6446540880503
7763.0	234.18994413407822
7838.0	162.58620689655172
7913.0	283.42857142857144
7988.0	279.64563617245005
8063.0	234.62753036437246
8138.0	177.078125
8213.0	158.3235294117647
8288.0	326.2802197802198
8363.0	279.05833333333334
8438.0	251.0
8513.0	303.1219512195122
8588.0	296.03636363636366
8663.0	262.6443914081146
8738.0	222.63636363636363
8813.0	163.21666666666667
8888.0	277.151832460733
8963.0	289.5996015936255
9038.0	232.70921985815602
9113.0	245.08602150537635
9188.0	342.2469352014011
9263.0	319.5017094017094
9338.0	328.6596794081381
9413.0	323.13427561837455
9488.0	318.83454545454543
9563.0	304.84227910817503
9638.0	303.52276559865095
9713.0	302.2307692307692
9788.0	313.05308219178085
9863.0	266.9082191780822
9938.0	224.16835016835017
10013.0	217.4825174825175
10088.0	275.0474308300395
10163.0	235.44772117962466
10238.0	190.44642857142858
10313.0	168.3653846153846
10388.0	280.5761821366024
10463.0	256.66129032258067
10538.0	246.99346405228758
10613.0	254.2577319587629
10688.0	309.556338028169
10763.0	323.1384892086331
10838.0	308.24074074074076
10913.0	335.10669077757683
10988.0	318.04588910133845
11063.0	291.090405904059
11138.0	273.8884664131812
11213.0	267.05
11288.0	281.5589430894309
11363.0	277.36125
11438.0	271.40701754385964
11513.0	329.84263959390864
11588.0	277.67661691542287
11663.0	254.7058823529412
11738.0	234.825
11813.0	307.34285714285716
11888.0	265.7654986522911
11963.0	231.73333333333332
12038.0	191.62337662337663
12113.0	296.353125
12188.0	298.47265625
12263.0	206.21518987341773
12338.0	210.0
12413.0	295.16759776536315
12488.0	277.6813880126183
12563.0	237.28627450980392
12638.0	204.09615384615384
12713.0	267.9373814041746
12788.0	242.7878192534381
12863.0	202.97787610619469
12938.0	187.13924050632912
13013.0	268.7782909930716
13088.0	258.3857142857143
13163.0	221.77034358047015
13238.0	172.64361702127658
13313.0	265.08179419525067
13388.0	271.73576309794987
13463.0	247.51612903225808
13538.0	236.08064516129033
13613.0	276.13873873873877
13688.0	263.3145869947276
13763.0	198.0358208955224
13838.0	179.54135338345864
13913.0	278.0066445182724
13988.0	265.7485380116959
14063.0	215.64044943820224
14138.0	213.09473684210528
14213.0	282.5
14288.0	255.41244239631337
14363.0	207.8102766798419
14438.0	184.8679245283019
14513.0	305.2
14588.0	279.09714285714284
14663.0	237.51282051282053
14738.0	202.4320987654321
14813.0	233.07142857142858
14888.0	257.25
14963.0	228.58
15038.0	794.2142857142857
15113.0	317.4375
15188.0	270.906914893617
15263.0	237.5701754385965
15338.0	186.90322580645162
15413.0	246.0
15488.0	306.0996015936255
15563.0	255.86753246753247
15638.0	223.62213740458014
15713.0	229.19417475728156
15788.0	285.51612903225805
15863.0	291.23376623376623
15938.0	248.12933753943219
16013.0	270.6877470355731
16088.0	294.18120805369125
16163.0	287.93556085918857
16238.0	255.4663212435233
16313.0	203.40677966101694
16388.0	283.69565217391306
16463.0	351.64444444444445
16538.0	320.41269841269843
16613.0	321.3191489361702
16688.0	325.6896551724138
16763.0	277.8263358778626
16838.0	244.89756944444446
16913.0	206.34977578475338
16988.0	183.04511278195488
17063.0	279.1932773109244
17138.0	258.7879746835443
17213.0	227.37777777777777
17288.0	163.23584905660377
17363.0	274.952
17438.0	261.062091503268
17513.0	216.47692307692307
17588.0	204.24615384615385
17663.0	288.22162162162164
17738.0	297.38684719535786
17813.0	275.89565217391305
17888.0	297.7892857142857
17963.0	279.25418994413405
18038.0	276.0059523809524
18113.0	260.4824797843666
18188.0	265.2758620689655
18263.0	287.9602169981917
18338.0	266.7402862985685
18413.0	255.80327868852459
18488.0	206.65185185185186
18563.0	286.5
18638.0	261.31803962460896
18713.0	219.77329974811084
18788.0	229.34599156118142
18863.0	227.69230769230768
18938.0	273.490171990172
19013.0	227.22292993630575
19088.0	179.68556701030928
19163.0	123.54054054054055
19238.0	0.0
19313.0	0.0
19388.0	0.0
19463.0	0.0
19538.0	303.9655172413793
19613.0	268.5875
19688.0	217.6081871345029
19763.0	189.68571428571428
19838.0	305.8984375
19913.0	360.4414893617021
19988.0	374.95327102803736
20063.0	355.26630434782606
20138.0	346.73949579831935
20213.0	325.87401574803147
20288.0	327.65833333333336
20363.0	349.97222222222223
20438.0	335.6470588235294
20513.0	293.2771285475793
20588.0	257.26216216216216
20663.0	208.57931034482758
20738.0	223.92592592592592
20813.0	281.68990384615387
20888.0	282.8872180451128
20963.0	329.64367816091954
21038.0	309.0337837837838
21113.0	335.95454545454544
21188.0	358.25
21263.0	338.2142857142857
21338.0	313.8024691358025
21413.0	285.07035175879395
21488.0	268.2878787878788
21563.0	256.95454545454544
21638.0	291.91156462585036
21713.0	304.903743315508
21788.0	288.3034188034188
21863.0	277.2758620689655
21938.0	272.8222222222222
22013.0	252.23728813559322
22088.0	221.1818181818182
22163.0	142.83333333333334
22238.0	242.0
22313.0	322.780701754386
22388.0	243.63636363636363
22463.0	272.38461538461536
22538.0	280.1244019138756
22613.0	250.27950310559007
22688.0	240.35227272727272
22763.0	247.8918918918919
22838.0	303.0019083969466
22913.0	282.4027027027027
22988.0	274.7083333333333
23063.0	301.0522088353414
23138.0	279.16521739130434
23213.0	246.5956873315364
23288.0	201.08653846153845
23363.0	188.59322033898306
23438.0	278.71676300578036
23513.0	259.2970297029703
23588.0	216.00925925925927
23663.0	184.87142857142857
23738.0	288.3333333333333
23813.0	297.3398058252427
23888.0	283.37254901960785
23963.0	292.8333333333333
24038.0	318.8
24113.0	271.09562841530055
24188.0	261.96805111821084
24263.0	251.94736842105263
24338.0	251.23684210526315
24413.0	303.94606741573034
24488.0	258.4491525423729
24563.0	232.6206896551724
24638.0	270.70512820512823
24713.0	277.2917808219178
24788.0	276.77777777777777
24863.0	260.75949367088606
24938.0	301.7881773399015
25013.0	282.7672727272727
25088.0	240.52238805970148
25163.0	221.8256880733945
25238.0	233.32075471698113
25313.0	268.8815165876777
25388.0	241.3072625698324
25463.0	187.60256410256412
25538.0	217.8709677419355
25613.0	288.75536480686696
25688.0	270.52777777777777
25763.0	235.5
25838.0	222.5
25913.0	292.3538961038961
25988.0	280.2628726287263
26063.0	271.61918604651163
26138.0	273.7307692307692
26213.0	288.7747989276139
26288.0	281.9024390243902
26363.0	219.59756097560975
26438.0	270.1515151515151
26513.0	287.8048780487805
26588.0	267.610278372591
26663.0	247.72131147540983
26738.0	204.03508771929825
26813.0	289.39234449760767
26888.0	282.6741573033708
26963.0	226.5528455284553
27038.0	240.25443786982248
27113.0	273.0769230769231
27188.0	271.7028627838105
27263.0	223.0
27338.0	165.64077669902912
27413.0	172.9090909090909
27488.0	359.64285714285717
27563.0	305.1
27638.0	335.8333333333333
27713.0	297.75
27788.0	268.9836065573771
27863.0	263.37931034482756
27938.0	241.82758620689654
28013.0	288.13793103448273
28088.0	280.2182320441989
28163.0	251.44625407166123
28238.0	201.25974025974025
28313.0	166.42424242424244
28388.0	283.3181818181818
28463.0	259.74087591240874
28538.0	220.0
28613.0	265.3142857142857
28688.0	283.3487394957983
28763.0	272.3963414634146
28838.0	274.11764705882354
28913.0	311.9032258064516
28988.0	283.2987012987013
29063.0	275.5175097276265
29138.0	241.9047619047619
29213.0	265.029702970297
29288.0	319.525
29363.0	294.7985611510791
29438.0	293.68817204301075
29513.0	255.40673575129534
29588.0	221.0
29663.0	167.59701492537314
29738.0	124.4
29813.0	0.0
29877.0	0.0
