#Position (bp)	Coverage
38.0	3362.6666666666665
113.0	4922.213333333333
188.0	5069.733333333334
263.0	4463.173333333333
338.0	15917.76
413.0	16391.64
488.0	15721.813333333334
563.0	16529.826666666668
638.0	14910.4
713.0	22013.76
788.0	13726.973333333333
863.0	11241.92
938.0	14668.746666666666
1013.0	13314.32
1088.0	5187.613333333334
1163.0	6750.066666666667
1238.0	5916.04
1313.0	4715.16
1388.0	524.1866666666666
1463.0	476.0
1538.0	573.44
1613.0	7191.333333333333
1688.0	5098.96
1763.0	5448.133333333333
1838.0	6187.453333333333
1913.0	12120.173333333334
1988.0	6177.72
2063.0	7040.1866666666665
2138.0	5921.76
2213.0	6477.946666666667
2288.0	1098.1466666666668
2363.0	869.1466666666666
2438.0	1087.0266666666666
2513.0	2961.6666666666665
2588.0	3122.0533333333333
2663.0	3586.9333333333334
2738.0	3093.0933333333332
2813.0	4285.946666666667
2888.0	8315.986666666666
2963.0	5014.613333333334
3038.0	4736.586666666667
3113.0	5039.533333333334
3188.0	8861.333333333334
3263.0	4493.626666666667
3338.0	5502.08
3413.0	4078.7466666666664
3488.0	5846.4
3563.0	665.88
3638.0	577.9866666666667
3713.0	661.32
3788.0	3987.8933333333334
3863.0	2137.4533333333334
3938.0	3159.0
4013.0	2616.9066666666668
4088.0	12016.12
4163.0	16429.333333333332
4238.0	12994.666666666666
4313.0	21004.56
4388.0	15990.386666666667
4463.0	12634.293333333333
4538.0	9420.693333333333
4613.0	10469.373333333333
4688.0	14635.76
4763.0	6110.1866666666665
4838.0	8614.346666666666
4913.0	6507.013333333333
4988.0	7849.053333333333
5063.0	164.86666666666667
5138.0	164.62666666666667
5213.0	142.89333333333335
5288.0	6027.32
5363.0	6356.786666666667
5438.0	6295.44
5513.0	6205.4
5588.0	16066.426666666666
5663.0	11075.76
5738.0	15936.16
5813.0	11074.746666666666
5888.0	12336.533333333333
5963.0	3041.9066666666668
6038.0	196.17333333333335
6113.0	529.4933333333333
6188.0	21511.88
6263.0	21237.506666666668
6338.0	21292.12
6413.0	19801.933333333334
6488.0	27341.146666666667
6563.0	5672.48
6638.0	3953.6666666666665
6713.0	4362.346666666666
6788.0	2820.9866666666667
6863.0	3142.4533333333334
6938.0	65.4
7013.0	166.92
7088.0	2215.173333333333
7163.0	1555.72
7238.0	1518.8533333333332
7313.0	4787.44
7388.0	8547.506666666666
7463.0	7117.12
7538.0	6771.8133333333335
7613.0	8085.64
7688.0	4458.466666666666
7763.0	1863.8666666666666
7838.0	1609.8133333333333
7913.0	1404.9466666666667
7988.0	14313.453333333333
8063.0	6227.373333333333
8138.0	8756.026666666667
8213.0	6814.786666666667
8288.0	11845.413333333334
8363.0	1106.9066666666668
8438.0	810.0266666666666
8513.0	790.36
8588.0	1072.2266666666667
8663.0	4352.346666666666
8738.0	3703.9866666666667
8813.0	3979.2
8888.0	4385.1866666666665
8963.0	9537.733333333334
9038.0	4035.68
9113.0	5208.44
9188.0	6178.04
9263.0	11833.36
9338.0	8718.266666666666
9413.0	11579.893333333333
9488.0	18826.56
9563.0	24048.24
9638.0	15730.52
9713.0	14474.52
9788.0	17022.0
9863.0	9768.106666666667
9938.0	5063.4
10013.0	4715.2266666666665
10088.0	10713.6
10163.0	10776.88
10238.0	7261.746666666667
10313.0	8564.173333333334
10388.0	14698.6
10463.0	10615.24
10538.0	7535.466666666666
10613.0	6993.76
10688.0	14802.2
10763.0	14153.853333333333
10838.0	8033.653333333334
10913.0	10544.226666666667
10988.0	12504.773333333333
11063.0	25516.293333333335
11138.0	14678.293333333333
11213.0	17644.12
11288.0	17721.81333333333
11363.0	28770.893333333333
11438.0	7247.386666666666
11513.0	7978.866666666667
11588.0	15328.8
11663.0	11528.32
11738.0	5600.64
11813.0	4068.1466666666665
11888.0	13023.973333333333
11963.0	11415.613333333333
12038.0	9664.36
12113.0	15228.866666666667
12188.0	21323.706666666665
12263.0	10305.866666666667
12338.0	10254.866666666667
12413.0	16450.48
12488.0	20009.293333333335
12563.0	12141.146666666667
12638.0	11899.68
12713.0	18893.08
12788.0	23465.02666666667
12863.0	13274.52
12938.0	14094.826666666666
13013.0	30429.293333333335
13088.0	31141.12
13163.0	41326.58666666667
13238.0	28673.946666666667
13313.0	33035.21333333333
13388.0	25031.04
13463.0	6542.253333333333
13538.0	6444.64
13613.0	10271.586666666666
13688.0	13224.026666666667
13763.0	13042.106666666667
13838.0	11927.36
13913.0	13367.826666666666
13988.0	10864.066666666668
14063.0	5375.266666666666
14138.0	5902.213333333333
14213.0	11955.053333333333
14288.0	11528.293333333333
14363.0	11174.346666666666
14438.0	6918.8133333333335
14513.0	10110.986666666666
14588.0	19321.36
14663.0	7809.306666666666
14738.0	10606.213333333333
14813.0	8913.026666666667
14888.0	12285.773333333333
14963.0	1802.5733333333333
15038.0	1523.3333333333333
15113.0	1674.1333333333334
15188.0	9941.613333333333
15263.0	10081.92
15338.0	11442.88
15413.0	11256.813333333334
15488.0	18318.573333333334
15563.0	12494.506666666666
15638.0	10364.96
15713.0	10278.52
15788.0	7883.08
15863.0	22567.0
15938.0	12215.466666666667
16013.0	12745.306666666667
16088.0	10716.133333333333
16163.0	14939.293333333333
16238.0	1252.6533333333334
16313.0	985.36
16388.0	966.2133333333334
16463.0	1630.0533333333333
16538.0	388.68
16613.0	274.84
16688.0	399.58666666666664
16763.0	11323.2
16838.0	20439.093333333334
16913.0	21367.146666666667
16988.0	25019.906666666666
17063.0	25900.28
17138.0	38837.066666666666
17213.0	23927.506666666668
17288.0	21742.213333333333
17363.0	13142.533333333333
17438.0	27278.02666666667
17513.0	6333.693333333334
17588.0	6020.013333333333
17663.0	6282.546666666667
17738.0	10731.906666666666
17813.0	3358.12
17888.0	4515.906666666667
17963.0	5672.8533333333335
18038.0	6844.28
18113.0	7102.133333333333
18188.0	5600.933333333333
18263.0	11313.28
18338.0	14374.986666666666
18413.0	12408.866666666667
18488.0	12822.0
18563.0	9650.28
18638.0	28475.97333333333
18713.0	14203.04
18788.0	15756.306666666667
18863.0	12755.72
18938.0	22457.32
19013.0	7787.613333333334
19088.0	10276.266666666666
19163.0	7192.6
19238.0	10295.253333333334
19313.0	1020.6266666666667
19388.0	1.64
19463.0	2.52
19538.0	322.2133333333333
19613.0	1920.4666666666667
19688.0	1707.9066666666668
19763.0	1730.8266666666666
19838.0	1891.8133333333333
19913.0	2054.72
19988.0	180.84
20063.0	278.1333333333333
20138.0	214.84
20213.0	232.78666666666666
20288.0	210.77333333333334
20363.0	155.92
20438.0	191.89333333333335
20513.0	8220.52
20588.0	5753.2266666666665
20663.0	7120.92
20738.0	5335.213333333333
20813.0	14971.146666666667
20888.0	10444.72
20963.0	7856.96
21038.0	9497.026666666667
21113.0	9772.226666666667
21188.0	489.3466666666667
21263.0	18.586666666666666
21338.0	21.546666666666667
21413.0	189.08
21488.0	182.58666666666667
21563.0	139.49333333333334
21638.0	903.6533333333333
21713.0	5324.306666666666
21788.0	5527.426666666666
21863.0	4341.013333333333
21938.0	4482.506666666667
22013.0	7465.706666666667
22088.0	4340.173333333333
22163.0	3580.92
22238.0	4310.56
22313.0	3319.693333333333
22388.0	63.053333333333335
22463.0	85.33333333333333
22538.0	3615.5733333333333
22613.0	3916.76
22688.0	5850.72
22763.0	4585.6
22838.0	13005.626666666667
22913.0	8363.906666666666
22988.0	7405.56
23063.0	9562.493333333334
23138.0	13727.24
23213.0	13424.6
23288.0	10835.306666666667
23363.0	10821.586666666666
23438.0	10153.853333333333
23513.0	10072.426666666666
23588.0	2121.0133333333333
23663.0	2216.9066666666668
23738.0	2417.08
23813.0	3276.266666666667
23888.0	3039.266666666667
23963.0	1873.4666666666667
24038.0	2415.6
24113.0	5747.706666666667
24188.0	4529.866666666667
24263.0	5027.32
24338.0	3510.16
24413.0	8885.533333333333
24488.0	3762.2933333333335
24563.0	4092.7066666666665
24638.0	3418.866666666667
24713.0	14179.24
24788.0	10983.013333333334
24863.0	8789.306666666667
24938.0	11108.933333333332
25013.0	24204.653333333332
25088.0	11399.56
25163.0	10487.226666666667
25238.0	9682.24
25313.0	18182.64
25388.0	8484.466666666667
25463.0	7475.04
25538.0	6259.333333333333
25613.0	12394.8
25688.0	3986.72
25763.0	3234.9333333333334
25838.0	4189.48
25913.0	4704.2
25988.0	4964.533333333334
26063.0	5265.0
26138.0	2939.0266666666666
26213.0	7329.84
26288.0	10167.36
26363.0	6574.613333333334
26438.0	8153.24
26513.0	11813.84
26588.0	17595.613333333335
26663.0	11081.44
26738.0	9851.28
26813.0	11387.093333333334
26888.0	21904.8
26963.0	7829.44
27038.0	7021.8533333333335
27113.0	8404.986666666666
27188.0	20526.373333333333
27263.0	11532.866666666667
27338.0	10483.226666666667
27413.0	12007.906666666666
27488.0	12156.906666666666
27563.0	36.70666666666666
27638.0	31.08
27713.0	29.08
27788.0	142.70666666666668
27863.0	172.13333333333333
27938.0	153.6
28013.0	159.98666666666668
28088.0	6853.053333333333
28163.0	10877.026666666667
28238.0	10627.413333333334
28313.0	11672.013333333334
28388.0	19135.12
28463.0	15134.64
28538.0	7657.2266666666665
28613.0	9895.293333333333
28688.0	9273.946666666667
28763.0	6496.52
28838.0	1216.92
28913.0	1216.76
28988.0	5214.493333333333
29063.0	9924.12
29138.0	8986.986666666666
29213.0	8564.586666666666
29288.0	8650.106666666667
29363.0	6477.8
29438.0	73.62666666666667
29513.0	263.8666666666667
29588.0	262.56
29663.0	280.26666666666665
29738.0	166.93333333333334
29813.0	159.48
29877.0	4.849056603773585
