#Coverage	Number of genomic locations
0.0	72.0
1.0	203.0
2.0	226.0
3.0	327.0
4.0	466.0
5.0	323.0
6.0	391.0
7.0	204.0
8.0	241.0
9.0	236.0
10.0	196.0
11.0	174.0
12.0	149.0
13.0	106.0
14.0	137.0
15.0	178.0
16.0	205.0
17.0	225.0
18.0	269.0
19.0	256.0
20.0	160.0
21.0	121.0
22.0	197.0
23.0	252.0
24.0	245.0
25.0	178.0
26.0	145.0
27.0	182.0
28.0	164.0
29.0	215.0
30.0	192.0
31.0	188.0
32.0	193.0
33.0	95.0
34.0	136.0
35.0	106.0
36.0	167.0
37.0	166.0
38.0	138.0
39.0	120.0
40.0	162.0
41.0	105.0
42.0	144.0
43.0	116.0
44.0	102.0
45.0	164.0
46.0	108.0
47.0	90.0
48.0	73.0
49.0	62.0
50.0	34.0
51.0	39.0
52.0	43.0
53.0	31.0
54.0	24.0
55.0	33.0
56.0	34.0
57.0	25.0
58.0	37.0
59.0	52.0
60.0	75.0
61.0	63.0
62.0	76.0
63.0	66.0
64.0	56.0
65.0	52.0
66.0	82.0
67.0	71.0
68.0	67.0
69.0	63.0
70.0	54.0
71.0	52.0
72.0	54.0
73.0	61.0
74.0	49.0
75.0	33.0
76.0	68.0
77.0	61.0
78.0	65.0
79.0	47.0
80.0	42.0
81.0	53.0
82.0	42.0
83.0	68.0
84.0	66.0
85.0	49.0
86.0	34.0
87.0	48.0
88.0	42.0
89.0	24.0
90.0	17.0
91.0	29.0
92.0	21.0
93.0	36.0
94.0	42.0
95.0	37.0
96.0	47.0
97.0	49.0
98.0	51.0
99.0	80.0
100.0	66.0
101.0	71.0
102.0	77.0
103.0	69.0
104.0	93.0
105.0	83.0
106.0	84.0
107.0	56.0
108.0	70.0
109.0	58.0
110.0	48.0
111.0	51.0
112.0	41.0
113.0	48.0
114.0	77.0
115.0	38.0
116.0	48.0
117.0	47.0
118.0	50.0
119.0	54.0
120.0	52.0
121.0	90.0
122.0	71.0
123.0	55.0
124.0	48.0
125.0	59.0
126.0	66.0
127.0	51.0
128.0	54.0
129.0	39.0
130.0	46.0
131.0	52.0
132.0	55.0
133.0	35.0
134.0	37.0
135.0	34.0
136.0	37.0
137.0	34.0
138.0	38.0
139.0	25.0
140.0	40.0
141.0	64.0
142.0	38.0
143.0	47.0
144.0	54.0
145.0	49.0
146.0	40.0
147.0	32.0
148.0	28.0
149.0	41.0
150.0	45.0
151.0	30.0
152.0	20.0
153.0	28.0
154.0	27.0
155.0	35.0
156.0	45.0
157.0	34.0
158.0	27.0
159.0	25.0
160.0	39.0
161.0	16.0
162.0	31.0
163.0	22.0
164.0	26.0
165.0	29.0
166.0	44.0
167.0	22.0
168.0	26.0
169.0	26.0
170.0	17.0
171.0	23.0
172.0	20.0
173.0	20.0
174.0	35.0
175.0	26.0
176.0	26.0
177.0	13.0
178.0	19.0
179.0	14.0
180.0	21.0
181.0	13.0
182.0	9.0
183.0	14.0
184.0	16.0
185.0	16.0
186.0	20.0
187.0	15.0
188.0	18.0
189.0	11.0
190.0	13.0
191.0	12.0
192.0	18.0
193.0	18.0
194.0	22.0
195.0	23.0
196.0	23.0
197.0	19.0
198.0	30.0
199.0	31.0
200.0	23.0
201.0	18.0
202.0	33.0
203.0	37.0
204.0	24.0
205.0	18.0
206.0	33.0
207.0	23.0
208.0	17.0
209.0	31.0
210.0	29.0
211.0	28.0
212.0	21.0
213.0	22.0
214.0	29.0
215.0	25.0
216.0	33.0
217.0	19.0
218.0	34.0
219.0	26.0
220.0	24.0
221.0	27.0
222.0	17.0
223.0	25.0
224.0	21.0
225.0	23.0
226.0	26.0
227.0	19.0
228.0	31.0
229.0	21.0
230.0	24.0
231.0	28.0
232.0	26.0
233.0	24.0
234.0	16.0
235.0	21.0
236.0	28.0
237.0	32.0
238.0	26.0
239.0	39.0
240.0	27.0
241.0	45.0
242.0	34.0
243.0	30.0
244.0	38.0
245.0	30.0
246.0	33.0
247.0	30.0
248.0	36.0
249.0	24.0
250.0	30.0
251.0	18.0
252.0	27.0
253.0	41.0
254.0	30.0
255.0	21.0
256.0	13.0
257.0	17.0
258.0	16.0
259.0	22.0
260.0	22.0
261.0	30.0
262.0	16.0
263.0	20.0
264.0	25.0
265.0	31.0
266.0	16.0
267.0	21.0
268.0	11.0
269.0	12.0
270.0	10.0
271.0	27.0
272.0	15.0
273.0	18.0
274.0	20.0
275.0	7.0
276.0	11.0
277.0	22.0
278.0	18.0
279.0	18.0
280.0	24.0
281.0	14.0
282.0	16.0
283.0	22.0
284.0	15.0
285.0	25.0
286.0	21.0
287.0	20.0
288.0	30.0
289.0	24.0
290.0	27.0
291.0	25.0
292.0	25.0
293.0	24.0
294.0	17.0
295.0	11.0
296.0	16.0
297.0	18.0
298.0	17.0
299.0	16.0
300.0	20.0
301.0	22.0
302.0	19.0
303.0	11.0
304.0	18.0
305.0	13.0
306.0	13.0
307.0	18.0
308.0	12.0
309.0	23.0
310.0	21.0
311.0	13.0
312.0	20.0
313.0	11.0
314.0	10.0
315.0	10.0
316.0	12.0
317.0	11.0
318.0	23.0
319.0	16.0
320.0	16.0
321.0	10.0
322.0	12.0
323.0	16.0
324.0	14.0
325.0	10.0
326.0	11.0
327.0	11.0
328.0	8.0
329.0	13.0
330.0	11.0
331.0	13.0
332.0	8.0
333.0	19.0
334.0	12.0
335.0	9.0
336.0	13.0
337.0	3.0
338.0	16.0
339.0	11.0
340.0	9.0
341.0	10.0
342.0	7.0
343.0	12.0
344.0	10.0
345.0	15.0
346.0	7.0
347.0	14.0
348.0	17.0
349.0	9.0
350.0	6.0
351.0	7.0
352.0	9.0
353.0	16.0
354.0	5.0
355.0	10.0
356.0	6.0
357.0	9.0
358.0	5.0
359.0	4.0
360.0	8.0
361.0	7.0
362.0	9.0
363.0	7.0
364.0	21.0
365.0	7.0
366.0	18.0
367.0	9.0
368.0	12.0
369.0	14.0
370.0	5.0
371.0	8.0
372.0	8.0
373.0	10.0
374.0	17.0
375.0	4.0
376.0	11.0
377.0	4.0
378.0	8.0
379.0	5.0
380.0	10.0
381.0	14.0
382.0	11.0
383.0	7.0
384.0	12.0
385.0	9.0
386.0	11.0
387.0	7.0
388.0	8.0
389.0	8.0
390.0	7.0
391.0	5.0
392.0	7.0
393.0	2.0
394.0	13.0
395.0	2.0
396.0	5.0
397.0	7.0
398.0	11.0
399.0	6.0
400.0	9.0
401.0	7.0
402.0	13.0
403.0	17.0
404.0	10.0
405.0	8.0
406.0	5.0
407.0	8.0
408.0	14.0
409.0	10.0
410.0	17.0
411.0	16.0
412.0	19.0
413.0	15.0
414.0	12.0
415.0	17.0
416.0	18.0
417.0	24.0
418.0	19.0
419.0	18.0
420.0	23.0
421.0	18.0
422.0	12.0
423.0	19.0
424.0	19.0
425.0	14.0
426.0	10.0
427.0	17.0
428.0	18.0
429.0	14.0
430.0	11.0
431.0	11.0
432.0	10.0
433.0	12.0
434.0	11.0
435.0	13.0
436.0	14.0
437.0	14.0
438.0	17.0
439.0	15.0
440.0	20.0
441.0	17.0
442.0	12.0
443.0	13.0
444.0	17.0
445.0	14.0
446.0	18.0
447.0	10.0
448.0	12.0
449.0	16.0
450.0	16.0
451.0	18.0
452.0	14.0
453.0	11.0
454.0	17.0
455.0	7.0
456.0	18.0
457.0	15.0
458.0	12.0
459.0	13.0
460.0	16.0
461.0	15.0
462.0	18.0
463.0	10.0
464.0	14.0
465.0	22.0
466.0	19.0
467.0	8.0
468.0	15.0
469.0	15.0
470.0	12.0
471.0	22.0
472.0	7.0
473.0	17.0
474.0	11.0
475.0	10.0
476.0	9.0
477.0	17.0
478.0	13.0
479.0	16.0
480.0	11.0
481.0	10.0
482.0	8.0
483.0	14.0
484.0	14.0
485.0	14.0
486.0	14.0
487.0	8.0
488.0	13.0
489.0	12.0
490.0	17.0
491.0	12.0
492.0	29.0
493.0	12.0
494.0	23.0
495.0	24.0
496.0	24.0
497.0	19.0
498.0	22.0
499.0	22.0
500.0	19.0
501.0	24.0
502.0	31.0
503.0	18.0
504.0	14.0
505.0	14.0
506.0	14.0
507.0	9.0
508.0	14.0
509.0	10.0
510.0	10.0
511.0	10.0
512.0	14.0
513.0	20.0
514.0	13.0
515.0	13.0
516.0	13.0
517.0	10.0
518.0	21.0
519.0	13.0
520.0	20.0
521.0	17.0
522.0	8.0
523.0	20.0
524.0	13.0
525.0	9.0
526.0	11.0
527.0	6.0
528.0	9.0
529.0	19.0
530.0	15.0
531.0	19.0
532.0	16.0
533.0	18.0
534.0	18.0
535.0	18.0
536.0	20.0
537.0	17.0
538.0	16.0
539.0	16.0
540.0	18.0
541.0	22.0
542.0	15.0
543.0	20.0
544.0	17.0
545.0	26.0
546.0	16.0
547.0	24.0
548.0	26.0
549.0	16.0
550.0	20.0
551.0	17.0
552.0	20.0
553.0	20.0
554.0	17.0
555.0	16.0
556.0	17.0
557.0	16.0
558.0	20.0
559.0	25.0
560.0	20.0
561.0	19.0
562.0	17.0
563.0	17.0
564.0	13.0
565.0	16.0
566.0	13.0
567.0	13.0
568.0	20.0
569.0	16.0
570.0	19.0
571.0	30.0
572.0	23.0
573.0	21.0
574.0	15.0
575.0	23.0
576.0	18.0
577.0	22.0
578.0	14.0
579.0	24.0
580.0	24.0
581.0	22.0
582.0	21.0
583.0	22.0
584.0	26.0
585.0	27.0
586.0	17.0
587.0	23.0
588.0	17.0
589.0	23.0
590.0	21.0
591.0	27.0
592.0	22.0
593.0	23.0
594.0	17.0
595.0	19.0
596.0	19.0
597.0	22.0
598.0	20.0
599.0	31.0
600.0	11.0
601.0	24.0
602.0	20.0
603.0	27.0
604.0	19.0
605.0	31.0
606.0	26.0
607.0	22.0
608.0	22.0
609.0	28.0
610.0	17.0
611.0	22.0
612.0	19.0
613.0	28.0
614.0	12.0
615.0	19.0
616.0	20.0
617.0	12.0
618.0	18.0
619.0	21.0
620.0	28.0
621.0	33.0
622.0	15.0
623.0	28.0
624.0	23.0
625.0	30.0
626.0	16.0
627.0	23.0
628.0	12.0
629.0	21.0
630.0	20.0
631.0	20.0
632.0	15.0
633.0	17.0
634.0	16.0
635.0	12.0
636.0	17.0
637.0	14.0
638.0	9.0
639.0	9.0
640.0	18.0
641.0	5.0
642.0	15.0
643.0	6.0
644.0	8.0
645.0	6.0
646.0	18.0
647.0	7.0
648.0	19.0
649.0	8.0
650.0	9.0
651.0	13.0
652.0	13.0
653.0	12.0
654.0	8.0
655.0	12.0
656.0	11.0
657.0	11.0
658.0	16.0
659.0	12.0
660.0	12.0
661.0	9.0
662.0	14.0
663.0	7.0
664.0	11.0
665.0	12.0
666.0	12.0
667.0	11.0
668.0	13.0
669.0	12.0
670.0	12.0
671.0	8.0
672.0	8.0
673.0	10.0
674.0	9.0
675.0	9.0
676.0	12.0
677.0	11.0
678.0	12.0
679.0	11.0
680.0	6.0
681.0	9.0
682.0	7.0
683.0	11.0
684.0	20.0
685.0	14.0
686.0	11.0
687.0	10.0
688.0	12.0
689.0	13.0
690.0	11.0
691.0	10.0
692.0	13.0
693.0	11.0
694.0	10.0
695.0	8.0
696.0	10.0
697.0	9.0
698.0	10.0
699.0	12.0
700.0	8.0
701.0	12.0
702.0	8.0
703.0	13.0
704.0	9.0
705.0	6.0
706.0	6.0
707.0	8.0
708.0	7.0
709.0	4.0
710.0	11.0
711.0	12.0
712.0	12.0
713.0	13.0
714.0	11.0
715.0	11.0
716.0	8.0
717.0	13.0
718.0	7.0
719.0	10.0
720.0	5.0
721.0	13.0
722.0	12.0
723.0	12.0
724.0	5.0
725.0	12.0
726.0	12.0
727.0	5.0
728.0	6.0
729.0	11.0
730.0	5.0
731.0	7.0
732.0	6.0
733.0	9.0
734.0	11.0
735.0	13.0
736.0	16.0
737.0	13.0
738.0	5.0
739.0	8.0
740.0	13.0
741.0	7.0
742.0	9.0
743.0	11.0
744.0	14.0
745.0	10.0
746.0	13.0
747.0	10.0
748.0	12.0
749.0	11.0
750.0	19.0
751.0	7.0
752.0	10.0
753.0	12.0
754.0	5.0
755.0	11.0
756.0	9.0
757.0	11.0
758.0	11.0
759.0	12.0
760.0	10.0
761.0	4.0
762.0	7.0
763.0	6.0
764.0	7.0
765.0	8.0
766.0	2.0
767.0	9.0
768.0	8.0
769.0	9.0
770.0	7.0
771.0	10.0
772.0	7.0
773.0	9.0
774.0	12.0
775.0	9.0
776.0	4.0
777.0	6.0
778.0	6.0
779.0	8.0
780.0	8.0
781.0	17.0
782.0	12.0
783.0	7.0
784.0	10.0
785.0	14.0
786.0	17.0
787.0	7.0
788.0	11.0
789.0	9.0
790.0	11.0
791.0	10.0
792.0	12.0
793.0	8.0
794.0	16.0
795.0	7.0
796.0	9.0
797.0	7.0
798.0	7.0
799.0	5.0
800.0	5.0
801.0	4.0
802.0	2.0
803.0	7.0
804.0	4.0
805.0	9.0
806.0	6.0
807.0	3.0
808.0	3.0
809.0	5.0
810.0	6.0
811.0	3.0
812.0	7.0
813.0	8.0
814.0	6.0
815.0	3.0
816.0	6.0
817.0	8.0
818.0	4.0
819.0	7.0
820.0	10.0
821.0	12.0
822.0	9.0
823.0	11.0
824.0	11.0
825.0	7.0
826.0	12.0
827.0	6.0
828.0	11.0
829.0	11.0
830.0	7.0
831.0	8.0
832.0	9.0
833.0	10.0
834.0	8.0
835.0	8.0
836.0	6.0
837.0	7.0
838.0	9.0
839.0	10.0
840.0	13.0
841.0	14.0
842.0	13.0
843.0	8.0
844.0	7.0
845.0	10.0
846.0	10.0
847.0	1.0
848.0	7.0
849.0	5.0
850.0	2.0
851.0	6.0
852.0	8.0
853.0	4.0
854.0	7.0
855.0	3.0
857.0	11.0
858.0	2.0
859.0	8.0
860.0	6.0
861.0	6.0
862.0	2.0
863.0	7.0
864.0	2.0
865.0	4.0
866.0	6.0
867.0	4.0
868.0	6.0
869.0	2.0
870.0	5.0
871.0	3.0
872.0	6.0
873.0	9.0
874.0	6.0
875.0	7.0
876.0	3.0
877.0	2.0
878.0	3.0
879.0	6.0
880.0	3.0
881.0	4.0
882.0	14.0
883.0	12.0
884.0	6.0
885.0	9.0
886.0	9.0
887.0	9.0
888.0	8.0
889.0	7.0
890.0	6.0
891.0	6.0
892.0	4.0
893.0	9.0
894.0	4.0
895.0	6.0
896.0	2.0
897.0	3.0
898.0	3.0
899.0	5.0
900.0	7.0
901.0	6.0
902.0	4.0
903.0	3.0
904.0	5.0
905.0	5.0
906.0	7.0
907.0	7.0
908.0	1.0
909.0	1.0
910.0	4.0
911.0	4.0
912.0	5.0
913.0	4.0
914.0	4.0
915.0	3.0
916.0	3.0
917.0	8.0
918.0	4.0
920.0	4.0
921.0	7.0
922.0	1.0
923.0	8.0
924.0	8.0
925.0	6.0
926.0	1.0
927.0	4.0
928.0	1.0
929.0	1.0
930.0	4.0
931.0	2.0
932.0	3.0
933.0	6.0
934.0	5.0
935.0	3.0
936.0	2.0
937.0	2.0
938.0	5.0
939.0	5.0
940.0	3.0
941.0	9.0
942.0	7.0
943.0	7.0
944.0	6.0
945.0	7.0
946.0	3.0
947.0	4.0
948.0	1.0
949.0	4.0
950.0	2.0
951.0	3.0
952.0	5.0
953.0	2.0
954.0	4.0
955.0	2.0
956.0	1.0
957.0	2.0
958.0	5.0
959.0	3.0
960.0	6.0
961.0	5.0
962.0	5.0
963.0	4.0
964.0	5.0
965.0	6.0
966.0	1.0
967.0	2.0
968.0	3.0
969.0	2.0
970.0	2.0
971.0	2.0
972.0	4.0
973.0	3.0
974.0	3.0
975.0	5.0
976.0	4.0
977.0	4.0
978.0	3.0
979.0	5.0
980.0	6.0
981.0	2.0
982.0	3.0
983.0	4.0
984.0	1.0
985.0	7.0
986.0	2.0
987.0	4.0
988.0	7.0
989.0	2.0
990.0	3.0
991.0	3.0
992.0	2.0
994.0	5.0
995.0	5.0
996.0	3.0
997.0	6.0
998.0	3.0
999.0	7.0
1000.0	3.0
1001.0	1.0
1002.0	4.0
1003.0	8.0
1004.0	3.0
1005.0	2.0
1006.0	4.0
1007.0	1.0
1008.0	8.0
1009.0	4.0
1010.0	9.0
1011.0	6.0
1012.0	3.0
1013.0	4.0
1014.0	4.0
1015.0	4.0
1016.0	6.0
1017.0	7.0
1018.0	1.0
1019.0	7.0
1020.0	4.0
1021.0	4.0
1022.0	4.0
1023.0	7.0
1024.0	2.0
1025.0	1.0
1026.0	6.0
1027.0	5.0
1028.0	1.0
1029.0	4.0
1030.0	4.0
1031.0	3.0
1032.0	7.0
1033.0	4.0
1034.0	5.0
1035.0	2.0
1039.0	3.0
1040.0	1.0
1041.0	2.0
1042.0	4.0
1043.0	3.0
1044.0	2.0
1046.0	6.0
1047.0	4.0
1048.0	4.0
1050.0	1.0
1052.0	3.0
1053.0	4.0
1054.0	3.0
1055.0	4.0
1056.0	3.0
1058.0	2.0
1059.0	2.0
1060.0	4.0
1061.0	5.0
1062.0	2.0
1064.0	2.0
1065.0	2.0
1066.0	3.0
1067.0	3.0
1068.0	4.0
1069.0	2.0
1070.0	4.0
1071.0	3.0
1072.0	6.0
1073.0	3.0
1074.0	1.0
1075.0	5.0
1076.0	4.0
1077.0	2.0
1078.0	3.0
1079.0	3.0
1080.0	1.0
1081.0	2.0
1082.0	1.0
1083.0	4.0
1084.0	1.0
1085.0	3.0
1086.0	1.0
1087.0	1.0
1088.0	3.0
1089.0	3.0
1090.0	2.0
1091.0	1.0
1092.0	6.0
1093.0	5.0
1094.0	1.0
1095.0	7.0
1096.0	2.0
1097.0	2.0
1098.0	1.0
1099.0	6.0
1100.0	2.0
1101.0	3.0
1102.0	5.0
1103.0	6.0
1104.0	6.0
1105.0	5.0
1106.0	3.0
1107.0	8.0
1108.0	3.0
1109.0	3.0
1110.0	4.0
1111.0	2.0
1112.0	3.0
1113.0	6.0
1114.0	4.0
1115.0	2.0
1116.0	2.0
1117.0	1.0
1118.0	4.0
1119.0	1.0
1120.0	2.0
1121.0	2.0
1122.0	3.0
1123.0	4.0
1124.0	4.0
1125.0	1.0
1126.0	4.0
1127.0	5.0
1128.0	4.0
1129.0	4.0
1130.0	3.0
1132.0	2.0
1133.0	6.0
1134.0	3.0
1135.0	2.0
1136.0	3.0
1137.0	2.0
1138.0	3.0
1139.0	1.0
1140.0	3.0
1141.0	2.0
1142.0	1.0
1143.0	3.0
1144.0	2.0
1145.0	2.0
1146.0	1.0
1147.0	2.0
1149.0	5.0
1150.0	3.0
1151.0	3.0
1152.0	5.0
1153.0	1.0
1154.0	4.0
1155.0	9.0
1156.0	5.0
1157.0	1.0
1158.0	3.0
1159.0	4.0
1160.0	3.0
1161.0	2.0
1162.0	1.0
1163.0	2.0
1164.0	3.0
1165.0	2.0
1166.0	4.0
1167.0	9.0
1168.0	2.0
1169.0	2.0
1170.0	6.0
1171.0	6.0
1172.0	2.0
1173.0	6.0
1174.0	4.0
1175.0	1.0
1176.0	9.0
1177.0	4.0
1178.0	2.0
1179.0	6.0
1180.0	4.0
1181.0	5.0
1182.0	6.0
1183.0	4.0
1184.0	3.0
1185.0	6.0
1186.0	1.0
1187.0	2.0
1188.0	1.0
1189.0	2.0
1190.0	1.0
1191.0	4.0
1192.0	1.0
1193.0	2.0
1194.0	4.0
1195.0	4.0
1196.0	4.0
1197.0	2.0
1198.0	5.0
1199.0	4.0
1200.0	2.0
1201.0	3.0
1202.0	5.0
1203.0	2.0
1204.0	1.0
1205.0	2.0
1207.0	5.0
1209.0	4.0
1210.0	1.0
1211.0	1.0
1212.0	2.0
1213.0	3.0
1215.0	5.0
1216.0	1.0
1217.0	1.0
1218.0	1.0
1219.0	1.0
1220.0	5.0
1221.0	2.0
1222.0	3.0
1223.0	5.0
1225.0	1.0
1226.0	4.0
1227.0	3.0
1228.0	2.0
1229.0	1.0
1230.0	1.0
1231.0	2.0
1232.0	4.0
1233.0	3.0
1234.0	2.0
1235.0	3.0
1236.0	1.0
1237.0	1.0
1238.0	2.0
1239.0	1.0
1240.0	2.0
1241.0	5.0
1242.0	5.0
1243.0	3.0
1244.0	1.0
1245.0	3.0
1247.0	1.0
1248.0	3.0
1249.0	1.0
1250.0	1.0
1251.0	2.0
1252.0	4.0
1253.0	1.0
1254.0	1.0
1255.0	2.0
1256.0	2.0
1257.0	2.0
1258.0	3.0
1259.0	4.0
1260.0	2.0
1261.0	1.0
1262.0	3.0
1263.0	2.0
1264.0	2.0
1265.0	3.0
1266.0	1.0
1267.0	2.0
1268.0	3.0
1269.0	3.0
1270.0	3.0
1271.0	2.0
1272.0	4.0
1273.0	2.0
1274.0	2.0
1275.0	1.0
1276.0	4.0
1277.0	5.0
1278.0	4.0
1279.0	6.0
1280.0	3.0
1281.0	4.0
1282.0	2.0
1283.0	5.0
1284.0	4.0
1285.0	2.0
1286.0	7.0
1287.0	1.0
1288.0	5.0
1289.0	2.0
1290.0	6.0
1291.0	3.0
1292.0	6.0
1293.0	1.0
1294.0	4.0
1295.0	3.0
1296.0	4.0
1297.0	1.0
1298.0	8.0
1299.0	6.0
1300.0	5.0
1301.0	1.0
1302.0	5.0
1303.0	4.0
1304.0	4.0
1305.0	9.0
1306.0	1.0
1307.0	6.0
1309.0	1.0
1310.0	7.0
1311.0	4.0
1312.0	4.0
1313.0	3.0
1314.0	3.0
1315.0	5.0
1316.0	1.0
1317.0	3.0
1318.0	8.0
1319.0	2.0
1320.0	1.0
1321.0	6.0
1322.0	3.0
1323.0	6.0
1324.0	3.0
1325.0	5.0
1326.0	3.0
1327.0	4.0
1328.0	6.0
1329.0	4.0
1330.0	3.0
1331.0	2.0
1332.0	1.0
1333.0	1.0
1334.0	4.0
1335.0	1.0
1336.0	5.0
1337.0	3.0
1338.0	2.0
1339.0	6.0
1340.0	2.0
1341.0	5.0
1342.0	2.0
1343.0	6.0
1344.0	4.0
1345.0	4.0
1346.0	3.0
1347.0	1.0
1348.0	3.0
1349.0	2.0
1350.0	2.0
1351.0	3.0
1352.0	4.0
1353.0	1.0
1354.0	2.0
1355.0	2.0
1356.0	3.0
1357.0	4.0
1358.0	5.0
1359.0	4.0
1360.0	1.0
1361.0	1.0
1362.0	1.0
1363.0	1.0
1364.0	4.0
1368.0	1.0
1371.0	2.0
1373.0	1.0
1375.0	2.0
1376.0	4.0
1377.0	4.0
1378.0	1.0
1379.0	1.0
1380.0	2.0
1381.0	1.0
1384.0	4.0
1386.0	4.0
1388.0	1.0
1389.0	2.0
1390.0	1.0
1391.0	3.0
1393.0	4.0
1394.0	1.0
1395.0	3.0
1396.0	1.0
1398.0	3.0
1399.0	3.0
1400.0	2.0
1402.0	1.0
1403.0	2.0
1405.0	1.0
1406.0	3.0
1407.0	4.0
1408.0	2.0
1409.0	1.0
1410.0	2.0
1411.0	1.0
1413.0	1.0
1414.0	1.0
1415.0	1.0
1416.0	3.0
1418.0	3.0
1419.0	1.0
1421.0	2.0
1422.0	2.0
1423.0	2.0
1425.0	3.0
1427.0	1.0
1429.0	1.0
1430.0	3.0
1431.0	3.0
1432.0	4.0
1433.0	1.0
1434.0	1.0
1435.0	1.0
1436.0	6.0
1437.0	3.0
1438.0	2.0
1439.0	1.0
1440.0	2.0
1441.0	3.0
1442.0	3.0
1443.0	2.0
1444.0	1.0
1445.0	2.0
1447.0	3.0
1449.0	1.0
1450.0	1.0
1451.0	1.0
1453.0	1.0
1454.0	1.0
1455.0	2.0
1456.0	2.0
1457.0	1.0
1458.0	2.0
1459.0	3.0
1460.0	1.0
1461.0	3.0
1462.0	2.0
1463.0	1.0
1464.0	3.0
1465.0	1.0
1466.0	2.0
1467.0	3.0
1468.0	2.0
1469.0	2.0
1470.0	2.0
1471.0	1.0
1472.0	1.0
1473.0	1.0
1474.0	3.0
1475.0	2.0
1476.0	2.0
1477.0	5.0
1478.0	2.0
1479.0	2.0
1480.0	4.0
1481.0	6.0
1482.0	2.0
1483.0	3.0
1484.0	2.0
1485.0	2.0
1487.0	2.0
1488.0	3.0
1489.0	2.0
1490.0	1.0
1491.0	1.0
1492.0	1.0
1494.0	1.0
1496.0	3.0
1497.0	3.0
1498.0	7.0
1499.0	3.0
1500.0	1.0
1502.0	2.0
1504.0	3.0
1505.0	1.0
1506.0	2.0
1507.0	1.0
1508.0	1.0
1509.0	3.0
1510.0	4.0
1511.0	2.0
1512.0	1.0
1514.0	3.0
1515.0	2.0
1516.0	2.0
1517.0	4.0
1518.0	1.0
1521.0	1.0
1522.0	2.0
1523.0	4.0
1524.0	3.0
1526.0	4.0
1527.0	2.0
1528.0	2.0
1529.0	4.0
1530.0	3.0
1531.0	2.0
1532.0	2.0
1533.0	4.0
1534.0	2.0
1535.0	1.0
1536.0	5.0
1537.0	4.0
1538.0	4.0
1539.0	3.0
1540.0	5.0
1541.0	4.0
1542.0	4.0
1543.0	5.0
1544.0	8.0
1545.0	3.0
1546.0	1.0
1547.0	3.0
1548.0	5.0
1549.0	1.0
1550.0	2.0
1551.0	2.0
1552.0	4.0
1554.0	4.0
1556.0	7.0
1557.0	5.0
1558.0	3.0
1559.0	1.0
1560.0	1.0
1561.0	2.0
1562.0	1.0
1563.0	4.0
1565.0	4.0
1567.0	5.0
1569.0	2.0
1570.0	1.0
1571.0	4.0
1572.0	1.0
1573.0	1.0
1574.0	3.0
1575.0	1.0
1576.0	2.0
1577.0	1.0
1578.0	1.0
1579.0	2.0
1580.0	1.0
1581.0	5.0
1582.0	2.0
1583.0	6.0
1585.0	2.0
1586.0	3.0
1587.0	1.0
1588.0	3.0
1589.0	1.0
1590.0	1.0
1591.0	2.0
1592.0	1.0
1593.0	1.0
1594.0	2.0
1595.0	1.0
1596.0	2.0
1598.0	2.0
1599.0	1.0
1600.0	1.0
1601.0	3.0
1602.0	3.0
1603.0	2.0
1604.0	1.0
1605.0	1.0
1607.0	2.0
1608.0	3.0
1609.0	2.0
1610.0	2.0
1611.0	2.0
1612.0	1.0
1613.0	4.0
1614.0	1.0
1615.0	3.0
1616.0	1.0
1617.0	1.0
1618.0	1.0
1619.0	3.0
1620.0	1.0
1622.0	1.0
1623.0	2.0
1624.0	2.0
1626.0	1.0
1627.0	2.0
1628.0	2.0
1631.0	1.0
1632.0	1.0
1633.0	1.0
1634.0	1.0
1636.0	1.0
1637.0	2.0
1638.0	1.0
1639.0	2.0
1640.0	2.0
1641.0	3.0
1643.0	1.0
1645.0	2.0
1646.0	1.0
1648.0	1.0
1651.0	1.0
1652.0	1.0
1653.0	1.0
1655.0	1.0
1656.0	2.0
1658.0	2.0
1659.0	1.0
1660.0	3.0
1661.0	2.0
1663.0	2.0
1667.0	2.0
1668.0	1.0
1670.0	2.0
1671.0	1.0
1672.0	2.0
1673.0	1.0
1675.0	2.0
1676.0	2.0
1677.0	2.0
1678.0	3.0
1680.0	1.0
1681.0	3.0
1683.0	2.0
1685.0	3.0
1686.0	3.0
1687.0	1.0
1688.0	2.0
1689.0	3.0
1690.0	1.0
1691.0	1.0
1695.0	2.0
1696.0	1.0
1697.0	1.0
1698.0	1.0
1699.0	2.0
1700.0	3.0
1702.0	2.0
1706.0	2.0
1707.0	2.0
1708.0	2.0
1709.0	1.0
1710.0	1.0
1711.0	2.0
1714.0	1.0
1715.0	2.0
1716.0	2.0
1718.0	4.0
1719.0	2.0
1720.0	2.0
1721.0	2.0
1722.0	2.0
1723.0	2.0
1724.0	3.0
1725.0	1.0
1726.0	1.0
1728.0	2.0
1729.0	1.0
1730.0	2.0
1731.0	2.0
1732.0	1.0
1733.0	1.0
1736.0	3.0
1737.0	3.0
1742.0	2.0
1743.0	1.0
1744.0	1.0
1747.0	1.0
1748.0	2.0
1749.0	2.0
1750.0	2.0
1751.0	5.0
1752.0	1.0
1753.0	1.0
1754.0	2.0
1755.0	1.0
1756.0	4.0
1759.0	1.0
1760.0	1.0
1761.0	2.0
1763.0	2.0
1764.0	3.0
1765.0	3.0
1766.0	3.0
1767.0	1.0
1768.0	1.0
1771.0	1.0
1772.0	1.0
1774.0	1.0
1776.0	2.0
1777.0	1.0
1778.0	1.0
1781.0	2.0
1782.0	2.0
1784.0	1.0
1785.0	1.0
1786.0	1.0
1787.0	2.0
1790.0	1.0
1791.0	2.0
1793.0	2.0
1794.0	2.0
1795.0	1.0
1798.0	1.0
1800.0	2.0
1802.0	1.0
1803.0	1.0
1805.0	2.0
1806.0	1.0
1807.0	1.0
1808.0	2.0
1810.0	1.0
1811.0	2.0
1813.0	1.0
1815.0	2.0
1817.0	2.0
1821.0	1.0
1822.0	2.0
1823.0	2.0
1824.0	2.0
1826.0	2.0
1827.0	1.0
1831.0	3.0
1832.0	2.0
1833.0	1.0
1834.0	1.0
1835.0	1.0
1836.0	2.0
1838.0	1.0
1840.0	1.0
1841.0	2.0
1842.0	1.0
1843.0	1.0
1844.0	1.0
1845.0	2.0
1846.0	2.0
1847.0	1.0
1849.0	1.0
1850.0	3.0
1851.0	1.0
1852.0	1.0
1853.0	3.0
1856.0	1.0
1857.0	3.0
1858.0	2.0
1859.0	1.0
1860.0	3.0
1861.0	2.0
1862.0	1.0
1863.0	1.0
1864.0	1.0
1865.0	1.0
1866.0	2.0
1867.0	2.0
1868.0	2.0
1873.0	2.0
1874.0	2.0
1875.0	1.0
1876.0	3.0
1878.0	2.0
1879.0	1.0
1881.0	1.0
1882.0	3.0
1883.0	2.0
1885.0	1.0
1886.0	2.0
1887.0	1.0
1888.0	3.0
1889.0	1.0
1890.0	2.0
1891.0	1.0
1892.0	4.0
1893.0	3.0
1894.0	3.0
1897.0	3.0
1898.0	3.0
1899.0	2.0
1901.0	1.0
1902.0	1.0
1903.0	3.0
1904.0	1.0
1905.0	1.0
1907.0	2.0
1909.0	2.0
1910.0	2.0
1911.0	1.0
1912.0	1.0
1914.0	1.0
1916.0	2.0
1918.0	2.0
1920.0	2.0
1924.0	2.0
1925.0	2.0
1926.0	4.0
1927.0	2.0
1930.0	3.0
1931.0	1.0
1933.0	1.0
1934.0	3.0
1935.0	3.0
1936.0	3.0
1937.0	2.0
1938.0	2.0
1939.0	1.0
1940.0	3.0
1941.0	1.0
1942.0	1.0
1944.0	1.0
1945.0	1.0
1947.0	1.0
1949.0	1.0
1950.0	2.0
1951.0	1.0
1953.0	1.0
1954.0	1.0
1955.0	1.0
1956.0	2.0
1957.0	1.0
1958.0	1.0
1959.0	2.0
1962.0	1.0
1963.0	2.0
1965.0	2.0
1966.0	2.0
1967.0	3.0
1968.0	3.0
1969.0	2.0
1970.0	4.0
1971.0	1.0
1972.0	1.0
1975.0	2.0
1977.0	3.0
1978.0	2.0
1980.0	2.0
1981.0	1.0
1983.0	1.0
1984.0	1.0
1985.0	3.0
1986.0	2.0
1987.0	2.0
1988.0	3.0
1990.0	1.0
1991.0	3.0
1992.0	3.0
1993.0	2.0
1994.0	2.0
1995.0	1.0
1996.0	4.0
1997.0	4.0
1998.0	1.0
1999.0	2.0
2000.0	1.0
2003.0	2.0
2004.0	1.0
2005.0	2.0
2007.0	3.0
2008.0	2.0
2009.0	3.0
2010.0	1.0
2011.0	4.0
2012.0	2.0
2013.0	3.0
2015.0	1.0
2016.0	1.0
2017.0	1.0
2019.0	1.0
2020.0	3.0
2021.0	2.0
2022.0	4.0
2023.0	2.0
2025.0	1.0
2026.0	2.0
2027.0	2.0
2028.0	1.0
2030.0	1.0
2031.0	2.0
2032.0	3.0
2033.0	2.0
2035.0	2.0
2036.0	2.0
2037.0	1.0
2039.0	3.0
2041.0	1.0
2043.0	1.0
2044.0	2.0
2045.0	1.0
2046.0	1.0
2048.0	2.0
2049.0	3.0
2051.0	1.0
2052.0	1.0
2054.0	2.0
2055.0	1.0
2056.0	4.0
2059.0	2.0
2060.0	1.0
2062.0	1.0
2063.0	2.0
2065.0	1.0
2066.0	1.0
2068.0	3.0
2073.0	1.0
2074.0	1.0
2076.0	1.0
2077.0	2.0
2078.0	2.0
2079.0	2.0
2080.0	1.0
2081.0	1.0
2082.0	2.0
2083.0	1.0
2085.0	1.0
2086.0	2.0
2087.0	3.0
2089.0	1.0
2090.0	1.0
2092.0	1.0
2093.0	2.0
2094.0	3.0
2095.0	4.0
2097.0	3.0
2098.0	3.0
2099.0	4.0
2100.0	3.0
2101.0	3.0
2102.0	1.0
2103.0	1.0
2104.0	1.0
2106.0	2.0
2107.0	3.0
2108.0	1.0
2109.0	1.0
2110.0	2.0
2114.0	1.0
2115.0	1.0
2116.0	2.0
2118.0	2.0
2120.0	1.0
2121.0	1.0
2123.0	1.0
2124.0	1.0
2125.0	1.0
2126.0	1.0
2130.0	1.0
2131.0	1.0
2132.0	1.0
2135.0	1.0
2136.0	1.0
2141.0	1.0
2143.0	2.0
2145.0	1.0
2146.0	1.0
2148.0	3.0
2149.0	1.0
2151.0	2.0
2152.0	1.0
2153.0	2.0
2154.0	2.0
2155.0	2.0
2156.0	2.0
2157.0	1.0
2158.0	1.0
2160.0	3.0
2162.0	1.0
2164.0	2.0
2167.0	1.0
2168.0	2.0
2169.0	1.0
2170.0	1.0
2171.0	1.0
2173.0	2.0
2174.0	2.0
2175.0	1.0
2176.0	1.0
2178.0	2.0
2179.0	1.0
2180.0	2.0
2183.0	1.0
2185.0	2.0
2187.0	1.0
2190.0	2.0
2192.0	1.0
2193.0	1.0
2195.0	2.0
2197.0	1.0
2198.0	2.0
2199.0	1.0
2202.0	1.0
2203.0	1.0
2204.0	1.0
2207.0	2.0
2208.0	1.0
2209.0	1.0
2212.0	2.0
2214.0	1.0
2215.0	4.0
2223.0	1.0
2225.0	2.0
2226.0	1.0
2229.0	3.0
2234.0	1.0
2239.0	1.0
2240.0	1.0
2243.0	1.0
2244.0	1.0
2245.0	1.0
2247.0	1.0
2250.0	3.0
2251.0	1.0
2253.0	1.0
2255.0	1.0
2260.0	1.0
2261.0	1.0
2262.0	1.0
2264.0	2.0
2267.0	1.0
2269.0	1.0
2272.0	1.0
2273.0	1.0
2275.0	1.0
2277.0	1.0
2279.0	2.0
2281.0	2.0
2284.0	1.0
2287.0	2.0
2289.0	1.0
2290.0	1.0
2291.0	1.0
2293.0	2.0
2294.0	1.0
2297.0	1.0
2299.0	1.0
2300.0	1.0
2301.0	2.0
2302.0	1.0
2303.0	1.0
2304.0	1.0
2305.0	1.0
2310.0	2.0
2311.0	1.0
2313.0	1.0
2314.0	1.0
2316.0	1.0
2318.0	3.0
2320.0	2.0
2321.0	1.0
2324.0	1.0
2325.0	3.0
2326.0	2.0
2327.0	1.0
2328.0	3.0
2329.0	1.0
2333.0	1.0
2334.0	1.0
2335.0	1.0
2336.0	1.0
2337.0	2.0
2338.0	2.0
2340.0	1.0
2344.0	1.0
2346.0	2.0
2347.0	1.0
2348.0	1.0
2349.0	1.0
2351.0	2.0
2352.0	4.0
2353.0	1.0
2354.0	1.0
2355.0	1.0
2356.0	1.0
2357.0	3.0
2358.0	1.0
2360.0	1.0
2363.0	2.0
2364.0	2.0
2366.0	2.0
2367.0	2.0
2368.0	4.0
2370.0	1.0
2372.0	2.0
2373.0	3.0
2374.0	1.0
2375.0	1.0
2376.0	2.0
2378.0	3.0
2379.0	1.0
2380.0	2.0
2381.0	1.0
2382.0	2.0
2384.0	2.0
2385.0	4.0
2386.0	3.0
2388.0	9.0
2389.0	2.0
2390.0	1.0
2391.0	3.0
2392.0	2.0
2393.0	4.0
2394.0	5.0
2395.0	5.0
2396.0	3.0
2397.0	6.0
2398.0	2.0
2399.0	6.0
2400.0	4.0
2401.0	4.0
2402.0	5.0
2403.0	3.0
2404.0	2.0
2405.0	2.0
2406.0	3.0
2407.0	3.0
2408.0	4.0
2409.0	3.0
2410.0	4.0
2411.0	1.0
2413.0	2.0
2414.0	2.0
2415.0	3.0
2416.0	5.0
2417.0	4.0
2418.0	4.0
2419.0	3.0
2420.0	4.0
2421.0	3.0
2422.0	1.0
2423.0	2.0
2424.0	1.0
2425.0	4.0
2426.0	2.0
2427.0	3.0
2428.0	1.0
2429.0	1.0
2431.0	1.0
2435.0	1.0
2436.0	1.0
2438.0	3.0
2439.0	1.0
2440.0	1.0
2441.0	3.0
2447.0	1.0
2449.0	1.0
2450.0	2.0
2451.0	2.0
2452.0	1.0
2457.0	1.0
2459.0	2.0
2460.0	1.0
2461.0	2.0
2466.0	1.0
2468.0	2.0
2470.0	1.0
2472.0	1.0
2477.0	1.0
2478.0	1.0
2479.0	1.0
2482.0	1.0
2487.0	2.0
2488.0	1.0
2489.0	1.0
2490.0	1.0
2495.0	2.0
2497.0	2.0
2499.0	2.0
2502.0	2.0
2504.0	1.0
2506.0	1.0
2507.0	2.0
2508.0	1.0
2511.0	2.0
2518.0	1.0
2520.0	2.0
2521.0	1.0
2522.0	1.0
2527.0	1.0
2528.0	1.0
2530.0	2.0
2531.0	1.0
2532.0	1.0
2534.0	1.0
2535.0	1.0
2536.0	1.0
2537.0	1.0
2538.0	1.0
2540.0	1.0
2544.0	1.0
2545.0	1.0
2546.0	1.0
2550.0	1.0
2551.0	1.0
2552.0	2.0
2553.0	1.0
2556.0	1.0
2558.0	1.0
2560.0	1.0
2561.0	1.0
2562.0	2.0
2563.0	1.0
2564.0	3.0
2570.0	1.0
2573.0	1.0
2574.0	1.0
2577.0	1.0
2579.0	1.0
2583.0	1.0
2584.0	1.0
2585.0	1.0
2586.0	1.0
2587.0	1.0
2591.0	1.0
2592.0	3.0
2597.0	2.0
2598.0	1.0
2599.0	2.0
2601.0	1.0
2605.0	1.0
2607.0	1.0
2608.0	2.0
2609.0	1.0
2614.0	2.0
2616.0	1.0
2618.0	1.0
2619.0	1.0
2623.0	1.0
2624.0	3.0
2625.0	1.0
2628.0	2.0
2632.0	2.0
2636.0	1.0
2641.0	1.0
2643.0	1.0
2644.0	1.0
2645.0	2.0
2646.0	1.0
2649.0	1.0
2652.0	2.0
2653.0	2.0
2656.0	1.0
2658.0	1.0
2661.0	1.0
2662.0	1.0
2663.0	2.0
2667.0	1.0
2668.0	1.0
2670.0	1.0
2676.0	1.0
2677.0	1.0
2679.0	1.0
2683.0	3.0
2684.0	1.0
2685.0	1.0
2690.0	1.0
2691.0	1.0
2693.0	1.0
2695.0	1.0
2697.0	1.0
2698.0	1.0
2699.0	1.0
2700.0	2.0
2701.0	1.0
2702.0	2.0
2703.0	2.0
2704.0	2.0
2705.0	1.0
2707.0	3.0
2711.0	1.0
2712.0	1.0
2713.0	1.0
2720.0	1.0
2721.0	1.0
2723.0	1.0
2724.0	1.0
2725.0	2.0
2727.0	1.0
2728.0	1.0
2731.0	2.0
2732.0	2.0
2734.0	1.0
2736.0	1.0
2737.0	1.0
2742.0	3.0
2744.0	2.0
2750.0	1.0
2751.0	1.0
2754.0	2.0
2756.0	1.0
2760.0	1.0
2761.0	1.0
2763.0	1.0
2766.0	1.0
2770.0	1.0
2773.0	1.0
2774.0	1.0
2777.0	1.0
2779.0	2.0
2780.0	1.0
2781.0	1.0
2783.0	3.0
2786.0	2.0
2790.0	1.0
2794.0	1.0
2795.0	1.0
2796.0	1.0
2799.0	1.0
2802.0	1.0
2805.0	1.0
2806.0	1.0
2810.0	1.0
2811.0	1.0
2812.0	1.0
2813.0	1.0
2816.0	2.0
2817.0	2.0
2820.0	1.0
2826.0	2.0
2830.0	1.0
2833.0	1.0
2834.0	4.0
2835.0	1.0
2838.0	1.0
2840.0	1.0
2844.0	1.0
2847.0	1.0
2857.0	2.0
2859.0	2.0
2860.0	1.0
2861.0	1.0
2863.0	1.0
2864.0	1.0
2870.0	1.0
2873.0	1.0
2886.0	1.0
2892.0	1.0
2893.0	1.0
2896.0	1.0
2903.0	2.0
2905.0	1.0
2908.0	1.0
2910.0	1.0
2914.0	1.0
2924.0	2.0
2926.0	1.0
2928.0	1.0
2934.0	1.0
2936.0	1.0
2940.0	2.0
2945.0	1.0
2959.0	1.0
2964.0	1.0
2973.0	1.0
2977.0	1.0
2979.0	1.0
2981.0	1.0
2983.0	1.0
2985.0	1.0
2990.0	1.0
2998.0	1.0
3006.0	1.0
3008.0	2.0
3009.0	1.0
3011.0	1.0
3013.0	1.0
3021.0	2.0
3025.0	1.0
3026.0	1.0
3029.0	1.0
3034.0	1.0
3037.0	1.0
3040.0	1.0
3044.0	1.0
3046.0	1.0
3050.0	1.0
3051.0	1.0
3058.0	1.0
3060.0	1.0
3064.0	1.0
3068.0	1.0
3076.0	1.0
3078.0	1.0
3081.0	2.0
3085.0	1.0
3088.0	1.0
3092.0	1.0
3095.0	1.0
3108.0	1.0
3110.0	1.0
3111.0	2.0
3122.0	1.0
3124.0	1.0
3125.0	1.0
3126.0	1.0
3130.0	1.0
3132.0	1.0
3134.0	2.0
3146.0	1.0
3148.0	1.0
3156.0	1.0
3158.0	1.0
3160.0	1.0
3168.0	1.0
3172.0	1.0
3174.0	1.0
3178.0	1.0
3179.0	1.0
3180.0	2.0
3181.0	1.0
3184.0	1.0
3187.0	1.0
3195.0	1.0
3196.0	1.0
3210.0	1.0
3212.0	1.0
3214.0	1.0
3218.0	1.0
3222.0	1.0
3225.0	2.0
3226.0	1.0
3230.0	1.0
3235.0	1.0
3239.0	1.0
3242.0	1.0
3248.0	1.0
3249.0	1.0
3250.0	1.0
3257.0	1.0
3261.0	1.0
3262.0	1.0
3263.0	1.0
3267.0	1.0
3270.0	1.0
3276.0	1.0
3288.0	2.0
3292.0	1.0
3293.0	1.0
3294.0	1.0
3297.0	1.0
3300.0	1.0
3301.0	1.0
3306.0	1.0
3313.0	1.0
3316.0	1.0
3318.0	1.0
3319.0	1.0
3322.0	1.0
3329.0	1.0
3332.0	1.0
3334.0	1.0
3337.0	1.0
3339.0	2.0
3343.0	1.0
3347.0	1.0
3348.0	1.0
3349.0	1.0
3352.0	1.0
3353.0	1.0
3354.0	1.0
3356.0	1.0
3359.0	1.0
3367.0	2.0
3370.0	1.0
3373.0	1.0
3377.0	1.0
3384.0	1.0
3386.0	1.0
3393.0	1.0
3394.0	2.0
3396.0	1.0
3399.0	1.0
3401.0	1.0
3407.0	1.0
3408.0	1.0
3414.0	1.0
3434.0	2.0
3436.0	1.0
3442.0	1.0
3444.0	1.0
3447.0	1.0
3448.0	1.0
3451.0	1.0
3453.0	1.0
3456.0	1.0
3461.0	1.0
3463.0	1.0
3464.0	3.0
3479.0	1.0
3482.0	1.0
3492.0	1.0
3495.0	1.0
3498.0	1.0
3500.0	1.0
3502.0	1.0
3507.0	1.0
3510.0	1.0
3514.0	2.0
3517.0	1.0
3520.0	2.0
3529.0	1.0
3530.0	1.0
3532.0	1.0
3534.0	1.0
3536.0	1.0
3554.0	2.0
3556.0	1.0
3560.0	2.0
3565.0	1.0
3572.0	1.0
3576.0	1.0
3579.0	1.0
3591.0	2.0
3593.0	3.0
3601.0	1.0
3603.0	1.0
3604.0	1.0
3607.0	1.0
3611.0	2.0
3614.0	1.0
3615.0	1.0
3622.0	1.0
3628.0	1.0
3632.0	1.0
3634.0	2.0
3635.0	1.0
3639.0	1.0
3641.0	1.0
3648.0	1.0
3650.0	1.0
3652.0	1.0
3660.0	1.0
3662.0	1.0
3670.0	2.0
3677.0	1.0
3681.0	1.0
3685.0	1.0
3688.0	1.0
3692.0	1.0
3696.0	1.0
3699.0	1.0
3703.0	1.0
3705.0	1.0
3706.0	1.0
3718.0	1.0
3719.0	1.0
3720.0	1.0
3722.0	1.0
3723.0	1.0
3724.0	2.0
3725.0	1.0
3727.0	1.0
3728.0	1.0
3729.0	1.0
3730.0	1.0
3735.0	1.0
3736.0	1.0
3737.0	1.0
3738.0	1.0
3741.0	3.0
3742.0	1.0
3743.0	1.0
3746.0	3.0
3754.0	1.0
3755.0	2.0
3757.0	1.0
3762.0	1.0
3763.0	3.0
3765.0	1.0
3767.0	2.0
3771.0	1.0
3774.0	1.0
3775.0	1.0
3777.0	1.0
3778.0	1.0
3783.0	2.0
3784.0	1.0
3785.0	2.0
3786.0	1.0
3787.0	1.0
3788.0	2.0
3789.0	1.0
3791.0	1.0
3792.0	2.0
3793.0	1.0
3794.0	2.0
3795.0	3.0
3796.0	2.0
3797.0	1.0
3798.0	1.0
3799.0	3.0
3800.0	1.0
3801.0	4.0
3802.0	1.0
3804.0	2.0
3808.0	1.0
3812.0	1.0
3814.0	2.0
3815.0	1.0
3821.0	1.0
3822.0	1.0
3824.0	2.0
3825.0	4.0
3826.0	1.0
3828.0	1.0
3829.0	1.0
3830.0	1.0
3832.0	2.0
3833.0	1.0
3834.0	1.0
3835.0	3.0
3836.0	1.0
3838.0	1.0
3841.0	1.0
3842.0	2.0
3844.0	2.0
3845.0	7.0
3846.0	1.0
3848.0	1.0
3849.0	2.0
3850.0	2.0
3852.0	1.0
3853.0	2.0
3854.0	2.0
3855.0	1.0
3856.0	2.0
3857.0	1.0
3858.0	2.0
3859.0	1.0
3861.0	1.0
3863.0	3.0
3864.0	1.0
3865.0	1.0
3866.0	1.0
3868.0	2.0
3871.0	1.0
3876.0	2.0
3877.0	1.0
3882.0	1.0
3884.0	1.0
3887.0	1.0
3888.0	1.0
3890.0	2.0
3891.0	2.0
3892.0	2.0
3895.0	1.0
3898.0	2.0
3899.0	1.0
3904.0	3.0
3908.0	1.0
3909.0	1.0
3912.0	1.0
3913.0	1.0
3916.0	2.0
3917.0	2.0
3918.0	1.0
3921.0	1.0
3922.0	2.0
3923.0	1.0
3924.0	1.0
3925.0	1.0
3926.0	1.0
3928.0	2.0
3931.0	2.0
3932.0	1.0
3933.0	1.0
3934.0	1.0
3936.0	3.0
3937.0	1.0
3939.0	1.0
3942.0	1.0
3943.0	3.0
3945.0	1.0
3946.0	2.0
3953.0	1.0
3955.0	1.0
3956.0	2.0
3957.0	1.0
3958.0	1.0
3959.0	1.0
3961.0	1.0
3968.0	1.0
3971.0	1.0
3978.0	1.0
3979.0	1.0
3983.0	1.0
3986.0	2.0
3987.0	1.0
3990.0	1.0
3993.0	1.0
3995.0	1.0
4001.0	1.0
4003.0	2.0
4007.0	1.0
4011.0	1.0
4016.0	1.0
4017.0	1.0
4018.0	1.0
4020.0	1.0
4022.0	1.0
4025.0	1.0
4026.0	3.0
4035.0	1.0
4040.0	2.0
4046.0	1.0
4047.0	1.0
4052.0	1.0
4063.0	1.0
4064.0	1.0
4068.0	1.0
4069.0	1.0
4070.0	1.0
4078.0	1.0
4090.0	2.0
4096.0	1.0
4098.0	1.0
4100.0	2.0
4106.0	1.0
4107.0	2.0
4111.0	1.0
4118.0	1.0
4120.0	1.0
4122.0	1.0
4123.0	1.0
4124.0	1.0
4127.0	1.0
4129.0	1.0
4134.0	1.0
4135.0	1.0
4140.0	1.0
4142.0	1.0
4150.0	1.0
4156.0	1.0
4158.0	1.0
4164.0	1.0
4171.0	1.0
4175.0	1.0
4176.0	1.0
4178.0	1.0
4185.0	1.0
4188.0	1.0
4190.0	1.0
4191.0	1.0
4193.0	1.0
4195.0	1.0
4196.0	1.0
4197.0	1.0
4204.0	1.0
4215.0	1.0
4216.0	1.0
4219.0	1.0
4220.0	1.0
4222.0	1.0
4223.0	1.0
4228.0	1.0
4229.0	1.0
4230.0	1.0
4234.0	2.0
4241.0	1.0
4246.0	1.0
4248.0	1.0
4249.0	1.0
4261.0	1.0
4262.0	1.0
4268.0	1.0
4270.0	1.0
4273.0	2.0
4278.0	1.0
4281.0	2.0
4285.0	1.0
4291.0	1.0
4293.0	1.0
4296.0	1.0
4298.0	1.0
4303.0	1.0
4304.0	1.0
4311.0	1.0
4315.0	1.0
4316.0	1.0
4318.0	1.0
4323.0	1.0
4328.0	1.0
4334.0	1.0
4342.0	1.0
4346.0	1.0
4347.0	1.0
4354.0	1.0
4356.0	2.0
4359.0	1.0
4360.0	2.0
4364.0	1.0
4365.0	1.0
4367.0	1.0
4369.0	2.0
4375.0	1.0
4386.0	1.0
4387.0	1.0
4390.0	1.0
4391.0	1.0
4394.0	1.0
4395.0	2.0
4396.0	1.0
4398.0	1.0
4406.0	1.0
4410.0	1.0
4418.0	1.0
4419.0	2.0
4426.0	1.0
4430.0	1.0
4433.0	1.0
4438.0	1.0
4443.0	1.0
4444.0	1.0
4450.0	1.0
4454.0	1.0
4458.0	1.0
4463.0	1.0
4464.0	1.0
4468.0	1.0
4469.0	1.0
4471.0	1.0
4472.0	1.0
4473.0	1.0
4480.0	1.0
4481.0	1.0
4486.0	1.0
4494.0	1.0
4498.0	1.0
4500.0	1.0
4502.0	1.0
4504.0	2.0
4507.0	1.0
4511.0	1.0
4514.0	2.0
4516.0	2.0
4524.0	1.0
4527.0	1.0
4530.0	1.0
4531.0	1.0
4545.0	1.0
4552.0	1.0
4555.0	1.0
4556.0	1.0
4559.0	3.0
4561.0	1.0
4565.0	1.0
4580.0	1.0
4587.0	1.0
4589.0	1.0
4592.0	1.0
4595.0	1.0
4602.0	1.0
4609.0	1.0
4619.0	1.0
4627.0	1.0
4633.0	2.0
4637.0	1.0
4645.0	1.0
4664.0	1.0
4668.0	1.0
4673.0	2.0
4681.0	1.0
4688.0	1.0
4703.0	1.0
4706.0	1.0
4710.0	1.0
4711.0	1.0
4718.0	1.0
4719.0	3.0
4743.0	1.0
4749.0	1.0
4752.0	1.0
4756.0	1.0
4759.0	1.0
4760.0	1.0
4762.0	1.0
4768.0	1.0
4769.0	1.0
4787.0	1.0
4803.0	2.0
4823.0	1.0
4826.0	1.0
4828.0	1.0
4836.0	1.0
4842.0	1.0
4860.0	2.0
4870.0	1.0
4891.0	1.0
4905.0	1.0
4910.0	1.0
4930.0	1.0
4934.0	1.0
4938.0	1.0
4960.0	1.0
4964.0	1.0
4975.0	1.0
4985.0	1.0
4989.0	1.0
4997.0	1.0
4999.0	1.0
5016.0	1.0
5025.0	1.0
5050.0	1.0
5062.0	1.0
5064.0	1.0
5081.0	1.0
5100.0	1.0
5106.0	1.0
5107.0	1.0
5123.0	1.0
5136.0	1.0
5141.0	1.0
5172.0	2.0
5182.0	1.0
5192.0	1.0
5213.0	2.0
5214.0	1.0
5226.0	1.0
5248.0	1.0
5252.0	1.0
5256.0	1.0
5259.0	1.0
5277.0	1.0
5285.0	1.0
5292.0	1.0
5313.0	1.0
5322.0	1.0
5335.0	1.0
5337.0	1.0
5348.0	1.0
5355.0	1.0
5394.0	1.0
5400.0	1.0
5401.0	1.0
5414.0	1.0
5423.0	1.0
5426.0	1.0
5430.0	1.0
5437.0	1.0
5446.0	1.0
5461.0	1.0
5479.0	1.0
5483.0	1.0
5491.0	1.0
5508.0	1.0
5517.0	1.0
5534.0	1.0
5553.0	1.0
5565.0	1.0
5571.0	1.0
5580.0	1.0
5599.0	1.0
5601.0	1.0
5609.0	1.0
5611.0	1.0
5613.0	1.0
5615.0	2.0
5623.0	1.0
5648.0	1.0
5650.0	1.0
5651.0	1.0
5688.0	1.0
5696.0	2.0
5700.0	1.0
5704.0	1.0
5707.0	1.0
5712.0	1.0
5714.0	1.0
5718.0	1.0
5759.0	2.0
5762.0	1.0
5765.0	1.0
5769.0	1.0
5774.0	1.0
5788.0	1.0
5800.0	1.0
5815.0	1.0
5820.0	2.0
5839.0	1.0
5841.0	1.0
5850.0	1.0
5855.0	2.0
5858.0	1.0
5883.0	1.0
5887.0	1.0
5910.0	1.0
5918.0	1.0
5932.0	1.0
5937.0	1.0
5938.0	1.0
5942.0	1.0
5944.0	1.0
5951.0	1.0
5952.0	1.0
5966.0	1.0
5979.0	1.0
5991.0	1.0
5999.0	1.0
6015.0	1.0
6016.0	1.0
6029.0	2.0
6045.0	1.0
6058.0	1.0
6060.0	1.0
6080.0	1.0
6093.0	1.0
6096.0	1.0
6100.0	1.0
6109.0	1.0
6120.0	1.0
6133.0	1.0
6139.0	1.0
6147.0	1.0
6164.0	1.0
6170.0	1.0
6208.0	1.0
6216.0	1.0
6221.0	1.0
6232.0	1.0
6245.0	1.0
6265.0	1.0
6275.0	1.0
6281.0	1.0
6288.0	1.0
6303.0	1.0
6312.0	1.0
6318.0	1.0
6338.0	1.0
6342.0	1.0
6358.0	1.0
6360.0	1.0
6365.0	1.0
6377.0	2.0
6379.0	1.0
6383.0	1.0
6422.0	1.0
6435.0	2.0
6443.0	1.0
6471.0	1.0
6494.0	1.0
6496.0	1.0
6520.0	1.0
6521.0	1.0
6522.0	1.0
6525.0	1.0
6554.0	1.0
6570.0	1.0
6583.0	1.0
6590.0	1.0
6603.0	1.0
6609.0	1.0
6612.0	1.0
6624.0	1.0
6635.0	1.0
6653.0	1.0
6654.0	1.0
6666.0	1.0
6684.0	1.0
6710.0	1.0
6711.0	1.0
6715.0	1.0
6719.0	1.0
6722.0	1.0
6751.0	1.0
6755.0	1.0
6762.0	1.0
6778.0	1.0
6792.0	1.0
6805.0	1.0
6817.0	1.0
6822.0	1.0
6825.0	1.0
6852.0	1.0
6854.0	1.0
6870.0	1.0
6872.0	1.0
6875.0	1.0
6876.0	2.0
6880.0	1.0
6886.0	1.0
6889.0	1.0
6898.0	1.0
6941.0	1.0
6950.0	1.0
6952.0	1.0
6986.0	1.0
6998.0	1.0
7013.0	1.0
7015.0	1.0
7044.0	1.0
7062.0	1.0
7071.0	1.0
7076.0	1.0
7087.0	1.0
7097.0	1.0
7098.0	1.0
7106.0	1.0
7116.0	1.0
7130.0	1.0
7136.0	1.0
7161.0	1.0
7166.0	1.0
7192.0	1.0
7199.0	1.0
7200.0	1.0
7226.0	1.0
7227.0	1.0
7242.0	1.0
7253.0	1.0
7268.0	1.0
7275.0	1.0
7283.0	1.0
7288.0	1.0
7296.0	1.0
7299.0	1.0
7305.0	1.0
7327.0	1.0
7333.0	1.0
7336.0	1.0
7354.0	2.0
7379.0	2.0
7384.0	1.0
7401.0	1.0
7418.0	1.0
7430.0	1.0
7431.0	1.0
7440.0	1.0
7443.0	1.0
7469.0	1.0
7480.0	1.0
7482.0	1.0
7487.0	2.0
7495.0	1.0
7516.0	1.0
7523.0	1.0
7533.0	1.0
7541.0	1.0
7552.0	1.0
7582.0	1.0
7584.0	1.0
7586.0	1.0
7587.0	1.0
7615.0	1.0
7622.0	1.0
7623.0	1.0
7629.0	1.0
7654.0	1.0
7664.0	1.0
7669.0	1.0
7686.0	1.0
7701.0	1.0
7718.0	1.0
7721.0	1.0
7737.0	1.0
7740.0	1.0
7747.0	1.0
7775.0	1.0
7804.0	1.0
7819.0	1.0
7828.0	1.0
7829.0	1.0
7849.0	1.0
7858.0	1.0
7861.0	1.0
7865.0	1.0
7908.0	1.0
7913.0	1.0
7915.0	1.0
7916.0	1.0
7923.0	1.0
7947.0	1.0
7984.0	1.0
7995.0	1.0
8000.0	1.0
8005.0	1.0
8035.0	1.0
8042.0	1.0
8044.0	1.0
8057.0	1.0
8061.0	1.0
8095.0	1.0
8113.0	1.0
8114.0	2.0
8115.0	1.0
8117.0	1.0
8122.0	1.0
8131.0	1.0
8151.0	1.0
8168.0	1.0
8173.0	1.0
8183.0	1.0
8196.0	1.0
8207.0	1.0
8216.0	1.0
8220.0	1.0
8237.0	1.0
8243.0	1.0
8289.0	1.0
8293.0	1.0
8301.0	1.0
8309.0	1.0
8311.0	1.0
8317.0	1.0
8332.0	1.0
8338.0	1.0
8364.0	1.0
8370.0	1.0
8382.0	1.0
8399.0	1.0
8403.0	1.0
8404.0	1.0
8423.0	1.0
8435.0	1.0
8453.0	1.0
8457.0	1.0
8460.0	1.0
8492.0	1.0
8493.0	1.0
8498.0	1.0
8514.0	1.0
8523.0	1.0
8529.0	1.0
8543.0	2.0
8548.0	1.0
8562.0	1.0
8590.0	1.0
8597.0	1.0
8621.0	1.0
8645.0	1.0
8646.0	1.0
8654.0	1.0
8667.0	1.0
8668.0	2.0
8691.0	1.0
8723.0	1.0
8741.0	1.0
8745.0	1.0
8746.0	1.0
8747.0	1.0
8760.0	1.0
8761.0	1.0
8793.0	1.0
8800.0	1.0
8818.0	1.0
8827.0	1.0
8830.0	1.0
8848.0	1.0
8854.0	1.0
8880.0	1.0
8883.0	1.0
8905.0	1.0
8933.0	1.0
8939.0	1.0
8958.0	1.0
8960.0	1.0
8963.0	1.0
8971.0	1.0
8972.0	1.0
8980.0	1.0
8983.0	1.0
8984.0	1.0
9001.0	1.0
9013.0	2.0
9014.0	1.0
9017.0	1.0
9018.0	1.0
9019.0	1.0
9032.0	1.0
9036.0	1.0
9040.0	1.0
9046.0	1.0
9047.0	1.0
9048.0	1.0
9054.0	1.0
9066.0	1.0
9067.0	1.0
9071.0	1.0
9081.0	1.0
9082.0	2.0
9087.0	1.0
9100.0	1.0
9107.0	1.0
9109.0	1.0
9121.0	1.0
9135.0	1.0
9143.0	1.0
9152.0	1.0
9167.0	1.0
9171.0	1.0
9176.0	2.0
9184.0	1.0
9188.0	1.0
9189.0	1.0
9222.0	1.0
9227.0	1.0
9235.0	1.0
9242.0	1.0
9252.0	1.0
9258.0	1.0
9261.0	1.0
9263.0	1.0
9266.0	1.0
9270.0	2.0
9272.0	1.0
9278.0	2.0
9286.0	1.0
9287.0	1.0
9292.0	1.0
9293.0	1.0
9296.0	2.0
9302.0	1.0
9304.0	2.0
9306.0	1.0
9318.0	2.0
9319.0	1.0
9325.0	1.0
9328.0	1.0
9335.0	1.0
9338.0	1.0
9341.0	1.0
9343.0	1.0
9345.0	1.0
9348.0	1.0
9351.0	1.0
9356.0	1.0
9360.0	1.0
9361.0	1.0
9363.0	1.0
9364.0	1.0
9370.0	2.0
9371.0	1.0
9380.0	1.0
9384.0	3.0
9388.0	2.0
9392.0	1.0
9396.0	1.0
9401.0	1.0
9404.0	1.0
9416.0	1.0
9418.0	1.0
9419.0	1.0
9427.0	1.0
9431.0	1.0
9436.0	1.0
9437.0	1.0
9440.0	2.0
9447.0	1.0
9450.0	1.0
9455.0	1.0
9477.0	1.0
9482.0	1.0
9492.0	1.0
9503.0	1.0
9519.0	1.0
9520.0	1.0
9525.0	1.0
9550.0	1.0
9557.0	1.0
9586.0	1.0
9593.0	1.0
9596.0	1.0
9599.0	1.0
9605.0	1.0
9627.0	1.0
9630.0	1.0
9633.0	1.0
9645.0	1.0
9653.0	1.0
9657.0	1.0
9668.0	1.0
9675.0	1.0
9686.0	1.0
9687.0	1.0
9693.0	1.0
9705.0	1.0
9738.0	1.0
9744.0	1.0
9747.0	2.0
9756.0	1.0
9770.0	1.0
9771.0	1.0
9776.0	1.0
9779.0	1.0
9809.0	1.0
9815.0	1.0
9824.0	1.0
9827.0	1.0
9835.0	1.0
9836.0	1.0
9861.0	1.0
9863.0	1.0
9895.0	1.0
9898.0	1.0
9917.0	1.0
9930.0	1.0
9931.0	1.0
9932.0	1.0
9943.0	1.0
9945.0	1.0
9952.0	1.0
9960.0	1.0
9968.0	1.0
9979.0	1.0
9985.0	1.0
9991.0	1.0
9993.0	1.0
10001.0	1.0
10011.0	1.0
10024.0	1.0
10025.0	1.0
10035.0	1.0
10038.0	1.0
10056.0	1.0
10057.0	1.0
10059.0	1.0
10064.0	2.0
10071.0	1.0
10081.0	1.0
10094.0	1.0
10095.0	1.0
10101.0	1.0
10103.0	1.0
10105.0	1.0
10106.0	1.0
10111.0	1.0
10126.0	1.0
10132.0	1.0
10136.0	1.0
10142.0	1.0
10159.0	1.0
10172.0	1.0
10173.0	1.0
10183.0	1.0
10187.0	1.0
10191.0	1.0
10193.0	1.0
10196.0	1.0
10198.0	1.0
10207.0	1.0
10226.0	1.0
10232.0	1.0
10246.0	1.0
10285.0	2.0
10291.0	1.0
10296.0	1.0
10298.0	1.0
10299.0	1.0
10303.0	1.0
10321.0	1.0
10338.0	2.0
10355.0	1.0
10364.0	1.0
10366.0	1.0
10369.0	1.0
10371.0	1.0
10381.0	1.0
10383.0	1.0
10388.0	1.0
10390.0	1.0
10401.0	1.0
10402.0	1.0
10410.0	1.0
10411.0	1.0
10419.0	1.0
10423.0	1.0
10441.0	1.0
10444.0	1.0
10458.0	1.0
10466.0	1.0
10468.0	1.0
10485.0	2.0
10491.0	1.0
10507.0	1.0
10508.0	1.0
10516.0	1.0
10520.0	1.0
10527.0	1.0
10536.0	1.0
10576.0	1.0
10577.0	1.0
10583.0	1.0
10585.0	1.0
10588.0	1.0
10608.0	1.0
10615.0	1.0
10623.0	1.0
10633.0	1.0
10635.0	1.0
10643.0	1.0
10670.0	1.0
10673.0	1.0
10686.0	1.0
10688.0	1.0
10691.0	1.0
10698.0	1.0
10704.0	1.0
10705.0	1.0
10707.0	1.0
10712.0	1.0
10719.0	1.0
10725.0	1.0
10729.0	1.0
10738.0	1.0
10739.0	1.0
10742.0	1.0
10744.0	1.0
10757.0	1.0
10761.0	1.0
10762.0	1.0
10785.0	1.0
10797.0	1.0
10799.0	1.0
10804.0	1.0
10806.0	1.0
10812.0	2.0
10823.0	1.0
10826.0	1.0
10827.0	2.0
10836.0	1.0
10845.0	1.0
10846.0	1.0
10849.0	1.0
10864.0	1.0
10865.0	1.0
10869.0	1.0
10873.0	1.0
10891.0	2.0
10899.0	1.0
10911.0	1.0
10914.0	1.0
10927.0	1.0
10933.0	1.0
10934.0	2.0
10939.0	1.0
10940.0	2.0
10941.0	1.0
10946.0	1.0
10952.0	1.0
10964.0	1.0
10965.0	1.0
10966.0	1.0
10968.0	2.0
10969.0	1.0
10977.0	1.0
10982.0	1.0
10986.0	1.0
10990.0	2.0
10995.0	1.0
10999.0	1.0
11006.0	1.0
11010.0	2.0
11012.0	1.0
11017.0	1.0
11019.0	1.0
11021.0	1.0
11023.0	1.0
11024.0	1.0
11026.0	1.0
11027.0	1.0
11028.0	1.0
11035.0	1.0
11036.0	1.0
11037.0	3.0
11039.0	1.0
11042.0	1.0
11043.0	1.0
11047.0	1.0
11050.0	1.0
11051.0	3.0
11054.0	1.0
11058.0	1.0
11059.0	1.0
11062.0	1.0
11063.0	1.0
11065.0	1.0
11066.0	2.0
11071.0	1.0
11075.0	1.0
11076.0	2.0
11079.0	1.0
11080.0	1.0
11082.0	1.0
11084.0	1.0
11086.0	1.0
11095.0	1.0
11098.0	2.0
11099.0	1.0
11101.0	1.0
11102.0	1.0
11105.0	1.0
11106.0	1.0
11109.0	1.0
11110.0	1.0
11112.0	1.0
11113.0	1.0
11119.0	1.0
11120.0	1.0
11121.0	1.0
11125.0	1.0
11135.0	1.0
11136.0	1.0
11137.0	1.0
11140.0	1.0
11144.0	1.0
11145.0	1.0
11148.0	1.0
11152.0	1.0
11153.0	2.0
11158.0	1.0
11160.0	1.0
11163.0	1.0
11167.0	1.0
11170.0	1.0
11181.0	1.0
11182.0	1.0
11188.0	1.0
11194.0	1.0
11201.0	1.0
11210.0	1.0
11211.0	1.0
11216.0	1.0
11222.0	1.0
11232.0	1.0
11233.0	1.0
11239.0	1.0
11262.0	1.0
11277.0	1.0
11281.0	1.0
11283.0	1.0
11309.0	1.0
11326.0	1.0
11342.0	1.0
11362.0	1.0
11368.0	1.0
11383.0	1.0
11392.0	1.0
11395.0	1.0
11396.0	1.0
11399.0	1.0
11445.0	1.0
11457.0	1.0
11458.0	1.0
11469.0	1.0
11492.0	1.0
11544.0	1.0
11559.0	1.0
11583.0	1.0
11594.0	1.0
11616.0	1.0
11627.0	1.0
11631.0	1.0
11653.0	1.0
11664.0	1.0
11676.0	1.0
11677.0	1.0
11688.0	1.0
11715.0	1.0
11737.0	1.0
11740.0	1.0
11744.0	1.0
11753.0	1.0
11765.0	1.0
11770.0	1.0
11791.0	1.0
11793.0	1.0
11814.0	1.0
11834.0	1.0
11843.0	1.0
11845.0	1.0
11855.0	1.0
11872.0	1.0
11883.0	1.0
11890.0	1.0
11892.0	1.0
11985.0	1.0
11986.0	1.0
12067.0	1.0
12102.0	1.0
12123.0	1.0
12189.0	1.0
12234.0	1.0
12254.0	1.0
12289.0	1.0
12294.0	1.0
12349.0	1.0
12450.0	1.0
12459.0	1.0
12521.0	1.0
