#Position (bp)	Coverage
38.0	1375.28
113.0	72.72
188.0	70.49333333333334
263.0	70.97333333333333
338.0	97.76
413.0	78.69333333333333
488.0	54.77333333333333
563.0	50.70666666666666
638.0	64.78666666666666
713.0	80.22666666666667
788.0	51.29333333333334
863.0	57.373333333333335
938.0	80.70666666666666
1013.0	120.64
1088.0	90.41333333333333
1163.0	111.34666666666666
1238.0	120.84
1313.0	146.13333333333333
1388.0	81.8
1463.0	90.66666666666667
1538.0	83.8
1613.0	112.01333333333334
1688.0	37.52
1763.0	38.64
1838.0	39.666666666666664
1913.0	111.18666666666667
1988.0	81.2
2063.0	92.30666666666667
2138.0	77.8
2213.0	124.92
2288.0	71.76
2363.0	65.09333333333333
2438.0	57.16
2513.0	103.78666666666666
2588.0	120.04
2663.0	109.90666666666667
2738.0	102.10666666666667
2813.0	117.98666666666666
2888.0	154.89333333333335
2963.0	119.04
3038.0	140.26666666666668
3113.0	116.57333333333334
3188.0	127.26666666666667
3263.0	57.14666666666667
3338.0	75.86666666666666
3413.0	54.973333333333336
3488.0	128.01333333333332
3563.0	69.25333333333333
3638.0	61.36
3713.0	49.57333333333333
3788.0	74.62666666666667
3863.0	49.973333333333336
3938.0	31.666666666666668
4013.0	32.77333333333333
4088.0	57.6
4163.0	43.14666666666667
4238.0	33.93333333333333
4313.0	67.0
4388.0	97.42666666666666
4463.0	68.98666666666666
4538.0	62.13333333333333
4613.0	74.50666666666666
4688.0	106.73333333333333
4763.0	80.21333333333334
4838.0	98.56
4913.0	80.73333333333333
4988.0	128.70666666666668
5063.0	78.17333333333333
5138.0	108.32
5213.0	81.54666666666667
5288.0	112.78666666666666
5363.0	60.54666666666667
5438.0	83.56
5513.0	67.12
5588.0	100.89333333333333
5663.0	68.12
5738.0	68.78666666666666
5813.0	60.08
5888.0	106.46666666666667
5963.0	91.49333333333334
6038.0	79.50666666666666
6113.0	71.13333333333334
6188.0	108.56
6263.0	96.44
6338.0	101.96
6413.0	91.8
6488.0	142.8
6563.0	122.93333333333334
6638.0	114.22666666666667
6713.0	136.0
6788.0	203.14666666666668
6863.0	183.70666666666668
6938.0	161.78666666666666
7013.0	143.78666666666666
7088.0	209.08
7163.0	142.29333333333332
7238.0	171.04
7313.0	163.4
7388.0	175.61333333333334
7463.0	102.2
7538.0	92.14666666666666
7613.0	96.48
7688.0	99.82666666666667
7763.0	61.946666666666665
7838.0	61.8
7913.0	62.72
7988.0	140.4
8063.0	98.90666666666667
8138.0	116.53333333333333
8213.0	95.84
8288.0	155.28
8363.0	94.42666666666666
8438.0	88.69333333333333
8513.0	88.4
8588.0	107.84
8663.0	92.93333333333334
8738.0	63.8
8813.0	72.17333333333333
8888.0	82.45333333333333
8963.0	105.0
9038.0	81.93333333333334
9113.0	93.04
9188.0	96.64
9263.0	139.68
9338.0	122.68
9413.0	133.24
9488.0	128.46666666666667
9563.0	115.90666666666667
9638.0	65.53333333333333
9713.0	59.013333333333335
9788.0	54.21333333333333
9863.0	23.933333333333334
9938.0	4.72
10013.0	11.586666666666666
10088.0	59.733333333333334
10163.0	90.84
10238.0	110.62666666666667
10313.0	92.21333333333334
10388.0	124.57333333333334
10463.0	85.68
10538.0	69.52
10613.0	66.62666666666667
10688.0	94.70666666666666
10763.0	83.06666666666666
10838.0	52.61333333333334
10913.0	65.10666666666667
10988.0	91.96
11063.0	133.57333333333332
11138.0	101.14666666666666
11213.0	109.06666666666666
11288.0	106.58666666666667
11363.0	139.56
11438.0	78.8
11513.0	78.88
11588.0	86.2
11663.0	89.94666666666667
11738.0	73.08
11813.0	91.74666666666667
11888.0	137.21333333333334
11963.0	93.32
12038.0	73.57333333333334
12113.0	88.92
12188.0	129.44
12263.0	99.01333333333334
12338.0	70.28
12413.0	79.10666666666667
12488.0	85.14666666666666
12563.0	65.01333333333334
12638.0	71.34666666666666
12713.0	72.82666666666667
12788.0	63.78666666666667
12863.0	36.13333333333333
12938.0	40.026666666666664
13013.0	59.54666666666667
13088.0	72.22666666666667
13163.0	69.93333333333334
13238.0	70.06666666666666
13313.0	103.34666666666666
13388.0	112.09333333333333
13463.0	124.98666666666666
13538.0	109.53333333333333
13613.0	107.85333333333334
13688.0	63.6
13763.0	34.38666666666666
13838.0	26.986666666666668
13913.0	45.76
13988.0	65.94666666666667
14063.0	63.626666666666665
14138.0	66.74666666666667
14213.0	85.46666666666667
14288.0	94.98666666666666
14363.0	69.37333333333333
14438.0	79.85333333333334
14513.0	74.45333333333333
14588.0	135.2
14663.0	90.21333333333334
14738.0	124.78666666666666
14813.0	86.08
14888.0	119.54666666666667
14963.0	56.986666666666665
15038.0	65.93333333333334
15113.0	51.38666666666666
15188.0	82.50666666666666
15263.0	58.266666666666666
15338.0	54.38666666666666
15413.0	49.49333333333333
15488.0	69.08
15563.0	56.946666666666665
15638.0	36.57333333333333
15713.0	38.986666666666665
15788.0	38.693333333333335
15863.0	90.02666666666667
15938.0	64.92
16013.0	75.64
16088.0	60.93333333333333
16163.0	134.04
16238.0	93.08
16313.0	123.02666666666667
16388.0	101.90666666666667
16463.0	154.34666666666666
16538.0	84.77333333333333
16613.0	74.30666666666667
16688.0	65.52
16763.0	88.01333333333334
16838.0	61.413333333333334
16913.0	39.93333333333333
16988.0	39.906666666666666
17063.0	65.42666666666666
17138.0	84.0
17213.0	55.70666666666666
17288.0	60.14666666666667
17363.0	66.04
17438.0	95.06666666666666
17513.0	69.01333333333334
17588.0	86.90666666666667
17663.0	81.98666666666666
17738.0	112.33333333333333
17813.0	75.34666666666666
17888.0	91.78666666666666
17963.0	89.52
18038.0	101.28
18113.0	58.906666666666666
18188.0	66.57333333333334
18263.0	81.6
18338.0	78.81333333333333
18413.0	42.906666666666666
18488.0	42.12
18563.0	50.56
18638.0	90.89333333333333
18713.0	54.64
18788.0	71.64
18863.0	56.85333333333333
18938.0	127.85333333333334
19013.0	85.81333333333333
19088.0	108.61333333333333
19163.0	83.86666666666666
19238.0	158.4
19313.0	122.8
19388.0	123.44
19463.0	122.96
19538.0	137.02666666666667
19613.0	132.6
19688.0	88.28
19763.0	90.24
19838.0	92.44
19913.0	114.36
19988.0	69.61333333333333
20063.0	81.32
20138.0	75.70666666666666
20213.0	142.08
20288.0	90.26666666666667
20363.0	107.48
20438.0	95.97333333333333
20513.0	123.32
20588.0	57.42666666666667
20663.0	35.026666666666664
20738.0	43.06666666666667
20813.0	92.01333333333334
20888.0	104.70666666666666
20963.0	95.61333333333333
21038.0	73.10666666666667
21113.0	165.58666666666667
21188.0	126.70666666666666
21263.0	140.02666666666667
21338.0	116.73333333333333
21413.0	218.34666666666666
21488.0	166.41333333333333
21563.0	213.98666666666668
21638.0	176.94666666666666
21713.0	203.56
21788.0	101.97333333333333
21863.0	126.28
21938.0	102.49333333333334
22013.0	183.04
22088.0	123.49333333333334
22163.0	160.28
22238.0	139.33333333333334
22313.0	232.13333333333333
22388.0	157.08
22463.0	198.26666666666668
22538.0	199.62666666666667
22613.0	224.72
22688.0	135.10666666666665
22763.0	128.2
22838.0	151.8
22913.0	90.96
22988.0	65.17333333333333
23063.0	62.08
23138.0	89.61333333333333
23213.0	76.10666666666667
23288.0	55.17333333333333
23363.0	54.026666666666664
23438.0	69.18666666666667
23513.0	76.38666666666667
23588.0	49.85333333333333
23663.0	58.18666666666667
23738.0	50.693333333333335
23813.0	76.62666666666667
23888.0	45.21333333333333
23963.0	50.413333333333334
24038.0	46.0
24113.0	76.76
24188.0	46.76
24263.0	41.093333333333334
24338.0	37.96
24413.0	68.68
24488.0	61.93333333333333
24563.0	60.8
24638.0	57.92
24713.0	77.42666666666666
24788.0	67.74666666666667
24863.0	58.14666666666667
24938.0	47.8
25013.0	76.34666666666666
25088.0	51.86666666666667
25163.0	37.24
25238.0	28.946666666666665
25313.0	65.81333333333333
25388.0	51.52
25463.0	56.38666666666666
25538.0	48.61333333333334
25613.0	68.2
25688.0	49.53333333333333
25763.0	42.77333333333333
25838.0	41.44
25913.0	68.68
25988.0	73.02666666666667
26063.0	52.973333333333336
26138.0	49.18666666666667
26213.0	95.54666666666667
26288.0	140.74666666666667
26363.0	97.82666666666667
26438.0	75.46666666666667
26513.0	122.12
26588.0	128.54666666666665
26663.0	84.70666666666666
26738.0	78.65333333333334
26813.0	91.16
26888.0	137.17333333333335
26963.0	92.52
27038.0	134.54666666666665
27113.0	118.81333333333333
27188.0	157.32
27263.0	75.05333333333333
27338.0	106.50666666666666
27413.0	97.30666666666667
27488.0	177.84
27563.0	110.66666666666667
27638.0	124.37333333333333
27713.0	127.57333333333334
27788.0	161.49333333333334
27863.0	100.0
27938.0	61.64
28013.0	66.18666666666667
28088.0	99.14666666666666
28163.0	126.04
28238.0	116.78666666666666
28313.0	163.74666666666667
28388.0	146.05333333333334
28463.0	92.94666666666667
28538.0	38.76
28613.0	40.68
28688.0	65.62666666666667
28763.0	80.37333333333333
28838.0	78.13333333333334
28913.0	61.76
28988.0	71.14666666666666
29063.0	66.4
29138.0	42.18666666666667
29213.0	38.10666666666667
29288.0	61.44
29363.0	83.74666666666667
29438.0	54.70666666666666
29513.0	89.02666666666667
29588.0	104.98666666666666
29663.0	118.97333333333333
29738.0	72.42666666666666
29813.0	69.6
29877.0	17.150943396226417
