#Read position (bp)	Clipping profile
0.0	32.16133590759059
1.0	0.16191435435953513
2.0	0.15866693390230846
3.0	0.15623136855938846
4.0	0.15516580872186098
5.0	0.15354209849324765
6.0	0.15237505676643182
7.0	0.151208015039616
8.0	0.15024393709137684
9.0	0.14933060008778182
10.0	0.1483157811948985
11.0	0.14714873946808266
12.0	0.145423547350181
13.0	0.1431909457858377
14.0	0.14075538044291772
15.0	0.13750795998569107
16.0	0.13568128597850104
17.0	0.13202793796412107
18.0	0.13009978206764275
19.0	0.1282223671158086
20.0	0.12553309704966778
21.0	0.1230467907621036
22.0	0.12127085769955778
23.0	0.11964714747094446
24.0	0.11792195535304281
25.0	0.11614602229049699
26.0	0.11452231206188367
27.0	0.11264489711004949
28.0	0.11056451837963867
29.0	0.10817969398136285
30.0	0.8667060754670071
31.0	0.6727234440923587
32.0	0.45885036241719707
33.0	0.6623722913849487
34.0	0.6297458639787497
35.0	0.8125654875316813
36.0	0.6466933394899013
37.0	0.6466933394899013
38.0	0.4681359552870796
39.0	0.5979312916868573
40.0	0.6491289048328213
41.0	0.8290055535963913
42.0	0.5977790688529249
43.0	0.7685223475805449
44.0	0.8905543194497653
45.0	19.009739724324447
46.0	5.588506161219203
47.0	2.717228326639757
48.0	0.6339573623842155
49.0	0.5854490193043924
50.0	0.4645333482173437
51.0	0.6435981418666071
52.0	0.5678419115128667
53.0	0.5719011870844
54.0	0.46250371043157706
55.0	0.48046600483561197
56.0	0.4486006915990755
57.0	0.457886284468958
58.0	0.37279372030069086
59.0	0.48594602685718197
60.0	0.4529644128384738
61.0	0.4720430080246804
62.0	0.4242450381698756
63.0	0.4711296710210854
64.0	0.35625217234669254
65.0	0.344175827521381
66.0	0.4104942421713065
67.0	0.4764574702087228
68.0	0.3687851856738017
69.0	0.4430699286328613
70.0	0.41582204135894396
71.0	0.2817137246644121
72.0	0.3919737973761857
73.0	0.38035412105267163
74.0	0.34153729839988434
75.0	0.24142541461694392
76.0	0.20661712659104575
77.0	0.3536643841698401
78.0	0.25284212716188137
79.0	0.23731539810076643
80.0	0.3189575780332302
81.0	0.38583414307424163
82.0	0.2961241529433553
83.0	0.21270603994834572
84.0	0.3539180888930609
85.0	0.23802577132578476
86.0	0.28526559078950375
87.0	0.24259245634375975
88.0	0.269789602673033
89.0	0.2914052450914479
90.0	0.26116364208352466
91.0	0.20940787854647488
92.0	0.21524308718055404
93.0	0.2619754971978313
94.0	0.25679992084412634
95.0	0.17191032045443588
96.0	0.20900195098932156
97.0	0.21052417932864656
98.0	0.17764404719922672
99.0	0.18018109443143504
100.0	0.14105982611078272
101.0	0.2991178686773612
102.0	0.15922508429339427
103.0	0.07727845869306549
104.0	0.17028661022582256
105.0	0.11294934277791449
106.0	0.07337140595546467
107.0	0.1012789255097562
108.0	0.11391342072615367
109.0	0.12604050649610946
110.0	0.07616215791089383
111.0	0.09245000114167125
112.0	0.08199736654497297
113.0	0.04992908952985978
114.0	0.040339050992112324
115.0	0.05236465487277977
116.0	0.047696487965516454
117.0	0.04419536278506897
118.0	0.04515944073330813
119.0	0.04571759112439396
120.0	0.04612351868154729
121.0	0.04744278324229562
122.0	0.048102415522669785
123.0	0.04916797536019728
124.0	0.05008131236379227
125.0	0.05109613125667561
126.0	0.05155279975847311
127.0	0.05241539581742394
128.0	0.05297354620850977
129.0	0.05388688321210476
130.0	0.054495774547834754
131.0	0.055510593440718084
132.0	0.05596726194251558
133.0	0.056728376112178076
134.0	0.057134303669331414
135.0	0.05708356272468725
136.0	0.057692454060417245
137.0	0.057996899728282245
138.0	0.058808754842588906
139.0	0.05982357373547223
140.0	0.0600265375140489
141.0	0.06022950129262557
142.0	0.0601787603479814
143.0	0.06068616979442306
144.0	0.06165024774266222
145.0	0.06251284380161305
146.0	0.06251284380161305
147.0	0.06332469891591973
148.0	0.06428877686415889
149.0	0.06494840914453305
150.0	0.06520211386775387
151.0	0.06520211386775387
152.0	0.06596322803741637
153.0	0.06657211937314637
154.0	0.06733323354280886
155.0	0.06778990204460636
156.0	0.06753619732138554
157.0	0.06768842015531802
158.0	0.06829731149104802
159.0	0.0683480524356922
160.0	0.06890620282677803
161.0	0.06915990754999886
162.0	0.07012398549823802
163.0	0.07088509966790052
164.0	0.07164621383756302
165.0	0.07220436422864884
166.0	0.07200140045007218
167.0	0.072559550841158
168.0	0.07337140595546467
169.0	0.073777333512618
170.0	0.07398029729119467
171.0	0.07448770673763633
172.0	0.07494437523943384
173.0	0.07535030279658717
174.0	0.07540104374123134
175.0	0.0754517846858755
176.0	0.07555326657516383
177.0	0.07524882090729884
178.0	0.0760606760216055
179.0	0.07656808546804716
180.0	0.07651734452340299
181.0	0.07641586263411466
182.0	0.076212898855538
183.0	0.0757562303537405
184.0	0.075604007519808
185.0	0.0754517846858755
186.0	0.0754517846858755
187.0	0.07443696579299217
188.0	0.0736251106786855
189.0	0.073168442176888
190.0	0.07220436422864884
191.0	0.07134176816969802
192.0	0.07068213588932386
193.0	0.06981953983037302
194.0	0.06915990754999886
195.0	0.0688047209374897
196.0	0.06829731149104802
197.0	0.06768842015531802
198.0	0.06647063748385804
199.0	0.06327395797127555
200.0	0.05180650448169394
201.0	0.02882085655788654
202.0	0.02882085655788654
203.0	0.029176043170395703
204.0	0.029074561281107372
205.0	0.029125302225751538
206.0	0.029176043170395703
207.0	0.029176043170395703
208.0	0.029226784115039872
209.0	0.029074561281107372
210.0	0.029074561281107372
211.0	0.029074561281107372
212.0	0.028922338447174872
213.0	0.028617892779309876
214.0	0.028567151834665707
215.0	0.028364188056089038
216.0	0.02805974238822404
217.0	0.027704555775714877
218.0	0.02679121877211988
219.0	0.02481232193099739
220.0	0.01598339756291243
