#Position (bp)	Coverage
38.0	3105.213333333333
113.0	3837.133333333333
188.0	4284.493333333333
263.0	3590.16
338.0	16288.16
413.0	18140.986666666668
488.0	17939.933333333334
563.0	18775.733333333334
638.0	17002.8
713.0	25484.706666666665
788.0	15735.933333333332
863.0	13078.133333333333
938.0	16828.853333333333
1013.0	14701.413333333334
1088.0	5385.546666666667
1163.0	7234.173333333333
1238.0	6103.586666666667
1313.0	4774.906666666667
1388.0	318.88
1463.0	282.96
1538.0	332.72
1613.0	7470.36
1688.0	5239.573333333334
1763.0	5748.893333333333
1838.0	6621.7733333333335
1913.0	10647.026666666667
1988.0	4566.1866666666665
2063.0	4940.946666666667
2138.0	4055.76
2213.0	3923.12
2288.0	800.0
2363.0	659.88
2438.0	819.4933333333333
2513.0	1266.6533333333334
2588.0	959.8933333333333
2663.0	908.6
2738.0	832.7866666666666
2813.0	1850.0666666666666
2888.0	6303.573333333334
2963.0	4352.333333333333
3038.0	4262.026666666667
3113.0	4593.706666666667
3188.0	8435.266666666666
3263.0	4459.6
3338.0	5517.92
3413.0	4017.5333333333333
3488.0	5601.96
3563.0	443.73333333333335
3638.0	363.64
3713.0	435.70666666666665
3788.0	2159.0533333333333
3863.0	1072.76
3938.0	1438.64
4013.0	1276.76
4088.0	8153.986666666667
4163.0	12009.48
4238.0	9972.48
4313.0	17134.933333333334
4388.0	13325.68
4463.0	11080.506666666666
4538.0	8387.333333333334
4613.0	8760.346666666666
4688.0	11917.893333333333
4763.0	4954.506666666667
4838.0	6938.586666666667
4913.0	5350.56
4988.0	6161.893333333333
5063.0	52.21333333333333
5138.0	94.12
5213.0	68.09333333333333
5288.0	4990.24
5363.0	5340.7733333333335
5438.0	5185.8133333333335
5513.0	5218.0
5588.0	16189.786666666667
5663.0	12084.213333333333
5738.0	17456.84
5813.0	12150.786666666667
5888.0	13060.04
5963.0	3109.9066666666668
6038.0	144.6
6113.0	368.76
6188.0	23601.68
6263.0	23101.746666666666
6338.0	24119.613333333335
6413.0	21761.146666666667
6488.0	29736.146666666667
6563.0	5847.653333333334
6638.0	3817.866666666667
6713.0	4206.2266666666665
6788.0	2723.44
6863.0	2997.213333333333
6938.0	31.186666666666667
7013.0	121.04
7088.0	1188.8266666666666
7163.0	860.9333333333333
7238.0	781.5866666666667
7313.0	3915.0133333333333
7388.0	7104.626666666667
7463.0	6233.68
7538.0	6047.88
7613.0	7381.453333333333
7688.0	3786.653333333333
7763.0	1517.4
7838.0	1371.76
7913.0	1198.52
7988.0	13374.586666666666
8063.0	5804.1466666666665
8138.0	8384.386666666667
8213.0	6637.1866666666665
8288.0	11103.786666666667
8363.0	993.16
8438.0	741.64
8513.0	678.4666666666667
8588.0	762.2533333333333
8663.0	2238.5466666666666
8738.0	1864.4666666666667
8813.0	2076.2533333333336
8888.0	2812.9733333333334
8963.0	7999.36
9038.0	4227.373333333333
9113.0	5558.64
9188.0	6055.346666666666
9263.0	8988.266666666666
9338.0	6125.24
9413.0	7922.546666666667
9488.0	15948.28
9563.0	21601.68
9638.0	15197.133333333333
9713.0	13623.266666666666
9788.0	16198.24
9863.0	7711.093333333333
9938.0	3264.32
10013.0	3175.4666666666667
10088.0	9285.333333333334
10163.0	10814.226666666667
10238.0	7713.48
10313.0	9184.506666666666
10388.0	14175.16
10463.0	9325.666666666666
10538.0	6281.84
10613.0	5871.373333333333
10688.0	13338.133333333333
10763.0	13302.173333333334
10838.0	7649.013333333333
10913.0	9808.013333333334
10988.0	11966.96
11063.0	24919.253333333334
11138.0	14568.76
11213.0	17710.466666666667
11288.0	17249.02666666667
11363.0	26000.4
11438.0	5729.213333333333
11513.0	6331.48
11588.0	11382.506666666666
11663.0	8646.32
11738.0	4052.0133333333333
11813.0	2728.16
11888.0	12265.346666666666
11963.0	12211.506666666666
12038.0	10838.08
12113.0	16353.76
12188.0	22518.373333333333
12263.0	10759.133333333333
12338.0	10575.28
12413.0	17150.466666666667
12488.0	21364.133333333335
12563.0	13396.853333333333
12638.0	12998.333333333334
12713.0	20671.48
12788.0	25745.12
12863.0	13494.506666666666
12938.0	14686.04
13013.0	29527.333333333332
13088.0	29503.306666666667
13163.0	38920.14666666667
13238.0	27112.426666666666
13313.0	31113.666666666668
13388.0	21737.133333333335
13463.0	5081.973333333333
13538.0	4385.693333333334
13613.0	8586.72
13688.0	11674.133333333333
13763.0	12003.04
13838.0	10934.04
13913.0	12192.12
13988.0	10740.253333333334
14063.0	5479.32
14138.0	6062.56
14213.0	12480.32
14288.0	11893.706666666667
14363.0	11406.96
14438.0	7318.626666666667
14513.0	10522.853333333333
14588.0	20545.04
14663.0	8471.493333333334
14738.0	11331.213333333333
14813.0	9629.813333333334
14888.0	12490.92
14963.0	1396.7466666666667
15038.0	1188.84
15113.0	1413.9866666666667
15188.0	9190.346666666666
15263.0	9392.853333333333
15338.0	10753.533333333333
15413.0	10786.293333333333
15488.0	18065.76
15563.0	13080.453333333333
15638.0	11381.64
15713.0	11030.733333333334
15788.0	8276.986666666666
15863.0	24522.786666666667
15938.0	14078.48
16013.0	14771.493333333334
16088.0	12984.493333333334
16163.0	16406.666666666668
16238.0	909.1066666666667
16313.0	723.8666666666667
16388.0	704.64
16463.0	1361.24
16538.0	310.44
16613.0	258.68
16688.0	363.12
16763.0	9934.613333333333
16838.0	18382.68
16913.0	19259.773333333334
16988.0	23210.4
17063.0	25782.8
17138.0	40240.44
17213.0	26506.586666666666
17288.0	24598.4
17363.0	15098.333333333334
17438.0	29291.32
17513.0	5725.24
17588.0	5484.093333333333
17663.0	5734.373333333333
17738.0	8858.746666666666
17813.0	2409.5066666666667
17888.0	3378.4266666666667
17963.0	4073.64
18038.0	4965.666666666667
18113.0	4867.253333333333
18188.0	3775.1066666666666
18263.0	10987.493333333334
18338.0	15726.88
18413.0	14936.36
18488.0	15869.866666666667
18563.0	11840.64
18638.0	33163.346666666665
18713.0	16182.146666666667
18788.0	18078.8
18863.0	14683.493333333334
18938.0	24165.44
19013.0	7960.693333333334
19088.0	10586.52
19163.0	7524.213333333333
19238.0	10486.693333333333
19313.0	1051.2666666666667
19388.0	0.0
19463.0	0.0
19538.0	203.6
19613.0	1069.6666666666667
19688.0	946.72
19763.0	929.9066666666666
19838.0	968.5733333333334
19913.0	1105.0933333333332
19988.0	82.05333333333333
20063.0	153.65333333333334
20138.0	93.69333333333333
20213.0	115.14666666666666
20288.0	49.32
20363.0	45.4
20438.0	58.61333333333334
20513.0	7363.013333333333
20588.0	5193.04
20663.0	6597.96
20738.0	4803.493333333333
20813.0	14550.48
20888.0	10977.573333333334
20963.0	8501.56
21038.0	10124.8
21113.0	10456.573333333334
21188.0	495.48
21263.0	1.8266666666666667
21338.0	8.16
21413.0	126.29333333333334
21488.0	127.42666666666666
21563.0	101.21333333333334
21638.0	823.4266666666666
21713.0	4821.093333333333
21788.0	5466.266666666666
21863.0	4222.786666666667
21938.0	4467.653333333334
22013.0	7389.866666666667
22088.0	4395.373333333333
22163.0	3520.8
22238.0	4398.213333333333
22313.0	3354.4
22388.0	51.52
22463.0	63.77333333333333
22538.0	3664.4666666666667
22613.0	4022.5733333333333
22688.0	6066.96
22763.0	4983.293333333333
22838.0	13751.68
22913.0	9049.253333333334
22988.0	7516.8533333333335
23063.0	9311.36
23138.0	14989.72
23213.0	15564.106666666667
23288.0	12977.493333333334
23363.0	12741.4
23438.0	12028.36
23513.0	11932.066666666668
23588.0	2423.52
23663.0	2576.5466666666666
23738.0	2793.1466666666665
23813.0	3041.0933333333332
23888.0	2019.1866666666667
23963.0	1193.24
24038.0	1667.28
24113.0	4921.293333333333
24188.0	4750.133333333333
24263.0	5277.44
24338.0	3657.84
24413.0	9185.306666666667
24488.0	3727.6
24563.0	4060.3866666666668
24638.0	3473.9866666666667
24713.0	14939.56
24788.0	11857.266666666666
24863.0	9731.346666666666
24938.0	12239.866666666667
25013.0	26668.773333333334
25088.0	12490.706666666667
25163.0	11540.68
25238.0	10509.68
25313.0	19603.466666666667
25388.0	9406.213333333333
25463.0	8771.093333333334
25538.0	6213.386666666666
25613.0	11722.586666666666
25688.0	2863.6133333333332
25763.0	1760.9066666666668
25838.0	2342.653333333333
25913.0	2977.0133333333333
25988.0	3220.173333333333
26063.0	3567.08
26138.0	1986.3866666666668
26213.0	5905.7733333333335
26288.0	9581.733333333334
26363.0	6548.36
26438.0	9875.466666666667
26513.0	14040.946666666667
26588.0	20593.666666666668
26663.0	12547.853333333333
26738.0	11417.693333333333
26813.0	13658.186666666666
26888.0	22701.2
26963.0	6398.306666666666
27038.0	5579.1866666666665
27113.0	6854.333333333333
27188.0	20610.36
27263.0	13107.893333333333
27338.0	11530.533333333333
27413.0	13461.786666666667
27488.0	13309.76
27563.0	33.10666666666667
27638.0	21.373333333333335
27713.0	21.746666666666666
27788.0	191.65333333333334
27863.0	266.4
27938.0	246.58666666666667
28013.0	318.6533333333333
28088.0	7424.333333333333
28163.0	12367.053333333333
28238.0	12243.266666666666
28313.0	14679.106666666667
28388.0	23178.96
28463.0	18337.666666666668
28538.0	8982.72
28613.0	11308.093333333334
28688.0	10676.133333333333
28763.0	7669.52
28838.0	1454.5466666666666
28913.0	1377.96
28988.0	6004.173333333333
29063.0	11833.693333333333
29138.0	10605.173333333334
29213.0	9997.373333333333
29288.0	10065.493333333334
29363.0	7388.0
29438.0	112.94666666666667
29513.0	546.9333333333333
29588.0	637.32
29663.0	695.2133333333334
29738.0	402.4266666666667
29813.0	283.6666666666667
29877.0	6.962264150943396
