# Position (bp)	A	C	G	T	N
0.0	58.90350877192982	10.131578947368421	13.026315789473683	17.938596491228072	0.0
1.0	14.649122807017545	57.171052631578945	15.021929824561402	13.157894736842104	0.0
2.0	18.166052460437893	54.238022978538915	10.188597442011705	17.40732711901149	0.0
3.0	58.859118409680214	12.575626620570441	11.430423509075194	17.134831460674157	0.0
4.0	57.98791018998273	12.521588946459413	11.031951640759932	18.458549222797927	0.0
5.0	15.948275862068966	51.939655172413794	13.017241379310345	19.094827586206897	0.0
6.0	16.261038121903944	53.69373250053845	11.565797975446909	18.479431402110706	0.0
7.0	60.107642626480086	12.2497308934338	12.16361679224973	15.479009687836385	0.0
8.0	56.67311411992263	14.098431119707715	12.379110251450678	16.849344508918975	0.0
9.0	19.10691283812795	51.80334907685702	10.240446543580935	18.84929154143409	0.0
10.0	18.11158798283262	10.622317596566523	11.84549356223176	59.4206008583691	0.0
11.0	16.21679520137104	12.16795201371037	12.082262210796916	59.53299057412168	0.0
12.0	16.513368983957218	11.636363636363637	12.0	59.850267379679146	0.0
13.0	18.31196581196581	51.75213675213676	12.564102564102564	17.371794871794872	0.0
14.0	15.451832907075874	12.72378516624041	53.17561807331628	18.648763853367434	0.0
15.0	54.9660441426146	13.136672325976232	12.054329371816639	19.84295415959253	0.0
16.0	14.28874284502862	12.274750900996397	13.737545049819802	59.69896120415519	0.0
17.0	18.487928843710293	49.87293519695044	12.770012706480305	18.86912325285896	0.0
18.0	17.424402622118844	12.793402410657645	12.92027912877987	56.86191583844364	0.0
19.0	17.275607180570223	54.5934530095037	11.467793030623021	16.663146779303062	0.0
20.0	17.91359325605901	13.34035827186512	11.275026343519494	57.47102212855637	0.0
21.0	17.883442036608457	12.560488112770882	13.970124132127076	55.585945718493576	0.0
22.0	15.896682066358672	10.709785804283914	51.93196136077278	21.46157076858463	0.0
23.0	18.57292759706191	11.458551941238195	12.990556138509968	56.97796432318992	0.0
24.0	56.58005029337804	10.331098072087174	12.615255658005028	20.473595976529758	0.0
25.0	16.774869109947645	11.015706806282722	49.968586387434556	22.240837696335078	0.0
26.0	57.41786984724838	10.420590081607031	12.366603892027621	19.79493617911697	0.0
27.0	16.34957139870374	14.99059167886264	9.471043278277232	59.18879364415639	0.0
28.0	15.879648976180526	51.295445048056834	10.091934809862098	22.732971165900544	0.0
29.0	19.398621841720608	9.500939653372312	10.503236583837962	60.59720192106912	0.0
30.0	19.05163329820864	12.223393045310853	49.778714436248684	18.946259220231823	0.0
31.0	18.70777027027027	9.733952702702704	11.465371621621621	60.0929054054054	0.0
32.0	17.78907242693774	10.419313850063533	10.969927996611606	60.82168572638712	0.0
33.0	18.556263269639064	52.12314225053078	11.061571125265393	18.259023354564754	0.0
34.0	17.886696371737745	11.415234457882454	13.4521536176533	57.2459155527265	0.0
35.0	17.13739647483542	51.284773837332764	10.787853047356126	20.789976640475686	0.0
36.0	15.628322347437805	12.268764618328726	11.609610886668085	60.49330214756539	0.0
37.0	56.44644002565747	11.652768868933077	11.84519991447509	20.05559119093436	0.0
38.0	57.920792079207914	12.67757210503659	10.503659061558329	18.89797675419716	0.0
39.0	58.541308089500866	12.5	9.315834767641997	19.642857142857142	0.0
40.0	16.422097539922316	52.3090202848511	11.178247734138973	20.090634441087612	0.0
41.0	16.793395611557678	10.036932435368238	54.681729306973715	18.487942646100368	0.0
42.0	59.33275185346707	10.66288704753598	11.883994766681203	18.120366332315744	0.0
43.0	59.39353988134476	12.195121951219512	10.393320149417711	18.01801801801802	0.0
44.0	20.123702231058097	52.6397172520433	9.785730064060084	17.450850452838523	0.0
45.0	28.60345932094811	14.285714285714285	15.278667520819988	41.83215887251762	0.0
46.0	29.832239241429615	16.447848285922685	18.38074398249453	35.33916849015317	0.0
47.0	30.390683696468823	16.60405709992487	20.886551465063864	32.118707738542454	0.0
48.0	25.209763539282992	20.556826849733028	20.21357742181541	34.019832189168575	0.0
49.0	26.220684352172242	19.9923106497501	20.069204152249135	33.71780084582853	0.0
50.0	26.787785079242365	22.84499420177812	19.559335137224583	30.807885581754928	0.0
51.0	28.903525765207284	20.30220844633863	17.43510267338241	33.35916311507168	0.0
52.0	27.445652173913043	17.70186335403727	19.37111801242236	35.48136645962733	0.0
53.0	31.665363565285382	20.758405003909306	19.272869429241595	28.30336200156372	0.0
54.0	29.82663514578408	22.69503546099291	17.10007880220646	30.37825059101655	0.0
55.0	30.477694433478092	19.50256612712199	18.35767864192657	31.66206079747335	0.0
56.0	27.3015873015873	20.555555555555554	19.88095238095238	32.261904761904766	0.0
57.0	31.976047904191617	18.08383233532934	20.638722554890222	29.301397205588824	0.0
58.0	29.099678456591636	19.533762057877812	19.413183279742764	31.95337620578778	0.0
59.0	26.057188884414018	21.908981071284735	22.231171969391863	29.80265807490938	0.0
60.0	27.849636216653195	18.593371059013744	21.46321746160065	32.093775262732414	0.0
61.0	28.362454286875256	18.488419341731007	22.592442096708652	30.556684274685086	0.0
62.0	30.049059689288633	20.35977105478332	22.69010629599346	26.901062959934585	0.0
63.0	34.950248756218905	16.334991708126037	19.859038142620232	28.855721393034827	0.0
64.0	29.858215179316094	18.432026688907424	21.851542952460385	29.858215179316094	0.0
65.0	29.114452798663326	20.80200501253133	19.256474519632413	30.82706766917293	0.0
66.0	29.306020066889634	15.96989966555184	19.565217391304348	35.15886287625418	0.0
67.0	29.67309304274937	16.55490360435876	20.368818105616093	33.40318524727577	0.0
68.0	26.871320437342305	19.890664423885617	20.984020185029436	32.25399495374264	0.0
69.0	25.157761884728654	21.708035338662178	22.002524190155658	31.131678586453514	0.0
70.0	27.150084317032043	23.4822934232715	17.66441821247892	31.703204047217536	0.0
71.0	30.269814502529513	19.772344013490724	18.718381112984822	31.23946037099494	0.0
72.0	28.443877551020407	18.154761904761905	20.238095238095237	33.16326530612245	0.0
73.0	28.29059829059829	16.923076923076923	21.025641025641026	33.76068376068376	0.0
74.0	29.439655172413794	15.775862068965518	24.39655172413793	30.387931034482758	0.0
75.0	28.540305010893245	20.21786492374728	21.30718954248366	29.934640522875817	0.0
76.0	27.153476169654567	19.15172715347617	20.069960647135986	33.624836029733274	0.0
77.0	29.391151992991677	21.243977222952257	17.520805957074025	31.844064826982045	0.0
78.0	28.903508771929825	21.359649122807017	18.026315789473685	31.710526315789473	0.0
79.0	28.80983750548968	20.7290294246816	19.148001756697408	31.313131313131315	0.0
80.0	29.019434628975265	19.346289752650176	20.053003533568905	31.581272084805654	0.0
81.0	27.135900841080122	19.034971226206284	17.706949977866312	36.12217795484728	0.0
82.0	31.822222222222223	18.577777777777776	20.933333333333334	28.666666666666668	0.0
83.0	30.64946619217082	18.594306049822066	21.57473309608541	29.181494661921707	0.0
84.0	28.424810352521195	19.90182954038376	21.73136992414101	29.941990182954036	0.0
85.0	31.054512957998213	18.990169794459337	21.492403932082215	28.46291331546023	0.0
86.0	29.811996418979408	19.024171888988363	24.171888988361683	26.991942703670546	0.0
87.0	32.76557597489915	19.722097714029584	20.528910802330795	26.983415508740478	0.0
88.0	35.698248765154915	18.096093399191737	16.973506960035923	29.232150875617425	0.0
89.0	30.127041742286753	18.37568058076225	17.695099818511796	33.8021778584392	0.0
90.0	31.21597096188748	15.744101633393829	20.46279491833031	32.57713248638838	0.0
91.0	28.564940962761128	21.525885558583106	16.4850136239782	33.42415985467756	0.0
92.0	29.291553133514984	19.845594913714805	17.529518619436875	33.33333333333333	0.0
93.0	32.81747837960856	18.161128812016386	18.707328174783797	30.314064633591258	0.0
94.0	29.858898497951753	17.205279927173418	20.436959490213926	32.4988620846609	0.0
95.0	31.528662420382165	17.060964513193813	20.01819836214741	31.392174704276616	0.0
96.0	28.297581013235966	16.15700593336376	19.671382930168875	35.8740301232314	0.0
97.0	31.901279707495426	17.550274223034734	18.875685557586838	31.672760511883	0.0
98.0	33.134738771769015	20.85242896425298	17.69019248395967	28.32263978001833	0.0
99.0	32.124827902707665	18.494722349701696	18.999541073887105	30.380908673703534	0.0
100.0	32.33532934131736	13.17365269461078	20.635651773376324	33.85536619069553	0.0
101.0	33.68761552680222	16.913123844731977	18.576709796672827	30.822550831792977	0.0
102.0	33.13197026022305	13.475836431226766	21.607806691449813	31.784386617100374	0.0
103.0	27.930873423633816	18.776272769733772	21.25175151798225	32.041102288650166	0.0
104.0	28.973277074542896	18.143459915611814	20.90951711204876	31.97374589779653	0.0
105.0	28.960977903149974	19.040902679830747	19.040902679830747	32.957216737188524	0.0
106.0	31.382727701746106	17.177914110429448	18.92402076451156	32.515337423312886	0.0
107.0	30.085146641438033	18.82686849574267	19.96215704824976	31.125827814569533	0.0
108.0	33.969465648854964	17.748091603053435	17.080152671755723	31.202290076335874	0.0
109.0	28.905876731963687	19.684663162924032	20.16244624940277	31.24701385570951	0.0
110.0	26.548247719635143	21.60345655304849	19.539126260201634	32.30916946711474	0.0
111.0	28.88781896966779	18.151179585941264	19.98074145402022	32.980259990370726	0.0
112.0	25.83132530120482	18.69879518072289	22.120481927710845	33.34939759036145	0.0
113.0	29.516908212560388	19.516908212560384	18.115942028985508	32.850241545893724	0.0
114.0	30.981150314161432	18.849685838569357	19.043015949734173	31.126147897535038	0.0
115.0	28.689320388349515	19.66019417475728	18.640776699029125	33.00970873786408	0.0
116.0	28.703703703703702	20.516569200779728	18.859649122807017	31.920077972709553	0.0
117.0	32.305433186490454	18.257464512971122	17.425354870288793	32.011747430249635	0.0
118.0	27.20118052139695	16.822429906542055	22.23315297589769	33.74323659616331	0.0
119.0	23.35299901671583	21.28810226155359	27.335299901671583	28.023598820058996	0.0
120.0	27.21456692913386	21.309055118110237	23.12992125984252	28.346456692913385	0.0
121.0	30.981746423285646	19.585594474592995	19.289590527873703	30.143068574247657	0.0
122.0	28.55731225296443	17.391304347826086	22.33201581027668	31.719367588932805	0.0
123.0	32.39227340267459	17.929668152550768	18.92025755324418	30.75780089153046	0.0
124.0	31.908548707753482	18.63817097415507	20.07952286282306	29.37375745526839	0.0
125.0	28.222996515679444	19.611747137879544	20.955699352911896	31.20955699352912	0.0
126.0	31.21560780390195	18.509254627313656	17.608804402201102	32.666333166583286	0.0
127.0	28.771929824561404	18.99749373433584	21.102756892230577	31.127819548872182	0.0
128.0	30.72289156626506	17.419678714859437	21.43574297188755	30.42168674698795	0.0
129.0	29.657603222557903	18.982880161127895	18.026183282980863	33.33333333333333	0.0
130.0	29.681978798586574	19.030792529025746	17.011610297829378	34.275618374558306	0.0
131.0	30.278481012658226	19.08860759493671	19.29113924050633	31.341772151898734	0.0
132.0	28.43336724313327	19.48118006103764	21.973550356052897	30.111902339776197	0.0
133.0	30.51715309779826	21.454173067076294	19.30363543266769	28.72503840245776	0.0
134.0	25.103092783505154	22.422680412371136	20.721649484536083	31.752577319587626	0.0
135.0	27.470253491981378	17.79617175375065	19.451629591308848	35.28194516295913	0.0
136.0	24.79253112033195	19.24273858921162	21.524896265560166	34.439834024896264	0.0
137.0	29.255596043727227	16.76210307131702	19.573138990109317	34.409161894846434	0.0
138.0	29.055816379760042	17.84037558685446	19.50965049556599	33.594157537819505	0.0
139.0	29.19060052219321	19.112271540469976	18.9556135770235	32.74151436031332	0.0
140.0	28.40670859538784	19.129979035639412	20.335429769392032	32.127882599580715	0.0
141.0	32.00210194429848	17.91907514450867	18.86495007882291	31.213872832369944	0.0
142.0	32.312565997888065	15.205913410770854	18.42661034846885	34.054910242872225	0.0
143.0	32.908027644869755	20.04253056884636	18.394471026049974	28.654970760233915	0.0
144.0	30.67878140032068	17.691074291822556	18.760021378941744	32.870122928915016	0.0
145.0	29.276139410187668	18.71313672922252	19.67828418230563	32.33243967828418	0.0
146.0	30.010775862068968	19.396551724137932	18.48060344827586	32.112068965517246	0.0
147.0	28.656233135456016	18.6184565569347	17.539125742039936	35.18618456556935	0.0
148.0	26.7353579175705	20.715835140997832	20.281995661605208	32.26681127982646	0.0
149.0	29.04632152588556	19.237057220708447	18.419618528610354	33.29700272479564	0.0
150.0	29.141607435757244	17.22252597047567	19.464188080918536	34.17167851284855	0.0
151.0	28.407224958949094	19.59496442255063	20.853858784893266	31.14395183360701	0.0
152.0	30.35126234906696	20.691547749725576	16.245883644346872	32.711306256860595	0.0
153.0	32.08379272326351	18.74310915104741	18.30209481808159	30.8710033076075	0.0
154.0	31.855955678670362	16.842105263157894	19.778393351800556	31.52354570637119	0.0
155.0	30.46136742634797	21.12284602556976	16.509171762090048	31.906614785992215	0.0
156.0	33.22166387493021	14.572864321608039	17.643774427694026	34.56169737576772	0.0
157.0	30.028011204481793	19.551820728291318	20.33613445378151	30.084033613445378	0.0
158.0	29.1970802919708	23.245367770915216	15.665356541268949	31.89219539584503	0.0
159.0	35.36379018612521	14.777213761985337	17.258883248730964	32.60011280315849	0.0
160.0	26.032823995472555	20.54329371816638	21.844934917940012	31.57894736842105	0.0
161.0	28.603988603988604	19.25925925925926	22.735042735042736	29.401709401709404	0.0
162.0	29.576659038901603	19.393592677345538	19.107551487414188	31.922196796338675	0.0
163.0	29.850746268656714	17.91044776119403	16.303099885189436	35.93570608495982	0.0
164.0	28.57142857142857	16.647465437788018	23.27188940092166	31.50921658986175	0.0
165.0	30.306535569693466	18.565644881434356	21.052631578947366	30.075187969924812	0.0
166.0	26.17801047120419	21.582315299592786	21.000581733566026	31.239092495637	0.0
167.0	27.985948477751755	19.086651053864166	23.4192037470726	29.508196721311474	0.0
168.0	26.674500587544063	17.97884841363102	20.329024676850764	35.01762632197415	0.0
169.0	27.047731290512672	18.385385975250443	18.7389510901591	35.82793164407778	0.0
170.0	29.798578199052134	18.009478672985782	17.59478672985782	34.59715639810427	0.0
171.0	29.964328180737215	19.20332936979786	15.39833531510107	35.43400713436385	0.0
172.0	30.310262529832936	19.630071599045344	15.632458233890215	34.427207637231504	0.0
173.0	28.357314148681056	18.225419664268586	19.06474820143885	34.352517985611506	0.0
174.0	28.13253012048193	20.96385542168675	19.03614457831325	31.867469879518072	0.0
175.0	27.03030303030303	17.757575757575758	20.84848484848485	34.36363636363636	0.0
176.0	28.56272838002436	20.34104750304507	19.366626065773445	31.729598051157126	0.0
177.0	28.895705521472394	22.515337423312882	18.03680981595092	30.552147239263803	0.0
178.0	27.65432098765432	20.802469135802472	20.246913580246915	31.296296296296294	0.0
179.0	24.798512089274645	19.156850588964662	23.744575325480472	32.30006199628022	0.0
180.0	29.393370856785488	16.072545340838023	19.44965603502189	35.0844277673546	0.0
181.0	28.284098051539914	19.35889377749843	20.23884349465745	32.11816467630421	0.0
182.0	33.691529709228824	17.003792667509483	19.152970922882428	30.151706700379265	0.0
183.0	29.124365482233504	22.27157360406091	19.670050761421322	28.934010152284262	0.0
184.0	29.209183673469386	19.897959183673468	19.387755102040817	31.505102040816325	0.0
185.0	27.663671373555843	20.346598202824133	22.721437740693197	29.268292682926827	0.0
186.0	30.670103092783506	17.912371134020617	21.649484536082475	29.7680412371134	0.0
187.0	33.41952165481577	19.97414350355527	17.97026502908856	28.6360698125404	0.0
188.0	29.427083333333332	21.875	19.466145833333336	29.231770833333332	0.0
189.0	30.275229357798167	18.872870249017037	18.938401048492793	31.913499344692003	0.0
190.0	29.907773386034254	19.565217391304348	18.9064558629776	31.620553359683797	0.0
191.0	27.825512227362854	21.28222075346993	19.365499008592202	31.52676801057502	0.0
192.0	31.3373253493014	20.35928143712575	20.093147039254823	28.210246174318033	0.0
193.0	30.73301950235373	17.686617350369872	21.318090114324143	30.26227303295225	0.0
194.0	28.532792427315755	20.41920216362407	22.515212981744423	28.532792427315755	0.0
195.0	28.269754768392367	20.64032697547684	19.414168937329702	31.67574931880109	0.0
196.0	28.314917127071826	20.441988950276244	19.406077348066297	31.837016574585636	0.0
197.0	29.295774647887324	21.549295774647888	20.492957746478872	28.661971830985916	0.0
198.0	27.581227436823102	23.032490974729242	19.927797833935017	29.45848375451264	0.0
199.0	29.16346891788181	21.872601688411358	18.34228702993093	30.6216423637759	0.0
200.0	26.840215439856372	17.235188509874327	21.543985637342907	34.380610412926394	0.0
201.0	30.368487928843713	18.04320203303685	17.026683608640404	34.561626429479034	0.0
202.0	38.598726114649686	16.43312101910828	17.961783439490446	27.006369426751593	0.0
203.0	33.07692307692307	17.564102564102562	21.666666666666668	27.692307692307693	0.0
204.0	33.84813384813385	17.245817245817246	24.71042471042471	24.195624195624195	0.0
205.0	34.49612403100775	17.183462532299743	24.418604651162788	23.901808785529717	0.0
206.0	29.571984435797667	19.974059662775616	20.492866407263293	29.961089494163424	0.0
207.0	28.326745718050066	22.529644268774703	16.337285902503293	32.80632411067194	0.0
208.0	28.286852589641438	17.131474103585656	21.38114209827357	33.200531208499335	0.0
209.0	24.331550802139038	20.989304812834224	23.39572192513369	31.283422459893046	0.0
210.0	23.513513513513516	17.7027027027027	19.18918918918919	39.5945945945946	0.0
211.0	29.01907356948229	18.66485013623978	19.891008174386922	32.42506811989101	0.0
212.0	26.73942701227831	18.69031377899045	25.2387448840382	29.331514324693043	0.0
213.0	27.41046831955923	20.110192837465565	19.146005509641874	33.33333333333333	0.0
214.0	26.38888888888889	27.916666666666668	18.333333333333332	27.361111111111114	0.0
215.0	29.790209790209794	23.916083916083917	17.902097902097903	28.391608391608393	0.0
216.0	29.56152758132956	20.65063649222065	16.548797736916548	33.23903818953324	0.0
217.0	27.32474964234621	15.879828326180256	25.894134477825464	30.90128755364807	0.0
218.0	25.40381791483113	18.94273127753304	21.292217327459618	34.36123348017621	0.0
219.0	17.684887459807076	25.401929260450164	22.990353697749196	33.92282958199357	0.0
220.0	0.0	31.18811881188119	25.495049504950494	43.31683168316832	0.0
