# Position (bp)	A	C	G	T	N
0.0	24.478315554221215	31.098441707168888	24.88966062412911	19.533582114480783	0.0
1.0	30.326295330420354	18.624861387869824	26.889021081306957	24.159822200402868	0.0
2.0	30.13398634639214	25.20706293086387	21.80635377834064	22.85259694440335	0.0
3.0	27.27992278674075	24.33248925477399	22.098158314426076	26.289429644059187	0.0
4.0	28.59620078563226	17.269639174558893	23.331319792901592	30.80284024690726	0.0
5.0	31.501998919481363	18.695312745339436	20.983904032662785	28.818784302516416	0.0
6.0	23.959078724458816	26.28023664989553	16.308238122482933	33.45244650316271	0.0
7.0	26.362795246050386	28.15258234392097	18.284410133994278	27.200212276034375	0.0
8.0	32.83827561863843	22.033290702342835	19.640652427935702	25.48778125108303	0.0
9.0	26.763623424690824	18.14187017970945	22.43515916341779	32.659347232181936	0.0
10.0	25.801619574905466	22.88770747029396	26.960749269303385	24.349923685497192	0.0
11.0	25.098128524260172	23.47016671864577	18.749373797952213	32.68233095914185	0.0
12.0	23.357386187214104	25.585026120398968	21.772027278719438	29.28556041366749	0.0
13.0	30.305191911308622	19.024508840212924	23.402415346173285	27.26788390230517	0.0
14.0	28.094608139490013	22.125269503974163	18.374635013204337	31.40548734333149	0.0
15.0	32.052075710342045	21.96241424953863	21.429952583366326	24.555557456753004	0.0
16.0	29.85875935782775	25.936158462545063	19.50328400163167	24.701798177995517	0.0
17.0	24.03183290727976	26.067244684344654	17.73912357714627	32.16179883122932	0.0
18.0	23.72489692055721	23.003064230297355	23.149301707157576	30.12273714198786	0.0
19.0	25.013258416737195	21.969643335506618	19.52706331425958	33.49003493349661	0.0
20.0	26.752852883472023	24.194864182976204	19.10361228204916	29.948670651502614	0.0
21.0	34.56547136263081	20.672454724677493	16.50090876260279	28.261165150088903	0.0
22.0	25.717131849400367	28.085149238133255	18.375726556730434	27.821992355735947	0.0
23.0	27.578753665297327	24.504533446611568	19.22244273744821	28.694270150642893	0.0
24.0	27.399108501001578	22.51161640800565	19.859042650456352	30.23023244053642	0.0
25.0	35.590052134149346	20.877174309394988	18.032039342065065	25.5007342143906	0.0
26.0	32.13873621731451	16.41672296709792	28.786504922104406	22.658035893483163	0.0
27.0	32.047174333323284	19.721676004090774	23.226248967898925	25.004900694687016	0.0
28.0	37.40498017296521	17.971452812248103	16.547225175336184	28.076341839450507	0.0
29.0	35.430027843398385	19.498058720731766	19.242506754576674	25.82940668129317	0.0
30.0	31.431798946320804	22.491840622456042	18.22492037542392	27.85144005579923	0.0
31.0	22.949575516209784	25.809918064939957	22.885192061389066	28.355314357461193	0.0
32.0	30.617967737228373	22.515617513828463	16.589341355735883	30.27707339320728	0.0
33.0	29.93907627606125	19.78950722421809	23.216444541333193	27.054971958387462	0.0
34.0	26.74020591067095	28.468905928966155	19.368311246155596	25.4225769142073	0.0
35.0	26.244886735949446	23.369505398589016	18.86687425463414	31.518733610827397	0.0
36.0	24.712753147711766	19.88690723413538	23.26703455340055	32.13330506475231	0.0
37.0	23.135813408106646	23.551189557749304	24.60545449185008	28.707542542293968	0.0
38.0	24.31994200643391	21.897020200048473	21.84110547659102	31.941932316926597	0.0
39.0	23.554293477478836	16.84002598032819	21.884784488811242	37.720896053381736	0.0
40.0	31.583720806325534	17.12236989535645	21.940543869735915	29.353365428582105	0.0
41.0	27.647877691743624	23.739656295886665	24.225189602618887	24.38727640975083	0.0
42.0	23.69850883908443	21.53262738774394	22.02850717707359	32.740356596098046	0.0
43.0	25.620879251565054	26.98548944902519	20.696468071251385	26.69716322815837	0.0
44.0	29.83055109735744	20.259707392706922	18.943581235844555	30.966160274091088	0.0
45.0	31.503539344210818	18.710484663276485	16.413660497238762	33.37231549527394	0.0
46.0	29.010491054000177	26.14801831013047	20.64755310065457	24.193937535214786	0.0
47.0	23.258343323991713	21.816265449611844	23.367277409003794	31.55811381739265	0.0
48.0	29.324851425920833	22.460604406505013	19.504019818551164	28.710524349022986	0.0
49.0	31.106231526899542	19.2168930626292	24.406492147739147	25.27038326273211	0.0
50.0	28.999873874057936	21.31903663245555	21.649219581826255	28.031869911660255	0.0
51.0	28.153657587524993	24.764348581189573	20.82265259587749	26.259341235407945	0.0
52.0	35.88333596710617	18.027431268164666	18.74260709430888	27.346625670420284	0.0
53.0	26.551557489311545	24.582507381258935	22.993398613172463	25.872536516257057	0.0
54.0	22.327040568974336	25.527826523397284	22.23909492308776	29.906037984540617	0.0
55.0	21.51127713792244	30.756436199407204	20.09373891719525	27.638547745475105	0.0
56.0	25.1416047168912	27.93853222735262	19.05918417660327	27.860678879152907	0.0
57.0	30.40009579639897	22.612129952005265	16.236103206242213	30.751671045353557	0.0
58.0	24.535808005338737	20.599490862554156	25.136312682824798	29.728388449282306	0.0
59.0	24.806898037959588	18.159718910524568	26.440638965116186	30.59274408639966	0.0
60.0	26.726226787011097	21.898371200331983	26.80453366531798	24.570868347338937	0.0
61.0	30.65871268426534	25.344208474082464	20.168486310084536	23.828592531567665	0.0
62.0	34.5138007899199	21.66267276959274	19.291444575682327	24.53208186480503	0.0
63.0	30.176319641895805	21.235206064592436	19.646331609178965	28.942142684332794	0.0
64.0	27.5480237452847	18.08482386368688	20.478660674735515	33.888491716292904	0.0
65.0	36.19947571999309	17.294178334530603	19.87086703472458	26.635478910751726	0.0
66.0	26.740197209854795	22.51712439501656	19.74806232321844	30.994616071910208	0.0
67.0	25.87069138023674	21.160800307611215	25.551878781454096	27.41662953069795	0.0
68.0	26.33483266874279	23.257826122340322	19.062234364776028	31.345106844140858	0.0
69.0	34.223103958793445	20.90919195569432	16.049671395195833	28.818032690316397	0.0
70.0	27.34154264145315	29.093075689702218	19.87730741134337	23.68807425750126	0.0
71.0	29.672059603020916	22.055691044525297	17.864918659023328	30.407330693430456	0.0
72.0	28.922422315058526	21.058960674130418	21.75966433439108	28.258952676419973	0.0
73.0	28.856700069283026	26.49216905740347	20.875949711306514	23.775181162006987	0.0
74.0	36.2315893086676	25.616920968010554	15.626347839826451	22.525141883495394	0.0
75.0	34.57009185369931	17.484576524874615	21.939371317924387	26.00596030350169	0.0
76.0	32.97121718719702	25.66195541433345	17.43800076919863	23.9288266292709	0.0
77.0	30.977700067561244	23.467102309358392	18.216286552393445	27.338911070686915	0.0
78.0	31.693779569003144	24.485770603274574	16.859215511647676	26.961234316074606	0.0
79.0	33.08504988809594	20.032851167485415	24.53896752059037	22.34313142382828	0.0
80.0	37.770357209495046	21.938874556884894	18.296122641089458	21.994645592530603	0.0
81.0	31.33663979317911	18.057932173276402	23.32685362778048	27.278574405764004	0.0
82.0	29.66262728768609	21.498072932845165	22.533846525943428	26.305453253525318	0.0
83.0	35.08272117645008	21.875130283105122	19.45489927823295	23.587249262211852	0.0
84.0	29.447488526520722	20.407286140713936	19.615101612172047	30.530123720593295	0.0
85.0	37.41199569323167	20.584361422468277	16.134077619651837	25.86956526464822	0.0
86.0	30.6762135247931	24.41826283009673	22.698517496210012	22.207006148900152	0.0
87.0	36.14484577759073	22.87887433270409	17.625954558392866	23.35032533131231	0.0
88.0	38.04842891933855	18.91527522481853	16.408720480663725	26.62757537517919	0.0
89.0	34.86175690573926	17.95423667047536	19.065107613429284	28.118898810356097	0.0
90.0	29.874288984044433	18.95871149532241	27.145677529495128	24.02132199113803	0.0
91.0	24.813125536850826	19.0136446133127	18.33024128544041	37.84298856439606	0.0
92.0	27.70386702262054	19.08246261056147	20.733541131167062	32.48012923565093	0.0
93.0	36.04280651622135	16.960895093944277	22.03108141830139	24.965216971532982	0.0
94.0	32.62043943667957	23.585173208541494	18.521052039299605	25.27333531547934	0.0
95.0	31.029282891508903	24.605429126753325	19.31910763171915	25.046180350018627	0.0
96.0	26.164884938176865	22.023076759101603	20.153472016826054	31.65856628589548	0.0
97.0	30.625870398128708	24.45699889894602	18.69603225784569	26.221098445079583	0.0
98.0	30.744372903862622	21.75170060639637	22.648814824393657	24.855111665347348	0.0
99.0	27.85042428383796	17.417903484729987	23.06834501909888	31.66332721233317	0.0
100.0	29.534753454692087	28.056248285869668	17.950886966753192	24.458111292685057	0.0
101.0	27.907255816213137	20.663764329733567	19.098367326332454	32.330612527720845	0.0
102.0	25.783853046586948	17.19481544038797	18.52247361592064	38.49885789710444	0.0
103.0	26.152526470922226	21.471512470247625	21.218453722316717	31.157507336513433	0.0
104.0	23.044776032085565	22.605882241097834	24.486675622825626	29.862666103990975	0.0
105.0	28.938065105673477	21.567620860737946	24.89805472800431	24.596259305584265	0.0
106.0	31.168216770066483	18.348370689332995	24.502465415812466	25.980947124788056	0.0
107.0	25.589568767291066	19.80071963172121	23.783386123896054	30.82632547709167	0.0
108.0	30.079080734067233	21.85398624655291	20.368264435384685	27.698668583995172	0.0
109.0	24.08227423009846	19.73459427622675	22.462231496933658	33.72089999674113	0.0
110.0	28.47401078295989	17.4423918218189	29.00070535288002	25.082892042341186	0.0
111.0	24.85974868020876	20.254243545294486	17.581891320210545	37.30411645428621	0.0
112.0	23.304422737745227	21.595257065545056	25.919242661202606	29.181077535507104	0.0
113.0	31.73386773913859	15.971287126447825	22.63090768917531	29.663937445238275	0.0
114.0	24.524899138710264	17.595105565360797	20.670930743557292	37.20906455237164	0.0
115.0	23.73221550493047	20.371885136378324	27.6531483945688	28.242750964122404	0.0
116.0	25.270461242494385	23.656253543779382	21.068777958080794	30.00450725564544	0.0
117.0	21.941653265584048	20.851418975840655	20.67477052725955	36.53215723131575	0.0
118.0	25.211659417468763	20.238619029245726	21.200997051536504	33.348724501749004	0.0
119.0	25.998856769500588	24.93207357635737	21.01260673137551	28.056462922766535	0.0
120.0	28.139495629122074	19.12076289658344	24.926268535747177	27.813472938547307	0.0
121.0	30.511289152267395	16.41006578619818	19.73580115430461	33.34284390722981	0.0
122.0	33.331571868692635	18.390801506940793	23.88183627544693	24.395790348919647	0.0
123.0	30.17504888181995	21.76887567068599	22.670232175609208	25.385843271884863	0.0
124.0	33.50336299104373	20.13418609674003	22.866506948717337	23.495943963498902	0.0
125.0	33.84010543264998	26.485184249255145	15.959370465716608	23.715339852378275	0.0
126.0	39.98884250097997	19.26392385036436	16.496533500833564	24.250700147822105	0.0
127.0	25.695555545036257	25.08914708499801	21.482104311438473	27.733193058527256	0.0
128.0	28.459909007343022	27.014282831693002	18.10711880588063	26.418689355083348	0.0
129.0	26.0922921900936	28.919249566946238	17.385282975242315	27.603175267717855	0.0
130.0	30.77193588529897	19.18058694191657	16.273803002656813	33.77367417012765	0.0
131.0	30.500159298593278	21.146466532280787	18.867401956591102	29.485972212534833	0.0
132.0	27.73340378145151	18.336474225250658	23.92958931338519	30.000532679912638	0.0
133.0	27.283948671002772	21.3009008484272	22.926680924052885	28.48846955651715	0.0
134.0	37.292978718804676	17.797577259382617	18.85202968505193	26.057414336760775	0.0
135.0	34.58799479510804	19.255988774752268	15.395034577728689	30.760981852411	0.0
136.0	32.66827296239713	21.00139468450472	19.586934075020526	26.743398278077624	0.0
137.0	28.500625096333337	19.311366477710607	22.08887377457876	30.09913465137729	0.0
138.0	25.423082519772635	23.21392526775269	19.619727282243332	31.743264930231348	0.0
139.0	25.516824796378597	17.0481276634574	22.64626396407042	34.78878357609359	0.0
140.0	26.333581695186144	19.16033616594736	24.88386232920785	29.622219809658652	0.0
141.0	28.482606066788925	17.695083019609697	26.469060172732544	27.35325074086884	0.0
142.0	30.074196919963903	19.41508128053357	25.44469213371825	25.066029665784274	0.0
143.0	26.399204089444183	23.84702384548226	28.473429416455087	21.280342648618475	0.0
144.0	31.01310338583783	18.57250288817195	22.183077191171133	28.231316534819083	0.0
145.0	28.81128365418985	22.616002281540815	20.57026054290393	28.002453521365407	0.0
146.0	27.871725746961268	26.742930991126318	17.873712095400123	27.511631166512295	0.0
147.0	27.607175153906	27.73794284371391	18.536051506811308	26.11883049556878	0.0
148.0	31.184755464475156	18.16058816633942	18.419826279719167	32.23483008946626	0.0
149.0	28.01160718321035	23.83289664138408	19.99047579033644	28.165020385069123	0.0
150.0	18.159330981750646	28.39040745808134	23.722067070143314	29.728194490024702	0.0
