#Position (bp)	insert size
38.0	676.6698224852071
113.0	244.05785123966942
188.0	208.3878676470588
263.0	191.72803347280336
338.0	260.78877005347596
413.0	239.955078125
488.0	213.6051401869159
563.0	173.82258064516128
638.0	272.13070203817534
713.0	247.6969111969112
788.0	222.96999571367337
863.0	236.2655737704918
938.0	284.26532951289397
1013.0	254.11601150527326
1088.0	227.08689655172415
1163.0	219.99642857142857
1238.0	294.62264150943395
1313.0	240.80459770114942
1388.0	241.92929292929293
1463.0	205.7216117216117
1538.0	248.15243902439025
1613.0	271.01321517412936
1688.0	234.59805115712547
1763.0	224.43840856924254
1838.0	343.6927083333333
1913.0	271.9120879120879
1988.0	260.2803738317757
2063.0	193.68235294117648
2138.0	181.2941176470588
2213.0	257.9609211444522
2288.0	250.70746268656717
2363.0	210.42948717948718
2438.0	185.28301886792454
2513.0	277.5846308387745
2588.0	256.50735294117646
2663.0	213.87273540594944
2738.0	249.94346934123547
2813.0	332.704347826087
2888.0	264.69675090252707
2963.0	227.2888888888889
3038.0	191.9673913043478
3113.0	258.11290322580646
3188.0	258.2758620689655
3263.0	235.51162790697674
3338.0	191.50943396226415
3413.0	216.16666666666666
3488.0	263.449494949495
3563.0	228.5966386554622
3638.0	227.0
3713.0	231.71153846153845
3788.0	285.93893724827853
3863.0	234.98748587816112
3938.0	233.09001484780995
4013.0	323.24672364672364
4088.0	262.2078025477707
4163.0	275.1748549504024
4238.0	261.70944419340265
4313.0	304.0568127106404
4388.0	234.22916666666666
4463.0	205.76964477933262
4538.0	191.68684210526317
4613.0	267.06390041493773
4688.0	255.48648648648648
4763.0	264.35284139100935
4838.0	225.40141467727673
4913.0	240.44746162927981
4988.0	231.7513397642015
5063.0	207.85873605947955
5138.0	213.07299270072994
5213.0	234.41176470588235
5288.0	249.65714285714284
5363.0	237.26150627615064
5438.0	192.0169082125604
5513.0	211.7058823529412
5588.0	255.75516224188792
5663.0	238.11049723756906
5738.0	207.04285714285714
5813.0	176.61290322580646
5888.0	260.83564814814815
5963.0	240.03246753246754
6038.0	215.9502487562189
6113.0	170.33620689655172
6188.0	266.5731046931408
6263.0	244.82285714285715
6338.0	233.95724907063197
6413.0	236.23880597014926
6488.0	256.8305084745763
6563.0	256.4217877094972
6638.0	235.71521035598707
6713.0	272.50346129641287
6788.0	252.0161750713606
6863.0	218.75238527941843
6938.0	180.837890625
7013.0	274.990099009901
7088.0	393.8835337562731
7163.0	235.95105421686748
7238.0	190.05
7313.0	307.1208791208791
7388.0	268.37894736842105
7463.0	211.06930693069307
7538.0	230.19110723626852
7613.0	281.6821480406386
7688.0	255.1441734417344
7763.0	222.39907727797
7838.0	239.28215353938185
7913.0	314.468085106383
7988.0	266.34294871794873
8063.0	227.297052154195
8138.0	193.40425531914894
8213.0	241.25531914893617
8288.0	248.4
8363.0	248.33193277310923
8438.0	210.32828282828282
8513.0	209.83157894736843
8588.0	252.76174112256587
8663.0	233.92337917485264
8738.0	219.45866141732284
8813.0	194.04438642297652
8888.0	264.9607535321821
8963.0	231.17075718015667
9038.0	215.91882352941175
9113.0	257.47083333333336
9188.0	268.8152610441767
9263.0	248.91666666666666
9338.0	215.12177121771217
9413.0	185.7016129032258
9488.0	257.9966931216931
9563.0	231.5464114832536
9638.0	205.37684210526317
9713.0	238.63692307692307
9788.0	275.3069306930693
9863.0	244.63333333333333
9938.0	222.4927536231884
10013.0	187.35087719298247
10088.0	265.6788665879575
10163.0	226.0549645390071
10238.0	226.10030864197532
10313.0	184.13960113960113
10388.0	253.96617050067658
10463.0	231.9446902654867
10538.0	239.03191489361703
10613.0	238.38256658595643
10688.0	253.81474820143885
10763.0	248.58734939759037
10838.0	216.52463768115942
10913.0	183.89237668161434
10988.0	246.4111617312073
11063.0	242.48036253776436
11138.0	213.75900900900902
11213.0	188.7411003236246
11288.0	257.873290793072
11363.0	243.18019169329074
11438.0	234.47664670658682
11513.0	224.3319118692253
11588.0	281.5835746553921
11663.0	248.3408229561451
11738.0	209.0947438901908
11813.0	292.3103249928099
11888.0	253.0344827586207
11963.0	227.86907449209932
12038.0	204.39188243526942
12113.0	251.79122870605292
12188.0	246.33898305084745
12263.0	212.1400966183575
12338.0	167.30769230769232
12413.0	287.5727002967359
12488.0	244.5749551166966
12563.0	217.74272116461367
12638.0	233.63607427055703
12713.0	261.88009313154834
12788.0	260.81312915387304
12863.0	207.91820837390458
12938.0	181.31141199226306
13013.0	294.05029368575623
13088.0	248.5552993177669
13163.0	214.1024349286314
13238.0	296.06528060482697
13313.0	258.5676779463244
13388.0	255.2660984848485
13463.0	205.66473988439307
13538.0	170.44444444444446
13613.0	269.3234241673548
13688.0	231.89520048602674
13763.0	205.7724770642202
13838.0	287.9948539176627
13913.0	260.0415030846887
13988.0	242.17220543806647
14063.0	229.57188015393072
14138.0	229.46046511627907
14213.0	274.61386138613864
14288.0	251.19851301115241
14363.0	219.61622276029055
14438.0	182.95483870967743
14513.0	253.16666666666666
14588.0	254.70526315789473
14663.0	230.18413597733712
14738.0	202.928125
14813.0	171.42857142857142
14888.0	268.67384615384617
14963.0	244.48979591836735
15038.0	208.19883040935673
15113.0	202.51612903225808
15188.0	262.9845837615622
15263.0	229.51410373066423
15338.0	203.01245085190038
15413.0	213.94698354661793
15488.0	264.10041048310705
15563.0	236.84811073699962
15638.0	211.51920272241128
15713.0	198.8664459161148
15788.0	241.9794520547945
15863.0	242.8760975609756
15938.0	220.5926605504587
16013.0	195.02008928571428
16088.0	237.35755258126196
16163.0	227.23853211009174
16238.0	218.92091836734693
16313.0	196.91156462585033
16388.0	291.7659574468085
16463.0	250.35502342529932
16538.0	231.91399935337859
16613.0	213.13115763546799
16688.0	214.72908560311285
16763.0	251.2168016194332
16838.0	231.97541487400122
16913.0	215.47741034000933
16988.0	205.93630573248407
17063.0	287.6531034902845
17138.0	257.1470105124836
17213.0	223.94047151277013
17288.0	216.29379972065342
17363.0	255.825
17438.0	252.00019866891824
17513.0	209.544126984127
17588.0	188.01474530831098
17663.0	259.9836867862969
17738.0	249.18922155688622
17813.0	227.59012629161882
17888.0	211.81802721088437
17963.0	253.77877507919746
18038.0	237.4681647940075
18113.0	210.82213438735178
18188.0	191.9131736526946
18263.0	262.7743019648397
18338.0	237.8297279931463
18413.0	216.37932777356582
18488.0	219.5142378559464
18563.0	255.2109955423477
18638.0	249.72560437621317
18713.0	247.23954703832752
18788.0	212.92008757526
18863.0	265.431640625
18938.0	262.3627968337731
19013.0	232.05217391304348
19088.0	194.19321148825065
19163.0	168.4090909090909
19238.0	250.37562437562437
19313.0	228.43261802575108
19388.0	204.50047801147227
19463.0	206.78620689655173
19538.0	260.4418604651163
19613.0	240.34328358208955
19688.0	224.30985915492957
19763.0	197.65217391304347
19838.0	258.02075611564123
19913.0	238.89417040358745
19988.0	226.06892655367233
20063.0	197.39322916666666
20138.0	246.28456913827657
20213.0	257.20663846404165
20288.0	241.8568614576494
20363.0	222.65864471184292
20438.0	234.83687340696687
20513.0	256.1333813987022
20588.0	240.0108323831243
20663.0	210.71238670694865
20738.0	262.3912466843501
20813.0	343.14285714285717
20888.0	290.9761904761905
20963.0	246.0
21038.0	218.25
21113.0	251.7428417071853
21188.0	231.96902106567535
21263.0	227.63140311804008
21338.0	268.7604402719327
21413.0	236.35054192812322
21488.0	215.75880128018622
21563.0	203.90617128463475
21638.0	256.66996155958265
21713.0	236.07405405405405
21788.0	218.5095003518649
21863.0	203.02924634420697
21938.0	256.37240356083083
22013.0	246.61813537675607
22088.0	217.94083694083693
22163.0	186.83682983682985
22238.0	261.59067357512953
22313.0	249.9047619047619
22388.0	228.21495327102804
22463.0	214.32231404958677
22538.0	252.94871794871796
22613.0	240.94652406417111
22688.0	193.89444444444445
22763.0	287.1370558375635
22838.0	258.78285312719606
22913.0	249.40979147778785
22988.0	222.80287081339713
23063.0	217.1815286624204
23138.0	259.4783754456673
23213.0	230.0592073465442
23288.0	210.3916015625
23363.0	234.43459657701712
23438.0	251.0566371681416
23513.0	237.98347107438016
23588.0	210.46040126715945
23663.0	186.53860640301318
23738.0	281.45652173913044
23813.0	258.20101137800253
23888.0	228.70548408937034
23963.0	194.03230653643877
24038.0	195.70068027210885
24113.0	252.42938909005957
24188.0	228.86441217004133
24263.0	202.61146496815286
24338.0	253.65176715176716
24413.0	272.47204161248374
24488.0	235.91254876462938
24563.0	206.0878354827466
24638.0	182.70169491525425
24713.0	247.90530519110098
24788.0	220.8924512987013
24863.0	201.2456395348837
24938.0	244.0685393258427
25013.0	247.08307210031347
25088.0	235.02735042735043
25163.0	203.0730769230769
25238.0	211.65822784810126
25313.0	254.1863354037267
25388.0	221.53402328589908
25463.0	192.2333186036235
25538.0	205.06582278481014
25613.0	251.92536115569823
25688.0	234.1322629969419
25763.0	208.43059490084985
25838.0	170.36046511627907
25913.0	262.5895972090073
25988.0	239.14265129682997
26063.0	226.79679969153653
26138.0	244.8441005802708
26213.0	261.4314345991561
26288.0	237.1029702970297
26363.0	202.1234256926952
26438.0	171.35555555555555
26513.0	262.64166666666665
26588.0	237.7444279346211
26663.0	220.74624731951394
26738.0	204.68021978021977
26813.0	254.7042987407729
26888.0	241.59408602150538
26963.0	216.73325163398692
27038.0	194.94946974422956
27113.0	258.1867276887872
27188.0	242.8277797264118
27263.0	221.7473328129066
27338.0	210.35260370697264
27413.0	261.1114269471291
27488.0	254.11359638100026
27563.0	229.63701540095593
27638.0	196.58612662942272
27713.0	190.6431718061674
27788.0	256.26596858638743
27863.0	236.22783505154638
27938.0	205.39352129574084
28013.0	189.33783783783784
28088.0	247.33869423702853
28163.0	229.98578313253012
28238.0	203.91802525832375
28313.0	198.62723004694837
28388.0	239.7734956051386
28463.0	221.26102374344742
28538.0	197.80027051397656
28613.0	189.00829302004146
28688.0	225.12128017967433
28763.0	231.71607938436614
28838.0	218.09027777777777
28913.0	207.67718794835008
28988.0	250.3462835361384
29063.0	228.7108635947513
29138.0	207.8499518635676
29213.0	198.61758865248228
29288.0	224.39836269798897
29363.0	223.3598467254993
29438.0	207.23964350552896
29513.0	232.01774436090224
29588.0	211.75515262196714
29663.0	182.5342812006319
29738.0	154.91884057971015
29813.0	97.66666666666667
29877.0	40.67272727272727
