#Position (bp)	Coverage
38.0	76.6
113.0	371.46666666666664
188.0	621.1066666666667
263.0	584.2133333333334
338.0	422.26666666666665
413.0	446.44
488.0	647.52
563.0	667.5866666666667
638.0	469.97333333333336
713.0	475.24
788.0	656.8
863.0	714.0133333333333
938.0	485.4266666666667
1013.0	253.8
1088.0	257.44
1163.0	262.06666666666666
1238.0	166.24
1313.0	219.34666666666666
1388.0	347.3333333333333
1463.0	411.97333333333336
1538.0	278.06666666666666
1613.0	252.25333333333333
1688.0	473.88
1763.0	563.2
1838.0	427.2133333333333
1913.0	189.24
1988.0	66.0
2063.0	75.13333333333334
2138.0	55.13333333333333
2213.0	60.17333333333333
2288.0	151.66666666666666
2363.0	207.08
2438.0	197.41333333333333
2513.0	116.24
2588.0	37.973333333333336
2663.0	41.653333333333336
2738.0	48.46666666666667
2813.0	57.36
2888.0	240.38666666666666
2963.0	416.82666666666665
3038.0	447.37333333333333
3113.0	317.3466666666667
3188.0	394.93333333333334
3263.0	791.2666666666667
3338.0	1076.0133333333333
3413.0	857.24
3488.0	401.37333333333333
3563.0	237.69333333333333
3638.0	300.4533333333333
3713.0	249.29333333333332
3788.0	124.45333333333333
3863.0	106.02666666666667
3938.0	154.2
4013.0	154.58666666666667
4088.0	161.81333333333333
4163.0	236.10666666666665
4238.0	287.85333333333335
4313.0	230.92
4388.0	184.17333333333335
4463.0	151.62666666666667
4538.0	138.10666666666665
4613.0	99.24
4688.0	91.48
4763.0	148.96
4838.0	178.18666666666667
4913.0	121.89333333333333
4988.0	131.76
5063.0	196.53333333333333
5138.0	214.33333333333334
5213.0	148.14666666666668
5288.0	160.84
5363.0	323.44
5438.0	455.2133333333333
5513.0	389.12
5588.0	367.50666666666666
5663.0	653.6266666666667
5738.0	995.7466666666667
5813.0	929.72
5888.0	637.6933333333334
5963.0	398.05333333333334
6038.0	497.70666666666665
6113.0	440.94666666666666
6188.0	299.37333333333333
6263.0	309.7866666666667
6338.0	373.82666666666665
6413.0	296.96
6488.0	301.74666666666667
6563.0	661.5733333333334
6638.0	941.8666666666667
6713.0	910.5733333333334
6788.0	615.4933333333333
6863.0	324.6
6938.0	206.86666666666667
7013.0	150.36
7088.0	154.68
7163.0	269.05333333333334
7238.0	289.9066666666667
7313.0	212.24
7388.0	351.5466666666667
7463.0	588.1733333333333
7538.0	599.92
7613.0	398.7866666666667
7688.0	288.2133333333333
7763.0	498.08
7838.0	592.4666666666667
7913.0	441.82666666666665
7988.0	552.8133333333334
8063.0	792.0
8138.0	937.52
8213.0	651.92
8288.0	432.4533333333333
8363.0	462.7866666666667
8438.0	640.2533333333333
8513.0	579.68
8588.0	327.81333333333333
8663.0	119.62666666666667
8738.0	126.64
8813.0	148.66666666666666
8888.0	137.42666666666668
8963.0	426.3466666666667
9038.0	743.5333333333333
9113.0	793.88
9188.0	537.24
9263.0	373.93333333333334
9338.0	553.6533333333333
9413.0	618.9333333333333
9488.0	531.4133333333333
9563.0	611.8933333333333
9638.0	713.6933333333334
9713.0	616.2933333333333
9788.0	281.08
9863.0	44.28
9938.0	22.546666666666667
10013.0	22.013333333333332
10088.0	12.173333333333334
10163.0	1.8533333333333333
10238.0	0.0
10313.0	0.0
10388.0	99.17333333333333
10463.0	394.53333333333336
10538.0	569.9333333333333
10613.0	544.8133333333334
10688.0	375.62666666666667
10763.0	260.56
10838.0	337.53333333333336
10913.0	333.14666666666665
10988.0	193.30666666666667
11063.0	110.62666666666667
11138.0	172.42666666666668
11213.0	217.06666666666666
11288.0	176.56
11363.0	430.4533333333333
11438.0	749.9333333333333
11513.0	859.3066666666666
11588.0	789.6666666666666
11663.0	823.68
11738.0	853.2266666666667
11813.0	729.2933333333333
11888.0	538.6933333333334
11963.0	591.5466666666666
12038.0	755.56
12113.0	682.2666666666667
12188.0	702.0666666666667
12263.0	707.3333333333334
12338.0	676.6266666666667
12413.0	456.52
12488.0	631.9466666666667
12563.0	1034.76
12638.0	1044.3333333333333
12713.0	680.04
12788.0	495.0133333333333
12863.0	517.04
12938.0	472.5733333333333
13013.0	353.5466666666667
13088.0	422.4
13163.0	584.9866666666667
13238.0	666.0533333333333
13313.0	515.5733333333334
13388.0	209.64
13463.0	142.28
13538.0	141.29333333333332
13613.0	175.22666666666666
13688.0	385.93333333333334
13763.0	586.3733333333333
13838.0	642.16
13913.0	439.93333333333334
13988.0	399.6666666666667
14063.0	586.3466666666667
14138.0	617.1466666666666
14213.0	480.56
14288.0	622.0666666666667
14363.0	970.9066666666666
14438.0	1024.2266666666667
14513.0	660.5066666666667
14588.0	491.70666666666665
14663.0	775.2266666666667
14738.0	1004.76
14813.0	774.1866666666666
14888.0	436.94666666666666
14963.0	370.52
15038.0	479.6933333333333
15113.0	357.4533333333333
15188.0	193.72
15263.0	272.04
15338.0	389.81333333333333
15413.0	335.6933333333333
15488.0	251.56
15563.0	571.9333333333333
15638.0	902.24
15713.0	977.4133333333333
15788.0	624.68
15863.0	575.6
15938.0	1017.8
16013.0	1312.2666666666667
16088.0	1141.7733333333333
16163.0	712.0933333333334
16238.0	527.7466666666667
16313.0	661.56
16388.0	592.5066666666667
16463.0	490.17333333333335
16538.0	525.8933333333333
16613.0	688.0933333333334
16688.0	590.1733333333333
16763.0	544.4533333333334
16838.0	864.64
16913.0	1287.76
16988.0	1466.3866666666668
17063.0	1197.6666666666667
17138.0	1209.9733333333334
17213.0	1908.3066666666666
17288.0	2150.133333333333
17363.0	1487.4933333333333
17438.0	659.0266666666666
17513.0	573.88
17588.0	658.68
17663.0	471.93333333333334
17738.0	318.62666666666667
17813.0	335.41333333333336
17888.0	364.26666666666665
17963.0	282.08
18038.0	294.36
18113.0	446.82666666666665
18188.0	518.2266666666667
18263.0	508.12
18338.0	623.5066666666667
18413.0	841.7466666666667
18488.0	1019.7333333333333
18563.0	804.5866666666667
18638.0	692.0266666666666
18713.0	1017.3733333333333
18788.0	1254.0933333333332
18863.0	915.8666666666667
18938.0	691.8533333333334
19013.0	847.84
19088.0	1155.3333333333333
19163.0	969.1866666666666
19238.0	562.28
19313.0	162.28
19388.0	174.22666666666666
19463.0	149.09333333333333
19538.0	95.22666666666667
19613.0	203.42666666666668
19688.0	399.29333333333335
19763.0	474.84
19838.0	350.3333333333333
19913.0	153.25333333333333
19988.0	78.02666666666667
20063.0	64.04
20138.0	43.18666666666667
20213.0	60.88
20288.0	109.76
20363.0	150.4
20438.0	117.77333333333333
20513.0	362.17333333333335
20588.0	594.7733333333333
20663.0	738.0266666666666
20738.0	589.8266666666667
20813.0	548.7866666666666
20888.0	638.5466666666666
20963.0	883.92
21038.0	720.04
21113.0	372.2
21188.0	20.14666666666667
21263.0	16.826666666666668
21338.0	16.333333333333332
21413.0	24.14666666666667
21488.0	50.48
21563.0	64.66666666666667
21638.0	56.77333333333333
21713.0	234.4
21788.0	427.64
21863.0	463.8666666666667
21938.0	301.74666666666667
22013.0	142.29333333333332
22088.0	171.96
22163.0	215.68
22238.0	150.21333333333334
22313.0	45.17333333333333
22388.0	2.3333333333333335
22463.0	5.6
22538.0	88.42666666666666
22613.0	287.3466666666667
22688.0	549.2266666666667
22763.0	557.5066666666667
22838.0	395.7866666666667
22913.0	140.38666666666666
22988.0	147.8
23063.0	125.84
23138.0	148.2
23213.0	419.6933333333333
23288.0	713.08
23363.0	816.04
23438.0	584.9466666666667
23513.0	322.4533333333333
23588.0	295.16
23663.0	300.8933333333333
23738.0	271.36
23813.0	130.0
23888.0	292.24
23963.0	397.38666666666666
24038.0	341.4
24113.0	255.48
24188.0	352.85333333333335
24263.0	534.92
24338.0	438.48
24413.0	327.0
24488.0	254.41333333333333
24563.0	360.6533333333333
24638.0	328.76
24713.0	312.28
24788.0	618.72
24863.0	821.6933333333334
24938.0	683.9866666666667
25013.0	488.29333333333335
25088.0	524.76
25163.0	770.12
25238.0	599.7066666666667
25313.0	374.6666666666667
25388.0	388.3066666666667
25463.0	456.76
25538.0	382.5466666666667
25613.0	209.72
25688.0	99.26666666666667
25763.0	128.72
25838.0	119.57333333333334
25913.0	122.01333333333334
25988.0	337.8933333333333
26063.0	665.6266666666667
26138.0	689.0133333333333
26213.0	554.0533333333333
26288.0	499.88
26363.0	611.4
26438.0	649.88
26513.0	492.06666666666666
26588.0	673.36
26663.0	969.2133333333334
26738.0	927.2
26813.0	511.50666666666666
26888.0	282.4266666666667
26963.0	252.58666666666667
27038.0	298.9066666666667
27113.0	217.85333333333332
27188.0	432.38666666666666
27263.0	903.2
27338.0	1104.2533333333333
27413.0	778.1333333333333
27488.0	287.49333333333334
27563.0	126.89333333333333
27638.0	180.53333333333333
27713.0	161.01333333333332
27788.0	140.48
27863.0	223.97333333333333
27938.0	341.85333333333335
28013.0	322.7733333333333
28088.0	288.64
28163.0	513.56
28238.0	719.6266666666667
28313.0	665.6533333333333
28388.0	367.4533333333333
28463.0	51.06666666666667
28538.0	15.133333333333333
28613.0	15.96
28688.0	18.706666666666667
28763.0	31.706666666666667
28838.0	39.733333333333334
28913.0	26.733333333333334
28988.0	60.586666666666666
29063.0	285.74666666666667
29138.0	485.4266666666667
29213.0	475.08
29288.0	304.61333333333334
29363.0	267.7733333333333
29438.0	353.58666666666664
29513.0	431.49333333333334
29588.0	412.4266666666667
29663.0	289.0933333333333
29738.0	142.21333333333334
29813.0	36.46666666666667
29877.0	0.2641509433962264
