# Position (bp)	A	C	G	T	N
0.0	25.869002405499714	23.80647847110512	24.597083264594843	25.727435858800323	0.0
1.0	26.253536930286963	20.127558784064263	15.580860584049852	38.03804370159892	0.0
2.0	28.38933553914823	18.926811190255226	18.33006458463114	34.353788685965405	0.0
3.0	22.638953903385733	22.249624873628484	15.388526633139026	39.72289458984675	0.0
4.0	33.87357843314043	13.26275593916699	14.739863099185069	38.12380252850751	0.0
5.0	34.15955272362391	14.968257390979833	23.28414502257231	27.588044862823946	0.0
6.0	30.243715590020336	17.59274243640862	21.455905962675033	30.707636010896007	0.0
7.0	34.8505059370676	16.984256668283393	20.185541989754174	27.979695404894827	0.0
8.0	22.511974327840747	26.940405139953157	22.19731950214974	28.350301030056357	0.0
9.0	27.46272762884272	18.672847512533597	15.959150442680059	37.90527441594362	0.0
10.0	25.83972606717047	16.811132852567383	25.19604198666034	32.1530990936018	0.0
11.0	28.034777550949496	17.917499820319634	19.51853515999644	34.52918746873443	0.0
12.0	25.889417802302102	19.65071327154867	21.101174086236103	33.35869483991313	0.0
13.0	26.333287798441944	20.66539565616175	18.67893998580644	34.32237655958986	0.0
14.0	30.36311378693383	18.474580345205247	20.03471757816572	31.1275882896952	0.0
15.0	29.666632237846347	18.262426622585085	19.96918779239707	32.101753347171496	0.0
16.0	29.74604857890681	17.37794705545531	18.70126318865772	34.17474117698016	0.0
17.0	30.316028012049767	17.790224245854144	19.813460843721874	32.08028689837422	0.0
18.0	31.044030970707105	17.438419612433023	18.809618777764186	32.707930639095686	0.0
19.0	29.73353045022902	18.20929597187562	20.008253397386806	32.04892018050856	0.0
20.0	29.684588374894634	17.410075332480073	20.172298000002854	32.73303829262244	0.0
21.0	28.892745339852915	18.09274172244691	19.855251402577785	33.15926153512239	0.0
22.0	29.553076627606618	18.968487157970692	22.450407029571817	29.028029184850872	0.0
23.0	29.65606560451376	19.966700825768115	20.97574291285907	29.401490656859053	0.0
24.0	32.07370655126507	19.299027631746167	18.120978908143115	30.506286908845652	0.0
25.0	28.890210775776517	21.044711614205553	19.5865638117559	30.478513798262025	0.0
26.0	31.603348575622586	16.649825103179367	21.885758510542598	29.86106781065545	0.0
27.0	25.858170078055053	20.915270355881354	25.06761217409433	28.158947391969264	0.0
28.0	26.191590197400892	19.694122143617683	18.822648579002006	35.29163907997942	0.0
29.0	27.63691048776436	19.975863334401105	17.574619708294286	34.812606469540256	0.0
30.0	26.335261562670432	18.826670958243554	16.477843244193703	38.36022423489231	0.0
31.0	33.91000737985994	14.392439229912874	18.46454607754397	33.23300731268321	0.0
32.0	33.715563874121266	15.70655214817397	22.620692930416467	27.957191047288298	0.0
33.0	31.080163775983312	17.63853519105564	20.700365819948363	30.580935213012683	0.0
34.0	33.12050585219687	16.738089123496614	21.769680558903243	28.37172446540327	0.0
35.0	26.01477480071525	20.828251306119014	24.88951343328071	28.26746045988502	0.0
