#GC Content (%)	Sample
1.0	0.0
2.0	0.0
3.0	0.0
4.0	0.0
5.0	0.0
6.0	0.0
7.0	0.0
8.0	0.0
9.0	0.0
10.0	0.0
11.0	0.0
12.0	0.0
13.0	4.676481041545858E-6
14.0	1.4029443124637574E-5
15.0	3.2735367290821005E-5
16.0	4.676481041545858E-6
17.0	2.9461830561738905E-4
18.0	2.8994182457584315E-4
19.0	6.079425354009615E-5
20.0	0.0031706541461680913
21.0	3.8814792644830624E-4
22.0	8.511195495613461E-4
23.0	0.008398959950616361
24.0	0.0010709141585140013
25.0	0.013510353729025981
26.0	0.007356104678351635
27.0	0.0026141529022241346
28.0	0.03204792457771376
29.0	0.01080267120597093
30.0	0.0077582820479245775
31.0	0.06247778671505265
32.0	0.016540713443947697
33.0	0.010344376063899438
34.0	0.07298116313436466
35.0	0.01885089507847135
36.0	0.03559269720720552
37.0	0.07681587758843224
38.0	0.02085242896425298
39.0	0.10237284648048037
40.0	0.032216277895209415
41.0	0.014370826240670417
42.0	0.10814830056678951
43.0	0.02852653435342973
44.0	0.010190052189528422
45.0	0.08196935969621581
46.0	0.022535962139209487
47.0	0.014861856750032737
48.0	0.05538824145606914
49.0	0.015563328906264615
50.0	0.027797003310948577
51.0	0.020108868478647186
52.0	0.010615611964309097
53.0	0.02131540058736602
54.0	0.0019547690753661685
55.0	0.005513571147982566
56.0	0.013945266465889746
57.0	0.0010568847153893638
58.0	0.0020623281393217234
59.0	0.002356946444939112
60.0	6.172954974840532E-4
61.0	0.0010288258291400888
62.0	0.0012439439570511982
63.0	4.7700106623767746E-4
64.0	4.910305093623151E-4
65.0	3.741184833236686E-5
66.0	6.079425354009615E-5
67.0	2.338240520772929E-5
68.0	0.0
69.0	0.0
70.0	0.0
71.0	0.0
72.0	0.0
73.0	0.0
74.0	0.0
75.0	4.676481041545858E-6
76.0	0.0
77.0	0.0
78.0	0.0
79.0	0.0
80.0	0.0
81.0	0.0
82.0	0.0
83.0	0.0
84.0	0.0
85.0	0.0
86.0	0.0
87.0	0.0
88.0	0.0
89.0	0.0
90.0	0.0
91.0	0.0
92.0	0.0
93.0	0.0
94.0	0.0
95.0	0.0
96.0	0.0
97.0	0.0
98.0	0.0
99.0	0.0
100.0	1.870592416618343E-5
