#Read position (bp)	Clipping profile
0.0	33.14280509188623
1.0	0.9211395258807187
2.0	0.7970304921093981
3.0	0.7355452827181017
4.0	0.7025254480449981
5.0	0.6592580784733449
6.0	0.6399016236649739
7.0	0.6330699337326077
8.0	0.6182679388791473
9.0	0.608020403980598
10.0	0.5806936442511329
11.0	0.5727233393300389
12.0	0.5613371894427619
13.0	0.5545054995103955
14.0	0.5340104297132967
15.0	0.5192084348598365
16.0	0.49529752009655453
17.0	0.46569353038963407
18.0	0.43836677066016894
19.0	0.422426160817981
20.0	0.39851524605469907
21.0	0.38826771115614966
22.0	0.3757429462801448
23.0	0.35752510646050145
24.0	0.3393072666408581
25.0	0.3336141916972195
26.0	0.3245052717873978
27.0	0.3188121968437593
28.0	0.304010201990299
29.0	0.30059435702411585
30.0	1.2103477330175574
31.0	0.9541593605538223
32.0	1.0350010247534898
33.0	1.311684467014324
34.0	1.579258989365336
35.0	0.5499510395554846
36.0	1.1306446838066178
37.0	2.145150638763009
38.0	1.164803133468449
39.0	1.3355953817776056
40.0	0.7116343679548198
41.0	0.7116343679548198
42.0	0.6774759182929884
43.0	1.1613872885022658
44.0	0.6296540887664245
45.0	0.7719809623573884
46.0	0.5203470498485643
47.0	0.9723772003734656
48.0	0.500990595040193
49.0	0.9177236809145355
50.0	1.2262883428597455
51.0	0.473663835310728
52.0	0.7947532621319426
53.0	1.1192585339193406
54.0	0.2231685377906315
55.0	0.8220800218614078
56.0	0.6900006831689932
57.0	0.1764853232527953
58.0	0.4087627809532484
59.0	0.8152483319290416
60.0	0.4987133650627377
61.0	0.5909411791496824
62.0	0.5954956391045931
63.0	0.3654954113815954
64.0	0.26074283241864593
65.0	1.124951608862979
66.0	0.22089130781317604
67.0	0.489604445152916
68.0	0.5943570241158654
69.0	0.4030697060096099
70.0	0.3973766310659713
71.0	0.1172773438389543
72.0	0.29148543711429414
73.0	0.3768815612688725
74.0	0.28123790221574474
75.0	0.18901008812880013
76.0	0.3598023364379569
77.0	0.022772299774554233
78.0	0.1081684239291326
79.0	0.11158426889531575
80.0	0.03643567963928677
81.0	0.04326736957165304
82.0	0.047821829526563886
83.0	0.05806936442511329
84.0	0.06262382438002413
85.0	0.07400997426730126
86.0	0.07742581923348439
87.0	0.08425750916585066
88.0	0.08539612415457837
89.0	0.0876733541320338
90.0	0.09222781408694464
91.0	0.09564365905312777
92.0	0.09905950401931092
93.0	0.10247534898549404
94.0	0.1070298089404049
95.0	0.11044565390658802
96.0	0.11386149887277117
97.0	0.12183180379386514
98.0	0.1275248787375037
99.0	0.13435656866986997
100.0	0.1377724136360531
101.0	0.14346548857969166
102.0	0.1480199485346025
103.0	0.15143579350078565
104.0	0.15371302347824106
105.0	0.15826748343315192
106.0	0.15940609842187964
107.0	0.15485163846696878
108.0	0.15826748343315192
109.0	0.16623778835424588
110.0	0.17420809327533987
111.0	0.1764853232527953
112.0	0.185594243162617
113.0	0.19356454808371096
114.0	0.1969803930498941
115.0	0.19925762302734953
116.0	0.2060893129597158
117.0	0.20950515792589894
118.0	0.2129210028920821
119.0	0.2231685377906315
120.0	0.22886161273427005
121.0	0.2356933026666363
122.0	0.24024776262154715
123.0	0.252772527497552
124.0	0.26074283241864593
125.0	0.26985175232846764
126.0	0.28123790221574474
127.0	0.2971785120579327
128.0	0.3074260469564821
129.0	0.3233666567986701
130.0	0.3336141916972195
131.0	0.35752510646050145
132.0	0.3802974062350557
133.0	0.3916835561223328
134.0	0.4053469359870654
135.0	0.41331724090815936
136.0	0.4190103158517979
137.0	0.42470339079543645
138.0	0.43836677066016894
139.0	0.44064400063762443
140.0	0.446337075581263
141.0	0.46569353038963407
142.0	0.4713866053332726
143.0	0.47707968027691117
144.0	0.4861886001867328
145.0	0.5203470498485643
146.0	0.5670302643864004
147.0	0.6057431740031426
148.0	0.651287773552251
149.0	0.6478719285860679
150.0	0.5044064400063762
