#GC Content (%)	Sample
1.0	0.0
2.0	0.0
3.0	0.0
4.0	0.0
5.0	0.0
6.0	0.0
7.0	0.0
8.0	0.0
9.0	0.0
10.0	0.0
11.0	0.0
12.0	0.0
13.0	6.9726254723953755E-6
14.0	5.5781003779163004E-5
15.0	4.880837830676763E-5
16.0	1.0458938208593064E-5
17.0	3.8349440098174565E-4
18.0	2.6844608068722197E-4
19.0	7.321256746015145E-5
20.0	0.003604847369228409
21.0	5.926731651536069E-4
22.0	9.203865623561896E-4
23.0	0.009189920372617106
24.0	0.0012550725850311677
25.0	0.015998689146411192
26.0	0.008405500006972625
27.0	0.004155684781547645
28.0	0.03582534967716744
29.0	0.012372923900765595
30.0	0.00686106346483705
31.0	0.06871522403045642
32.0	0.01677962319931947
33.0	0.010657658034556332
34.0	0.08303351043802032
35.0	0.021416419138462404
36.0	0.03620535776541299
37.0	0.08593412263453679
38.0	0.021311829756376466
39.0	0.0966510479856085
40.0	0.033186210935865795
41.0	0.014171861272643601
42.0	0.10239997768759847
43.0	0.027071218396575045
44.0	0.009503688518874898
45.0	0.07736476592896288
46.0	0.022758649541898508
47.0	0.012125395696495556
48.0	0.04729183226652163
49.0	0.014952795325551882
50.0	0.023637200351420324
51.0	0.01667503381723354
52.0	0.009963881800052993
53.0	0.018296169239565466
54.0	0.002060410827092834
55.0	0.0057314981383089995
56.0	0.013157344266410074
57.0	9.413044387733757E-4
58.0	0.0016455396114853087
59.0	0.002374178973350625
60.0	5.5781003779163E-4
61.0	0.0010598390718040973
62.0	0.0015444365421355753
63.0	3.242270844663849E-4
64.0	3.4514496088357114E-4
65.0	3.486312736197688E-5
66.0	3.137681462577919E-5
67.0	1.3945250944790751E-5
68.0	0.0
69.0	0.0
70.0	0.0
71.0	0.0
72.0	0.0
73.0	0.0
74.0	0.0
75.0	6.9726254723953755E-6
76.0	0.0
77.0	0.0
78.0	0.0
79.0	0.0
80.0	0.0
81.0	0.0
82.0	0.0
83.0	0.0
84.0	0.0
85.0	0.0
86.0	0.0
87.0	0.0
88.0	0.0
89.0	0.0
90.0	0.0
91.0	0.0
92.0	0.0
93.0	0.0
94.0	0.0
95.0	0.0
96.0	0.0
97.0	0.0
98.0	0.0
99.0	0.0
100.0	3.8349440098174566E-5
