#Position (bp)	mapping quality
38.0	48.261409095214844
113.0	17.200158622252435
188.0	17.97661618341583
263.0	18.636813297567176
338.0	25.296320770915827
413.0	28.94208145615492
488.0	29.254763320088852
563.0	28.6433493869909
638.0	33.187764355695045
713.0	41.22855165341534
788.0	43.52136432389992
863.0	40.06604489358183
938.0	36.67536508683427
1013.0	19.626238262190512
1088.0	8.395747059100795
1163.0	7.290822305427731
1238.0	8.380291425421229
1313.0	5.9729297096699945
1388.0	2.303566938422681
1463.0	2.024929480443079
1538.0	2.3090966517291736
1613.0	13.21339236514723
1688.0	20.633466464316513
1763.0	21.648804755256144
1838.0	20.57371007127628
1913.0	13.063950819809495
1988.0	1.7730461532270594
2063.0	0.6384830760477712
2138.0	0.8662678195787274
2213.0	5.194086607489075
2288.0	7.7723503256438
2363.0	7.121827331651316
2438.0	7.3743492769184735
2513.0	12.405566428748976
2588.0	17.764956969976026
2663.0	21.012806682348167
2738.0	20.765566704203728
2813.0	15.538038090390911
2888.0	6.205388378773754
2963.0	0.7559234295110827
3038.0	0.5720281781070315
3113.0	0.627392295471944
3188.0	0.460908322927659
3263.0	0.1999505765827278
3338.0	0.16401854291687046
3413.0	0.22401140446617812
3488.0	0.7497690248773794
3563.0	1.0004890264990354
3638.0	0.7213280584055709
3713.0	0.5944378402354018
3788.0	5.167726339660485
3863.0	9.828436576182908
3938.0	7.526283744272733
4013.0	7.5311896061620995
4088.0	7.513753926632572
4163.0	6.9628590275441065
4238.0	6.22648659406481
4313.0	5.494958248892472
4388.0	3.734793058161571
4463.0	1.696911233980777
4538.0	1.674744473366508
4613.0	1.4769200020579962
4688.0	1.5985337233182952
4763.0	1.8946860525220506
4838.0	2.1164655319900505
4913.0	2.5943893289737425
4988.0	2.312866786161699
5063.0	1.738410654519976
5138.0	1.830420089918955
5213.0	1.3339618692511406
5288.0	0.5312705591505894
5363.0	0.7041028222863137
5438.0	0.6314665869018995
5513.0	0.677312452210725
5588.0	0.6189537259583832
5663.0	0.37871698082557836
5738.0	0.28438336867604785
5813.0	0.27234789604830456
5888.0	0.3735609221112787
5963.0	0.3470787465701606
6038.0	0.2508666394572328
6113.0	0.27401347963894734
6188.0	0.8584655867288414
6263.0	1.452387677297353
6338.0	1.4502265989024856
6413.0	1.5016780033504318
6488.0	1.3131810770735592
6563.0	0.767310488426611
6638.0	0.6074780527006344
6713.0	1.0314994679644147
6788.0	2.6867696641361163
6863.0	3.2606320511243228
6938.0	3.089709770683009
7013.0	3.155545033896152
7088.0	2.7830176570537444
7163.0	2.4504176004727283
7238.0	2.396661023776474
7313.0	2.069878037939061
7388.0	0.8570259467724308
7463.0	0.10138225797126983
7538.0	0.10746730907711478
7613.0	0.2661348426186803
7688.0	1.0628607555634288
7763.0	1.4640388124299155
7838.0	1.3152093057168244
7913.0	1.2881676295689009
7988.0	0.9491629363059189
8063.0	0.5338142290074177
8138.0	0.45319049854155274
8213.0	0.5303698706608947
8288.0	0.6353836507310915
8363.0	0.43297144829413003
8438.0	0.2764548115245071
8513.0	0.3286030086468531
8588.0	0.4163478644719069
8663.0	0.6810983141305234
8738.0	0.7927564301662555
8813.0	0.7246655229347007
8888.0	1.0816088186834696
8963.0	1.999391643517294
9038.0	2.408967887350962
9113.0	2.4695755947430893
9188.0	2.0580149480853938
9263.0	0.996256566035312
9338.0	0.5362163789846124
9413.0	0.5255868952306376
9488.0	0.9796730012038369
9563.0	1.459342179333904
9638.0	1.470838638387844
9713.0	1.6253554986547951
9788.0	1.2741908284008883
9863.0	0.39024199347160715
9938.0	0.10824345858786377
10013.0	0.11601308022228632
10088.0	0.5729066018142692
10163.0	1.4169266676926673
10238.0	1.7397786315344685
10313.0	1.7065418556329517
10388.0	1.425302363662574
10463.0	0.6679460219869003
10538.0	0.3459178006118868
10613.0	0.3932362210910486
10688.0	0.6242513004557947
10763.0	0.7046702162458882
10838.0	0.538020259643479
10913.0	0.5870126493309689
10988.0	0.680093674915053
11063.0	0.6928395695586149
11138.0	0.55308306198536
11213.0	0.5279804892689149
11288.0	0.6901078741883819
11363.0	1.733568132181142
11438.0	2.1636524450274273
11513.0	1.8748080497752733
11588.0	3.3338743348559614
11663.0	4.828769333650545
11738.0	5.039411373026088
11813.0	5.016540966578131
11888.0	3.8407397601567888
11963.0	2.4171485156515806
12038.0	2.186102207950857
12113.0	2.224550184560853
12188.0	1.638317185464684
12263.0	0.5368150021206403
12338.0	0.23246748093362668
12413.0	0.2652076091788663
12488.0	0.29067249930260564
12563.0	0.26628686485138137
12638.0	0.22735033474245453
12713.0	0.44926031565666685
12788.0	0.9161707975134434
12863.0	1.0790461090134187
12938.0	1.0361580945692987
13013.0	2.006918739288138
13088.0	4.613594973659361
13163.0	6.411095838502881
13238.0	6.501445796323698
13313.0	2.3184349282282186
13388.0	0.654415129202666
13463.0	0.31854479556394505
13538.0	0.31190749708442905
13613.0	0.6103127991291984
13688.0	1.1282567263699383
13763.0	1.412028458831363
13838.0	1.4509078413250378
13913.0	1.035443125448
13988.0	0.5619547686491384
14063.0	0.4509862155060684
14138.0	0.41587941204332873
14213.0	0.46019296614575245
14288.0	0.43440952756303175
14363.0	0.36326728203589587
14438.0	0.3823734706530205
14513.0	0.34371530364280667
14588.0	0.27337229721208023
14663.0	0.20401363438049036
14738.0	0.15851562037791683
14813.0	0.1874179982318735
14888.0	0.13834481755447534
14963.0	0.039755255140505215
15038.0	0.04389943992244961
15113.0	0.05890162808838802
15188.0	0.2864085424647068
15263.0	0.6539558248817993
15338.0	0.8095813583839071
15413.0	0.8452964664535042
15488.0	0.8404063610824692
15563.0	0.9552242776977921
15638.0	1.1134465060337637
15713.0	1.07751011299803
15788.0	0.8341302261317173
15863.0	0.48982273418400096
15938.0	0.26345224899840297
16013.0	0.24575686614576708
16088.0	0.2639107769708293
16163.0	0.342378466999206
16238.0	0.33630817899746557
16313.0	0.25029371023107166
16388.0	0.25071326050998016
16463.0	1.0093924984082139
16538.0	1.8387403957143367
16613.0	2.184070357922602
16688.0	2.238597696491117
16763.0	1.885274152522088
16838.0	1.5026899965831357
16913.0	1.5799886453396526
16988.0	1.7520755576830753
17063.0	2.1970418926305952
17138.0	3.32871137792975
17213.0	3.9480044836992003
17288.0	3.7263357736119436
17363.0	2.7649331421963756
17438.0	1.420107197289079
17513.0	0.5921565993915539
17588.0	0.4808853379470845
17663.0	0.420288971745215
17738.0	0.3184478773105595
17813.0	0.20543116560296476
17888.0	0.17720489912501328
17963.0	0.2509541274330167
18038.0	0.3451477331050957
18113.0	0.32596253357491756
18188.0	0.3307980654986027
18263.0	0.5072700661678908
18338.0	0.8282303074820875
18413.0	1.0658890621419903
18488.0	1.1367194784144434
18563.0	1.061257913517987
18638.0	0.9209326741838657
18713.0	0.8764213916160306
18788.0	0.7460150455670007
18863.0	0.5518294362172277
18938.0	0.339059206710914
19013.0	0.10496122155153186
19088.0	0.09144980122745029
19163.0	0.10723545031692917
19238.0	0.3439322757261734
19313.0	0.6059988895933894
19388.0	0.6150219612656238
19463.0	0.5729328485104519
19538.0	0.3877750700946948
19613.0	0.10718199487961626
19688.0	0.012268698896233894
19763.0	0.011519489857180439
19838.0	0.05716559720857488
19913.0	0.22873159579817665
19988.0	0.3094039524581401
20063.0	0.2586364894761042
20138.0	0.2734275514686832
20213.0	0.373775336087421
20288.0	0.3419959672847428
20363.0	0.3092694927187644
20438.0	0.3483382391279337
20513.0	0.5471177764779517
20588.0	0.5408926810577256
20663.0	0.40350821620106686
20738.0	0.4046127151068458
20813.0	0.29492874915111306
20888.0	0.09341599621995797
20963.0	0.011472312064578745
21038.0	0.006754871694276591
21113.0	0.15833607780385603
21188.0	0.2506072197578172
21263.0	0.2203324955453785
21338.0	0.28083400973107875
21413.0	0.5184589992204568
21488.0	0.6600304801958748
21563.0	0.7218718617002772
21638.0	0.7476227569890391
21713.0	0.6029553770375394
21788.0	0.44620183361945537
21863.0	0.37847542111824733
21938.0	0.31514192179012124
22013.0	0.253648217710226
22088.0	0.16836006761630254
22163.0	0.1344103971863739
22238.0	0.1497620340773026
22313.0	0.0942297772744801
22388.0	0.01273212527684666
22463.0	0.010900297881502494
22538.0	0.031186672300477804
22613.0	0.04284998965076815
22688.0	0.02928128432045398
22763.0	0.034361519315108516
22838.0	0.17197681643126916
22913.0	0.22380501909075148
22988.0	0.19093616007467834
23063.0	0.23908521762982343
23138.0	0.4858148816905436
23213.0	0.9189064316367506
23288.0	1.1128997831660996
23363.0	1.0341624971620795
23438.0	0.8146744021203642
23513.0	0.488188870050065
23588.0	0.35101460801499446
23663.0	0.2874278723277413
23738.0	0.23908133430639592
23813.0	0.25973847192318594
23888.0	0.2910727339452581
23963.0	0.2954548518826435
24038.0	0.3752481029902581
24113.0	0.7130038292830685
24188.0	1.1123220692861222
24263.0	1.2011871779753427
24338.0	1.1700776994966058
24413.0	0.8234793932561111
24488.0	0.4274868912104147
24563.0	0.4601444777588709
24638.0	0.5356241938738021
24713.0	0.7494815284400015
24788.0	1.2462975333328368
24863.0	1.5692478485634687
24938.0	1.4825784533063127
25013.0	0.8721913985094254
25088.0	0.17072935713718865
25163.0	0.05912216688748108
25238.0	0.049770667141608396
25313.0	0.2671359123584686
25388.0	0.560631380347916
25463.0	0.6604531476878438
25538.0	0.6556059323062071
25613.0	0.470789274923935
25688.0	0.20661492276517923
25763.0	0.16957256051350772
25838.0	0.16634130897407223
25913.0	0.3067841818290242
25988.0	0.5564666130265848
26063.0	0.6399521553497743
26138.0	0.6540215423031512
26213.0	0.6163894436590922
26288.0	0.36817807116874324
26363.0	0.12124233892933844
26438.0	0.12375807416299939
26513.0	0.135734011373427
26588.0	0.2320271618854118
26663.0	0.29938877728630153
26738.0	0.321706808247181
26813.0	0.35930207698840483
26888.0	0.5441447129816152
26963.0	0.7117265060912709
27038.0	0.7293313101235552
27113.0	0.7243857394913703
27188.0	0.9008607306364702
27263.0	0.9629775321947055
27338.0	0.9233683061159892
27413.0	0.9997447890501538
27488.0	1.1594381150100428
27563.0	1.1386028394621637
27638.0	1.022000540655136
27713.0	1.06076682711454
27788.0	0.8257918864952544
27863.0	0.4530232634099648
27938.0	0.446626054640914
28013.0	0.5058458322640623
28088.0	0.6127618058977892
28163.0	0.8828129859736469
28238.0	1.099128494727706
28313.0	1.2945917316922095
28388.0	1.272091382250704
28463.0	1.3538382411691945
28538.0	1.5422609950483968
28613.0	1.4719025991691554
28688.0	1.0528721565306156
28763.0	0.491306685081413
28838.0	0.23602580569121917
28913.0	0.2386190070727532
28988.0	0.8790696840777326
29063.0	2.1785948995274307
29138.0	3.399619888651298
29213.0	5.438393152854416
29288.0	5.002204714416427
29363.0	5.18653049151133
29438.0	8.169970359375375
29513.0	10.224516806586402
29588.0	13.685582832062178
29663.0	17.827883166193264
29738.0	15.85052419124141
29813.0	11.580353685761386
29877.0	9.138878487365893
