#Position (bp)	insert size
38.0	5695.365801786474
113.0	228.59174311926606
188.0	193.18886861313868
263.0	161.13355048859935
338.0	203.02912621359224
413.0	222.5785123966942
488.0	233.58441558441558
563.0	234.91666666666666
638.0	234.140350877193
713.0	233.08130081300814
788.0	210.9126984126984
863.0	155.16037735849056
938.0	207.1315789473684
1013.0	268.57142857142856
1088.0	210.42857142857142
1163.0	183.44444444444446
1238.0	211.47058823529412
1313.0	1268.0
1388.0	197.5
1463.0	235.25
1538.0	266.6666666666667
1613.0	245.57729468599032
1688.0	237.04761904761904
1763.0	186.2051282051282
1838.0	33.812159141707646
1913.0	80.43606998654106
1988.0	240.64227642276424
2063.0	190.13223140495867
2138.0	169.63888888888889
2213.0	264.8095238095238
2288.0	280.83870967741933
2363.0	245.26315789473685
2438.0	240.38888888888889
2513.0	268.48148148148147
2588.0	196.5
2663.0	207.5185185185185
2738.0	152.0
2813.0	229.8639240506329
2888.0	25.95615166365747
2963.0	203.1140350877193
3038.0	154.72222222222223
3113.0	206.19444444444446
3188.0	873.78125
3263.0	212.46666666666667
3338.0	200.5625
3413.0	206.22222222222223
3488.0	197.0
3563.0	212.77777777777777
3638.0	232.41666666666666
3713.0	237.0
3788.0	253.2578125
3863.0	302.93220338983053
3938.0	194.24663677130044
4013.0	149.79005524861878
4088.0	174.87544483985766
4163.0	28.118373648996396
4238.0	160.03125
4313.0	84.03807476778998
4388.0	210.015873015873
4463.0	201.27586206896552
4538.0	146.8
4613.0	90.83333333333333
4688.0	24.636413945766463
4763.0	249.8
4838.0	153.71428571428572
4913.0	205.0
4988.0	239.33333333333334
5063.0	250.0
5138.0	215.4
5213.0	256.2
5288.0	241.24
5363.0	251.125
5438.0	221.33333333333334
5513.0	195.36363636363637
5588.0	214.56603773584905
5663.0	260.0952380952381
5738.0	217.65
5813.0	230.45833333333334
5888.0	251.0102564102564
5963.0	238.95454545454547
6038.0	222.23529411764707
6113.0	201.9787234042553
6188.0	185.50043029259896
6263.0	214.8799019607843
6338.0	177.32338787295475
6413.0	153.61363636363637
6488.0	1096.8636363636363
6563.0	348.6
6638.0	212.0
6713.0	206.8
6788.0	188.0
6863.0	251.5
6938.0	168.5
7013.0	216.875
7088.0	201.7
7163.0	268.6666666666667
7238.0	134.66666666666666
7313.0	287.8333333333333
7388.0	287.5
7463.0	215.66666666666666
7538.0	140.6
7613.0	219.0
7688.0	217.5
7763.0	234.5
7838.0	0.0
7913.0	253.51612903225808
7988.0	217.13333333333333
8063.0	220.66666666666666
8138.0	191.92857142857142
8213.0	134.5
8288.0	257.8
8363.0	217.0
8438.0	0.0
8513.0	175.66666666666666
8588.0	221.5
8663.0	0.0
8738.0	238.33333333333334
8813.0	172.66666666666666
8888.0	245.15079365079364
8963.0	209.86363636363637
9038.0	221.9
9113.0	231.5581395348837
9188.0	214.9142857142857
9263.0	220.3877551020408
9338.0	225.97435897435898
9413.0	192.04
9488.0	228.08620689655172
9563.0	219.53846153846155
9638.0	200.32142857142858
9713.0	153.0
9788.0	122.88888888888889
9863.0	32.273381294964025
9938.0	228.0
10013.0	215.28571428571428
10088.0	0.0
10163.0	270.6
10238.0	210.8
10313.0	147.5
10388.0	216.7826086956522
10463.0	237.06451612903226
10538.0	214.15151515151516
10613.0	215.21428571428572
10688.0	22.058107028753994
10763.0	250.72727272727272
10838.0	217.0
10913.0	245.63636363636363
10988.0	240.66011787819252
11063.0	234.1242774566474
11138.0	209.95584988962472
11213.0	179.6246913580247
11288.0	145.80975609756098
11363.0	231.01923076923077
11438.0	218.95238095238096
11513.0	218.26315789473685
11588.0	228.08133971291866
11663.0	216.42352941176472
11738.0	195.1638418079096
11813.0	157.2018348623853
11888.0	236.31879194630872
11963.0	233.6818181818182
12038.0	195.34583333333333
12113.0	145.37062937062936
12188.0	149.0
12263.0	187.33333333333334
12338.0	143.5
12413.0	241.03333333333333
12488.0	221.55223880597015
12563.0	274.70588235294116
12638.0	281.5
12713.0	288.890625
12788.0	222.45833333333334
12863.0	229.15384615384616
12938.0	183.8421052631579
13013.0	250.9298245614035
13088.0	220.75862068965517
13163.0	194.95652173913044
13238.0	139.04
13313.0	449.19354838709677
13388.0	196.05
13463.0	232.88235294117646
13538.0	205.0625
13613.0	229.71428571428572
13688.0	213.83333333333334
13763.0	208.92307692307693
13838.0	205.125
13913.0	239.35392320534223
13988.0	59.41440922190202
14063.0	214.76268115942028
14138.0	170.7900432900433
14213.0	211.93413173652695
14288.0	238.88333333333333
14363.0	216.4188034188034
14438.0	224.16
14513.0	245.71176470588236
14588.0	32.01719497607655
14663.0	239.0921658986175
14738.0	180.1290322580645
14813.0	132.95238095238096
14888.0	243.27272727272728
14963.0	336.2
15038.0	158.33333333333334
15113.0	215.0
15188.0	248.5
15263.0	205.1818181818182
15338.0	493.54545454545456
15413.0	165.875
15488.0	238.32208157524613
15563.0	227.6153846153846
15638.0	210.675
15713.0	169.56637168141592
15788.0	167.51063829787233
15863.0	213.7477288609364
15938.0	213.2127659574468
16013.0	178.92012779552715
16088.0	134.7280701754386
16163.0	748.3076923076923
16238.0	257.09090909090907
16313.0	192.3684210526316
16388.0	157.66666666666666
16463.0	230.75
16538.0	237.6
16613.0	231.6
16688.0	144.8
16763.0	216.33333333333334
16838.0	562.0
16913.0	238.0
16988.0	140.0
17063.0	291.3333333333333
17138.0	842.4285714285714
17213.0	229.28571428571428
17288.0	158.85714285714286
17363.0	239.5
17438.0	219.66666666666666
17513.0	168.0
17588.0	247.0
17663.0	224.66666666666666
17738.0	246.75
17813.0	231.0
17888.0	171.0
17963.0	101.0
18038.0	226.5
18113.0	194.33333333333334
18188.0	133.66666666666666
18263.0	0.0
18338.0	185.0
18413.0	167.5
18488.0	293.6666666666667
18563.0	413.0
18638.0	258.05555555555554
18713.0	721.8
18788.0	228.6153846153846
18863.0	236.9025270758123
18938.0	244.55778894472363
19013.0	231.6296875
19088.0	191.96470588235294
19163.0	142.30249110320284
19238.0	166.93333333333334
19313.0	273.0
19388.0	211.0
19463.0	308.6666666666667
19538.0	241.69056327724945
19613.0	42.051062897216745
19688.0	211.94573643410854
19763.0	167.4739336492891
19838.0	134.24705882352941
19913.0	454.42857142857144
19988.0	262.0
20063.0	212.5
20138.0	198.08333333333334
20213.0	255.49137931034483
20288.0	257.72549019607845
20363.0	208.62820512820514
20438.0	219.91044776119404
20513.0	228.4878048780488
20588.0	229.71830985915494
20663.0	217.07142857142858
20738.0	228.95890410958904
20813.0	243.681240063593
20888.0	45.965221318879856
20963.0	197.93064516129033
21038.0	176.22797927461139
21113.0	234.8944099378882
21188.0	245.4090909090909
21263.0	231.6015625
21338.0	239.67814371257484
21413.0	242.4731182795699
21488.0	215.2048710601719
21563.0	178.8783783783784
21638.0	183.88070175438597
21713.0	292.7450980392157
21788.0	238.59615384615384
21863.0	232.90769230769232
21938.0	260.53913043478263
22013.0	240.0188679245283
22088.0	222.4915254237288
22163.0	175.40404040404042
22238.0	135.23076923076923
22313.0	231.16666666666666
22388.0	197.88888888888889
22463.0	200.1818181818182
22538.0	257.88290513833994
22613.0	240.18962962962962
22688.0	229.5355249204666
22763.0	58.42276247848537
22838.0	234.48377581120943
22913.0	233.51566579634465
22988.0	231.97092084006462
23063.0	230.3931240657698
23138.0	231.58924570575056
23213.0	219.6649180327869
23288.0	193.45191489361702
23363.0	156.5406162464986
23438.0	110.67164179104478
23513.0	2784.25
23588.0	248.75
23663.0	162.4
23738.0	192.5
23813.0	0.0
23888.0	0.0
23963.0	0.0
24038.0	0.0
24113.0	37.75
24188.0	272.0
24263.0	219.0
24338.0	0.0
24413.0	242.0
24488.0	361.0
24563.0	176.0
24638.0	0.0
24713.0	233.15735461801597
24788.0	225.352
24863.0	191.5770171149144
24938.0	149.9655172413793
25013.0	286.54901960784315
25088.0	235.66666666666666
25163.0	287.3
25238.0	249.8695652173913
25313.0	243.17073170731706
25388.0	215.95714285714286
25463.0	186.32258064516128
25538.0	197.8153846153846
25613.0	31.535652603010117
25688.0	223.64285714285714
25763.0	203.0681818181818
25838.0	151.47272727272727
25913.0	252.84375
25988.0	199.4
26063.0	236.85714285714286
26138.0	184.0
26213.0	195.44444444444446
26288.0	257.75
26363.0	258.0
26438.0	215.6
26513.0	253.40298507462686
26588.0	197.0
26663.0	207.42105263157896
26738.0	171.44827586206895
26813.0	238.2103448275862
26888.0	246.4298245614035
26963.0	224.15873015873015
27038.0	173.8881118881119
27113.0	212.0
27188.0	249.5839416058394
27263.0	236.70731707317074
27338.0	197.18421052631578
27413.0	195.25
27488.0	232.7
27563.0	246.4
27638.0	274.1
27713.0	151.0
27788.0	442.0
27863.0	219.55555555555554
27938.0	175.0
28013.0	203.875
28088.0	233.73856707317074
28163.0	230.53422370617696
28238.0	202.4348508634223
28313.0	153.0048426150121
28388.0	189.26666666666668
28463.0	194.66666666666666
28538.0	223.75
28613.0	210.66666666666666
28688.0	231.17078651685392
28763.0	239.36296296296297
28838.0	203.02898550724638
28913.0	152.8842105263158
28988.0	187.52173913043478
29063.0	235.875
29138.0	187.86666666666667
29213.0	195.54545454545453
29288.0	209.52380952380952
29363.0	264.0
29438.0	203.25
29513.0	186.76923076923077
29588.0	105.0
29663.0	0.0
29738.0	0.0
29813.0	0.0
29877.0	0.0
