#GC Content (%)	Sample
1.0	0.0
2.0	0.0
3.0	0.0
4.0	0.0
5.0	0.0
6.0	0.0
7.0	0.0
8.0	0.0
9.0	0.0
10.0	0.0
11.0	0.0
12.0	0.0
13.0	0.0
14.0	0.0
15.0	0.0
16.0	0.0
17.0	0.0
18.0	0.0
19.0	0.0
20.0	0.0
21.0	0.0
22.0	0.0
23.0	2.99356383774884E-4
24.0	0.0014967819188744201
25.0	0.0034425984134111662
26.0	0.0017961383026493041
27.0	0.0034425984134111662
28.0	0.0067355186349348905
29.0	0.0067355186349348905
30.0	0.01586588834006885
31.0	0.031133063912587935
32.0	0.0327795240233498
33.0	0.047447986828319126
34.0	0.062415806017063306
35.0	0.06870229007633587
36.0	0.06481065708726239
37.0	0.07214488848974704
38.0	0.0709474629546475
39.0	0.0730429576410717
40.0	0.05403382727136656
41.0	0.06241580601706332
42.0	0.05837449483610238
43.0	0.04101182457715911
44.0	0.04161053734470888
45.0	0.03547373147732375
46.0	0.02888789103427631
47.0	0.01930848675348002
48.0	0.0196078431372549
49.0	0.014518784613081875
50.0	0.016913635683280945
51.0	0.015267175572519083
52.0	0.011674898967220477
53.0	0.005388414907947912
54.0	0.00449034575662326
55.0	0.0032929202215237242
56.0	0.0034425984134111662
57.0	7.483909594372101E-4
58.0	2.99356383774884E-4
59.0	0.0
60.0	0.0
61.0	0.0
62.0	0.0
63.0	0.0
64.0	0.0
65.0	0.0
66.0	0.0
67.0	0.0
68.0	0.0
69.0	0.0
70.0	0.0
71.0	0.0
72.0	0.0
73.0	0.0
74.0	0.0
75.0	0.0
76.0	0.0
77.0	0.0
78.0	0.0
79.0	0.0
80.0	0.0
81.0	0.0
82.0	0.0
83.0	0.0
84.0	0.0
85.0	0.0
86.0	0.0
87.0	0.0
88.0	0.0
89.0	0.0
90.0	0.0
91.0	0.0
92.0	0.0
93.0	0.0
94.0	0.0
95.0	0.0
96.0	0.0
97.0	0.0
98.0	0.0
99.0	0.0
100.0	0.0
