#Read position (bp)	Clipping profile
0.0	1.06820908664873
1.0	1.0242391840202825
2.0	1.01456932732174
3.0	1.002196810754167
4.0	0.989066324421625
5.0	0.9758056816647955
6.0	0.9628436330578024
7.0	0.9409620412569832
8.0	0.9243938940711988
9.0	0.9100230935777988
10.0	0.8914490062059349
11.0	0.8698430397741954
12.0	0.8558627085536582
13.0	0.8439036300397046
14.0	0.8310564253364945
15.0	0.818515471043373
16.0	0.8030498253339067
17.0	0.7900418391654002
18.0	0.7741168178408013
19.0	0.7636889913772901
20.0	0.7584138280635166
21.0	0.7559408560020525
22.0	0.7538277281724423
23.0	0.7515921001787966
24.0	0.74931819088389
25.0	0.7498081915400314
26.0	0.7534831964610927
27.0	0.7603049243458128
28.0	0.7637425851990555
29.0	0.7627319588457636
30.0	0.7733665043360847
31.0	0.7745838497161862
32.0	0.7757935388360355
33.0	0.7857773022049187
34.0	0.7825463603784857
35.0	0.7912438720249974
36.0	0.7917032476401301
37.0	0.791848716584922
38.0	0.7948040330422755
39.0	0.7959448158198549
40.0	0.7992523202488101
41.0	0.8007376347377391
42.0	0.8054768598338578
43.0	0.8076435814852333
44.0	0.8112879613652858
45.0	0.815399373120723
46.0	0.8192734408083417
47.0	0.8234690714265535
48.0	0.827626420743504
49.0	0.8286600158775526
50.0	0.8283384529469596
51.0	0.825957356008522
52.0	0.8239896971237038
53.0	0.8193729721916206
54.0	0.815973592639639
55.0	0.8139370274125507
56.0	0.8118545246239494
57.0	0.8096342091508082
58.0	0.8067784240767335
59.0	0.8039226390026587
60.0	0.7986934132503987
61.0	0.7955390340264876
62.0	0.7894369946054756
63.0	0.7838172995803527
64.0	0.7813137024778797
65.0	0.7783660422807784
66.0	0.7754413508644339
67.0	0.7693622802241783
68.0	0.7649752430996615
69.0	0.7598761737716889
70.0	0.7551292924153181
71.0	0.7488511590085051
72.0	0.7427261508067363
73.0	0.7366700489472374
74.0	0.7290826950372963
75.0	0.7235778439159566
76.0	0.7175983046589798
77.0	0.7105851702679545
78.0	0.7061062580204112
79.0	0.7004406254337749
80.0	0.6921029580191173
81.0	0.6851893550113707
82.0	0.6774565321566376
83.0	0.6696854280006435
84.0	0.6625344809250784
85.0	0.6550313458779116
86.0	0.6477502423780589
87.0	0.6424597665437811
88.0	0.6362428832189858
89.0	0.628594279227027
90.0	0.6233497409542624
91.0	0.6170562950269451
92.0	0.609759879006588
93.0	0.6029075260808592
94.0	0.5941717331330864
95.0	0.5863929727168401
96.0	0.5792649944220316
97.0	0.5719456096209179
98.0	0.5654607571872952
99.0	0.5598410621621722
100.0	0.5527666776891293
101.0	0.5442146349874097
102.0	0.5376072823897516
103.0	0.5303950852321688
104.0	0.5237647638537541
105.0	0.5165831917371801
106.0	0.5095164635243894
107.0	0.5033837990623684
108.0	0.498613948925241
109.0	0.4924200343812023
110.0	0.48650940146649535
111.0	0.48039970578523106
112.0	0.47543844914179834
113.0	0.4691450032144808
114.0	0.46367077713414995
115.0	0.4584185826011332
116.0	0.45480482776208964
117.0	0.452638106110714
118.0	0.4488865385871306
119.0	0.4453570026108613
120.0	0.4418810604563575
121.0	0.43819074301479183
122.0	0.4338879247530492
123.0	0.4309479208162002
124.0	0.4275715100449752
125.0	0.4252210381475464
126.0	0.42351369211130335
127.0	0.4204665005309234
128.0	0.4195324367801536
129.0	0.4194482179173793
130.0	0.4188510296177068
131.0	0.4184682166050963
132.0	0.41900415482275105
133.0	0.41970087450570226
134.0	0.4203210315861313
135.0	0.4212397828163967
136.0	0.4219977525813655
137.0	0.4220360338826266
138.0	0.424769318792666
139.0	0.4258794765292366
140.0	0.42607088303554186
141.0	0.42659916499294437
142.0	0.42666807133521434
143.0	0.42526697570905964
144.0	0.424516662204343
145.0	0.42163025208925947
146.0	0.4179016533464327
147.0	0.40995445520463764
148.0	0.3926972445961541
149.0	0.347663121792649
150.0	0.1995833922546362
