#Position (bp)	Coverage
38.0	160.54666666666665
113.0	16.88
188.0	18.28
263.0	18.986666666666668
338.0	41.18666666666667
413.0	40.89333333333333
488.0	32.026666666666664
563.0	27.08
638.0	33.026666666666664
713.0	32.653333333333336
788.0	17.706666666666667
863.0	22.773333333333333
938.0	35.306666666666665
1013.0	65.4
1088.0	53.50666666666667
1163.0	56.373333333333335
1238.0	57.86666666666667
1313.0	62.6
1388.0	23.653333333333332
1463.0	26.093333333333334
1538.0	30.106666666666666
1613.0	58.013333333333335
1688.0	30.453333333333333
1763.0	27.426666666666666
1838.0	24.586666666666666
1913.0	46.24
1988.0	27.986666666666668
2063.0	30.253333333333334
2138.0	25.786666666666665
2213.0	35.96
2288.0	16.96
2363.0	13.773333333333333
2438.0	10.56
2513.0	26.08
2588.0	29.933333333333334
2663.0	27.546666666666667
2738.0	24.2
2813.0	31.533333333333335
2888.0	39.53333333333333
2963.0	27.69333333333333
3038.0	32.48
3113.0	29.906666666666666
3188.0	42.16
3263.0	23.746666666666666
3338.0	25.88
3413.0	22.2
3488.0	43.12
3563.0	28.92
3638.0	31.0
3713.0	24.333333333333332
3788.0	31.2
3863.0	17.52
3938.0	9.72
4013.0	9.413333333333334
4088.0	17.186666666666667
4163.0	13.8
4238.0	13.186666666666667
4313.0	21.56
4388.0	27.08
4463.0	17.733333333333334
4538.0	14.84
4613.0	18.626666666666665
4688.0	34.64
4763.0	28.226666666666667
4838.0	36.946666666666665
4913.0	34.08
4988.0	50.32
5063.0	24.253333333333334
5138.0	33.36
5213.0	24.88
5288.0	39.586666666666666
5363.0	21.0
5438.0	23.56
5513.0	17.573333333333334
5588.0	32.693333333333335
5663.0	19.946666666666665
5738.0	18.04
5813.0	14.333333333333334
5888.0	30.813333333333333
5963.0	30.69333333333333
6038.0	24.28
6113.0	19.733333333333334
6188.0	33.77333333333333
6263.0	29.533333333333335
6338.0	25.64
6413.0	20.32
6488.0	36.29333333333334
6563.0	30.986666666666668
6638.0	29.546666666666667
6713.0	35.61333333333334
6788.0	51.92
6863.0	41.74666666666667
6938.0	30.586666666666666
7013.0	31.4
7088.0	49.72
7163.0	32.13333333333333
7238.0	39.78666666666667
7313.0	36.21333333333333
7388.0	38.72
7463.0	16.85333333333333
7538.0	16.933333333333334
7613.0	18.586666666666666
7688.0	22.746666666666666
7763.0	14.466666666666667
7838.0	18.04
7913.0	16.4
7988.0	35.28
8063.0	22.053333333333335
8138.0	24.013333333333332
8213.0	21.32
8288.0	41.93333333333333
8363.0	25.653333333333332
8438.0	20.946666666666665
8513.0	20.413333333333334
8588.0	26.053333333333335
8663.0	17.173333333333332
8738.0	5.746666666666667
8813.0	7.88
8888.0	15.04
8963.0	26.64
9038.0	22.4
9113.0	19.533333333333335
9188.0	20.626666666666665
9263.0	28.866666666666667
9338.0	19.04
9413.0	23.293333333333333
9488.0	41.54666666666667
9563.0	50.89333333333333
9638.0	41.21333333333333
9713.0	40.986666666666665
9788.0	47.14666666666667
9863.0	32.48
9938.0	19.0
10013.0	20.413333333333334
10088.0	36.45333333333333
10163.0	38.0
10238.0	28.533333333333335
10313.0	26.506666666666668
10388.0	44.2
10463.0	36.52
10538.0	29.253333333333334
10613.0	24.986666666666668
10688.0	34.70666666666666
10763.0	28.386666666666667
10838.0	15.493333333333334
10913.0	18.48
10988.0	25.133333333333333
11063.0	34.53333333333333
11138.0	21.906666666666666
11213.0	20.733333333333334
11288.0	24.69333333333333
11363.0	33.733333333333334
11438.0	18.24
11513.0	20.773333333333333
11588.0	29.88
11663.0	27.85333333333333
11738.0	18.466666666666665
11813.0	18.69333333333333
11888.0	43.2
11963.0	38.50666666666667
12038.0	38.2
12113.0	36.89333333333333
12188.0	44.733333333333334
12263.0	28.373333333333335
12338.0	17.653333333333332
12413.0	24.906666666666666
12488.0	36.61333333333334
12563.0	30.72
12638.0	38.14666666666667
12713.0	33.18666666666667
12788.0	29.173333333333332
12863.0	11.88
12938.0	12.52
13013.0	22.546666666666667
13088.0	28.0
13163.0	22.133333333333333
13238.0	20.813333333333333
13313.0	33.61333333333334
13388.0	33.82666666666667
13463.0	32.08
13538.0	30.933333333333334
13613.0	30.213333333333335
13688.0	19.093333333333334
13763.0	7.426666666666667
13838.0	6.36
13913.0	15.52
13988.0	27.72
14063.0	26.613333333333333
14138.0	29.506666666666668
14213.0	40.68
14288.0	51.4
14363.0	40.306666666666665
14438.0	41.92
14513.0	37.76
14588.0	44.013333333333335
14663.0	23.52
14738.0	33.666666666666664
14813.0	24.30666666666667
14888.0	36.626666666666665
14963.0	18.666666666666668
15038.0	21.066666666666666
15113.0	18.973333333333333
15188.0	28.85333333333333
15263.0	19.85333333333333
15338.0	16.653333333333332
15413.0	14.226666666666667
15488.0	23.2
15563.0	24.906666666666666
15638.0	20.906666666666666
15713.0	24.69333333333333
15788.0	21.866666666666667
15863.0	33.64
15938.0	17.666666666666668
16013.0	20.6
16088.0	19.413333333333334
16163.0	48.6
16238.0	35.29333333333334
16313.0	39.57333333333333
16388.0	34.4
16463.0	55.18666666666667
16538.0	32.373333333333335
16613.0	29.586666666666666
16688.0	29.0
16763.0	44.77333333333333
16838.0	34.906666666666666
16913.0	20.666666666666668
16988.0	23.493333333333332
17063.0	33.22666666666667
17138.0	36.626666666666665
17213.0	19.346666666666668
17288.0	21.213333333333335
17363.0	22.426666666666666
17438.0	35.42666666666667
17513.0	25.586666666666666
17588.0	35.42666666666667
17663.0	34.653333333333336
17738.0	42.36
17813.0	22.973333333333333
17888.0	28.52
17963.0	31.533333333333335
18038.0	35.32
18113.0	21.44
18188.0	22.106666666666666
18263.0	29.186666666666667
18338.0	27.12
18413.0	15.6
18488.0	13.773333333333333
18563.0	18.56
18638.0	42.0
18713.0	30.826666666666668
18788.0	40.626666666666665
18863.0	30.8
18938.0	47.333333333333336
19013.0	22.226666666666667
19088.0	24.28
19163.0	20.826666666666668
19238.0	44.53333333333333
19313.0	32.906666666666666
19388.0	25.346666666666668
19463.0	19.373333333333335
19538.0	27.346666666666668
19613.0	27.92
19688.0	18.386666666666667
19763.0	20.346666666666668
19838.0	24.293333333333333
19913.0	41.56
19988.0	24.333333333333332
20063.0	23.333333333333332
20138.0	26.706666666666667
20213.0	62.373333333333335
20288.0	40.72
20363.0	39.24
20438.0	37.49333333333333
20513.0	59.04
20588.0	30.653333333333332
20663.0	19.746666666666666
20738.0	22.186666666666667
20813.0	37.24
20888.0	30.066666666666666
20963.0	28.16
21038.0	20.2
21113.0	47.16
21188.0	32.46666666666667
21263.0	36.13333333333333
21338.0	33.04
21413.0	54.96
21488.0	31.973333333333333
21563.0	39.24
21638.0	32.46666666666667
21713.0	40.373333333333335
21788.0	18.44
21863.0	20.226666666666667
21938.0	21.413333333333334
22013.0	40.88
22088.0	25.933333333333334
22163.0	30.413333333333334
22238.0	31.8
22313.0	62.29333333333334
22388.0	45.17333333333333
22463.0	55.53333333333333
22538.0	63.2
22613.0	70.85333333333334
22688.0	37.88
22763.0	34.18666666666667
22838.0	59.266666666666666
22913.0	44.2
22988.0	34.026666666666664
23063.0	35.413333333333334
23138.0	50.61333333333334
23213.0	33.10666666666667
23288.0	19.453333333333333
23363.0	15.6
23438.0	22.84
23513.0	26.88
23588.0	16.066666666666666
23663.0	20.32
23738.0	18.0
23813.0	20.68
23888.0	4.733333333333333
23963.0	6.32
24038.0	6.32
24113.0	14.986666666666666
24188.0	17.013333333333332
24263.0	17.16
24338.0	18.173333333333332
24413.0	27.85333333333333
24488.0	18.026666666666667
24563.0	17.213333333333335
24638.0	10.973333333333333
24713.0	41.78666666666667
24788.0	45.49333333333333
24863.0	44.24
24938.0	36.306666666666665
25013.0	53.93333333333333
25088.0	29.573333333333334
25163.0	17.88
25238.0	15.226666666666667
25313.0	31.093333333333334
25388.0	20.30666666666667
25463.0	22.506666666666668
25538.0	19.52
25613.0	19.773333333333333
25688.0	6.613333333333333
25763.0	1.8133333333333332
25838.0	2.013333333333333
25913.0	10.253333333333334
25988.0	15.2
26063.0	14.653333333333334
26138.0	15.906666666666666
26213.0	30.8
26288.0	32.346666666666664
26363.0	17.30666666666667
26438.0	18.986666666666668
26513.0	31.48
26588.0	43.38666666666666
26663.0	27.346666666666668
26738.0	28.013333333333332
26813.0	37.36
26888.0	56.346666666666664
26963.0	33.53333333333333
27038.0	41.026666666666664
27113.0	32.17333333333333
27188.0	57.82666666666667
27263.0	36.8
27338.0	44.56
27413.0	42.586666666666666
27488.0	69.01333333333334
27563.0	36.36
27638.0	36.653333333333336
27713.0	35.2
27788.0	44.44
27863.0	31.4
27938.0	21.573333333333334
28013.0	23.946666666666665
28088.0	39.76
28163.0	50.64
28238.0	42.81333333333333
28313.0	54.96
28388.0	52.053333333333335
28463.0	34.64
28538.0	19.493333333333332
28613.0	24.733333333333334
28688.0	27.24
28763.0	24.973333333333333
28838.0	13.173333333333334
28913.0	9.653333333333334
28988.0	21.626666666666665
29063.0	28.066666666666666
29138.0	22.453333333333333
29213.0	19.56
29288.0	23.666666666666668
29363.0	27.16
29438.0	15.773333333333333
29513.0	22.773333333333333
29588.0	26.333333333333332
29663.0	44.733333333333334
29738.0	39.81333333333333
29813.0	13.24
29877.0	4.018867924528302
