# Position (bp)	A	C	G	T	N
0.0	40.75665277332479	13.72875921769798	20.307790958640588	25.20679705033665	0.0
1.0	18.86139248621618	41.54378766508527	19.899987177843315	19.694832670855238	0.0
2.0	26.295941195270057	34.27932246724193	15.09747523170342	24.327261105784594	0.0
3.0	41.51834130781499	16.465709728867623	17.614035087719298	24.401913875598087	0.0
4.0	41.75109921621105	16.24928311986236	16.88650990887657	25.113107755050024	0.0
5.0	24.572119361201246	32.68435452058281	16.46624673919959	26.27727937901635	0.0
6.0	23.03045717555796	35.85553506708209	16.309531379156862	24.80447637820309	0.0
7.0	42.82175073052979	15.18231482657858	16.17964680472621	25.81628763816542	0.0
8.0	43.26691204467572	16.575707577103692	16.12514278461734	24.03223759360325	0.0
9.0	23.85268762677485	35.02789046653144	15.599645030425963	25.51977687626775	0.0
10.0	22.99068972069162	13.718411552346572	16.346823738045472	46.944074988916334	0.0
11.0	20.509417267096445	17.557830868411074	14.998103905953736	46.93464795853875	0.0
12.0	22.574132492113563	14.952681388012618	15.287066246056783	47.186119873817034	0.0
13.0	22.706407596051058	32.78626674212413	16.355404640633843	28.15192102119097	0.0
14.0	22.372052182639237	16.840190667335676	37.15504264927245	23.632714500752634	0.0
15.0	39.80164670658682	16.947355289421157	17.764471057884233	25.486526946107784	0.0
16.0	20.8901338313103	17.93962029256147	18.11391223155929	43.05633364456894	0.0
17.0	23.847633227867735	33.21546001613003	16.682176313667103	26.254730442335134	0.0
18.0	21.640034683512944	16.4870556174904	18.51851851851852	43.35439118047814	0.0
19.0	24.780674657111085	34.3630297788212	15.45162486099098	25.404670703076732	0.0
20.0	24.16810451072221	17.679319694355435	15.060389450332758	43.0921863445896	0.0
21.0	23.118544023610426	17.11141170683719	17.836940482046238	41.93310378750615	0.0
22.0	23.22271974483224	14.972704410231247	34.061215727166775	27.743360117769733	0.0
23.0	22.33170134638923	19.106487148102815	16.06487148102815	42.496940024479805	0.0
24.0	41.64530696936409	12.736482362992799	16.1418283900891	29.47638227755401	0.0
25.0	24.939128317506697	14.93791088385683	31.95763330898466	28.165327489651816	0.0
26.0	42.77987115594992	13.188282484502247	16.172359304728335	27.8594870548195	0.0
27.0	21.825131970147442	18.882349372004125	14.240640737819307	45.05187792002913	0.0
28.0	23.850766155896068	33.94100902428684	12.518926776088668	29.689298043728424	0.0
29.0	24.543696361658405	12.347395140819534	14.982473105282242	48.12643539223981	0.0
30.0	24.811021702023897	15.874177029992683	31.553279687881002	27.761521580102418	0.0
31.0	25.635983777805087	13.377166031707016	15.282044979722256	45.704805210765635	0.0
32.0	23.37356855462705	15.085112968121326	15.982667904673475	45.558650572578145	0.0
33.0	25.21060842433697	32.86739469578783	16.648985959438377	25.273010920436818	0.0
34.0	26.994288583443165	14.228331136634658	16.72629134500722	42.05108893491495	0.0
35.0	25.26182965299685	31.930599369085172	15.470031545741325	27.337539432176655	0.0
36.0	23.90216082631012	15.93688612888917	15.09410050060199	45.066852544198724	0.0
37.0	39.99617078307487	17.193183993873255	16.9315208373221	25.879124385729785	0.0
38.0	41.89492590929502	17.505933671178393	14.612868047982552	25.98627237154404	0.0
39.0	42.98829766599857	16.551367427426133	12.620417663412425	27.839917243162866	0.0
40.0	23.742036146144844	33.357170719022236	17.05239890781433	25.848394227018595	0.0
41.0	24.587143891045464	13.290348049213765	36.15369432199487	25.968813737745904	0.0
42.0	44.81594279661017	15.24761652542373	15.12844279661017	24.80799788135593	0.0
43.0	44.41849602989257	16.013878694868886	14.405818375925802	25.16180689931274	0.0
44.0	25.43298065907406	34.05215984904643	13.707123121504145	26.807736370375363	0.0
45.0	30.7721394539817	15.404976177871891	16.81161612342131	37.0112682447251	0.0
46.0	27.936193073807754	16.51376146788991	22.62170427308042	32.928341185221925	0.0
47.0	32.978363759296826	18.154158215010142	19.379648411088574	29.48782961460446	0.0
48.0	26.84255319148936	20.842553191489362	16.919148936170213	35.39574468085107	0.0
49.0	26.706155034766933	19.769937333676708	21.091939222250836	32.43196840930552	0.0
50.0	26.352228472522714	25.495456512332325	17.680657723929034	30.471657291215926	0.0
51.0	28.64260117122629	18.573551263001487	15.995105322961278	36.78874224281095	0.0
52.0	28.035572774500306	17.70714097032667	20.841771594611252	33.41551466056177	0.0
53.0	32.01208674013509	18.849982225382153	20.50302168503377	28.63490934944899	0.0
54.0	29.951430113329735	22.513041914013314	17.88091383342328	29.654614139233676	0.0
55.0	28.217642805495302	18.78163412870571	19.595083152566882	33.40563991323211	0.0
56.0	26.57469595207842	20.27591214376475	21.392267199128696	31.757124705028133	0.0
57.0	33.55594181685116	17.537279297411033	19.10163754459793	29.80514134113988	0.0
58.0	29.31956481652222	21.519454176654985	17.9881984141619	31.17278259266089	0.0
59.0	28.535657980153946	20.708522674580358	18.80738199016971	31.948437355095983	0.0
60.0	27.478277118564886	17.80809118938615	19.536578529384286	35.17705316266467	0.0
61.0	30.460959548447793	18.137347130761995	21.5898400752587	29.811853245531516	0.0
62.0	28.453510436432637	20.01897533206831	21.44212523719165	30.0853889943074	0.0
63.0	34.77470582607864	17.248636754998564	17.91830096622979	30.05835645269301	0.0
64.0	27.16952087742929	18.635751395035598	22.503367327304215	31.6913604002309	0.0
65.0	29.621747121988975	19.20286350004837	20.37341588468608	30.80197349327658	0.0
66.0	26.64979560054507	16.789955226786063	20.946077477126728	35.61417169554215	0.0
67.0	29.340141398271797	16.771406127258444	20.384917517674783	33.50353495679497	0.0
68.0	26.21704354695369	19.413449195220696	20.075046904315197	34.294460353510416	0.0
69.0	26.732574395845816	20.38146594767326	21.51987217894947	31.366087477531458	0.0
70.0	30.801603206412825	19.07815631262525	18.987975951903806	31.13226452905812	0.0
71.0	28.338368580060425	20.634441087613293	18.801611278952667	32.225579053373615	0.0
72.0	28.33417721518987	18.37974683544304	20.435443037974686	32.85063291139241	0.0
73.0	28.255778433968025	18.429895122696262	21.891864372263516	31.422462071072193	0.0
74.0	30.00817661488144	16.61896974652494	21.831561733442356	31.54129190515127	0.0
75.0	28.984463422162776	20.135816442020786	20.897211647288817	29.982508488527625	0.0
76.0	28.52408078715691	20.68358363542206	19.129984464008288	31.66235111341274	0.0
77.0	29.311243096801082	19.881212879024694	18.474523288527664	32.333020735646556	0.0
78.0	30.98326359832636	18.682008368200837	18.472803347280333	31.861924686192467	0.0
79.0	29.759898904802025	20.798230834035383	17.586352148272958	31.855518112889637	0.0
80.0	29.708532061473235	18.9613142554319	21.833598304186538	29.49655537890832	0.0
81.0	25.668335285972947	19.128767706891043	18.287357546064545	36.91553946107147	0.0
82.0	32.37840726884019	16.707642971672904	20.363442009620524	30.55050774986638	0.0
83.0	29.402937077929035	19.702004502090258	20.773930753564155	30.12112766641655	0.0
84.0	28.021978021978022	19.187675070028014	20.523594053005816	32.26675285498815	0.0
85.0	32.84324324324324	17.405405405405403	19.87027027027027	29.881081081081078	0.0
86.0	29.351016414827697	19.63256875747364	21.371888248722687	29.644526578975977	0.0
87.0	30.691988648766642	19.002401222440515	21.709233791748527	28.596376337044315	0.0
88.0	34.48921180096874	17.844561867018935	16.061206516952883	31.605019815059443	0.0
89.0	29.930317442760757	16.93396748147329	17.697157394093573	35.438557681672386	0.0
90.0	31.87215625346798	17.400954389080013	19.14326933747642	31.583620019975584	0.0
91.0	29.024716098864396	20.819416610999777	17.55733689601425	32.598530394121575	0.0
92.0	28.565017390328734	18.11960058341748	17.78301357567598	35.532368450577806	0.0
93.0	32.25806451612903	17.832167832167833	17.990074441687344	31.919693210015794	0.0
94.0	30.006804264005442	15.842594692674075	20.44681333635745	33.70378770696303	0.0
95.0	30.707853641855692	17.200501538812265	20.186937193662374	31.90470762566967	0.0
96.0	28.252404947320205	17.143838754008243	20.144296839212096	34.45945945945946	0.0
97.0	30.739120423670276	17.441860465116278	19.318443472254202	32.50057563895925	0.0
98.0	29.577464788732392	21.565458323712768	18.448395289771415	30.40868159778342	0.0
99.0	29.877201112140874	18.616774791473585	19.81000926784059	31.69601482854495	0.0
100.0	32.201610080504025	14.735736786839343	19.087621047719054	33.97503208493758	0.0
101.0	32.15547703180212	18.127208480565372	20.54181389870436	29.17550058892815	0.0
102.0	30.341070582662244	16.04689720511606	21.376125059213642	32.23590715300805	0.0
103.0	31.25520523497918	17.798929208804285	20.285544318857823	30.66032123735872	0.0
104.0	27.954545454545453	19.425837320574164	19.461722488038276	33.1578947368421	0.0
105.0	30.469782530337618	18.671152228763667	19.34398654331371	31.515078697585004	0.0
106.0	31.83851081832467	17.949957693702405	18.868608727184817	31.342922760788106	0.0
107.0	31.656337343541136	19.747235387045812	18.30113014947138	30.295297119941672	0.0
108.0	34.02981427174975	18.084066471163247	15.94574780058651	31.94037145650049	0.0
109.0	30.347708563705616	19.105541221280255	19.867305565794325	30.679444649219807	0.0
110.0	26.07942595570951	20.796733885933442	19.559569466782133	33.56427069157491	0.0
111.0	29.088421838079842	19.43788086058948	18.890685238154457	32.58301206317622	0.0
112.0	25.652228186243914	19.036325053052053	21.021095993009613	34.29035076769442	0.0
113.0	29.210526315789476	20.36340852130326	18.571428571428573	31.854636591478698	0.0
114.0	30.946678431866886	16.14773729988655	19.77814193873692	33.12744232950964	0.0
115.0	27.53844198754607	19.951709238785106	19.672131147540984	32.83771762612784	0.0
116.0	29.92598264420623	18.300153139356816	18.147013782542114	33.626850433894845	0.0
117.0	30.33952594490711	18.846893017296605	20.51249199231262	30.301089045483664	0.0
118.0	28.232869654817105	16.00978876867594	22.127769191138587	33.62957238536837	0.0
119.0	23.57734092084842	20.913088463528197	26.42265907915158	29.086911536471803	0.0
120.0	25.915346663204364	21.760581667099455	21.695663464035317	30.628408205660868	0.0
121.0	29.796663190823775	19.06934306569343	18.43065693430657	32.70333680917623	0.0
122.0	28.313253012048197	18.792561550550026	21.817705605028813	31.07647983237297	0.0
123.0	31.794264667192845	18.35043409629045	17.666403578005788	32.18889765851092	0.0
124.0	30.831347630394497	17.58009001853323	20.386550172094257	31.202012178978023	0.0
125.0	28.30490405117271	19.029850746268657	19.86940298507463	32.79584221748401	0.0
126.0	29.194630872483224	18.966442953020135	19.34228187919463	32.49664429530201	0.0
127.0	27.953074433656962	18.864617044228694	21.588457389428264	31.593851132686083	0.0
128.0	31.951219512195124	17.11382113821138	19.70189701897019	31.233062330623305	0.0
129.0	30.812210411556286	18.65630962115018	17.511583537748706	33.019896429544836	0.0
130.0	29.55604275143875	18.813373526993697	17.77199232666484	33.85859139490272	0.0
131.0	31.043046357615893	20.26766004415011	18.018763796909493	30.670529801324502	0.0
132.0	28.821567537520842	18.274041133963312	22.401334074485828	30.50305725403002	0.0
133.0	30.18867924528302	20.013976240391333	19.958071278825994	29.839273235499654	0.0
134.0	26.57765284609979	21.981728742094166	19.71890372452565	31.721714687280393	0.0
135.0	27.966101694915253	17.415254237288135	19.02542372881356	35.59322033898305	0.0
136.0	26.240227434257285	17.213930348258707	21.30774697938877	35.23809523809524	0.0
137.0	28.2652186338954	16.133180908831093	20.705915975993143	34.89568448128036	0.0
138.0	29.34329645063946	18.637735306796955	19.39933898548642	32.619629257077165	0.0
139.0	27.987831377661887	18.64406779661017	19.933362306243662	33.43473851948428	0.0
140.0	28.748722441232292	17.958826106000874	20.79135640239451	32.50109505037232	0.0
141.0	29.20653614014427	18.121595760341528	19.711467687325186	32.96040041218902	0.0
142.0	31.28060543107286	15.328683780976407	19.20166196765099	34.18904882029975	0.0
143.0	33.78277153558052	18.93632958801498	17.91760299625468	29.363295880149813	0.0
144.0	30.077004378680357	19.039710101162616	17.8921938698475	32.99109165030953	0.0
145.0	28.78880097382836	18.685331710286064	17.985392574558734	34.54047474132685	0.0
146.0	29.74091675609382	18.718381112984822	18.733711482446726	32.806990648474624	0.0
147.0	30.49119555143652	17.655236329935125	17.56255792400371	34.291010194624654	0.0
148.0	26.382846488502175	20.77377252952144	20.77377252952144	32.069608452454936	0.0
149.0	29.569976544175137	19.014855355746676	18.56137607505864	32.853792025019544	0.0
150.0	29.569046870084932	17.99307958477509	18.11890531613715	34.318968229002834	0.0
151.0	27.300126903553302	18.496192893401016	21.621192893401016	32.58248730964467	0.0
152.0	28.514249119436442	20.47710534742235	16.60262568043548	34.40601985270573	0.0
153.0	31.139854486661278	18.512530315278898	18.318512530315278	32.02910266774454	0.0
154.0	31.979778212654924	15.52511415525114	20.17286366601435	32.32224396607958	0.0
155.0	30.51488731699293	20.480342161539728	17.157427208422437	31.847343313044906	0.0
156.0	31.907840212166416	16.57550140891762	18.680590087850156	32.83606829106581	0.0
157.0	29.916527545909847	18.681135225375627	19.81636060100167	31.585976627712853	0.0
158.0	28.660488626790226	21.836562763268745	17.893850042123	31.609098567818027	0.0
159.0	35.59408465068842	13.955464898861125	17.8820329763726	32.56841747407785	0.0
160.0	26.262626262626267	20.356103406950865	23.249443588426637	30.131826741996232	0.0
161.0	29.76559806963116	19.63116166839021	20.510168907273354	30.093071354705277	0.0
162.0	29.72550382209868	18.988881167477416	19.840166782487838	31.44544822793607	0.0
163.0	29.590049053959355	18.167484232655923	16.713384723195514	35.52908199018921	0.0
164.0	28.672191853288666	16.505025568682772	22.764944454240872	32.05783812378769	0.0
165.0	30.351096061308148	17.43004811976475	20.47763322045981	31.741222598467296	0.0
166.0	29.305081702280482	20.183156760639253	20.075417489674987	30.436344047405278	0.0
167.0	27.020659659296847	20.17035157665821	22.000724900326205	30.80826386371874	0.0
168.0	27.380734783403398	18.881374520197404	19.72217144946079	34.0157192469384	0.0
169.0	26.89896755162242	19.561209439528024	20.88864306784661	32.65117994100295	0.0
170.0	30.98513011152416	16.765799256505577	18.438661710037174	33.81040892193308	0.0
171.0	30.477081384471465	18.596819457436855	16.37043966323667	34.55565949485501	0.0
172.0	30.130262412686427	19.50160468189541	17.59486501793468	32.773267887483485	0.0
173.0	28.148854961832058	18.33969465648855	19.484732824427482	34.02671755725191	0.0
174.0	28.593360199577816	19.900211091920937	18.88313183649971	32.62329687200153	0.0
175.0	27.37473399110079	19.15264074289031	21.95782549816212	31.514799767846778	0.0
176.0	29.1015625	19.765625	18.359375	32.7734375	0.0
177.0	28.35762111067349	21.681764474202442	18.196140212682156	31.764474202441907	0.0
178.0	27.870813397129186	19.457735247208934	20.833333333333336	31.838118022328548	0.0
179.0	24.618167202572348	19.05144694533762	24.577974276527332	31.7524115755627	0.0
180.0	30.80818310715009	16.58902167308082	19.971642697994735	32.63115252177436	0.0
181.0	29.494784209449787	20.147269380241358	18.285948046635305	32.07199836367355	0.0
182.0	32.44582043343654	17.007223942208462	19.649122807017545	30.897832817337463	0.0
183.0	27.05293872446853	23.07211338057524	20.466861192163403	29.40808670279283	0.0
184.0	28.166351606805296	19.93278722957362	20.121823146397816	31.77903801722327	0.0
185.0	26.850477200424177	21.42099681866384	23.414634146341466	28.31389183457052	0.0
186.0	30.599571734475372	18.54389721627409	21.7558886509636	29.100642398286936	0.0
187.0	30.99352051835853	20.19438444924406	17.127429805615552	31.684665226781856	0.0
188.0	28.49989113868931	18.767689962987156	20.335292836925756	32.39712606139778	0.0
189.0	29.85041794984602	18.147822261328642	19.643642762868456	32.358117025956886	0.0
190.0	31.504110197733837	16.818484781159743	18.618084870028884	33.059320151077536	0.0
191.0	26.699463327370303	21.958855098389982	19.230769230769234	32.11091234347048	0.0
192.0	33.03208314505196	18.187980117487573	20.040668775417984	28.739267962042476	0.0
193.0	29.84460694698355	18.510054844606945	21.937842778793417	29.70749542961609	0.0
194.0	28.153101222042885	19.829375144108834	24.23334101913765	27.78418261471063	0.0
195.0	28.11263672329532	18.757272515708635	20.083779380963463	33.046311380032584	0.0
196.0	30.29231494578029	18.34040546911834	22.135785007072137	29.23149457802923	0.0
197.0	28.106296384965283	19.03279865932487	23.198467799856356	29.662437155853482	0.0
198.0	26.362297496318117	23.343151693667156	20.446735395189002	29.847815414825725	0.0
199.0	27.497398543184183	23.15296566077003	19.536940686784597	29.812695109261185	0.0
200.0	28.161270616982286	15.363469761759315	21.533292608430056	34.94196701282834	0.0
201.0	31.17101937657961	18.028643639427127	17.31255265374895	33.48778433024432	0.0
202.0	36.452573373032756	16.035729476818375	16.503615482773288	31.008081667375585	0.0
203.0	34.291845493562235	16.652360515021456	21.50214592274678	27.553648068669528	0.0
204.0	33.08759757155247	16.34865568083261	23.590633130962708	26.97311361665221	0.0
205.0	33.78734622144112	16.827768014059753	24.253075571177504	25.13181019332162	0.0
206.0	31.366459627329192	19.920141969831413	20.67435669920142	28.039041703637977	0.0
207.0	28.50089766606822	23.967684021543985	15.350089766606823	32.18132854578097	0.0
208.0	29.43861250570516	16.293929712460063	20.401643085349157	33.86581469648562	0.0
209.0	26.00461893764434	21.755196304849886	19.72286374133949	32.517321016166285	0.0
210.0	27.40949694405266	16.737188528443816	17.959567465914432	37.893747061589096	0.0
211.0	30.49713193116635	19.21606118546845	20.697896749521988	29.58891013384321	0.0
212.0	27.334300919206576	17.900338655055638	24.625060474117078	30.140299951620708	0.0
213.0	27.643876045253318	21.200196753566157	17.707820954254796	33.448106246925725	0.0
214.0	31.046569854782174	24.036054081121684	17.97696544817226	26.940410615923888	0.0
215.0	31.199186991869922	22.408536585365855	17.276422764227643	29.115853658536583	0.0
216.0	30.01547189272821	17.225373904074264	18.824136152656006	33.935018050541515	0.0
217.0	26.94136291600634	17.485472794506073	24.98679344955098	30.58637083993661	0.0
218.0	25.343595382078064	19.571192963166574	18.196811434854315	36.888400219901044	0.0
219.0	17.687074829931973	22.820037105751393	24.737167594310453	34.75572047000618	0.0
220.0	0.0	32.739861523244315	24.530168150346192	42.72997032640949	0.0
