#GC Content (%)	Sample
1.0	0.0
2.0	0.0
3.0	0.0
4.0	0.0
5.0	0.0
6.0	0.0
7.0	0.0
8.0	0.0
9.0	0.0
10.0	0.0
11.0	0.0
12.0	0.0
13.0	0.0
14.0	5.577286315570295E-5
15.0	6.692743578684356E-5
16.0	3.718190877046864E-6
17.0	3.6066451507354584E-4
18.0	2.565551705162336E-4
19.0	8.923658104912473E-5
20.0	0.004041673483349941
21.0	7.510745571634666E-4
22.0	0.0010857117360976844
23.0	0.009767687434002111
24.0	0.001334830524859824
25.0	0.016809940955128874
26.0	0.008637357407379864
27.0	0.003945000520546723
28.0	0.03685470797328852
29.0	0.013154959322991806
30.0	0.007841664559691838
31.0	0.0714152921754391
32.0	0.017862188973333134
33.0	0.011013281377812812
34.0	0.08682347516992131
35.0	0.021275488198462155
36.0	0.03711126314380475
37.0	0.0885040974463465
38.0	0.024276068236238974
39.0	0.09848000356946324
40.0	0.03386900069901988
41.0	0.013809360917352053
42.0	0.10020524413641298
43.0	0.025421271026369412
44.0	0.01005398813153472
45.0	0.07539375641387926
46.0	0.020706604994273983
47.0	0.010782753543435906
48.0	0.04226467569939169
49.0	0.014262980204351771
50.0	0.020840459865847673
51.0	0.015687047310260722
52.0	0.009094694885256629
53.0	0.016914050299686186
54.0	0.0020152594553594005
55.0	0.005443431443996609
56.0	0.012660439936344572
57.0	8.774930469830599E-4
58.0	0.0016917768490563234
59.0	0.0022978419620149626
60.0	5.093921501554204E-4
61.0	0.0010262206820649345
62.0	0.0015690765501137766
63.0	3.346371789342178E-4
64.0	2.9745527016374914E-4
65.0	5.577286315570296E-5
66.0	3.7181908770468635E-5
67.0	1.859095438523432E-5
68.0	0.0
69.0	0.0
70.0	0.0
71.0	0.0
72.0	0.0
73.0	0.0
74.0	0.0
75.0	0.0
76.0	0.0
77.0	0.0
78.0	0.0
79.0	0.0
80.0	0.0
81.0	0.0
82.0	0.0
83.0	0.0
84.0	0.0
85.0	0.0
86.0	0.0
87.0	0.0
88.0	3.718190877046864E-6
89.0	0.0
90.0	3.718190877046864E-6
91.0	0.0
92.0	0.0
93.0	0.0
94.0	0.0
95.0	0.0
96.0	0.0
97.0	0.0
98.0	0.0
99.0	0.0
100.0	3.346371789342178E-5
