#Position (bp)	Coverage
38.0	2546.28
113.0	35.74666666666667
188.0	2.4266666666666667
263.0	2.506666666666667
338.0	6.36
413.0	21.44
488.0	25.093333333333334
563.0	31.2
638.0	20.826666666666668
713.0	11.013333333333334
788.0	7.0
863.0	12.52
938.0	16.48
1013.0	18.133333333333333
1088.0	8.186666666666667
1163.0	5.92
1238.0	9.72
1313.0	14.653333333333334
1388.0	12.386666666666667
1463.0	13.96
1538.0	14.24
1613.0	22.69333333333333
1688.0	10.133333333333333
1763.0	11.32
1838.0	13.533333333333333
1913.0	23.066666666666666
1988.0	11.973333333333333
2063.0	11.893333333333333
2138.0	13.866666666666667
2213.0	19.04
2288.0	9.973333333333333
2363.0	7.96
2438.0	7.733333333333333
2513.0	13.186666666666667
2588.0	11.906666666666666
2663.0	6.533333333333333
2738.0	7.8533333333333335
2813.0	10.053333333333333
2888.0	11.133333333333333
2963.0	4.386666666666667
3038.0	5.933333333333334
3113.0	4.533333333333333
3188.0	11.893333333333333
3263.0	9.0
3338.0	11.44
3413.0	8.973333333333333
3488.0	16.14666666666667
3563.0	10.52
3638.0	11.32
3713.0	11.906666666666666
3788.0	13.453333333333333
3863.0	9.453333333333333
3938.0	7.613333333333333
4013.0	9.053333333333333
4088.0	13.44
4163.0	10.826666666666666
4238.0	11.373333333333333
4313.0	12.92
4388.0	12.733333333333333
4463.0	5.493333333333333
4538.0	6.88
4613.0	7.28
4688.0	10.12
4763.0	7.0
4838.0	9.56
4913.0	8.106666666666667
4988.0	14.64
5063.0	9.0
5138.0	12.026666666666667
5213.0	8.0
5288.0	14.56
5363.0	7.0
5438.0	8.733333333333333
5513.0	7.693333333333333
5588.0	14.613333333333333
5663.0	9.866666666666667
5738.0	9.493333333333334
5813.0	7.826666666666667
5888.0	11.533333333333333
5963.0	8.84
6038.0	6.026666666666666
6113.0	6.933333333333334
6188.0	11.92
6263.0	10.76
6338.0	8.8
6413.0	7.1066666666666665
6488.0	12.213333333333333
6563.0	11.666666666666666
6638.0	7.48
6713.0	9.76
6788.0	11.733333333333333
6863.0	9.84
6938.0	5.88
7013.0	9.093333333333334
7088.0	10.306666666666667
7163.0	3.0
7238.0	4.946666666666666
7313.0	11.226666666666667
7388.0	14.32
7463.0	9.613333333333333
7538.0	11.933333333333334
7613.0	16.293333333333333
7688.0	15.653333333333334
7763.0	7.0
7838.0	9.053333333333333
7913.0	8.746666666666666
7988.0	17.08
8063.0	9.826666666666666
8138.0	10.44
8213.0	10.053333333333333
8288.0	15.986666666666666
8363.0	8.066666666666666
8438.0	6.093333333333334
8513.0	9.066666666666666
8588.0	13.706666666666667
8663.0	13.626666666666667
8738.0	6.666666666666667
8813.0	9.933333333333334
8888.0	15.186666666666667
8963.0	18.706666666666667
9038.0	9.08
9113.0	13.546666666666667
9188.0	13.093333333333334
9263.0	8.52
9338.0	2.7066666666666666
9413.0	2.013333333333333
9488.0	7.773333333333333
9563.0	9.546666666666667
9638.0	4.68
9713.0	5.666666666666667
9788.0	8.12
9863.0	10.426666666666666
9938.0	10.106666666666667
10013.0	23.69333333333333
10088.0	24.626666666666665
10163.0	19.12
10238.0	15.24
10313.0	14.306666666666667
10388.0	22.773333333333333
10463.0	18.653333333333332
10538.0	15.853333333333333
10613.0	16.293333333333333
10688.0	22.48
10763.0	15.24
10838.0	7.613333333333333
10913.0	12.466666666666667
10988.0	16.586666666666666
11063.0	15.493333333333334
11138.0	6.373333333333333
11213.0	8.573333333333334
11288.0	9.613333333333333
11363.0	15.666666666666666
11438.0	7.32
11513.0	9.12
11588.0	13.413333333333334
11663.0	17.906666666666666
11738.0	22.506666666666668
11813.0	21.08
11888.0	22.4
11963.0	14.213333333333333
12038.0	12.04
12113.0	20.0
12188.0	27.04
12263.0	16.24
12338.0	8.133333333333333
12413.0	10.506666666666666
12488.0	12.2
12563.0	8.32
12638.0	13.586666666666666
12713.0	13.04
12788.0	13.506666666666666
12863.0	7.333333333333333
12938.0	8.346666666666666
13013.0	8.973333333333333
13088.0	9.133333333333333
13163.0	7.04
13238.0	8.706666666666667
13313.0	13.84
13388.0	14.066666666666666
13463.0	11.826666666666666
13538.0	8.306666666666667
13613.0	11.04
13688.0	8.986666666666666
13763.0	5.306666666666667
13838.0	5.92
13913.0	8.4
13988.0	13.32
14063.0	10.813333333333333
14138.0	13.066666666666666
14213.0	13.413333333333334
14288.0	11.586666666666666
14363.0	5.76
14438.0	6.573333333333333
14513.0	5.666666666666667
14588.0	15.173333333333334
14663.0	12.866666666666667
14738.0	17.92
14813.0	13.893333333333333
14888.0	22.48
14963.0	11.12
15038.0	12.546666666666667
15113.0	14.613333333333333
15188.0	20.653333333333332
15263.0	14.906666666666666
15338.0	12.626666666666667
15413.0	10.893333333333333
15488.0	12.733333333333333
15563.0	13.266666666666667
15638.0	10.746666666666666
15713.0	13.746666666666666
15788.0	16.946666666666665
15863.0	19.253333333333334
15938.0	6.786666666666667
16013.0	8.693333333333333
16088.0	8.306666666666667
16163.0	12.0
16238.0	4.04
16313.0	2.6266666666666665
16388.0	3.1466666666666665
16463.0	16.933333333333334
16538.0	18.573333333333334
16613.0	20.533333333333335
16688.0	15.76
16763.0	15.866666666666667
16838.0	10.4
16913.0	7.2
16988.0	26.8
17063.0	19.093333333333334
17138.0	20.413333333333334
17213.0	10.0
17288.0	15.44
17363.0	15.213333333333333
17438.0	16.493333333333332
17513.0	8.653333333333334
17588.0	10.6
17663.0	9.16
17738.0	12.826666666666666
17813.0	6.346666666666667
17888.0	8.733333333333333
17963.0	13.453333333333333
18038.0	15.426666666666666
18113.0	7.773333333333333
18188.0	13.066666666666666
18263.0	17.506666666666668
18338.0	16.546666666666667
18413.0	9.0
18488.0	6.72
18563.0	7.306666666666667
18638.0	13.053333333333333
18713.0	6.426666666666667
18788.0	8.853333333333333
18863.0	7.226666666666667
18938.0	10.786666666666667
19013.0	7.1866666666666665
19088.0	7.08
19163.0	6.946666666666666
19238.0	12.186666666666667
19313.0	8.693333333333333
19388.0	7.76
19463.0	7.573333333333333
19538.0	10.333333333333334
19613.0	11.373333333333333
19688.0	7.56
19763.0	10.266666666666667
19838.0	11.053333333333333
19913.0	14.813333333333333
19988.0	7.56
20063.0	8.573333333333334
20138.0	10.226666666666667
20213.0	18.24
20288.0	10.093333333333334
20363.0	12.226666666666667
20438.0	11.173333333333334
20513.0	17.546666666666667
20588.0	9.64
20663.0	6.506666666666667
20738.0	11.16
20813.0	14.653333333333334
20888.0	10.053333333333333
20963.0	6.626666666666667
21038.0	5.773333333333333
21113.0	10.96
21188.0	6.093333333333334
21263.0	5.586666666666667
21338.0	7.28
21413.0	15.28
21488.0	9.613333333333333
21563.0	21.28
21638.0	24.52
21713.0	24.14666666666667
21788.0	6.506666666666667
21863.0	7.92
21938.0	6.493333333333333
22013.0	11.2
22088.0	7.053333333333334
22163.0	8.946666666666667
22238.0	11.92
22313.0	22.813333333333333
22388.0	8.0
22463.0	8.813333333333333
22538.0	9.933333333333334
22613.0	10.72
22688.0	6.346666666666667
22763.0	7.946666666666666
22838.0	15.186666666666667
22913.0	9.92
22988.0	5.4
23063.0	5.786666666666667
23138.0	10.946666666666667
23213.0	9.933333333333334
23288.0	8.08
23363.0	8.973333333333333
23438.0	12.266666666666667
23513.0	12.266666666666667
23588.0	8.0
23663.0	7.746666666666667
23738.0	6.44
23813.0	11.44
23888.0	7.0
23963.0	10.8
24038.0	10.28
24113.0	16.786666666666665
24188.0	11.733333333333333
24263.0	14.28
24338.0	10.586666666666666
24413.0	15.986666666666666
24488.0	9.253333333333334
24563.0	7.453333333333333
24638.0	7.386666666666667
24713.0	12.146666666666667
24788.0	13.106666666666667
24863.0	12.053333333333333
24938.0	10.56
25013.0	13.266666666666667
25088.0	6.8
25163.0	3.3066666666666666
25238.0	3.3466666666666667
25313.0	12.053333333333333
25388.0	16.88
25463.0	17.973333333333333
25538.0	17.253333333333334
25613.0	13.2
25688.0	4.666666666666667
25763.0	2.24
25838.0	7.48
25913.0	15.106666666666667
25988.0	14.64
26063.0	10.0
26138.0	9.266666666666667
26213.0	15.573333333333334
26288.0	17.826666666666668
26363.0	8.586666666666666
26438.0	7.773333333333333
26513.0	27.546666666666667
26588.0	33.093333333333334
26663.0	23.133333333333333
26738.0	17.76
26813.0	16.226666666666667
26888.0	22.28
26963.0	11.44
27038.0	24.92
27113.0	30.69333333333333
27188.0	30.36
27263.0	8.866666666666667
27338.0	10.693333333333333
27413.0	10.946666666666667
27488.0	19.653333333333332
27563.0	8.453333333333333
27638.0	8.146666666666667
27713.0	12.306666666666667
27788.0	21.24
27863.0	14.866666666666667
27938.0	7.933333333333334
28013.0	9.906666666666666
28088.0	13.066666666666666
28163.0	15.733333333333333
28238.0	16.573333333333334
28313.0	32.026666666666664
28388.0	34.57333333333333
28463.0	31.84
28538.0	20.666666666666668
28613.0	14.08
28688.0	15.44
28763.0	25.14666666666667
28838.0	30.093333333333334
28913.0	38.72
28988.0	34.946666666666665
29063.0	22.64
29138.0	14.813333333333333
29213.0	12.506666666666666
29288.0	11.533333333333333
29363.0	12.213333333333333
29438.0	7.346666666666667
29513.0	13.306666666666667
29588.0	17.053333333333335
29663.0	17.973333333333333
29738.0	8.066666666666666
29813.0	13.053333333333333
29877.0	4.39622641509434
