# Position (bp)	A	C	G	T	N
0.0	25.89055064581917	24.479018602064148	23.80415301897287	25.82627773314381	0.0
1.0	25.28304801928187	20.068289969717572	15.05623879859094	39.592423212409614	0.0
2.0	27.451482758514246	18.672539874119096	18.900965251561164	34.97501211580549	0.0
3.0	23.60137702976161	22.470818320912098	15.460737377227185	38.46706727209911	0.0
4.0	32.85104283886483	13.984368978434123	14.464398575634721	38.700189607066335	0.0
5.0	34.195005608213876	15.5988463102883	22.76010402928597	27.446044052211853	0.0
6.0	32.03196480667392	17.751927715668486	20.352302938630405	29.863804539027193	0.0
7.0	33.6575480008131	17.346511355726527	19.764569640448194	29.23137100301218	0.0
8.0	23.852326755844604	25.494235459315647	21.777769566181362	28.87566821865839	0.0
9.0	29.087606409999843	18.775265159095458	15.903696063792122	36.23343236711258	0.0
10.0	26.30182523315584	16.844162639662656	24.130628828218782	32.72338329896273	0.0
11.0	27.539706230823914	18.106225900064317	19.97790422497069	34.37616364414108	0.0
12.0	26.08026780549641	19.46420439860682	21.113681956358533	33.34184583953823	0.0
13.0	26.863678873794054	20.63582890332743	18.37714116952156	34.12335105335696	0.0
14.0	30.05367496654927	17.97080943079928	20.123652358468803	31.85186324418265	0.0
15.0	29.794752251144025	18.75522806672243	18.857944201151405	32.59207548098214	0.0
16.0	29.084882920110193	17.03284878000787	18.806879673356946	35.07538862652499	0.0
17.0	29.595308566844626	17.96507857474359	20.384867177487024	32.05474568092476	0.0
18.0	30.65516245398622	17.4050380093779	18.44146187078655	33.49833766584933	0.0
19.0	29.10114188987844	18.058572161480495	19.572182985011352	33.268102963629715	0.0
20.0	29.901960784313726	17.57795223352499	19.786905990466362	32.73318099169492	0.0
21.0	29.53479088620033	17.48387889209605	19.614935822637104	33.366394399066515	0.0
22.0	28.661909995763207	18.226502680232592	19.42846265788197	33.683124666122225	0.0
23.0	29.098538028748315	17.672878177247515	20.28189678722379	32.94668700678038	0.0
24.0	29.929417541275395	18.800711962192352	18.47050880746333	32.799361689068924	0.0
25.0	29.450659368307363	17.57926840493621	18.985143502353353	33.98492872440307	0.0
26.0	30.766965452504095	17.651678292932825	19.858828293239586	31.722527961323493	0.0
27.0	29.193925842772444	18.25068933894006	19.446565880559568	33.108818937727925	0.0
28.0	29.27338632516376	17.609356983390985	19.57539069208312	33.54186599936214	0.0
29.0	29.251137520389513	18.138084550572135	19.757901320872733	32.852876608165616	0.0
30.0	29.80905742995655	17.990978753154526	19.30890257850662	32.891061238382306	0.0
31.0	29.481286128275503	18.078780723408823	19.39005504530888	33.04987810300679	0.0
32.0	29.468967928312512	18.135315656797985	19.52515011561509	32.870566299274415	0.0
33.0	30.25154667002021	17.6892427834846	19.459976750106588	32.599233796388596	0.0
34.0	29.197635575569254	17.973674765873515	19.553127463581177	33.27556219497606	0.0
35.0	29.85151096793987	18.036201871452676	19.713759779107225	32.39852738150023	0.0
36.0	29.811970322731096	17.500444913564035	18.76952250035286	33.91806226335201	0.0
37.0	28.912006137322592	18.7096279248178	18.926275412351362	33.45209052550825	0.0
38.0	29.63203948155901	17.773453684976197	19.65944700036523	32.935059833099565	0.0
39.0	28.29004315716452	18.845499806621525	19.978145162775565	32.88631187343839	0.0
40.0	29.833825032771433	17.80218025977694	19.471604741190088	32.89238996626154	0.0
41.0	29.39408268035666	18.00864631180762	20.55617646336371	32.04109454447201	0.0
42.0	29.717737230311926	18.502459665780247	19.135339962045606	32.644463141862225	0.0
43.0	29.590341908953267	18.08312321682488	19.29990510206902	33.02662977215283	0.0
44.0	29.290466040529	17.928155924249218	20.520341283930293	32.261036751291485	0.0
45.0	29.039441473595623	18.93135445110283	19.47716473518833	32.55203934011321	0.0
46.0	29.488089204257477	17.82272804067026	19.392403507963568	33.296779247108695	0.0
47.0	29.46039353025206	17.760164662150746	19.631660599357943	33.14778120823925	0.0
48.0	30.15293676688357	18.378218953344764	19.05995194995914	32.40889232981253	0.0
49.0	29.075194415340604	18.06472625152475	19.0934146124137	33.76666472072094	0.0
50.0	29.258017631568435	18.351826302317793	19.86762496197444	32.52253110413933	0.0
51.0	29.48092696223499	18.261438752085848	19.26879261970394	32.98884166597523	0.0
52.0	29.21522706596838	18.301430995057906	19.19365149615205	33.289690442821666	0.0
53.0	30.215681392754064	17.9430197853944	19.81090609545062	32.03039272640091	0.0
54.0	30.080106234515153	17.940292267873282	19.42499339108196	32.55460810652961	0.0
55.0	28.79430661870946	17.775830797134866	18.92403701312675	34.50582557102893	0.0
56.0	28.836049596787834	18.21510592966307	20.420398262329254	32.528446211219844	0.0
57.0	28.632705961213826	18.050913384519355	19.13080109095717	34.185579563309645	0.0
58.0	29.241787336369423	17.654420831552372	19.198398519060635	33.90539331301757	0.0
59.0	29.402158368521896	17.47854087152817	20.426383886970136	32.6929168729798	0.0
60.0	29.379686644562415	18.157268259074943	19.762799653057584	32.70024544330506	0.0
61.0	29.821377488088245	17.55280699110117	19.35748802672417	33.26832749408642	0.0
62.0	28.708680069526693	17.967728538247375	19.92093645690729	33.40265493531864	0.0
63.0	28.93329641252846	17.841671281767276	19.76801427604455	33.457018029659714	0.0
64.0	28.592354159422207	18.047396456805586	19.62420105797311	33.736048325799096	0.0
65.0	29.137430140089126	17.74718713839033	20.621599330329666	32.49378339119088	0.0
66.0	29.965283334769605	17.82429920348644	20.29293725147423	31.917480210269733	0.0
67.0	28.609769685106016	17.749605266802707	19.213118992437742	34.42750605565353	0.0
68.0	29.28057421098314	17.842522884105165	20.082302753479553	32.79460015143214	0.0
69.0	29.385546396449087	17.646225921434155	19.730110750629475	33.23811693148728	0.0
70.0	28.24141487216587	18.143980790247358	19.686302276540395	33.92830206104638	0.0
71.0	29.311305622177137	17.419174083983215	20.771975628303927	32.49754466553573	0.0
72.0	29.41891937664161	17.840416064934704	19.86038792081464	32.88027663760904	0.0
73.0	29.656504183978	17.532361537584965	19.218272141820993	33.59286213661604	0.0
74.0	28.882248748556027	17.941624951867542	20.412475933769734	32.763650365806704	0.0
75.0	30.250943541554342	17.611954093814987	19.16228914734653	32.974813217284144	0.0
76.0	28.83295123995464	18.12293546319578	19.442082039146083	33.602031257703494	0.0
77.0	29.09200737193119	17.790639619815455	21.071642103835746	32.04571090441761	0.0
78.0	29.758462742970575	17.897368242597604	18.63467952235052	33.7094894920813	0.0
79.0	29.33297161653498	17.786909756796835	19.09803039037669	33.7820882362915	0.0
80.0	30.28139268878468	17.97558817453931	19.900354862479226	31.842664274196782	0.0
81.0	29.88554655221322	18.25951825951826	19.670761337428004	32.18417385084052	0.0
82.0	29.768857423019284	17.884256032956934	18.232079974838268	34.11480656918551	0.0
83.0	29.638458359802396	18.168978469091336	19.849635189559574	32.3429279815467	0.0
84.0	30.4299689134511	17.987639396032765	18.952309286489687	32.63008240402645	0.0
85.0	29.192766885337925	17.180652065965315	18.996641283529335	34.62993976516743	0.0
86.0	30.405211581703945	17.265215098041033	20.01998760028501	32.309585719970016	0.0
87.0	29.473713434327543	18.504705762592657	19.788263818839706	32.23331698424009	0.0
88.0	29.45404736710587	17.47992435577466	18.984787859903935	34.08124041721554	0.0
89.0	29.21698084102058	18.103847221793725	20.17986610310678	32.49930583407892	0.0
90.0	29.977013622128627	18.226809213063667	19.53317597692106	32.263001187886644	0.0
91.0	29.515025657324294	18.088799335964378	19.248393138710007	33.14778186800132	0.0
92.0	28.78510614004499	18.340518371994705	20.27137536143779	32.60300012652252	0.0
93.0	29.855937486497997	18.28495244208798	19.39134513897033	32.46776493244369	0.0
94.0	29.29611545607743	17.467176128542416	19.463460102098136	33.77324831328202	0.0
95.0	29.974257511312498	17.90337615517103	20.278228768620092	31.84413756489638	0.0
96.0	29.651157406692864	18.574996064292485	19.377263031822125	32.39658349719253	0.0
97.0	29.666377508651586	18.023702724979856	19.119004473202462	33.19091529316609	0.0
98.0	28.530851047407342	17.63071365720372	21.06454252149616	32.773892773892776	0.0
99.0	29.20616296662241	18.45647945163183	19.25433044122642	33.08302714051934	0.0
100.0	29.299918379461303	18.24682792906433	19.459696767331998	32.99355692414237	0.0
101.0	29.395847652307445	18.47070260496969	20.29207611192639	31.841373630796475	0.0
102.0	29.84823770923908	17.663840634089766	19.246274164439125	33.241647492232026	0.0
103.0	28.94543105028221	17.4172084628933	19.46428183136961	34.17307865545487	0.0
104.0	29.83266371849413	17.81414064712491	19.427129204024535	32.92606643035643	0.0
105.0	29.983097045413437	17.96079263006231	19.339225457970276	32.71688486655398	0.0
106.0	28.9167281226954	17.861830181368198	19.611452070547355	33.60998962538905	0.0
107.0	29.46470792713288	17.66122491160932	20.231052765085916	32.64301439617188	0.0
108.0	28.972458125621564	18.278217166377516	20.303622576870346	32.445702131130574	0.0
109.0	28.446639173183797	18.13689742751528	19.865403475243294	33.55105992405763	0.0
110.0	29.105896873976672	17.542633315700648	21.06350285901408	32.2879669513086	0.0
111.0	28.9425375817715	18.432889017858834	19.82607982538591	32.79849357498376	0.0
112.0	28.76477707590069	17.800115656985398	19.162403263675806	34.27270400343811	0.0
113.0	29.883863777403462	17.59330791929989	20.371331957091655	32.15149634620499	0.0
114.0	29.936396701769084	18.241197417782264	18.616342619922683	33.206063260525966	0.0
115.0	29.187796265071743	17.32001399802755	20.041039671682626	33.45115006521808	0.0
116.0	29.98721329562159	17.71867337144898	20.217660957823007	32.07645237510642	0.0
117.0	29.5984451817897	18.147004481610054	19.592819194844548	32.66173114175569	0.0
118.0	28.97423572389925	17.833109017496636	19.601679164263285	33.59097609434083	0.0
119.0	30.293236005667453	17.777934850008513	19.78274768595121	32.14608145837283	0.0
120.0	29.177412240456157	18.22352725270692	19.475326230790778	33.12373427604614	0.0
121.0	29.08065000048392	17.5265913688143	19.64648077710997	33.74627785359181	0.0
122.0	29.331242624593845	17.810898627568257	20.14387093645431	32.71398781138359	0.0
123.0	28.6870905662578	18.35105521321333	19.263391844695423	33.69846237583345	0.0
124.0	28.953898520881104	17.931961830027998	19.25842682031661	33.85571282877429	0.0
125.0	28.73973441356718	17.976254827512097	19.930705256371013	33.35330550254971	0.0
126.0	29.031215201695463	17.940495511528955	19.80348040192144	33.22480888485415	0.0
127.0	29.604513484132077	17.38988067951119	18.857155954891354	34.148449881465375	0.0
128.0	28.78472872265303	17.564465114445902	20.741164067041748	32.90964209585932	0.0
129.0	29.689079753793056	18.069666421864863	19.050081179791007	33.191172644551074	0.0
130.0	29.81564583395247	17.48211107478842	19.32796417922276	33.374278912036345	0.0
131.0	29.701003935639548	17.91262151990494	19.967164386599627	32.419210157855886	0.0
132.0	30.252970906520567	18.254192122493272	18.83194674436432	32.660890226621845	0.0
133.0	29.597519511886784	18.12359857079172	19.38347095340435	32.89541096391715	0.0
134.0	30.11918382595759	17.315511910043398	19.903332010180495	32.66197225381852	0.0
135.0	29.161676646706585	18.03097715184157	20.06924698089854	32.73809922055331	0.0
136.0	28.27291366749553	18.253081386179147	19.478924425920894	33.99508052040443	0.0
137.0	30.473086931785666	17.694387121316684	22.839329538224334	28.993196408673317	0.0
138.0	30.018676186005354	19.879499761903958	19.598512659617224	30.503311392473464	0.0
139.0	30.35136627385094	18.921207645849353	19.473001398961447	31.25442468133826	0.0
140.0	28.590843455363967	20.919391828760723	19.706107194427926	30.783657521447378	0.0
141.0	30.779977510478073	16.853170681841416	21.00453197941868	31.362319828261832	0.0
142.0	26.715739041585078	19.465603204057015	24.14422357319336	29.674434181164543	0.0
143.0	26.570879322338236	18.829649072909636	19.18636726553746	35.41310433921468	0.0
144.0	27.47395161927941	19.039123275616106	18.389073946119126	35.097851158985364	0.0
145.0	27.159854790398498	19.07635926953497	16.7525915496846	37.01119439038194	0.0
146.0	33.12528158031537	14.014208975914052	19.193900537168602	33.66660890660197	0.0
147.0	33.86605277980891	15.993828477866137	22.038701461363264	28.101417280961694	0.0
148.0	31.243172617645172	16.67309243829474	20.64064943131921	31.443085512740875	0.0
149.0	32.48815518141726	16.699383650148082	22.56900107108416	28.243460097350496	0.0
150.0	26.7044712912068	18.557623046317918	25.43303698761923	29.304868674856056	0.0
