#GC Content (%)	Sample
1.0	0.0
2.0	0.0
3.0	0.0
4.0	0.0
5.0	0.0
6.0	0.0
7.0	0.0
8.0	0.0
9.0	0.0
10.0	0.0
11.0	0.0
12.0	0.0
13.0	0.0
14.0	0.0
15.0	0.0
16.0	0.0
17.0	0.0
18.0	0.0
19.0	0.0
20.0	8.274720728175425E-5
21.0	1.0343400910219281E-4
22.0	2.0686801820438562E-4
23.0	5.999172527927183E-4
24.0	0.0031443938767066614
25.0	0.003909805544062887
26.0	0.0016342573438146465
27.0	0.007550682664460074
28.0	0.008750517170045512
29.0	0.005875051717004552
30.0	0.01894911046752172
31.0	0.03862225899875879
32.0	0.042097641704592466
33.0	0.037443111294993794
34.0	0.07246586677699628
35.0	0.07335539925527515
36.0	0.05527513446421183
37.0	0.07455523376086057
38.0	0.08212660322714108
39.0	0.07120397186594953
40.0	0.037194869673148535
41.0	0.0717832023169218
42.0	0.0652875465453041
43.0	0.039491104675217215
44.0	0.03951179147703765
45.0	0.03725693007860985
46.0	0.029230450972279685
47.0	0.014046338436077782
48.0	0.02105916425320645
49.0	0.013901530823334712
50.0	0.011026065370293752
51.0	0.005626810095159288
52.0	0.0054820024824162195
53.0	0.004033926354985519
54.0	0.0020066197765825407
55.0	0.0015101365328920148
56.0	0.0024410426148117497
57.0	5.999172527927182E-4
58.0	2.2755482002482418E-4
59.0	2.2755482002482418E-4
60.0	6.206040546131568E-5
61.0	0.0
62.0	0.0
63.0	0.0
64.0	0.0
65.0	0.0
66.0	0.0
67.0	0.0
68.0	0.0
69.0	0.0
70.0	0.0
71.0	0.0
72.0	0.0
73.0	0.0
74.0	0.0
75.0	0.0
76.0	0.0
77.0	0.0
78.0	0.0
79.0	0.0
80.0	2.068680182043856E-5
81.0	0.0
82.0	0.0
83.0	0.0
84.0	0.0
85.0	0.0
86.0	0.0
87.0	0.0
88.0	0.0
89.0	0.0
90.0	0.0
91.0	0.0
92.0	0.0
93.0	0.0
94.0	0.0
95.0	0.0
96.0	0.0
97.0	0.0
98.0	0.0
99.0	0.0
100.0	2.068680182043856E-5
