#Position (bp)	Coverage
38.0	2087.0933333333332
113.0	3159.3866666666668
188.0	3432.56
263.0	2829.0666666666666
338.0	9457.586666666666
413.0	9341.266666666666
488.0	9175.52
563.0	9652.573333333334
638.0	8833.146666666667
713.0	12918.106666666667
788.0	8384.693333333333
863.0	6920.493333333333
938.0	9519.68
1013.0	10934.133333333333
1088.0	5187.373333333333
1163.0	6775.2
1238.0	6238.4
1313.0	5194.48
1388.0	2450.5866666666666
1463.0	2506.693333333333
1538.0	2987.0
1613.0	7405.626666666667
1688.0	5179.64
1763.0	5613.6
1838.0	6425.866666666667
1913.0	15951.226666666667
1988.0	9781.613333333333
2063.0	11668.64
2138.0	9513.64
2213.0	11027.4
2288.0	3324.88
2363.0	2883.4
2438.0	3286.8
2513.0	8659.186666666666
2588.0	9631.306666666667
2663.0	10967.613333333333
2738.0	9798.626666666667
2813.0	10683.24
2888.0	14398.266666666666
2963.0	6696.76
3038.0	5811.653333333334
3113.0	6913.2266666666665
3188.0	10873.64
3263.0	5475.293333333333
3338.0	6497.306666666666
3413.0	5151.666666666667
3488.0	8354.373333333333
3563.0	4007.2
3638.0	3557.2533333333336
3713.0	4135.1866666666665
3788.0	8074.573333333334
3863.0	4415.666666666667
3938.0	5890.36
4013.0	5014.106666666667
4088.0	16173.293333333333
4163.0	19058.72
4238.0	14043.28
4313.0	22212.8
4388.0	16706.386666666665
4463.0	15155.44
4538.0	10849.146666666667
4613.0	12340.08
4688.0	15069.533333333333
4763.0	5961.893333333333
4838.0	8480.093333333334
4913.0	6541.453333333333
4988.0	8221.386666666667
5063.0	978.2666666666667
5138.0	1209.8266666666666
5213.0	1232.8
5288.0	9284.506666666666
5363.0	10604.36
5438.0	10602.613333333333
5513.0	10137.253333333334
5588.0	17786.453333333335
5663.0	7427.973333333333
5738.0	10018.386666666667
5813.0	7325.04
5888.0	8724.573333333334
5963.0	3050.0666666666666
6038.0	1041.6133333333332
6113.0	1921.32
6188.0	13677.146666666667
6263.0	13274.973333333333
6338.0	13004.2
6413.0	12003.346666666666
6488.0	18736.173333333332
6563.0	6310.44
6638.0	5722.36
6713.0	6404.32
6788.0	4680.613333333334
6863.0	4767.7733333333335
6938.0	306.53333333333336
7013.0	966.64
7088.0	8541.426666666666
7163.0	6059.333333333333
7238.0	5457.906666666667
7313.0	7162.133333333333
7388.0	10332.813333333334
7463.0	5269.36
7538.0	5218.893333333333
7613.0	6405.213333333333
7688.0	6275.746666666667
7763.0	4102.7733333333335
7838.0	3662.0533333333333
7913.0	3212.653333333333
7988.0	11623.96
8063.0	3654.2
8138.0	5227.72
8213.0	4028.866666666667
8288.0	8091.306666666666
8363.0	1930.7333333333333
8438.0	1977.4666666666667
8513.0	1892.24
8588.0	2207.6266666666666
8663.0	6500.88
8738.0	5291.12
8813.0	5589.24
8888.0	6176.56
8963.0	13367.586666666666
9038.0	6088.973333333333
9113.0	7844.1466666666665
9188.0	12688.88
9263.0	36258.32
9338.0	29183.08
9413.0	38042.86666666667
9488.0	40560.78666666667
9563.0	43737.693333333336
9638.0	32343.746666666666
9713.0	28190.32
9788.0	33294.72
9863.0	33857.746666666666
9938.0	25535.04
10013.0	23641.373333333333
10088.0	29699.106666666667
10163.0	17970.146666666667
10238.0	5986.986666666667
10313.0	7148.44
10388.0	20250.893333333333
10463.0	21214.36
10538.0	18783.18666666667
10613.0	18109.4
10688.0	29295.533333333333
10763.0	27337.04
10838.0	17094.12
10913.0	24084.52
10988.0	28567.81333333333
11063.0	33027.48
11138.0	24323.693333333333
11213.0	29708.96
11288.0	29733.0
11363.0	44781.12
11438.0	17592.853333333333
11513.0	19658.413333333334
11588.0	29644.106666666667
11663.0	23978.613333333335
11738.0	13367.693333333333
11813.0	9989.64
11888.0	15504.013333333334
11963.0	8602.946666666667
12038.0	6860.066666666667
12113.0	10554.026666666667
12188.0	14098.16
12263.0	7264.64
12338.0	7462.493333333333
12413.0	11042.12
12488.0	13813.826666666666
12563.0	8839.0
12638.0	8531.933333333332
12713.0	12905.893333333333
12788.0	15517.0
12863.0	8459.693333333333
12938.0	8906.013333333334
13013.0	29908.493333333332
13088.0	31470.24
13163.0	45428.21333333333
13238.0	33017.96
13313.0	34928.09333333333
13388.0	30906.48
13463.0	12303.666666666666
13538.0	14719.84
13613.0	13730.866666666667
13688.0	16232.253333333334
13763.0	15983.466666666667
13838.0	14465.12
13913.0	14319.866666666667
13988.0	11291.693333333333
14063.0	5835.8533333333335
14138.0	6265.12
14213.0	11099.546666666667
14288.0	9663.906666666666
14363.0	9464.226666666667
14438.0	6101.08
14513.0	8678.933333333332
14588.0	14555.16
14663.0	5957.866666666667
14738.0	7893.613333333334
14813.0	6944.8533333333335
14888.0	11024.36
14963.0	4159.626666666667
15038.0	4051.0133333333333
15113.0	4752.24
15188.0	9866.013333333334
15263.0	7821.106666666667
15338.0	8540.586666666666
15413.0	8530.173333333334
15488.0	13594.466666666667
15563.0	9553.066666666668
15638.0	8393.186666666666
15713.0	8187.04
15788.0	6563.72
15863.0	14980.053333333333
15938.0	8852.413333333334
16013.0	9022.426666666666
16088.0	8294.52
16163.0	13838.746666666666
16238.0	6376.52
16313.0	5271.6
16388.0	5077.973333333333
16463.0	7329.706666666667
16538.0	1404.48
16613.0	1083.2666666666667
16688.0	1648.8666666666666
16763.0	10508.28
16838.0	17669.4
16913.0	17455.8
16988.0	19878.146666666667
17063.0	19604.986666666668
17138.0	26041.2
17213.0	14611.533333333333
17288.0	12999.893333333333
17363.0	8201.253333333334
17438.0	19224.76
17513.0	6296.32
17588.0	5794.626666666667
17663.0	6297.493333333333
17738.0	12494.493333333334
17813.0	4964.533333333334
17888.0	7159.68
17963.0	8205.946666666667
18038.0	9158.053333333333
18113.0	11098.533333333333
18188.0	8853.306666666667
18263.0	11907.733333333334
18338.0	12772.92
18413.0	9886.48
18488.0	10182.293333333333
18563.0	7699.013333333333
18638.0	18732.02666666667
18713.0	9066.84
18788.0	10040.613333333333
18863.0	10012.32
18938.0	14742.12
19013.0	5924.08
19088.0	7903.173333333333
19163.0	5411.573333333334
19238.0	7680.44
19313.0	785.32
19388.0	4.76
19463.0	12.133333333333333
19538.0	416.48
19613.0	2757.9866666666667
19688.0	2616.8533333333335
19763.0	2493.0133333333333
19838.0	3549.92
19913.0	6383.453333333333
19988.0	2862.2933333333335
20063.0	4581.466666666666
20138.0	3414.733333333333
20213.0	3747.266666666667
20288.0	3784.4
20363.0	3374.9466666666667
20438.0	3827.32
20513.0	12479.72
20588.0	9648.48
20663.0	11123.653333333334
20738.0	9000.4
20813.0	16572.666666666668
20888.0	8460.68
20963.0	5613.48
21038.0	6926.786666666667
21113.0	6899.293333333333
21188.0	832.6
21263.0	414.2
21338.0	397.6933333333333
21413.0	1051.3333333333333
21488.0	517.2533333333333
21563.0	468.6666666666667
21638.0	1408.8933333333334
21713.0	6283.026666666667
21788.0	5918.72
21863.0	4911.053333333333
21938.0	5031.413333333333
22013.0	6638.413333333333
22088.0	3482.266666666667
22163.0	2868.4666666666667
22238.0	3295.866666666667
22313.0	3193.64
22388.0	333.6
22463.0	441.16
22538.0	3241.32
22613.0	3662.5466666666666
22688.0	4970.293333333333
22763.0	4146.0
22838.0	13781.28
22913.0	11516.626666666667
22988.0	11369.733333333334
23063.0	13535.093333333334
23138.0	13231.28
23213.0	11061.32
23288.0	7853.04
23363.0	7752.746666666667
23438.0	7681.173333333333
23513.0	8760.773333333333
23588.0	3136.173333333333
23663.0	3161.08
23738.0	3282.0266666666666
23813.0	4137.946666666667
23888.0	3510.4266666666667
23963.0	2299.733333333333
24038.0	2943.6133333333332
24113.0	6522.906666666667
24188.0	4803.08
24263.0	5028.573333333334
24338.0	3382.76
24413.0	8481.08
24488.0	4082.88
24563.0	4542.066666666667
24638.0	3970.346666666667
24713.0	14043.24
24788.0	10858.266666666666
24863.0	9206.706666666667
24938.0	11562.026666666667
25013.0	18961.96
25088.0	11169.293333333333
25163.0	11067.373333333333
25238.0	11657.693333333333
25313.0	17001.8
25388.0	9765.946666666667
25463.0	8938.08
25538.0	7946.133333333333
25613.0	18437.346666666668
25688.0	7868.666666666667
25763.0	7835.253333333333
25838.0	9719.986666666666
25913.0	10419.093333333334
25988.0	10534.12
26063.0	9881.68
26138.0	5942.746666666667
26213.0	11509.133333333333
26288.0	11970.826666666666
26363.0	7358.7733333333335
26438.0	7895.8133333333335
26513.0	10817.346666666666
26588.0	15169.813333333334
26663.0	9077.466666666667
26738.0	9109.146666666667
26813.0	10446.733333333334
26888.0	23184.466666666667
26963.0	13249.613333333333
27038.0	11727.213333333333
27113.0	13609.88
27188.0	21322.906666666666
27263.0	9965.533333333333
27338.0	8733.866666666667
27413.0	10045.04
27488.0	10242.2
27563.0	131.33333333333334
27638.0	187.18666666666667
27713.0	161.42666666666668
27788.0	559.88
27863.0	791.04
27938.0	704.5866666666667
28013.0	886.48
28088.0	4425.08
28163.0	6474.973333333333
28238.0	6038.573333333334
28313.0	6738.92
28388.0	14775.106666666667
28463.0	21273.386666666665
28538.0	14943.773333333333
28613.0	19597.306666666667
28688.0	19784.573333333334
28763.0	16997.506666666668
28838.0	11826.493333333334
28913.0	9217.333333333334
28988.0	14888.24
29063.0	19851.746666666666
29138.0	16225.426666666666
29213.0	15120.24
29288.0	15261.0
29363.0	10835.44
29438.0	143.04
29513.0	430.7733333333333
29588.0	453.96
29663.0	447.6933333333333
29738.0	207.29333333333332
29813.0	220.58666666666667
29877.0	6.509433962264151
