#Position (bp)	Coverage
38.0	1174.3733333333332
113.0	1840.7066666666667
188.0	1730.2933333333333
263.0	1718.0533333333333
338.0	2588.4266666666667
413.0	2553.1866666666665
488.0	2097.9866666666667
563.0	2344.3733333333334
638.0	3206.4266666666667
713.0	3408.32
788.0	2419.6
863.0	2242.0933333333332
938.0	2798.653333333333
1013.0	2636.133333333333
1088.0	1599.3466666666666
1163.0	1326.24
1238.0	1736.4133333333334
1313.0	1319.28
1388.0	417.70666666666665
1463.0	318.53333333333336
1538.0	470.29333333333335
1613.0	3077.5733333333333
1688.0	3856.9066666666668
1763.0	2836.8
1838.0	4222.546666666667
1913.0	8782.4
1988.0	1815.3466666666666
2063.0	1307.8
2138.0	1798.0266666666666
2213.0	1689.44
2288.0	278.08
2363.0	61.56
2438.0	80.4
2513.0	210.04
2588.0	317.17333333333335
2663.0	232.09333333333333
2738.0	205.37333333333333
2813.0	261.4533333333333
2888.0	3580.96
2963.0	151.24
3038.0	122.32
3113.0	244.68
3188.0	2093.7066666666665
3263.0	2791.56
3338.0	2139.173333333333
3413.0	2326.4533333333334
3488.0	1627.48
3563.0	149.52
3638.0	74.13333333333334
3713.0	76.94666666666667
3788.0	820.48
3863.0	1485.72
3938.0	1374.68
4013.0	1704.7466666666667
4088.0	5116.413333333333
4163.0	7111.066666666667
4238.0	4227.533333333334
4313.0	9937.92
4388.0	5808.133333333333
4463.0	2679.9333333333334
4538.0	2660.44
4613.0	2745.68
4688.0	3323.733333333333
4763.0	2352.346666666667
4838.0	1895.0666666666666
4913.0	2278.0933333333332
4988.0	1389.4533333333334
5063.0	27.746666666666666
5138.0	16.866666666666667
5213.0	188.01333333333332
5288.0	2599.24
5363.0	3754.3866666666668
5438.0	3137.52
5513.0	3412.653333333333
5588.0	3770.213333333333
5663.0	2661.24
5738.0	2078.6
5813.0	2015.12
5888.0	2183.1066666666666
5963.0	1552.2
6038.0	988.5466666666666
6113.0	1079.92
6188.0	4184.066666666667
6263.0	5946.733333333334
6338.0	5228.293333333333
6413.0	5584.68
6488.0	5664.213333333333
6563.0	3347.24
6638.0	2360.4
6713.0	2477.36
6788.0	2520.9066666666668
6863.0	1083.7333333333333
6938.0	32.13333333333333
7013.0	103.98666666666666
7088.0	376.9066666666667
7163.0	374.2
7238.0	254.69333333333333
7313.0	889.1466666666666
7388.0	1428.3733333333332
7463.0	1059.1066666666666
7538.0	1228.0533333333333
7613.0	1886.2533333333333
7688.0	2823.8933333333334
7763.0	2607.64
7838.0	2132.173333333333
7913.0	2497.4666666666667
7988.0	3350.1066666666666
8063.0	2739.84
8138.0	2282.48
8213.0	2827.826666666667
8288.0	3195.266666666667
8363.0	1605.9066666666668
8438.0	887.84
8513.0	1069.0133333333333
8588.0	1159.4133333333334
8663.0	732.8533333333334
8738.0	389.96
8813.0	336.0133333333333
8888.0	1602.4666666666667
8963.0	3844.9733333333334
9038.0	4173.653333333334
9113.0	4162.88
9188.0	4256.56
9263.0	2814.7733333333335
9338.0	1322.2933333333333
9413.0	1222.76
9488.0	2354.1866666666665
9563.0	2710.36
9638.0	1917.6666666666667
9713.0	1984.96
9788.0	2432.04
9863.0	7152.253333333333
9938.0	1385.52
10013.0	1378.7733333333333
10088.0	3178.5866666666666
10163.0	4543.453333333333
10238.0	3674.4266666666667
10313.0	3296.52
10388.0	3022.6666666666665
10463.0	1708.5733333333333
10538.0	974.92
10613.0	1110.04
10688.0	4665.453333333333
10763.0	4036.56
10838.0	3354.04
10913.0	3406.266666666667
10988.0	4025.5066666666667
11063.0	3930.786666666667
11138.0	2556.786666666667
11213.0	2017.8933333333334
11288.0	2884.28
11363.0	5181.2266666666665
11438.0	5115.08
11513.0	4446.946666666667
11588.0	5365.053333333333
11663.0	6673.866666666667
11738.0	410.64
11813.0	553.72
11888.0	3403.8933333333334
11963.0	5812.346666666666
12038.0	5885.8
12113.0	6716.7733333333335
12188.0	6398.066666666667
12263.0	3168.1866666666665
12338.0	2139.64
12413.0	3136.3866666666668
12488.0	4112.266666666666
12563.0	3637.133333333333
12638.0	3417.7066666666665
12713.0	4937.493333333333
12788.0	6674.626666666667
12863.0	6425.12
12938.0	6507.826666666667
13013.0	8249.853333333333
13088.0	8937.733333333334
13163.0	7820.48
13238.0	7734.48
13313.0	6756.2
13388.0	4265.88
13463.0	2926.9866666666667
13538.0	3109.2
13613.0	6144.613333333334
13688.0	8285.44
13763.0	7800.706666666667
13838.0	8173.986666666667
13913.0	7898.44
13988.0	5171.8133333333335
14063.0	2454.3733333333334
14138.0	2258.6133333333332
14213.0	3793.7466666666664
14288.0	5195.32
14363.0	5331.293333333333
14438.0	6199.92
14513.0	7214.68
14588.0	9979.933333333332
14663.0	4664.253333333333
14738.0	3894.4933333333333
14813.0	4749.426666666666
14888.0	4563.8133333333335
14963.0	2352.2266666666665
15038.0	2099.173333333333
15113.0	2559.173333333333
15188.0	4374.1466666666665
15263.0	4930.68
15338.0	4506.133333333333
15413.0	4569.506666666667
15488.0	5283.68
15563.0	4463.08
15638.0	3599.88
15713.0	3897.8
15788.0	4548.173333333333
15863.0	10581.266666666666
15938.0	3827.9866666666667
16013.0	3864.866666666667
16088.0	4363.0
16163.0	3979.9066666666668
16238.0	1481.04
16313.0	887.36
16388.0	1005.5333333333333
16463.0	772.2266666666667
16538.0	149.21333333333334
16613.0	80.56
16688.0	148.46666666666667
16763.0	966.1733333333333
16838.0	1681.8933333333334
16913.0	1690.9866666666667
16988.0	2043.04
17063.0	3511.48
17138.0	5790.64
17213.0	5975.786666666667
17288.0	6111.2
17363.0	6180.626666666667
17438.0	5577.346666666666
17513.0	3743.1466666666665
17588.0	2996.4133333333334
17663.0	3344.5466666666666
17738.0	3544.6266666666666
17813.0	2449.8533333333335
17888.0	2165.0533333333333
17963.0	3519.7733333333335
18038.0	4397.253333333333
18113.0	3308.3866666666668
18188.0	3408.4666666666667
18263.0	4770.133333333333
18338.0	4954.493333333333
18413.0	4204.626666666667
18488.0	4501.333333333333
18563.0	5161.906666666667
18638.0	7470.48
18713.0	6688.373333333333
18788.0	5715.706666666667
18863.0	6002.013333333333
18938.0	6494.706666666667
19013.0	4013.6266666666666
19088.0	3148.6
19163.0	3509.786666666667
19238.0	2728.64
19313.0	528.0933333333334
19388.0	3.96
19463.0	3.68
19538.0	175.21333333333334
19613.0	719.9466666666667
19688.0	630.52
19763.0	558.6133333333333
19838.0	954.4133333333333
19913.0	1078.12
19988.0	465.38666666666666
20063.0	222.56
20138.0	296.4266666666667
20213.0	285.85333333333335
20288.0	121.2
20363.0	110.98666666666666
20438.0	150.57333333333332
20513.0	2057.173333333333
20588.0	2716.9333333333334
20663.0	2241.3733333333334
20738.0	2656.96
20813.0	3611.6666666666665
20888.0	2918.2933333333335
20963.0	1803.3466666666666
21038.0	2243.4
21113.0	2008.2133333333334
21188.0	452.70666666666665
21263.0	92.50666666666666
21338.0	137.2
21413.0	204.30666666666667
21488.0	113.0
21563.0	92.41333333333333
21638.0	234.8
21713.0	1061.48
21788.0	1188.2533333333333
21863.0	881.7733333333333
21938.0	1055.8266666666666
22013.0	1216.76
22088.0	819.3333333333334
22163.0	632.3866666666667
22238.0	884.0533333333333
22313.0	912.5866666666667
22388.0	399.84
22463.0	250.97333333333333
22538.0	584.2133333333334
22613.0	622.24
22688.0	260.08
22763.0	326.68
22838.0	3754.88
22913.0	5699.946666666667
22988.0	5869.32
23063.0	6035.36
23138.0	8211.746666666666
23213.0	8784.186666666666
23288.0	5238.826666666667
23363.0	5000.213333333333
23438.0	5383.933333333333
23513.0	4225.106666666667
23588.0	2655.173333333333
23663.0	2220.4533333333334
23738.0	2725.1066666666666
23813.0	3339.4666666666667
23888.0	2649.733333333333
23963.0	2418.266666666667
24038.0	3031.266666666667
24113.0	4393.1866666666665
24188.0	3396.96
24263.0	2555.0666666666666
24338.0	3097.173333333333
24413.0	4073.346666666667
24488.0	3147.6266666666666
24563.0	2472.1066666666666
24638.0	2613.0533333333333
24713.0	4385.666666666667
24788.0	5119.653333333334
24863.0	4812.68
24938.0	4745.693333333334
25013.0	4975.413333333333
25088.0	3239.68
25163.0	2111.4533333333334
25238.0	2046.1866666666667
25313.0	3766.16
25388.0	4510.253333333333
25463.0	3862.68
25538.0	4506.72
25613.0	5207.866666666667
25688.0	895.9466666666667
25763.0	188.10666666666665
25838.0	207.05333333333334
25913.0	733.1466666666666
25988.0	1090.7333333333333
26063.0	880.44
26138.0	781.32
26213.0	1345.08
26288.0	1481.7733333333333
26363.0	675.6133333333333
26438.0	676.24
26513.0	1447.6933333333334
26588.0	3352.3866666666668
26663.0	3939.5866666666666
26738.0	3716.4666666666667
26813.0	4033.88
26888.0	5312.493333333333
26963.0	4713.106666666667
27038.0	4378.96
27113.0	5322.4
27188.0	6609.133333333333
27263.0	4598.28
27338.0	3599.68
27413.0	4200.72
27488.0	2969.0666666666666
27563.0	134.97333333333333
27638.0	6.706666666666667
27713.0	12.666666666666666
27788.0	251.37333333333333
27863.0	618.96
27938.0	595.0666666666667
28013.0	613.6
28088.0	2191.8
28163.0	4032.0
28238.0	3841.08
28313.0	3864.92
28388.0	3826.92
28463.0	2347.92
28538.0	1178.68
28613.0	1019.2266666666667
28688.0	1359.0933333333332
28763.0	853.8266666666667
28838.0	245.02666666666667
28913.0	162.73333333333332
28988.0	3952.0266666666666
29063.0	5051.306666666666
29138.0	4834.2266666666665
29213.0	4360.04
29288.0	4436.693333333334
29363.0	2541.5066666666667
29438.0	5.8533333333333335
29513.0	360.0
29588.0	169.02666666666667
29663.0	34.56
29738.0	16.68
29813.0	2.4133333333333336
29877.0	547.0377358490566
