# Position (bp)	A	C	G	T	N
0.0	27.125382465967995	23.972070858250312	23.073732137760757	25.828814538020932	0.0
1.0	27.5673603722086	19.98737715860501	14.895944168709892	37.5493183004765	0.0
2.0	27.92975501832177	20.214198467753352	17.822985016642686	34.032403032887004	6.584643951839914E-4
3.0	24.26750233802031	21.665326748593085	14.926906101822834	39.13763966595022	0.0026251456135457513
4.0	34.04241401415545	14.345146983790572	14.456676740322095	37.15543519499719	3.2706673469654746E-4
5.0	35.87815422391725	14.767384149208503	22.02177263465859	27.327791128990125	0.004897863225536806
6.0	32.1781242463548	17.590486308914684	20.080692995091937	30.150370549012194	3.2590062638100393E-4
7.0	35.099193443476004	16.966306751658642	20.273838948874722	27.660010407180955	6.504488096786782E-4
8.0	23.80217738687592	26.06433424707365	21.801151052966624	28.332337313083812	0.0
9.0	28.8752961028004	18.431060778141934	15.862024207417983	36.83064542298082	9.734886588571243E-4
10.0	27.26494645827052	16.92943125488327	24.35557025264953	31.44648582757067	0.0035662066260119113
11.0	28.303023627964834	18.45436699470687	19.58166775725457	33.660617683073	3.2393700073209765E-4
12.0	26.91696419034178	19.73464017168438	20.972748665594178	32.37564697237966	0.0
13.0	27.855999223715493	20.992026911196287	18.105218896058737	33.046431517151035	3.234518784467841E-4
14.0	31.421732731712837	18.575517927320362	20.273963741044426	29.728462148043928	3.234518784467841E-4
15.0	30.07196804295441	18.689696440412078	18.978862419743503	32.25914964501156	3.234518784467841E-4
16.0	30.489544418029208	17.880419840538224	19.041935536040626	32.5871298497566	9.703556353403523E-4
17.0	30.123073439749003	18.582957320524642	20.082803680882378	31.209871751330198	0.0012938075137871364
18.0	32.01494347678424	18.24365630003396	18.17443759804635	31.566962625135446	0.0
19.0	30.93881907719179	18.28732230362428	19.434282664596576	31.338929050830462	6.469037568935682E-4
20.0	30.223020070189055	18.187052221305773	19.77746510762861	31.812462600876557	0.0
21.0	29.988840910193588	17.499070075849467	19.246033671340545	33.26573189073795	3.234518784467841E-4
22.0	28.773308750990573	18.732392088367053	19.799136383484548	32.695162777157826	0.0
23.0	29.74269403069558	17.713518671259685	19.78264033768376	32.76050005660408	6.469037568935682E-4
24.0	31.003186001002703	17.68279074280724	18.57519447544192	32.73882878074814	0.0
25.0	29.110669060210565	18.128507431306907	19.325602833438456	33.43522067504407	0.0
26.0	31.475425743535006	17.542089175682886	20.316012485242506	30.666149143661155	3.234518784467841E-4
27.0	28.726731680494233	18.241392136884834	19.76646774376142	33.265084986981066	3.234518784467841E-4
28.0	30.185499652289234	17.78112011385506	19.986415021105238	32.046318308993584	6.469037568935682E-4
29.0	29.503339640644967	18.494978409587116	19.077191790791325	32.92416670709815	3.234518784467841E-4
30.0	30.215678410164188	17.99109857551332	19.160704351088743	32.63251866323375	0.0
31.0	30.700832252450986	18.19763812382545	19.12531011350073	31.973955317779406	0.0022641924434194482
32.0	29.461957963242096	18.374746893174365	19.12873029324811	33.03456485033543	0.0
33.0	29.810062299048372	17.794044392115257	19.332112798152377	33.06378051068399	0.0
34.0	29.84256782328262	18.2801820481386	19.293932699119196	32.5823470236035	9.704058560758728E-4
35.0	30.44587306828261	17.469782016172367	19.24628223305559	32.83773897618169	3.2370630774111264E-4
36.0	30.933178791008487	17.87294937335893	18.629257063674242	32.56461477195834	0.0
37.0	29.125770298145454	19.074573603748597	19.13286206036741	32.66679403773854	0.0
38.0	30.948995423289077	18.279312165370527	19.28826153004013	31.483106981022686	3.2390027758253786E-4
39.0	29.810854863431185	18.792996736865643	19.385027171183317	32.010797183399816	3.2404512004251474E-4
40.0	29.752382435176354	18.603753511213178	19.400060979960948	32.242181266177525	0.001621807471991385
41.0	29.546569144876372	18.018363283825437	20.48996904809076	31.94412417139498	9.743518124567631E-4
42.0	29.144562334217504	18.435988453736933	19.326988089665576	33.0921360586675	3.2506371248764755E-4
43.0	29.43696470335661	18.255953523321285	20.13707497487176	32.169030944334025	9.758541163153049E-4
44.0	29.45376674434044	18.944374292148876	19.785333975552284	31.816524987958395	0.0
45.0	29.43387010111207	18.406304443395154	19.789309148932706	32.36888809287331	0.0016282136867642508
46.0	30.188802189388632	17.426490950852784	19.52889048169808	32.8558163780605	0.0
47.0	29.903365110404955	18.590075776093865	19.44235313289334	32.06388006192455	3.2591868328851953E-4
48.0	30.324006899452545	17.92292568089706	18.770032377865668	32.9817307974476	0.0013042443371341188
49.0	29.017484342379955	18.180454070981213	20.02087682672234	32.78085855949895	3.2620041753653444E-4
50.0	29.72974737893812	18.385145084876367	19.31178147314942	32.57332606303609	0.0
51.0	30.386650014058812	18.02503122363973	19.27822715116165	32.31009161113981	0.0
52.0	29.474807870514386	18.468006797798246	19.796786435838413	32.26039889584896	0.0
53.0	30.993415702631093	17.9943469478765	19.22431205897012	31.787925290522285	0.0
54.0	30.319405640896	18.514627524236943	18.76085450611792	32.40412742082161	9.849079275239087E-4
55.0	29.528301886792452	18.24962198409046	18.04319242653343	34.178883702583654	0.0
56.0	29.35973041280539	18.220500737152484	20.406947662173547	32.01249210193765	3.290859309182814E-4
57.0	28.323133979329018	19.0906875177034	19.161501116549303	33.42467738641828	0.0
58.0	30.969281948652682	17.650763088224142	21.872558167137587	29.5070670970337	3.2969895188703194E-4
59.0	29.346857108896767	20.632342162087205	20.8429908146622	29.177809914353826	0.0
60.0	31.635779998676284	18.659077371103315	19.4840823350321	30.221060295188295	0.0
61.0	29.2927751608837	21.097989783055795	19.360777549260266	30.24746234989717	9.951569030717177E-4
62.0	31.39529466573492	16.630394995174868	21.260523776247048	30.712455492329703	0.0013310705134604505
63.0	26.812950939157066	20.437114256865645	24.716982393730483	28.032618071668818	3.343385779911601E-4
64.0	26.345253477874174	20.120152372002483	17.91176519944287	35.622493329529625	3.3562115084492626E-4
65.0	27.753376671494497	19.517329650712384	18.534474047627068	34.19347232981912	0.0013473003469298393
66.0	27.03612909770241	19.430252413396676	16.90172276792507	36.62716191313463	0.004733807841214559
67.0	33.78242072481143	13.915822434445355	17.57995442334666	34.71840624352605	0.003396173870517475
68.0	34.40993064063888	15.603282300493168	23.121274207995718	26.864483271043753	0.0010295798284720005
69.0	31.718751096545095	16.863986301081457	20.51539373863979	30.901517969303754	3.5089442990181974E-4
70.0	33.012393692684846	16.04181168850822	22.197799703398807	28.747994915408132	0.0
71.0	26.119006984381947	19.993211620558274	25.286235365544673	28.601067974624844	4.7805489026249995E-4
