#Position (bp)	mapping quality
38.0	57.67941176470588
113.0	56.28512975126521
188.0	56.63057262706077
263.0	55.99304347826087
338.0	57.48432259005396
413.0	57.85944338921463
488.0	57.56547451422134
563.0	57.62935477221192
638.0	57.74512574173495
713.0	58.657382841316476
788.0	58.64965596330275
863.0	58.5536312849162
938.0	58.6888523345565
1013.0	58.52914441540734
1088.0	58.2618736820966
1163.0	58.22541145039475
1238.0	57.98106149169979
1313.0	56.66634457435501
1388.0	53.5177766649975
1463.0	54.32223380328049
1538.0	53.86557610241821
1613.0	56.9572498898193
1688.0	56.831380228253224
1763.0	56.51151033064815
1838.0	56.81731771631814
1913.0	58.307900706673415
1988.0	58.2983970406905
2063.0	58.197640015315535
2138.0	57.95544525202387
2213.0	57.27208108463867
2288.0	56.482702372051925
2363.0	56.674485107476784
2438.0	57.79926472150796
2513.0	57.66198643257984
2588.0	58.08144695960941
2663.0	57.97165563950985
2738.0	58.00846642293631
2813.0	58.096096538022884
2888.0	58.57706206460655
2963.0	58.04886325076349
3038.0	58.1510477039679
3113.0	58.20989893754859
3188.0	57.49037273850178
3263.0	56.260973230735885
3338.0	56.74865776001998
3413.0	56.6316474223451
3488.0	56.38402683156902
3563.0	53.865655727994316
3638.0	53.41100076394194
3713.0	53.45226798253938
3788.0	55.85147247119078
3863.0	56.20656795191321
3938.0	57.323932749670725
4013.0	57.50451818116099
4088.0	58.440539362325815
4163.0	55.722435643817086
4238.0	52.97899635266004
4313.0	54.041613316261206
4388.0	53.32024798334012
4463.0	50.18810871628986
4538.0	48.370881353812806
4613.0	47.17958142847297
4688.0	43.094495107098496
4763.0	41.32405114130798
4838.0	41.95167707086716
4913.0	40.90675791274594
4988.0	40.868134128780085
5063.0	34.561527581329564
5138.0	33.36608006188358
5213.0	33.16810848725742
5288.0	43.25730681320819
5363.0	47.626987692031264
5438.0	48.2974747744381
5513.0	49.26777287258334
5588.0	54.399092489716296
5663.0	55.65477989322051
5738.0	56.3697578014856
5813.0	55.12820512820513
5888.0	54.90420022448457
5963.0	47.492447129909365
6038.0	41.41148583126818
6113.0	43.990223982180424
6188.0	51.57916998812409
6263.0	54.339622641509436
6338.0	53.960736740192935
6413.0	53.79196200482136
6488.0	53.805011127862734
6563.0	49.679837327060326
6638.0	48.97541856601202
6713.0	50.18212862834377
6788.0	52.050746452048905
6863.0	47.357545856434555
6938.0	40.15949085611318
7013.0	45.5584082156611
7088.0	35.35409177909528
7163.0	22.112740906400052
7238.0	21.471571906354516
7313.0	31.712012572438855
7388.0	47.45262057247419
7463.0	47.72875434074011
7538.0	47.83425904415957
7613.0	48.067348713912935
7688.0	50.051641651842
7763.0	49.4406863553869
7838.0	48.358281316283865
7913.0	49.63711926308404
7988.0	54.40779639300344
8063.0	52.099070188430844
8138.0	53.00098035655931
8213.0	53.17927432142524
8288.0	53.39599860075153
8363.0	47.3392724274539
8438.0	45.6386761487965
8513.0	45.585779323282466
8588.0	45.2782320235481
8663.0	43.82013815772579
8738.0	40.00951927653498
8813.0	42.40969236781866
8888.0	42.94906166219839
8963.0	50.30112300861844
9038.0	49.59084983810605
9113.0	50.63351498637602
9188.0	50.36578722079539
9263.0	46.338458163470506
9338.0	44.92596011075886
9413.0	45.33013205282113
9488.0	50.91749671114452
9563.0	54.44409693881443
9638.0	53.189038550859266
9713.0	53.04656848808779
9788.0	52.478790114348946
9863.0	36.5574326970781
9938.0	23.173342541436465
10013.0	19.332065102515326
10088.0	33.380894322338285
10163.0	46.96805207165499
10238.0	46.500062664494294
10313.0	47.167767755050185
10388.0	48.60141783938207
10463.0	42.14434903689951
10538.0	38.31928713296473
10613.0	37.96360958044629
10688.0	41.95966769395685
10763.0	41.341894357576734
10838.0	39.972237370482375
10913.0	39.05270664505672
10988.0	40.33091055188283
11063.0	48.521594684385384
11138.0	47.63979621498401
11213.0	47.60160511919468
11288.0	39.01866306479473
11363.0	49.536076465788554
11438.0	43.203618027759006
11513.0	43.60359629005743
11588.0	49.356547172048536
11663.0	49.8734637116476
11738.0	46.24356950033108
11813.0	43.72278540785468
11888.0	45.80753665843275
11963.0	44.289593111205924
12038.0	43.19651560717619
12113.0	45.68765516083718
12188.0	50.40075363486628
12263.0	46.50507271727722
12338.0	46.717008977985486
12413.0	50.006291868685
12488.0	50.19271974530003
12563.0	48.85307939478591
12638.0	47.5637837339965
12713.0	50.084944920440634
12788.0	48.751286391524154
12863.0	46.119035229061
12938.0	45.416257731347606
13013.0	48.73913958452334
13088.0	51.76818871279879
13163.0	53.16295742321479
13238.0	52.661146649681996
13313.0	53.46285590010331
13388.0	42.92147144529402
13463.0	7.534154157530781
13538.0	5.501730103806229
13613.0	28.642893145161292
13688.0	46.55085212842986
13763.0	47.71513616775512
13838.0	48.28619204171863
13913.0	45.46246519126484
13988.0	37.83568280756957
14063.0	32.74477907232359
14138.0	34.76531650722573
14213.0	37.857512814559485
14288.0	38.892955636512205
14363.0	36.88530091729435
14438.0	36.687068114511355
14513.0	36.69270466145907
14588.0	38.34214089181989
14663.0	36.43061619871035
14738.0	37.26595622779879
14813.0	36.959572594148334
14888.0	35.55482539454364
14963.0	25.74672288012432
15038.0	25.355162628247108
15113.0	24.378338745155546
15188.0	42.04637834169149
15263.0	48.42089905017581
15338.0	49.23308637954897
15413.0	49.377657414884645
15488.0	50.10426233050619
15563.0	50.049812419227344
15638.0	49.072800176574454
15713.0	49.02488697186188
15788.0	48.44210157754479
15863.0	46.68993138215936
15938.0	39.410969586690925
16013.0	38.97122327622823
16088.0	39.66089509316398
16163.0	37.018819752035746
16238.0	17.570670904837588
16313.0	17.59231826375627
16388.0	16.382861548628703
16463.0	25.45369953037991
16538.0	23.395470651671545
16613.0	23.593098798725176
16688.0	25.816884387408642
16763.0	33.90034930468595
16838.0	38.000425874663236
16913.0	38.515430731253
16988.0	38.11807608365334
17063.0	40.98518856374679
17138.0	46.70285333766081
17213.0	48.0264801902382
17288.0	46.189388523704075
17363.0	47.33075631148196
17438.0	44.341447984078236
17513.0	37.44303941672363
17588.0	36.56947909168893
17663.0	38.49663919521617
17738.0	34.09936471738068
17813.0	23.96301388490187
17888.0	20.4129666207446
17963.0	22.822091627566213
18038.0	34.76484218768186
18113.0	38.51800479167042
18188.0	37.88817918030203
18263.0	41.41327887036287
18338.0	42.98068077276909
18413.0	38.69671558350804
18488.0	39.01206203331419
18563.0	38.98920205609411
18638.0	46.07777244359097
18713.0	44.07286990629767
18788.0	45.79547485990098
18863.0	44.709918745449826
18938.0	46.062053234259736
19013.0	40.097207724425886
19088.0	41.462461793818186
19163.0	39.50544901201692
19238.0	39.377596631275544
19313.0	9.755843300779107
19388.0	4.312688132810362
19463.0	3.689469638739431
19538.0	6.133937237140084
19613.0	22.878511492156147
19688.0	25.221601914093654
19763.0	28.080100386907873
19838.0	28.4449378946638
19913.0	23.739141024600148
19988.0	13.630064104227765
20063.0	13.46808011877165
20138.0	13.98748358185892
20213.0	13.875348549003409
20288.0	10.64235391628678
20363.0	11.367905267456104
20438.0	11.573240811015939
20513.0	39.40279497611888
20588.0	35.16520403373775
20663.0	37.92511503261364
20738.0	37.65723167752975
20813.0	46.31326094747344
20888.0	43.43500890931258
20963.0	41.43159388674981
21038.0	40.473780285429804
21113.0	40.660680451437514
21188.0	7.721030361517333
21263.0	5.298846557147851
21338.0	6.607278241091736
21413.0	11.43773272652048
21488.0	16.64553065747353
21563.0	17.875340791576573
21638.0	23.073291366906474
21713.0	39.61816433512206
21788.0	30.394069801500574
21863.0	40.49340933380834
21938.0	37.86872820979233
22013.0	35.70591483071224
22088.0	43.85754999754312
22163.0	40.6014171833481
22238.0	39.709464779165444
22313.0	33.284537968892955
22388.0	0.7333904650218754
22463.0	1.2317187709647122
22538.0	22.862875876102194
22613.0	34.697194354046715
22688.0	38.219968178202066
22763.0	37.00577427821522
22838.0	38.72897680366479
22913.0	12.864368475804426
22988.0	4.127902032485755
23063.0	5.919249290035807
23138.0	30.412735583526604
23213.0	43.09150452706608
23288.0	44.331550802139034
23363.0	44.92972552962954
23438.0	46.31875998589007
23513.0	46.19191258674879
23588.0	44.536470922792546
23663.0	43.370795107033636
23738.0	44.866231401700084
23813.0	42.61830871482039
23888.0	43.80294099398151
23963.0	41.780359087482196
24038.0	44.379675623915254
24113.0	47.68937607305247
24188.0	46.07600068276863
24263.0	46.29512948144414
24338.0	44.20273017717107
24413.0	46.437839578636805
24488.0	39.06251503922229
24563.0	38.949236204087555
24638.0	39.39042685911912
24713.0	45.26202870402782
24788.0	44.264856588259406
24863.0	41.059781425523575
24938.0	42.13234388049892
25013.0	46.7177530148069
25088.0	41.659756868807534
25163.0	41.548147412900754
25238.0	40.323776382479764
25313.0	46.35842771485676
25388.0	48.35333352335889
25463.0	47.60311496825285
25538.0	48.06224527602816
25613.0	51.39932586497472
25688.0	50.39014627906497
25763.0	48.82512415728989
25838.0	50.12277353689567
25913.0	53.34787377551406
25988.0	55.705727463905134
26063.0	56.34040632054176
26138.0	54.72674809624021
26213.0	55.882771231206824
26288.0	56.72328722801909
26363.0	53.80328370385478
26438.0	55.02629478810698
26513.0	56.76159284259296
26588.0	57.80743307257126
26663.0	57.74117384595363
26738.0	57.78370456676285
26813.0	57.68692855851656
26888.0	57.178696468733335
26963.0	54.796128148021246
27038.0	55.10004231396965
27113.0	55.72588582677165
27188.0	58.21918309673546
27263.0	58.467426197519984
27338.0	58.96151916118638
27413.0	59.118856288544194
27488.0	59.94162561576355
27563.0	60.0
27638.0	60.0
27713.0	60.0
27788.0	60.0
27863.0	60.0
27938.0	60.0
28013.0	59.99856128908498
28088.0	59.998807678550136
28163.0	59.99819505444919
28238.0	59.87179750580404
28313.0	59.99880107902887
28388.0	59.99524235661936
28463.0	60.0
28538.0	59.99865831842576
28613.0	59.9976052684095
28688.0	60.0
28763.0	59.99241562381494
28838.0	60.0
28913.0	60.0
28988.0	60.0
29063.0	59.99915675857998
29138.0	59.99512896641306
29213.0	59.99669043120923
29288.0	59.99655375425396
29363.0	60.0
29438.0	60.0
29513.0	59.984415584415586
29588.0	59.99574739527961
29663.0	59.99488687204397
29738.0	60.0
29813.0	60.0
29877.0	60.0
