#GC Content (%)	Sample
1.0	0.0
2.0	0.0
3.0	0.0
4.0	0.0
5.0	0.0
6.0	0.0
7.0	0.0
8.0	0.0
9.0	0.0
10.0	0.0
11.0	0.0
12.0	0.0
13.0	7.773752701379064E-6
14.0	7.38506506631011E-5
15.0	6.996377431241159E-5
16.0	0.0
17.0	4.197826458744695E-4
18.0	3.1483698440585206E-4
19.0	5.441626890965346E-5
20.0	0.004127862684432283
21.0	7.151852485268739E-4
22.0	0.0010416828619847945
23.0	0.009884326559803478
24.0	0.0014264836207030585
25.0	0.016717455184315676
26.0	0.008333462895878356
27.0	0.003863555092585395
28.0	0.03713521665448779
29.0	0.01280337069917132
30.0	0.00780096083583389
31.0	0.07119591411558016
32.0	0.017817441191560812
33.0	0.01136911332576688
34.0	0.08499043828417731
35.0	0.02176262068751069
36.0	0.03591862435672197
37.0	0.08775012049316688
38.0	0.023620547583140288
39.0	0.09754116202055381
40.0	0.03369144420777686
41.0	0.013522442824048882
42.0	0.10085278067134128
43.0	0.02662510300222329
44.0	0.009872665930751411
45.0	0.07561529252631415
46.0	0.020868639126852096
47.0	0.011571230896002736
48.0	0.04460190612416238
49.0	0.014435858766460924
50.0	0.022493353441440322
51.0	0.015916758656073633
52.0	0.00857444922962111
53.0	0.017319921018672555
54.0	0.00207559197126821
55.0	0.0050645998849484595
56.0	0.011967692283773068
57.0	8.939815606585923E-4
58.0	0.0016674699544458095
59.0	0.002164990127334069
60.0	4.936332965375706E-4
61.0	8.862078079572131E-4
62.0	0.0012515741849220296
63.0	3.614795006141265E-4
64.0	3.226107371072312E-4
65.0	3.4981887156205793E-5
66.0	4.275563985758485E-5
67.0	7.773752701379064E-6
68.0	0.0
69.0	0.0
70.0	3.886876350689532E-6
71.0	0.0
72.0	0.0
73.0	0.0
74.0	0.0
75.0	0.0
76.0	0.0
77.0	0.0
78.0	0.0
79.0	0.0
80.0	0.0
81.0	0.0
82.0	0.0
83.0	0.0
84.0	0.0
85.0	0.0
86.0	0.0
87.0	0.0
88.0	0.0
89.0	0.0
90.0	0.0
91.0	0.0
92.0	0.0
93.0	0.0
94.0	0.0
95.0	0.0
96.0	0.0
97.0	0.0
98.0	0.0
99.0	0.0
100.0	4.275563985758485E-5
