#Position (bp)	Coverage
38.0	1301.88
113.0	17.573333333333334
188.0	1.2133333333333334
263.0	1.3466666666666667
338.0	8.266666666666667
413.0	16.44
488.0	19.16
563.0	21.893333333333334
638.0	18.866666666666667
713.0	14.04
788.0	8.56
863.0	15.293333333333333
938.0	17.293333333333333
1013.0	19.453333333333333
1088.0	10.373333333333333
1163.0	11.64
1238.0	15.52
1313.0	18.14666666666667
1388.0	8.44
1463.0	8.64
1538.0	10.666666666666666
1613.0	19.24
1688.0	11.0
1763.0	13.8
1838.0	13.16
1913.0	18.493333333333332
1988.0	9.066666666666666
2063.0	8.92
2138.0	8.6
2213.0	14.4
2288.0	8.293333333333333
2363.0	7.306666666666667
2438.0	9.36
2513.0	17.546666666666667
2588.0	16.52
2663.0	10.226666666666667
2738.0	11.413333333333334
2813.0	13.813333333333333
2888.0	17.213333333333335
2963.0	10.266666666666667
3038.0	11.666666666666666
3113.0	9.466666666666667
3188.0	19.186666666666667
3263.0	12.453333333333333
3338.0	15.493333333333334
3413.0	10.813333333333333
3488.0	22.093333333333334
3563.0	14.173333333333334
3638.0	15.24
3713.0	14.946666666666667
3788.0	14.293333333333333
3863.0	6.426666666666667
3938.0	2.0
4013.0	2.5866666666666664
4088.0	8.24
4163.0	7.346666666666667
4238.0	9.626666666666667
4313.0	13.0
4388.0	13.88
4463.0	8.226666666666667
4538.0	8.573333333333334
4613.0	11.706666666666667
4688.0	14.786666666666667
4763.0	9.653333333333334
4838.0	14.066666666666666
4913.0	11.133333333333333
4988.0	11.866666666666667
5063.0	3.76
5138.0	3.6533333333333333
5213.0	3.3466666666666667
5288.0	9.4
5363.0	6.226666666666667
5438.0	9.226666666666667
5513.0	12.053333333333333
5588.0	19.346666666666668
5663.0	8.36
5738.0	5.28
5813.0	7.6
5888.0	15.653333333333334
5963.0	13.213333333333333
6038.0	8.986666666666666
6113.0	9.773333333333333
6188.0	16.813333333333333
6263.0	13.173333333333334
6338.0	7.2
6413.0	5.28
6488.0	14.28
6563.0	14.746666666666666
6638.0	10.626666666666667
6713.0	11.8
6788.0	15.76
6863.0	12.653333333333334
6938.0	7.1466666666666665
7013.0	8.706666666666667
7088.0	10.413333333333334
7163.0	5.0
7238.0	7.986666666666666
7313.0	10.693333333333333
7388.0	14.72
7463.0	8.293333333333333
7538.0	8.653333333333334
7613.0	12.733333333333333
7688.0	13.466666666666667
7763.0	7.946666666666666
7838.0	9.053333333333333
7913.0	8.653333333333334
7988.0	16.24
8063.0	8.84
8138.0	8.28
8213.0	8.133333333333333
8288.0	18.933333333333334
8363.0	10.32
8438.0	7.92
8513.0	15.386666666666667
8588.0	17.653333333333332
8663.0	10.64
8738.0	3.8133333333333335
8813.0	5.653333333333333
8888.0	12.16
8963.0	15.4
9038.0	8.426666666666666
9113.0	15.32
9188.0	14.546666666666667
9263.0	10.306666666666667
9338.0	2.0
9413.0	3.0533333333333332
9488.0	8.133333333333333
9563.0	11.6
9638.0	9.626666666666667
9713.0	10.24
9788.0	13.4
9863.0	13.466666666666667
9938.0	7.08
10013.0	7.48
10088.0	17.666666666666668
10163.0	18.893333333333334
10238.0	15.413333333333334
10313.0	11.44
10388.0	14.36
10463.0	19.85333333333333
10538.0	30.906666666666666
10613.0	36.21333333333333
10688.0	25.213333333333335
10763.0	7.173333333333333
10838.0	4.946666666666666
10913.0	6.8533333333333335
10988.0	12.853333333333333
11063.0	19.506666666666668
11138.0	11.04
11213.0	9.666666666666666
11288.0	14.08
11363.0	21.946666666666665
11438.0	11.4
11513.0	14.226666666666667
11588.0	21.546666666666667
11663.0	24.04
11738.0	24.36
11813.0	16.786666666666665
11888.0	20.866666666666667
11963.0	17.653333333333332
12038.0	17.026666666666667
12113.0	17.573333333333334
12188.0	20.48
12263.0	10.173333333333334
12338.0	2.8
12413.0	5.2
12488.0	7.533333333333333
12563.0	7.026666666666666
12638.0	8.906666666666666
12713.0	7.946666666666666
12788.0	8.653333333333334
12863.0	5.066666666666666
12938.0	4.48
13013.0	5.506666666666667
13088.0	7.226666666666667
13163.0	7.88
13238.0	11.613333333333333
13313.0	15.0
13388.0	13.493333333333334
13463.0	9.386666666666667
13538.0	9.213333333333333
13613.0	8.64
13688.0	7.44
13763.0	2.2266666666666666
13838.0	2.1733333333333333
13913.0	3.56
13988.0	6.453333333333333
14063.0	6.32
14138.0	11.6
14213.0	14.533333333333333
14288.0	13.746666666666666
14363.0	5.68
14438.0	7.066666666666666
14513.0	6.586666666666667
14588.0	14.12
14663.0	10.266666666666667
14738.0	13.893333333333333
14813.0	10.186666666666667
14888.0	22.72
14963.0	13.08
15038.0	16.546666666666667
15113.0	15.413333333333334
15188.0	16.813333333333333
15263.0	10.32
15338.0	7.786666666666667
15413.0	6.573333333333333
15488.0	8.653333333333334
15563.0	12.24
15638.0	11.146666666666667
15713.0	17.48
15788.0	16.92
15863.0	18.586666666666666
15938.0	7.866666666666666
16013.0	11.2
16088.0	10.84
16163.0	15.84
16238.0	7.053333333333334
16313.0	7.1066666666666665
16388.0	5.706666666666667
16463.0	16.493333333333332
16538.0	16.64
16613.0	20.12
16688.0	15.053333333333333
16763.0	15.373333333333333
16838.0	11.026666666666667
16913.0	8.506666666666666
16988.0	13.586666666666666
17063.0	14.666666666666666
17138.0	12.613333333333333
17213.0	4.946666666666666
17288.0	5.226666666666667
17363.0	7.253333333333333
17438.0	13.36
17513.0	10.973333333333333
17588.0	14.493333333333334
17663.0	12.36
17738.0	16.68
17813.0	10.0
17888.0	12.493333333333334
17963.0	16.013333333333332
18038.0	16.026666666666667
18113.0	8.853333333333333
18188.0	21.786666666666665
18263.0	34.93333333333333
18338.0	41.32
18413.0	10.346666666666666
18488.0	11.613333333333333
18563.0	12.653333333333334
18638.0	21.28
18713.0	9.653333333333334
18788.0	12.093333333333334
18863.0	8.546666666666667
18938.0	19.373333333333335
19013.0	10.373333333333333
19088.0	13.186666666666667
19163.0	12.013333333333334
19238.0	18.973333333333333
19313.0	12.106666666666667
19388.0	9.253333333333334
19463.0	9.146666666666667
19538.0	12.773333333333333
19613.0	11.013333333333334
19688.0	5.0
19763.0	6.92
19838.0	10.013333333333334
19913.0	16.226666666666667
19988.0	12.0
20063.0	13.026666666666667
20138.0	14.0
20213.0	24.626666666666665
20288.0	12.666666666666666
20363.0	14.026666666666667
20438.0	11.853333333333333
20513.0	23.053333333333335
20588.0	15.133333333333333
20663.0	12.146666666666667
20738.0	15.68
20813.0	21.226666666666667
20888.0	13.8
20963.0	5.88
21038.0	5.56
21113.0	13.746666666666666
21188.0	6.666666666666667
21263.0	4.04
21338.0	5.333333333333333
21413.0	9.933333333333334
21488.0	6.946666666666666
21563.0	8.666666666666666
21638.0	7.506666666666667
21713.0	12.053333333333333
21788.0	9.826666666666666
21863.0	15.92
21938.0	12.893333333333333
22013.0	13.613333333333333
22088.0	5.0
22163.0	5.92
22238.0	7.88
22313.0	16.69333333333333
22388.0	10.906666666666666
22463.0	11.92
22538.0	11.613333333333333
22613.0	12.106666666666667
22688.0	5.586666666666667
22763.0	7.28
22838.0	17.56
22913.0	14.12
22988.0	12.853333333333333
23063.0	9.986666666666666
23138.0	15.493333333333334
23213.0	15.106666666666667
23288.0	13.253333333333334
23363.0	15.786666666666667
23438.0	15.626666666666667
23513.0	15.053333333333333
23588.0	9.0
23663.0	9.386666666666667
23738.0	8.973333333333333
23813.0	14.76
23888.0	8.0
23963.0	10.013333333333334
24038.0	11.28
24113.0	18.066666666666666
24188.0	14.453333333333333
24263.0	18.32
24338.0	15.0
24413.0	17.906666666666666
24488.0	8.466666666666667
24563.0	5.946666666666666
24638.0	6.8
24713.0	14.493333333333334
24788.0	13.48
24863.0	12.093333333333334
24938.0	13.226666666666667
25013.0	19.30666666666667
25088.0	9.933333333333334
25163.0	8.133333333333333
25238.0	5.946666666666666
25313.0	16.44
25388.0	18.626666666666665
25463.0	20.133333333333333
25538.0	17.14666666666667
25613.0	17.586666666666666
25688.0	10.213333333333333
25763.0	8.266666666666667
25838.0	9.986666666666666
25913.0	21.133333333333333
25988.0	22.24
26063.0	9.626666666666667
26138.0	8.32
26213.0	12.173333333333334
26288.0	13.733333333333333
26363.0	6.1466666666666665
26438.0	8.32
26513.0	24.226666666666667
26588.0	26.773333333333333
26663.0	15.106666666666667
26738.0	16.626666666666665
26813.0	16.213333333333335
26888.0	21.08
26963.0	9.0
27038.0	17.226666666666667
27113.0	16.786666666666665
27188.0	25.026666666666667
27263.0	10.733333333333333
27338.0	11.36
27413.0	14.04
27488.0	20.253333333333334
27563.0	7.6
27638.0	6.413333333333333
27713.0	9.88
27788.0	17.69333333333333
27863.0	12.946666666666667
27938.0	7.693333333333333
28013.0	9.813333333333333
28088.0	15.96
28163.0	16.666666666666668
28238.0	15.84
28313.0	27.4
28388.0	33.57333333333333
28463.0	29.8
28538.0	21.946666666666665
28613.0	19.84
28688.0	11.88
28763.0	31.826666666666668
28838.0	26.026666666666667
28913.0	34.28
28988.0	27.493333333333332
29063.0	14.706666666666667
29138.0	11.106666666666667
29213.0	12.613333333333333
29288.0	13.173333333333334
29363.0	14.173333333333334
29438.0	7.0
29513.0	12.813333333333333
29588.0	14.266666666666667
29663.0	13.693333333333333
29738.0	6.4
29813.0	6.0
29877.0	1.7547169811320755
