#Position (bp)	mapping quality
38.0	60.0
113.0	59.98784563962322
188.0	60.0
263.0	59.997912244684926
338.0	59.97701222821749
413.0	59.97782841657942
488.0	59.759341014321095
563.0	60.0
638.0	60.0
713.0	59.95363644793373
788.0	60.0
863.0	59.99842503149937
938.0	59.993122223814304
1013.0	59.99113156950104
1088.0	60.0
1163.0	59.995096570323355
1238.0	59.99523847313705
1313.0	60.0
1388.0	60.0
1463.0	59.984509466437174
1538.0	59.993710032498164
1613.0	59.98910527032548
1688.0	59.997065081810845
1763.0	60.0
1838.0	59.99032726100274
1913.0	60.0
1988.0	60.0
2063.0	59.9983789041392
2138.0	59.99840408554101
2213.0	60.0
2288.0	59.99744463373084
2363.0	59.99483559993114
2438.0	59.99318839757053
2513.0	59.99621809013552
2588.0	60.0
2663.0	60.0
2738.0	60.0
2813.0	60.0
2888.0	59.99368288060644
2963.0	59.99787377298983
3038.0	59.99613638558872
3113.0	59.99734442772417
3188.0	59.99369383572442
3263.0	60.0
3338.0	59.98712998712999
3413.0	60.0
3488.0	60.0
3563.0	59.996626749873506
3638.0	60.0
3713.0	59.993170565135735
3788.0	60.0
3863.0	59.992698657364215
3938.0	59.997929535180646
4013.0	60.0
4088.0	59.993354598617756
4163.0	59.99770869930497
4238.0	60.0
4313.0	59.9977959003747
4388.0	59.99858075503832
4463.0	60.0
4538.0	59.88921940711868
4613.0	60.0
4688.0	60.0
4763.0	59.996554397450254
4838.0	60.0
4913.0	60.0
4988.0	60.0
5063.0	60.0
5138.0	60.0
5213.0	59.99657827202737
5288.0	60.0
5363.0	60.0
5438.0	60.0
5513.0	59.990343451250524
5588.0	59.99785545785975
5663.0	59.992393316260554
5738.0	60.0
5813.0	59.983118405627195
5888.0	59.98472461882266
5963.0	60.0
6038.0	59.95862211647874
6113.0	59.996522243153166
6188.0	59.998537405845504
6263.0	59.99726794617854
6338.0	59.99382969971205
6413.0	59.99637932595118
6488.0	60.0
6563.0	60.0
6638.0	60.0
6713.0	59.994687209456764
6788.0	59.997799134326165
6863.0	59.99798197228575
6938.0	59.97539975399754
7013.0	59.98984496648839
7088.0	60.0
7163.0	59.994041708043696
7238.0	59.99680766161213
7313.0	60.0
7388.0	60.0
7463.0	59.98842955285043
7538.0	60.0
7613.0	60.0
7688.0	60.0
7763.0	59.99835575895426
7838.0	59.99832952837018
7913.0	59.99428884182471
7988.0	59.99858580620831
8063.0	59.99287360144428
8138.0	60.0
8213.0	59.99050056732723
8288.0	60.0
8363.0	59.99640125955916
8438.0	59.99824597304645
8513.0	59.99613837489944
8588.0	60.0
8663.0	60.0
8738.0	59.99821237039686
8813.0	59.99534215735745
8888.0	59.985672782266086
8963.0	59.99679213002566
9038.0	60.0
9113.0	59.99863313285949
9188.0	59.99863213569214
9263.0	59.9791492910759
9338.0	60.0
9413.0	59.98959236773634
9488.0	60.0
9563.0	59.98972442783746
9638.0	59.99370188943317
9713.0	59.992393371366475
9788.0	59.9938574938575
9863.0	59.99360795454545
9938.0	59.9961088232433
10013.0	59.99276367364168
10088.0	59.99689970547202
10163.0	59.99427225863934
10238.0	59.99818308451685
10313.0	60.0
10388.0	59.99824924863587
10463.0	60.0
10538.0	60.0
10613.0	60.0
10688.0	59.99408342372547
10763.0	59.99638641291255
10838.0	59.997461821566056
10913.0	59.99857732252099
10988.0	59.99383603862749
11063.0	59.93169947770189
11138.0	59.99443743973893
11213.0	59.997643778593726
11288.0	59.98180282056281
11363.0	60.0
11438.0	59.996964330887934
11513.0	59.99844466910335
11588.0	59.995220266071854
11663.0	59.97868735996502
11738.0	59.98696077366076
11813.0	59.998052390690425
11888.0	59.99795953069206
11963.0	59.990141307919814
12038.0	59.99755361657017
12113.0	59.94938688173813
12188.0	59.962021136063406
12263.0	59.993745700168866
12338.0	59.99753091500175
12413.0	59.99869184145118
12488.0	59.99780685722641
12563.0	59.9960806088121
12638.0	59.99458796363112
12713.0	60.0
12788.0	60.0
12863.0	60.0
12938.0	59.99879394560695
13013.0	60.0
13088.0	59.99742846121977
13163.0	59.997193507647694
13238.0	60.0
13313.0	59.99705714052154
13388.0	60.0
13463.0	60.0
13538.0	60.0
13613.0	60.0
13688.0	59.99846534231392
13763.0	59.9940594059406
13838.0	59.985780305723424
13913.0	59.99899633662869
13988.0	60.0
14063.0	59.99816578267582
14138.0	59.99430451841539
14213.0	59.99788966463254
14288.0	59.99786442668755
14363.0	59.99791554482447
14438.0	59.986399844569654
14513.0	59.99540300337113
14588.0	59.91154170176917
14663.0	59.99132362865131
14738.0	59.996723281087874
14813.0	59.996894329563396
14888.0	59.96341045088997
14963.0	59.99261583902529
15038.0	59.99660297239915
15113.0	60.0
15188.0	60.0
15263.0	59.99798617171243
15338.0	59.99913158009003
15413.0	60.0
15488.0	59.99277021327871
15563.0	59.992897201793454
15638.0	59.99911414271161
15713.0	59.99893897327981
15788.0	60.0
15863.0	60.0
15938.0	59.98780452394088
16013.0	59.99584642862087
16088.0	59.999369774379225
16163.0	60.0
16238.0	60.0
16313.0	59.99074966274812
16388.0	59.992009322457136
16463.0	59.998315978556796
16538.0	59.97988152453336
16613.0	60.0
16688.0	60.0
16763.0	60.0
16838.0	59.99177744278471
16913.0	59.9990930116548
16988.0	59.999156070665016
17063.0	59.99428983182195
17138.0	60.0
17213.0	59.96511574534494
17288.0	59.9990416560184
17363.0	59.96431521559557
17438.0	59.997251866440706
17513.0	59.99166765861207
17588.0	60.0
17663.0	59.997464931553154
17738.0	60.0
17813.0	59.995634670417616
17888.0	60.0
17963.0	60.0
18038.0	59.99432315443385
18113.0	60.0
18188.0	59.998803183531805
18263.0	60.0
18338.0	59.98265160569027
18413.0	59.99770000383333
18488.0	60.0
18563.0	59.99690965903238
18638.0	59.97189748201439
18713.0	59.951413612565446
18788.0	59.982834582594265
18863.0	60.0
18938.0	60.0
19013.0	60.0
19088.0	59.98551152370476
19163.0	59.99060346627689
19238.0	60.0
19313.0	60.0
19388.0	60.0
19463.0	60.0
19538.0	60.0
19613.0	59.99326170778273
19688.0	60.0
19763.0	60.0
19838.0	59.99509001636661
19913.0	59.99221453287197
19988.0	60.0
20063.0	60.0
20138.0	60.0
20213.0	59.92991284032707
20288.0	60.0
20363.0	59.9941792782305
20438.0	60.0
20513.0	59.99632127529123
20588.0	59.99856139257199
20663.0	59.99727582292849
20738.0	60.0
20813.0	59.992324093816634
20888.0	59.99669038557008
20963.0	60.0
21038.0	59.99704054453981
21113.0	59.994051160023794
21188.0	60.0
21263.0	60.0
21338.0	60.0
21413.0	60.0
21488.0	60.0
21563.0	60.0
21638.0	60.0
21713.0	59.97377367654201
21788.0	60.0
21863.0	59.99833268493303
21938.0	59.98671684746513
22013.0	59.93152384260408
22088.0	59.98905109489051
22163.0	60.0
22238.0	59.9930511320864
22313.0	60.0
22388.0	60.0
22463.0	60.0
22538.0	60.0
22613.0	59.99257884972171
22688.0	60.0
22763.0	59.99333555481506
22838.0	59.97282300985166
22913.0	59.95951854050845
22988.0	59.97844672749479
23063.0	60.0
23138.0	60.0
23213.0	59.994260204081634
23288.0	60.0
23363.0	59.99821614389773
23438.0	60.0
23513.0	59.982833163784335
23588.0	59.5873760528841
23663.0	60.0
23738.0	60.0
23813.0	59.997248337537265
23888.0	59.98122156149939
23963.0	59.99734219269103
24038.0	59.93724943350183
24113.0	59.99627236580517
24188.0	59.995917950811304
24263.0	59.99335382570408
24338.0	59.99657485371771
24413.0	59.997749268512266
24488.0	59.95778116570892
24563.0	59.99681461032066
24638.0	60.0
24713.0	60.0
24788.0	59.99908211969159
24863.0	59.99899467176033
24938.0	59.985899197338924
25013.0	59.99747724262619
25088.0	59.9984076433121
25163.0	59.98722826809994
25238.0	59.99794794623619
25313.0	59.99814986123959
25388.0	59.99258398635453
25463.0	59.944403564712616
25538.0	59.91579603929518
25613.0	59.99751665907868
25688.0	59.95921898171033
25763.0	59.99457308248915
25838.0	60.0
25913.0	59.99782364249701
25988.0	59.99434531289268
26063.0	59.98684123955523
26138.0	59.99624358278726
26213.0	59.99739051015526
26288.0	60.0
26363.0	60.0
26438.0	60.0
26513.0	60.0
26588.0	59.95711733174509
26663.0	59.99616556249068
26738.0	59.997680976098245
26813.0	59.64901770083641
26888.0	59.998940004239984
26963.0	59.91656004895144
27038.0	59.978075106813584
27113.0	59.98457583547558
27188.0	59.960009460127715
27263.0	59.96337467069331
27338.0	60.0
27413.0	60.0
27488.0	60.0
27563.0	59.9768071124855
27638.0	60.0
27713.0	60.0
27788.0	60.0
27863.0	60.0
27938.0	59.99741033277224
28013.0	60.0
28088.0	59.99668691330756
28163.0	59.997377679683574
28238.0	59.99483248643528
28313.0	59.999078411796326
28388.0	59.99030831667575
28463.0	60.0
28538.0	59.997752808988764
28613.0	60.0
28688.0	59.99831432263865
28763.0	60.0
28838.0	60.0
28913.0	60.0
28988.0	59.99481775781655
29063.0	59.88314649439483
29138.0	59.993326808434915
29213.0	59.97831138652207
29288.0	59.99705521472393
29363.0	60.0
29438.0	59.98597584729256
29513.0	59.98176384175067
29588.0	59.998206760512865
29663.0	59.99582419876814
29738.0	59.99545161657128
29813.0	59.99320882852292
29877.0	60.0
