# Position (bp)	A	C	G	T	N
0.0	28.382751621648474	24.219692560998112	18.703958667480446	28.693597149872964	0.0
1.0	27.20962911444509	21.07078477850482	14.20734390302755	37.51224220402254	0.0
2.0	28.280857584743956	19.887339131915375	18.318032833406644	33.51377044993402	0.0
3.0	24.01548837308257	22.781524583537223	15.581274954080945	37.621712089299265	0.0
4.0	33.48387416960304	14.00880557544648	15.440952306677916	37.06636794827256	0.0
5.0	35.47479301349665	15.962770783713282	22.377934671657027	26.184501531133037	0.0
6.0	32.31199943298604	17.732652916578072	20.475582961230423	29.479764689205474	0.0
7.0	33.93029255017576	17.567893185168387	20.204246513210116	28.29756775144574	0.0
8.0	24.69509386360898	25.11321035511555	21.195671431304877	28.99602434997059	0.0
9.0	29.84069843249525	18.08441282349273	15.656622920150799	36.41826582386122	0.0
10.0	27.75738680649047	17.291150003542832	24.065754977680154	30.885708212286545	0.0
11.0	28.8736635515343	19.013879933965807	18.503036014142086	33.6094205003578	0.0
12.0	27.050521796425002	19.61217737536044	20.84635167591235	32.490949152302214	0.0
13.0	26.81624007311008	21.33440070276359	18.454628534185343	33.394730689940985	0.0
14.0	31.698955197449973	17.97343722330441	19.364618381441474	30.96298919780414	0.0
15.0	30.6191669853139	18.310886405800797	19.734177394456953	31.33576921442835	0.0
16.0	30.796406295354945	17.037530000637183	18.639687922575344	33.52637578143253	0.0
17.0	29.972962260411652	18.080603606919396	19.292347328784576	32.654086803884375	0.0
18.0	31.6161587566703	17.745474104375152	19.029993347393454	31.608373791561096	0.0
19.0	29.55486212825575	19.02467327545338	19.140716211339658	32.27974838495121	0.0
20.0	30.72939878185947	17.984904112108545	18.949795915480006	32.335901190551986	0.0
21.0	30.25683829302625	17.680886732261463	18.98099354190687	33.08128143280541	0.0
22.0	29.98620787212222	18.15609859603211	19.241079322417512	32.61661420942816	0.0
23.0	30.193363132284713	17.688412357134776	19.44027950661989	32.677945003960616	0.0
24.0	31.134590767968657	18.113282272151853	18.99942715295016	31.75269980692933	0.0
25.0	29.480524990807005	18.55146663649478	19.337114247730035	32.63089412496818	0.0
26.0	30.821065433512935	17.88921414732793	19.779248511589103	31.510471907570036	0.0
27.0	29.744195254390675	18.48115048502503	19.63573630475975	32.13891795582454	0.0
28.0	30.55946379711395	17.963927912386257	18.58893233125234	32.887675959247446	0.0
29.0	30.132986432697273	18.341664133255094	19.247329312868082	32.27802012117956	0.0
30.0	30.420181138158497	18.411470669334484	18.913453856432806	32.25489433607421	0.0
31.0	29.8603598826316	18.037967971152828	19.177007105737616	32.924665040477954	0.0
32.0	29.892664715116034	18.189724661660513	19.659044305856067	32.25856631736739	0.0
33.0	30.72843373664373	18.373134011724524	18.823587647528868	32.07484460410288	0.0
34.0	30.477059289431995	17.995445802217695	18.825667571848832	32.701827336501474	0.0
35.0	30.71939800277236	17.58253415938216	19.67099493620753	32.02707290163795	0.0
36.0	29.927286102308738	17.905443639655953	19.23310887279312	32.93416138524219	0.0
37.0	29.42341564863087	18.891962056208307	18.826883218855887	32.85773907630494	0.0
38.0	30.030771407349764	19.07968733420578	19.313125596859194	31.576415661585255	0.0
39.0	29.4586201286069	18.544718840415673	19.542165095040357	32.45449593593707	0.0
40.0	30.43690487980871	18.53803817258309	19.57158420464353	31.45347274296467	0.0
41.0	29.95677610588793	18.511994453758923	19.54271808258523	31.988511357767923	0.0
42.0	30.01860642806104	18.488988248944104	20.247048086650775	31.245357236344084	0.0
43.0	30.389472567123	18.548233046800384	19.162333297958895	31.899961088117728	0.0
44.0	30.488244907777535	18.1218737397678	20.17149770416646	31.218383648288206	0.0
45.0	30.540697345333108	18.569225108960207	19.61566762891266	31.27440991679402	0.0
46.0	30.15290130401251	18.49532663992132	19.236130273892154	32.115641782174016	0.0
47.0	29.782205680483422	18.63068366754879	19.742297949421904	31.844812702545887	0.0
48.0	30.611003007252783	18.08101892800283	19.141694675393598	32.16628338935079	0.0
49.0	29.951174639116896	18.549391452023777	19.155816586470422	32.34361732238891	0.0
50.0	29.679218178344218	18.35808960378173	20.135021335918648	31.827670881955406	0.0
51.0	30.690406771024996	17.887168454723014	19.31171625102613	32.11070852322586	0.0
52.0	30.139768585683452	17.65613389476664	19.590955734050457	32.61314178549945	0.0
53.0	30.624261339108156	17.96069439431576	18.98544263037586	32.429601636200225	0.0
54.0	30.526263641382045	18.254327732876614	19.743379241036674	31.476029384704667	0.0
55.0	30.04458914289759	17.842027036591407	19.064335763323662	33.04904805718735	0.0
56.0	30.02590453541702	17.927920276315046	19.651350433157805	32.39482475511013	0.0
57.0	29.311260059311895	17.711466730838648	20.061293678823954	32.9159795310255	0.0
58.0	29.461309249966384	18.155952069192494	19.347144464812757	33.03559421602837	0.0
59.0	29.801179193533546	18.25272679657142	19.96064636226581	31.98544764762923	0.0
60.0	29.778740391557314	18.437592899307766	19.22608683342535	32.55757987570958	0.0
61.0	29.4469886255052	18.114962379937854	19.42228608234653	33.01576291221042	0.0
62.0	29.82325752588849	17.752815351184537	19.45865981497604	32.96526730795094	0.0
63.0	29.67595345281577	17.71638494861123	19.456241682946857	33.15141991562615	0.0
64.0	29.6532246076745	18.384970942784538	19.735547486073063	32.2262569634679	0.0
65.0	30.020670224965667	17.956196112298784	19.643084677133917	32.380048985601626	0.0
66.0	30.290244938411444	18.107744584454196	19.991505026192836	31.610505450941528	0.0
67.0	29.39294184276663	17.61919932037804	19.881066156950197	33.10679267990513	0.0
68.0	29.915467829632984	18.156009288627097	19.479921839601268	32.44860104213865	0.0
69.0	29.480734646483242	17.56892620966029	20.38969682380096	32.56064232005551	0.0
70.0	29.369198416800607	17.425106030460302	19.94576338391169	33.2599321688274	0.0
71.0	30.70277925296513	17.493361656930432	19.63745795716056	32.16640113294388	0.0
72.0	30.008780501621562	18.533939471187207	19.465097506054295	31.992182521136936	0.0
73.0	29.58554322657395	18.438475864071208	18.776244326268756	33.199736583086086	0.0
74.0	30.31079827499522	17.888781095760425	19.49623628883208	32.30418434041227	0.0
75.0	30.10423748017222	18.26705189213687	19.372450713800134	32.25625991389078	0.0
76.0	30.852578129979392	17.74912008611471	18.456592095292727	32.941709688613166	0.0
77.0	30.70930273734906	17.37313644250859	19.78611140621127	32.131449413931094	0.0
78.0	30.32271317060732	18.410092224000906	18.542549122384507	32.72464548300727	0.0
79.0	30.288110738801794	18.018432853266837	19.149056750802277	32.54439965712909	0.0
80.0	30.270224313103117	18.496266171656913	19.45274971305494	31.78075980218503	0.0
81.0	31.146054039498576	17.631927663886508	18.711867289309023	32.51015100730589	0.0
82.0	30.41352184543425	18.250947875695402	19.182169306544772	32.15336097232557	0.0
83.0	30.72425352771498	18.406486317923132	18.23072070986626	32.63853944449563	0.0
84.0	28.799347933942876	17.875823942164576	20.04323481465731	33.28159330923524	0.0
85.0	28.67359885455873	18.078267094789517	18.977750370354617	34.27038368029714	0.0
86.0	31.034947189338624	16.893740696108313	22.66676118239172	29.40455093216134	0.0
87.0	30.173752153293208	20.51140270659209	20.385926855376677	28.928918284738025	0.0
88.0	32.27158008166969	18.388441470054445	18.691158121597095	30.648820326678766	0.0
89.0	28.302515527069566	23.590510762598903	18.82320410651995	29.283769603811578	0.0
90.0	33.514605785592735	15.096426545660805	19.466817923993194	31.92214974475326	0.0
91.0	27.37792210554677	20.76618192389231	26.671015407304466	25.18488056325645	0.0
92.0	26.0308163569195	19.77465627636869	17.622616624949476	36.57191074176233	0.0
93.0	28.023088432383368	19.479801167185496	18.592002722960085	33.90510767747105	0.0
94.0	24.25501737465428	21.919722005531522	17.00163108999362	36.82362952982058	0.0
95.0	33.501663203137745	14.331207932308695	16.339109033781817	35.82801983077174	0.0
96.0	35.05601555238643	15.504849478157837	23.175326195696133	26.263808773759607	0.0
97.0	30.699892826471153	17.13640848019419	20.880384405186913	31.283314288147746	0.0
98.0	34.846602245053006	13.325475884495502	22.354678613775622	29.473243256675875	0.0
99.0	27.265110797128717	17.86102255703159	25.4176636396555	29.45620300618419	0.0
