#Insert size (bp)	insert size
2.0	6.0
3.0	18.0
4.0	2.0
5.0	1.0
6.0	3.0
7.0	2.0
8.0	2.0
9.0	1.0
11.0	4.0
12.0	6.0
13.0	6.0
14.0	10.0
15.0	11.0
16.0	38.0
17.0	84.0
18.0	198.0
19.0	1527.0
20.0	9479.0
21.0	5684.0
22.0	6312.0
23.0	4541.0
24.0	2090.0
25.0	21264.0
26.0	1549.0
27.0	1071.0
28.0	2900.0
29.0	220.0
30.0	470.0
31.0	107.0
32.0	49.0
33.0	54.0
34.0	47.0
35.0	63.0
36.0	110.0
37.0	80.0
38.0	71.0
39.0	110.0
40.0	93.0
41.0	121.0
42.0	87.0
43.0	97.0
44.0	102.0
45.0	125.0
46.0	167.0
47.0	119.0
48.0	158.0
49.0	166.0
50.0	163.0
51.0	164.0
52.0	185.0
53.0	185.0
54.0	213.0
55.0	209.0
56.0	185.0
57.0	228.0
58.0	262.0
59.0	242.0
60.0	266.0
61.0	282.0
62.0	306.0
63.0	311.0
64.0	306.0
65.0	326.0
66.0	344.0
67.0	349.0
68.0	375.0
69.0	367.0
70.0	407.0
71.0	389.0
72.0	431.0
73.0	457.0
74.0	444.0
75.0	446.0
76.0	489.0
77.0	523.0
78.0	523.0
79.0	496.0
80.0	558.0
81.0	533.0
82.0	630.0
83.0	578.0
84.0	621.0
85.0	607.0
86.0	637.0
87.0	651.0
88.0	656.0
89.0	668.0
90.0	663.0
91.0	720.0
92.0	705.0
93.0	730.0
94.0	754.0
95.0	762.0
96.0	795.0
97.0	770.0
98.0	830.0
99.0	823.0
100.0	832.0
101.0	817.0
102.0	842.0
103.0	935.0
104.0	836.0
105.0	938.0
106.0	945.0
107.0	878.0
108.0	955.0
109.0	954.0
110.0	1011.0
111.0	984.0
112.0	995.0
113.0	994.0
114.0	1028.0
115.0	1013.0
116.0	1054.0
117.0	1013.0
118.0	1040.0
119.0	1096.0
120.0	1038.0
121.0	1045.0
122.0	1100.0
123.0	1044.0
124.0	1070.0
125.0	1092.0
126.0	1059.0
127.0	1108.0
128.0	1111.0
129.0	1134.0
130.0	1137.0
131.0	1169.0
132.0	1150.0
133.0	1107.0
134.0	1151.0
135.0	1140.0
136.0	1099.0
137.0	1120.0
138.0	1140.0
139.0	1161.0
140.0	1138.0
141.0	1153.0
142.0	1182.0
143.0	1181.0
144.0	1169.0
145.0	1137.0
146.0	1188.0
147.0	1138.0
148.0	1173.0
149.0	1168.0
150.0	1192.0
151.0	1194.0
152.0	1159.0
153.0	1142.0
154.0	1119.0
155.0	1148.0
156.0	1164.0
157.0	1145.0
158.0	1137.0
159.0	1115.0
160.0	1129.0
161.0	1138.0
162.0	1128.0
163.0	1188.0
164.0	1110.0
165.0	1112.0
166.0	1137.0
167.0	1150.0
168.0	1095.0
169.0	1105.0
170.0	1150.0
171.0	1087.0
172.0	1134.0
173.0	1143.0
174.0	1137.0
175.0	1124.0
176.0	1116.0
177.0	1111.0
178.0	1105.0
179.0	1061.0
180.0	1107.0
181.0	1045.0
182.0	1085.0
183.0	1084.0
184.0	1154.0
185.0	1083.0
186.0	1054.0
187.0	1136.0
188.0	1113.0
189.0	1030.0
190.0	1041.0
191.0	1107.0
192.0	1050.0
193.0	1099.0
194.0	1021.0
195.0	1047.0
196.0	1007.0
197.0	1044.0
198.0	1039.0
199.0	1018.0
200.0	1022.0
201.0	1054.0
202.0	1033.0
203.0	989.0
204.0	1022.0
205.0	994.0
206.0	1034.0
207.0	1001.0
208.0	1022.0
209.0	1049.0
210.0	1007.0
211.0	1100.0
212.0	983.0
213.0	955.0
214.0	981.0
215.0	1018.0
216.0	1001.0
217.0	1023.0
218.0	962.0
219.0	998.0
220.0	1003.0
221.0	921.0
222.0	918.0
223.0	973.0
224.0	929.0
225.0	919.0
226.0	989.0
227.0	919.0
228.0	893.0
229.0	885.0
230.0	928.0
231.0	952.0
232.0	865.0
233.0	928.0
234.0	896.0
235.0	890.0
236.0	914.0
237.0	838.0
238.0	889.0
239.0	874.0
240.0	839.0
241.0	905.0
242.0	855.0
243.0	862.0
244.0	846.0
245.0	816.0
246.0	871.0
247.0	858.0
248.0	861.0
249.0	831.0
250.0	839.0
251.0	833.0
252.0	870.0
253.0	838.0
254.0	825.0
255.0	850.0
256.0	856.0
257.0	813.0
258.0	817.0
259.0	782.0
260.0	801.0
261.0	816.0
262.0	797.0
263.0	807.0
264.0	768.0
265.0	756.0
266.0	769.0
267.0	775.0
268.0	760.0
269.0	773.0
270.0	752.0
271.0	754.0
272.0	792.0
273.0	722.0
274.0	744.0
275.0	736.0
276.0	733.0
277.0	719.0
278.0	711.0
279.0	677.0
280.0	691.0
281.0	701.0
282.0	702.0
283.0	728.0
284.0	684.0
285.0	718.0
286.0	697.0
287.0	722.0
288.0	713.0
289.0	730.0
290.0	652.0
291.0	674.0
292.0	635.0
293.0	670.0
294.0	664.0
295.0	656.0
296.0	676.0
297.0	648.0
298.0	631.0
299.0	654.0
300.0	636.0
301.0	637.0
302.0	623.0
303.0	597.0
304.0	634.0
305.0	662.0
306.0	628.0
307.0	626.0
308.0	606.0
309.0	642.0
310.0	618.0
311.0	593.0
312.0	626.0
313.0	605.0
314.0	598.0
315.0	612.0
316.0	587.0
317.0	598.0
318.0	595.0
319.0	595.0
320.0	570.0
321.0	571.0
322.0	552.0
323.0	579.0
324.0	575.0
325.0	579.0
326.0	551.0
327.0	552.0
328.0	536.0
329.0	548.0
330.0	520.0
331.0	521.0
332.0	537.0
333.0	535.0
334.0	542.0
335.0	546.0
336.0	526.0
337.0	513.0
338.0	508.0
339.0	521.0
340.0	530.0
341.0	515.0
342.0	493.0
343.0	530.0
344.0	529.0
345.0	500.0
346.0	479.0
347.0	483.0
348.0	477.0
349.0	511.0
350.0	507.0
351.0	492.0
352.0	457.0
353.0	475.0
354.0	460.0
355.0	462.0
356.0	460.0
357.0	457.0
358.0	484.0
359.0	500.0
360.0	482.0
361.0	515.0
362.0	488.0
363.0	506.0
364.0	532.0
365.0	542.0
366.0	522.0
367.0	531.0
368.0	540.0
369.0	552.0
370.0	556.0
371.0	577.0
372.0	599.0
373.0	619.0
374.0	618.0
375.0	637.0
376.0	641.0
377.0	703.0
378.0	677.0
379.0	693.0
380.0	711.0
381.0	674.0
382.0	606.0
383.0	495.0
384.0	569.0
385.0	459.0
386.0	472.0
387.0	420.0
388.0	375.0
389.0	355.0
390.0	421.0
391.0	444.0
392.0	409.0
393.0	497.0
394.0	412.0
395.0	222.0
396.0	205.0
397.0	186.0
398.0	177.0
399.0	164.0
400.0	181.0
401.0	197.0
402.0	227.0
403.0	267.0
404.0	229.0
405.0	178.0
406.0	117.0
407.0	140.0
408.0	103.0
409.0	79.0
410.0	76.0
411.0	68.0
412.0	68.0
413.0	68.0
414.0	60.0
415.0	70.0
416.0	49.0
417.0	44.0
418.0	53.0
419.0	40.0
420.0	32.0
421.0	37.0
422.0	39.0
423.0	37.0
424.0	32.0
425.0	36.0
426.0	42.0
427.0	41.0
428.0	42.0
429.0	37.0
430.0	31.0
431.0	37.0
432.0	29.0
433.0	33.0
434.0	34.0
435.0	39.0
436.0	37.0
437.0	27.0
438.0	27.0
439.0	30.0
440.0	34.0
441.0	37.0
442.0	39.0
443.0	34.0
444.0	35.0
445.0	26.0
446.0	28.0
447.0	28.0
448.0	30.0
449.0	23.0
450.0	28.0
451.0	32.0
452.0	30.0
453.0	30.0
454.0	28.0
455.0	25.0
456.0	28.0
457.0	41.0
458.0	33.0
459.0	36.0
460.0	30.0
461.0	35.0
462.0	28.0
463.0	31.0
464.0	32.0
465.0	28.0
466.0	33.0
467.0	25.0
468.0	25.0
469.0	16.0
470.0	8.0
471.0	21.0
472.0	16.0
473.0	25.0
474.0	23.0
475.0	22.0
476.0	15.0
477.0	19.0
478.0	16.0
479.0	27.0
480.0	18.0
481.0	16.0
482.0	13.0
483.0	18.0
484.0	17.0
485.0	12.0
486.0	20.0
487.0	15.0
488.0	17.0
489.0	16.0
490.0	14.0
491.0	14.0
492.0	18.0
493.0	14.0
494.0	13.0
495.0	16.0
496.0	10.0
497.0	10.0
498.0	12.0
499.0	19.0
500.0	23.0
501.0	15.0
502.0	15.0
503.0	10.0
504.0	19.0
505.0	13.0
506.0	17.0
507.0	16.0
508.0	10.0
509.0	24.0
510.0	9.0
511.0	12.0
512.0	10.0
513.0	11.0
514.0	13.0
515.0	13.0
516.0	15.0
517.0	18.0
518.0	14.0
519.0	11.0
520.0	6.0
521.0	10.0
522.0	8.0
523.0	8.0
524.0	12.0
525.0	13.0
526.0	10.0
527.0	11.0
528.0	8.0
529.0	5.0
530.0	10.0
531.0	8.0
532.0	9.0
533.0	11.0
534.0	9.0
535.0	9.0
536.0	11.0
537.0	14.0
538.0	7.0
539.0	9.0
540.0	13.0
541.0	10.0
542.0	13.0
543.0	3.0
544.0	11.0
545.0	5.0
546.0	11.0
547.0	6.0
548.0	4.0
