#Coverage	Number of genomic locations
0.0	40.0
1.0	57.0
2.0	39.0
3.0	35.0
4.0	63.0
5.0	83.0
6.0	19.0
9.0	4.0
12.0	2.0
13.0	2.0
14.0	10.0
15.0	65.0
16.0	22.0
17.0	16.0
18.0	35.0
19.0	18.0
20.0	2.0
21.0	19.0
22.0	7.0
23.0	31.0
24.0	33.0
25.0	10.0
26.0	1.0
28.0	5.0
31.0	5.0
32.0	1.0
33.0	3.0
34.0	3.0
35.0	1.0
36.0	1.0
37.0	17.0
38.0	6.0
39.0	3.0
40.0	3.0
41.0	2.0
42.0	1.0
44.0	3.0
45.0	7.0
46.0	1.0
47.0	3.0
48.0	5.0
50.0	5.0
51.0	6.0
52.0	4.0
53.0	1.0
54.0	2.0
55.0	17.0
56.0	21.0
57.0	10.0
58.0	9.0
60.0	3.0
61.0	14.0
62.0	29.0
63.0	18.0
64.0	15.0
65.0	19.0
66.0	15.0
67.0	25.0
68.0	34.0
69.0	18.0
70.0	35.0
71.0	18.0
72.0	8.0
73.0	20.0
74.0	16.0
75.0	13.0
76.0	18.0
77.0	4.0
78.0	11.0
79.0	14.0
80.0	9.0
81.0	22.0
82.0	4.0
83.0	6.0
84.0	8.0
85.0	7.0
86.0	5.0
87.0	15.0
88.0	7.0
89.0	7.0
90.0	9.0
91.0	13.0
92.0	8.0
93.0	10.0
94.0	9.0
95.0	14.0
96.0	3.0
97.0	16.0
98.0	12.0
99.0	34.0
100.0	27.0
101.0	36.0
102.0	26.0
103.0	20.0
104.0	19.0
105.0	21.0
106.0	22.0
107.0	28.0
108.0	39.0
109.0	30.0
110.0	53.0
111.0	40.0
112.0	38.0
113.0	46.0
114.0	27.0
115.0	36.0
116.0	29.0
117.0	25.0
118.0	28.0
119.0	60.0
120.0	50.0
121.0	49.0
122.0	36.0
123.0	51.0
124.0	61.0
125.0	68.0
126.0	44.0
127.0	48.0
128.0	52.0
129.0	45.0
130.0	29.0
131.0	36.0
132.0	36.0
133.0	30.0
134.0	45.0
135.0	28.0
136.0	23.0
137.0	46.0
138.0	56.0
139.0	31.0
140.0	41.0
141.0	30.0
142.0	29.0
143.0	52.0
144.0	56.0
145.0	40.0
146.0	37.0
147.0	39.0
148.0	49.0
149.0	32.0
150.0	31.0
151.0	31.0
152.0	21.0
153.0	24.0
154.0	19.0
155.0	24.0
156.0	27.0
157.0	26.0
158.0	39.0
159.0	44.0
160.0	19.0
161.0	19.0
162.0	8.0
163.0	12.0
164.0	27.0
165.0	28.0
166.0	26.0
167.0	45.0
168.0	26.0
169.0	33.0
170.0	17.0
171.0	19.0
172.0	9.0
173.0	12.0
174.0	7.0
175.0	18.0
176.0	16.0
177.0	16.0
178.0	20.0
179.0	11.0
180.0	17.0
181.0	13.0
182.0	17.0
183.0	15.0
184.0	9.0
185.0	15.0
186.0	17.0
187.0	10.0
188.0	12.0
189.0	17.0
190.0	15.0
191.0	11.0
192.0	10.0
193.0	13.0
194.0	16.0
195.0	17.0
196.0	17.0
197.0	14.0
198.0	9.0
199.0	14.0
200.0	19.0
201.0	14.0
202.0	9.0
203.0	14.0
204.0	10.0
205.0	24.0
206.0	28.0
207.0	27.0
208.0	16.0
209.0	15.0
210.0	21.0
211.0	21.0
212.0	10.0
213.0	16.0
214.0	12.0
215.0	14.0
216.0	14.0
217.0	4.0
218.0	10.0
219.0	7.0
220.0	13.0
221.0	14.0
222.0	14.0
223.0	9.0
224.0	30.0
225.0	13.0
226.0	17.0
227.0	10.0
228.0	1.0
229.0	14.0
230.0	16.0
231.0	21.0
232.0	14.0
233.0	19.0
234.0	16.0
235.0	13.0
236.0	16.0
237.0	23.0
238.0	23.0
239.0	12.0
240.0	11.0
241.0	13.0
242.0	9.0
243.0	21.0
244.0	14.0
245.0	15.0
246.0	22.0
247.0	19.0
248.0	20.0
249.0	8.0
250.0	12.0
251.0	15.0
252.0	17.0
253.0	5.0
254.0	8.0
255.0	10.0
256.0	8.0
257.0	9.0
258.0	12.0
259.0	7.0
260.0	20.0
261.0	21.0
262.0	15.0
263.0	13.0
264.0	6.0
265.0	16.0
266.0	23.0
267.0	19.0
268.0	21.0
269.0	9.0
270.0	19.0
271.0	18.0
272.0	23.0
273.0	29.0
274.0	22.0
275.0	23.0
276.0	19.0
277.0	14.0
278.0	11.0
279.0	11.0
280.0	5.0
281.0	11.0
282.0	12.0
283.0	12.0
284.0	10.0
285.0	20.0
286.0	20.0
287.0	22.0
288.0	9.0
289.0	13.0
290.0	13.0
291.0	18.0
292.0	24.0
293.0	7.0
294.0	6.0
295.0	12.0
296.0	12.0
297.0	9.0
298.0	11.0
299.0	12.0
300.0	15.0
301.0	5.0
302.0	12.0
303.0	20.0
304.0	21.0
305.0	28.0
306.0	11.0
307.0	20.0
308.0	22.0
309.0	8.0
310.0	16.0
311.0	24.0
312.0	23.0
313.0	24.0
314.0	17.0
315.0	15.0
316.0	14.0
317.0	13.0
318.0	22.0
319.0	12.0
320.0	16.0
321.0	21.0
322.0	28.0
323.0	23.0
324.0	33.0
325.0	21.0
326.0	17.0
327.0	15.0
328.0	24.0
329.0	15.0
330.0	25.0
331.0	16.0
332.0	15.0
333.0	16.0
334.0	31.0
335.0	25.0
336.0	16.0
337.0	30.0
338.0	21.0
339.0	17.0
340.0	28.0
341.0	28.0
342.0	24.0
343.0	23.0
344.0	30.0
345.0	31.0
346.0	29.0
347.0	16.0
348.0	17.0
349.0	12.0
350.0	11.0
351.0	10.0
352.0	24.0
353.0	23.0
354.0	29.0
355.0	28.0
356.0	16.0
357.0	29.0
358.0	25.0
359.0	16.0
360.0	12.0
361.0	13.0
362.0	11.0
363.0	22.0
364.0	17.0
365.0	17.0
366.0	22.0
367.0	19.0
368.0	25.0
369.0	14.0
370.0	22.0
371.0	19.0
372.0	25.0
373.0	18.0
374.0	19.0
375.0	23.0
376.0	30.0
377.0	20.0
378.0	25.0
379.0	18.0
380.0	23.0
381.0	28.0
382.0	30.0
383.0	31.0
384.0	32.0
385.0	21.0
386.0	22.0
387.0	16.0
388.0	21.0
389.0	17.0
390.0	11.0
391.0	30.0
392.0	15.0
393.0	23.0
394.0	27.0
395.0	22.0
396.0	20.0
397.0	13.0
398.0	11.0
399.0	17.0
400.0	13.0
401.0	20.0
402.0	14.0
403.0	11.0
404.0	13.0
405.0	23.0
406.0	18.0
407.0	16.0
408.0	15.0
409.0	16.0
410.0	22.0
411.0	26.0
412.0	36.0
413.0	33.0
414.0	27.0
415.0	24.0
416.0	28.0
417.0	29.0
418.0	33.0
419.0	23.0
420.0	36.0
421.0	29.0
422.0	47.0
423.0	33.0
424.0	31.0
425.0	18.0
426.0	35.0
427.0	36.0
428.0	29.0
429.0	27.0
430.0	29.0
431.0	27.0
432.0	29.0
433.0	19.0
434.0	31.0
435.0	21.0
436.0	18.0
437.0	25.0
438.0	26.0
439.0	25.0
440.0	17.0
441.0	32.0
442.0	32.0
443.0	22.0
444.0	30.0
445.0	21.0
446.0	19.0
447.0	25.0
448.0	26.0
449.0	31.0
450.0	42.0
451.0	29.0
452.0	24.0
453.0	19.0
454.0	15.0
455.0	21.0
456.0	23.0
457.0	24.0
458.0	21.0
459.0	14.0
460.0	23.0
461.0	23.0
462.0	19.0
463.0	25.0
464.0	22.0
465.0	29.0
466.0	15.0
467.0	24.0
468.0	25.0
469.0	24.0
470.0	28.0
471.0	26.0
472.0	22.0
473.0	25.0
474.0	43.0
475.0	38.0
476.0	22.0
477.0	42.0
478.0	34.0
479.0	26.0
480.0	40.0
481.0	32.0
482.0	30.0
483.0	42.0
484.0	30.0
485.0	52.0
486.0	49.0
487.0	31.0
488.0	28.0
489.0	27.0
490.0	37.0
491.0	30.0
492.0	32.0
493.0	22.0
494.0	30.0
495.0	34.0
496.0	38.0
497.0	30.0
498.0	33.0
499.0	30.0
500.0	37.0
501.0	31.0
502.0	32.0
503.0	36.0
504.0	37.0
505.0	27.0
506.0	31.0
507.0	46.0
508.0	42.0
509.0	44.0
510.0	31.0
511.0	34.0
512.0	41.0
513.0	42.0
514.0	43.0
515.0	33.0
516.0	51.0
517.0	40.0
518.0	38.0
519.0	49.0
520.0	40.0
521.0	42.0
522.0	54.0
523.0	28.0
524.0	42.0
525.0	39.0
526.0	42.0
527.0	28.0
528.0	24.0
529.0	32.0
530.0	30.0
531.0	36.0
532.0	35.0
533.0	30.0
534.0	36.0
535.0	30.0
536.0	38.0
537.0	29.0
538.0	43.0
539.0	36.0
540.0	30.0
541.0	38.0
542.0	33.0
543.0	24.0
544.0	30.0
545.0	28.0
546.0	39.0
547.0	32.0
548.0	40.0
549.0	42.0
550.0	43.0
551.0	35.0
552.0	38.0
553.0	28.0
554.0	23.0
555.0	30.0
556.0	27.0
557.0	26.0
558.0	31.0
559.0	33.0
560.0	29.0
561.0	26.0
562.0	36.0
563.0	31.0
564.0	22.0
565.0	38.0
566.0	44.0
567.0	32.0
568.0	30.0
569.0	27.0
570.0	38.0
571.0	37.0
572.0	36.0
573.0	31.0
574.0	45.0
575.0	35.0
576.0	37.0
577.0	39.0
578.0	32.0
579.0	36.0
580.0	26.0
581.0	50.0
582.0	32.0
583.0	39.0
584.0	31.0
585.0	34.0
586.0	29.0
587.0	39.0
588.0	45.0
589.0	36.0
590.0	32.0
591.0	39.0
592.0	32.0
593.0	33.0
594.0	45.0
595.0	41.0
596.0	46.0
597.0	32.0
598.0	38.0
599.0	33.0
600.0	42.0
601.0	29.0
602.0	45.0
603.0	34.0
604.0	26.0
605.0	34.0
606.0	25.0
607.0	37.0
608.0	41.0
609.0	42.0
610.0	33.0
611.0	32.0
612.0	29.0
613.0	38.0
614.0	33.0
615.0	39.0
616.0	40.0
617.0	45.0
618.0	40.0
619.0	38.0
620.0	42.0
621.0	50.0
622.0	55.0
623.0	33.0
624.0	29.0
625.0	27.0
626.0	26.0
627.0	30.0
628.0	27.0
629.0	23.0
630.0	35.0
631.0	34.0
632.0	32.0
633.0	21.0
634.0	37.0
635.0	29.0
636.0	37.0
637.0	37.0
638.0	41.0
639.0	41.0
640.0	33.0
641.0	30.0
642.0	28.0
643.0	35.0
644.0	34.0
645.0	34.0
646.0	39.0
647.0	25.0
648.0	33.0
649.0	44.0
650.0	45.0
651.0	31.0
652.0	37.0
653.0	31.0
654.0	32.0
655.0	36.0
656.0	49.0
657.0	38.0
658.0	32.0
659.0	45.0
660.0	51.0
661.0	37.0
662.0	27.0
663.0	23.0
664.0	35.0
665.0	51.0
666.0	24.0
667.0	33.0
668.0	40.0
669.0	44.0
670.0	36.0
671.0	41.0
672.0	33.0
673.0	36.0
674.0	26.0
675.0	24.0
676.0	43.0
677.0	29.0
678.0	34.0
679.0	30.0
680.0	32.0
681.0	29.0
682.0	30.0
683.0	36.0
684.0	26.0
685.0	29.0
686.0	27.0
687.0	33.0
688.0	34.0
689.0	24.0
690.0	28.0
691.0	24.0
692.0	23.0
693.0	38.0
694.0	29.0
695.0	30.0
696.0	25.0
697.0	30.0
698.0	38.0
699.0	22.0
700.0	32.0
701.0	34.0
702.0	21.0
703.0	29.0
704.0	29.0
705.0	32.0
706.0	31.0
707.0	26.0
708.0	41.0
709.0	40.0
710.0	27.0
711.0	27.0
712.0	31.0
713.0	30.0
714.0	38.0
715.0	35.0
716.0	36.0
717.0	39.0
718.0	35.0
719.0	29.0
720.0	29.0
721.0	32.0
722.0	23.0
723.0	20.0
724.0	40.0
725.0	28.0
726.0	27.0
727.0	34.0
728.0	28.0
729.0	36.0
730.0	28.0
731.0	30.0
732.0	45.0
733.0	34.0
734.0	37.0
735.0	21.0
736.0	29.0
737.0	18.0
738.0	26.0
739.0	30.0
740.0	33.0
741.0	29.0
742.0	42.0
743.0	36.0
744.0	25.0
745.0	25.0
746.0	26.0
747.0	27.0
748.0	38.0
749.0	21.0
750.0	29.0
751.0	26.0
752.0	34.0
753.0	23.0
754.0	46.0
755.0	27.0
756.0	25.0
757.0	23.0
758.0	22.0
759.0	26.0
760.0	21.0
761.0	30.0
762.0	16.0
763.0	26.0
764.0	31.0
765.0	12.0
766.0	22.0
767.0	29.0
768.0	24.0
769.0	26.0
770.0	29.0
771.0	12.0
772.0	27.0
773.0	33.0
774.0	15.0
775.0	25.0
776.0	38.0
777.0	21.0
778.0	20.0
779.0	24.0
780.0	23.0
781.0	16.0
782.0	24.0
783.0	15.0
784.0	28.0
785.0	19.0
786.0	32.0
787.0	14.0
788.0	26.0
789.0	28.0
790.0	23.0
791.0	29.0
792.0	25.0
793.0	30.0
794.0	19.0
795.0	23.0
796.0	22.0
797.0	33.0
798.0	18.0
799.0	36.0
800.0	23.0
801.0	22.0
802.0	25.0
803.0	11.0
804.0	13.0
805.0	30.0
806.0	24.0
807.0	28.0
808.0	17.0
809.0	32.0
810.0	31.0
811.0	18.0
812.0	16.0
813.0	22.0
814.0	25.0
815.0	19.0
816.0	29.0
817.0	19.0
818.0	17.0
819.0	15.0
820.0	26.0
821.0	23.0
822.0	31.0
823.0	30.0
824.0	28.0
825.0	22.0
826.0	30.0
827.0	23.0
828.0	18.0
829.0	20.0
830.0	21.0
831.0	23.0
832.0	26.0
833.0	32.0
834.0	28.0
835.0	22.0
836.0	21.0
837.0	34.0
838.0	25.0
839.0	33.0
840.0	42.0
841.0	37.0
842.0	19.0
843.0	25.0
844.0	13.0
845.0	25.0
846.0	20.0
847.0	17.0
848.0	20.0
849.0	20.0
850.0	22.0
851.0	31.0
852.0	32.0
853.0	27.0
854.0	26.0
855.0	13.0
856.0	18.0
857.0	21.0
858.0	21.0
859.0	30.0
860.0	17.0
861.0	22.0
862.0	40.0
863.0	27.0
864.0	29.0
865.0	22.0
866.0	10.0
867.0	26.0
868.0	17.0
869.0	25.0
870.0	21.0
871.0	28.0
872.0	27.0
873.0	20.0
874.0	22.0
875.0	20.0
876.0	30.0
877.0	30.0
878.0	21.0
879.0	30.0
880.0	17.0
881.0	26.0
882.0	25.0
883.0	21.0
884.0	20.0
885.0	26.0
886.0	20.0
887.0	30.0
888.0	27.0
889.0	28.0
890.0	18.0
891.0	21.0
892.0	24.0
893.0	26.0
894.0	31.0
895.0	30.0
896.0	35.0
897.0	18.0
898.0	24.0
899.0	31.0
900.0	21.0
901.0	22.0
902.0	23.0
903.0	25.0
904.0	19.0
905.0	20.0
906.0	22.0
907.0	26.0
908.0	15.0
909.0	27.0
910.0	24.0
911.0	15.0
912.0	15.0
913.0	24.0
914.0	32.0
915.0	23.0
916.0	30.0
917.0	17.0
918.0	32.0
919.0	30.0
920.0	16.0
921.0	26.0
922.0	21.0
923.0	14.0
924.0	21.0
925.0	31.0
926.0	15.0
927.0	30.0
928.0	21.0
929.0	30.0
930.0	32.0
931.0	38.0
932.0	33.0
933.0	26.0
934.0	23.0
935.0	31.0
936.0	17.0
937.0	18.0
938.0	18.0
939.0	26.0
940.0	33.0
941.0	24.0
942.0	35.0
943.0	33.0
944.0	26.0
945.0	30.0
946.0	22.0
947.0	26.0
948.0	24.0
949.0	14.0
950.0	22.0
951.0	27.0
952.0	13.0
953.0	24.0
954.0	22.0
955.0	27.0
956.0	28.0
957.0	27.0
958.0	40.0
959.0	23.0
960.0	24.0
961.0	20.0
962.0	32.0
963.0	21.0
964.0	17.0
965.0	17.0
966.0	24.0
967.0	19.0
968.0	22.0
969.0	18.0
970.0	22.0
971.0	14.0
972.0	13.0
973.0	26.0
974.0	23.0
975.0	23.0
976.0	21.0
977.0	20.0
978.0	18.0
979.0	26.0
980.0	19.0
981.0	27.0
982.0	21.0
983.0	20.0
984.0	14.0
985.0	28.0
986.0	26.0
987.0	15.0
988.0	13.0
989.0	19.0
990.0	20.0
991.0	13.0
992.0	18.0
993.0	25.0
994.0	22.0
995.0	15.0
996.0	19.0
997.0	18.0
998.0	17.0
999.0	26.0
1000.0	12.0
1001.0	28.0
1002.0	14.0
1003.0	18.0
1004.0	31.0
1005.0	23.0
1006.0	22.0
1007.0	21.0
1008.0	11.0
1009.0	17.0
1010.0	21.0
1011.0	24.0
1012.0	20.0
1013.0	20.0
1014.0	17.0
1015.0	13.0
1016.0	12.0
1017.0	22.0
1018.0	15.0
1019.0	8.0
1020.0	18.0
1021.0	25.0
1022.0	8.0
1023.0	20.0
1024.0	14.0
1025.0	24.0
1026.0	23.0
1027.0	19.0
1028.0	19.0
1029.0	18.0
1030.0	14.0
1031.0	13.0
1032.0	13.0
1033.0	7.0
1034.0	17.0
1035.0	22.0
1036.0	12.0
1037.0	16.0
1038.0	22.0
1039.0	14.0
1040.0	15.0
1041.0	17.0
1042.0	18.0
1043.0	12.0
1044.0	12.0
1045.0	15.0
1046.0	17.0
1047.0	8.0
1048.0	15.0
1049.0	12.0
1050.0	13.0
1051.0	13.0
1052.0	8.0
1053.0	13.0
1054.0	12.0
1055.0	9.0
1056.0	11.0
1057.0	13.0
1058.0	11.0
1059.0	14.0
1060.0	12.0
1061.0	15.0
1062.0	20.0
1063.0	12.0
1064.0	17.0
1065.0	17.0
1066.0	13.0
1067.0	20.0
1068.0	20.0
1069.0	9.0
1070.0	21.0
1071.0	13.0
1072.0	18.0
1073.0	20.0
1074.0	14.0
1075.0	18.0
1076.0	11.0
1077.0	8.0
1078.0	10.0
1079.0	22.0
1080.0	15.0
1081.0	10.0
1082.0	15.0
1083.0	17.0
1084.0	13.0
1085.0	7.0
1086.0	9.0
1087.0	14.0
1088.0	13.0
1089.0	11.0
1090.0	10.0
1091.0	24.0
1092.0	7.0
1093.0	9.0
1094.0	9.0
1095.0	14.0
1096.0	12.0
1097.0	20.0
1098.0	16.0
1099.0	12.0
1100.0	15.0
1101.0	15.0
1102.0	9.0
1103.0	18.0
1104.0	17.0
1105.0	7.0
1106.0	18.0
1107.0	15.0
1108.0	16.0
1109.0	9.0
1110.0	12.0
1111.0	12.0
1112.0	9.0
1113.0	12.0
1114.0	5.0
1115.0	19.0
1116.0	14.0
1117.0	9.0
1118.0	9.0
1119.0	6.0
1120.0	17.0
1121.0	8.0
1122.0	10.0
1123.0	9.0
1124.0	22.0
1125.0	15.0
1126.0	7.0
1127.0	14.0
1128.0	11.0
1129.0	15.0
1130.0	10.0
1131.0	8.0
1132.0	7.0
1133.0	8.0
1134.0	14.0
1135.0	8.0
1136.0	8.0
1137.0	14.0
1138.0	8.0
1139.0	8.0
1140.0	12.0
1141.0	10.0
1142.0	5.0
1143.0	8.0
1144.0	8.0
1145.0	5.0
1146.0	14.0
1147.0	12.0
1148.0	12.0
1149.0	7.0
1150.0	8.0
1151.0	7.0
1152.0	3.0
1153.0	5.0
1154.0	7.0
1155.0	13.0
1156.0	10.0
1157.0	6.0
1158.0	12.0
1159.0	10.0
1160.0	12.0
1161.0	13.0
1162.0	13.0
1163.0	11.0
1164.0	7.0
1165.0	7.0
1166.0	6.0
1167.0	9.0
1168.0	7.0
1169.0	11.0
1170.0	5.0
1171.0	4.0
1172.0	7.0
1173.0	7.0
1174.0	7.0
1175.0	7.0
1176.0	12.0
1177.0	14.0
1178.0	13.0
1179.0	8.0
1180.0	11.0
1181.0	8.0
1182.0	4.0
1183.0	9.0
1184.0	12.0
1185.0	6.0
1186.0	7.0
1187.0	6.0
1188.0	15.0
1189.0	9.0
1190.0	9.0
1191.0	11.0
1192.0	9.0
1193.0	12.0
1194.0	12.0
1195.0	13.0
1196.0	19.0
1197.0	8.0
1198.0	9.0
1199.0	8.0
1200.0	8.0
1201.0	9.0
1202.0	10.0
1203.0	9.0
1204.0	5.0
1205.0	5.0
1206.0	8.0
1207.0	8.0
1208.0	9.0
1209.0	3.0
1210.0	6.0
1211.0	13.0
1212.0	4.0
1213.0	8.0
1214.0	5.0
1215.0	4.0
1216.0	7.0
1217.0	4.0
1218.0	9.0
1219.0	9.0
1220.0	4.0
1221.0	9.0
1222.0	3.0
1223.0	8.0
1224.0	9.0
1225.0	9.0
1226.0	9.0
1227.0	7.0
1228.0	8.0
1229.0	5.0
1230.0	10.0
1231.0	12.0
1232.0	10.0
1233.0	7.0
1234.0	5.0
1235.0	6.0
1236.0	4.0
1237.0	5.0
1238.0	10.0
1239.0	3.0
1240.0	4.0
1241.0	10.0
1242.0	9.0
1243.0	5.0
1244.0	7.0
1245.0	5.0
1246.0	6.0
1247.0	8.0
1248.0	10.0
1249.0	9.0
1250.0	7.0
1251.0	8.0
1252.0	7.0
1253.0	8.0
1254.0	6.0
1255.0	6.0
1256.0	4.0
1257.0	14.0
1258.0	3.0
1259.0	5.0
1260.0	7.0
1261.0	6.0
1262.0	7.0
1263.0	9.0
1264.0	6.0
1265.0	6.0
1266.0	4.0
1267.0	2.0
1268.0	8.0
1269.0	2.0
1270.0	6.0
1271.0	7.0
1272.0	3.0
1273.0	3.0
1274.0	9.0
1275.0	1.0
1276.0	6.0
1277.0	5.0
1278.0	9.0
1279.0	8.0
1280.0	4.0
1281.0	3.0
1282.0	1.0
1283.0	9.0
1284.0	6.0
1285.0	7.0
1286.0	8.0
1287.0	5.0
1288.0	9.0
1289.0	3.0
1290.0	8.0
1291.0	7.0
1292.0	6.0
1293.0	4.0
1294.0	11.0
1295.0	2.0
1296.0	4.0
1297.0	7.0
1298.0	7.0
1299.0	6.0
1300.0	2.0
1301.0	5.0
1302.0	3.0
1303.0	9.0
1304.0	5.0
1305.0	2.0
1306.0	3.0
1307.0	4.0
1308.0	5.0
1309.0	3.0
1310.0	4.0
1311.0	5.0
1312.0	7.0
1313.0	8.0
1314.0	2.0
1315.0	7.0
1316.0	7.0
1317.0	7.0
1318.0	4.0
1319.0	5.0
1320.0	4.0
1321.0	3.0
1322.0	3.0
1323.0	7.0
1324.0	5.0
1325.0	5.0
1326.0	8.0
1327.0	7.0
1328.0	4.0
1329.0	3.0
1330.0	3.0
1331.0	4.0
1332.0	5.0
1333.0	3.0
1334.0	7.0
1335.0	5.0
1336.0	4.0
1337.0	5.0
1338.0	7.0
1339.0	3.0
1340.0	4.0
1341.0	2.0
1342.0	4.0
1343.0	4.0
1344.0	3.0
1345.0	4.0
1346.0	5.0
1348.0	5.0
1349.0	9.0
1350.0	9.0
1351.0	2.0
1352.0	3.0
1353.0	2.0
1354.0	3.0
1355.0	7.0
1356.0	3.0
1357.0	8.0
1358.0	4.0
1359.0	2.0
1360.0	6.0
1361.0	3.0
1362.0	5.0
1363.0	4.0
1364.0	6.0
1365.0	6.0
1366.0	1.0
1367.0	8.0
1368.0	12.0
1369.0	7.0
1370.0	7.0
1371.0	7.0
1372.0	6.0
1373.0	2.0
1374.0	3.0
1375.0	5.0
1376.0	8.0
1377.0	9.0
1378.0	3.0
1379.0	2.0
1380.0	7.0
1381.0	7.0
1382.0	8.0
1383.0	6.0
1384.0	7.0
1385.0	4.0
1386.0	8.0
1387.0	13.0
1388.0	6.0
1389.0	3.0
1390.0	5.0
1391.0	7.0
1392.0	8.0
1393.0	5.0
1394.0	4.0
1395.0	6.0
1396.0	8.0
1397.0	6.0
1398.0	4.0
1399.0	5.0
1400.0	2.0
1401.0	4.0
1402.0	5.0
1403.0	1.0
1404.0	6.0
1405.0	4.0
1407.0	3.0
1408.0	2.0
1409.0	2.0
1410.0	2.0
1411.0	4.0
1412.0	4.0
1413.0	2.0
1414.0	5.0
1415.0	2.0
1416.0	3.0
1417.0	3.0
1418.0	4.0
1419.0	5.0
1420.0	5.0
1421.0	6.0
1422.0	4.0
1423.0	6.0
1424.0	5.0
1425.0	5.0
1426.0	7.0
1427.0	5.0
1428.0	4.0
1429.0	7.0
1430.0	6.0
1431.0	2.0
1432.0	3.0
1433.0	6.0
1434.0	4.0
1435.0	3.0
1436.0	1.0
1437.0	3.0
1438.0	2.0
1439.0	4.0
1440.0	4.0
1441.0	2.0
1442.0	3.0
1443.0	1.0
1444.0	3.0
1445.0	4.0
1446.0	4.0
1447.0	6.0
1448.0	3.0
1449.0	3.0
1450.0	6.0
1451.0	2.0
1452.0	3.0
1453.0	2.0
1454.0	4.0
1455.0	3.0
1456.0	3.0
1457.0	7.0
1458.0	5.0
1459.0	2.0
1460.0	5.0
1461.0	2.0
1462.0	3.0
1463.0	3.0
1464.0	2.0
1466.0	3.0
1467.0	7.0
1468.0	1.0
1469.0	2.0
1470.0	2.0
1471.0	5.0
1472.0	3.0
1473.0	2.0
1474.0	3.0
1475.0	4.0
1476.0	2.0
1477.0	5.0
1478.0	1.0
1479.0	1.0
1480.0	4.0
1481.0	2.0
1482.0	1.0
1483.0	4.0
1484.0	5.0
1485.0	1.0
1486.0	3.0
1487.0	3.0
1489.0	4.0
1490.0	2.0
1491.0	1.0
1493.0	2.0
1494.0	2.0
1495.0	5.0
1496.0	1.0
1497.0	2.0
1498.0	2.0
1499.0	4.0
1500.0	3.0
1501.0	3.0
1502.0	4.0
1503.0	4.0
1505.0	3.0
1506.0	2.0
1507.0	4.0
1508.0	5.0
1510.0	1.0
1511.0	3.0
1512.0	1.0
1513.0	1.0
1514.0	1.0
1515.0	2.0
1516.0	5.0
1517.0	2.0
1518.0	3.0
1519.0	2.0
1520.0	1.0
1521.0	4.0
1522.0	1.0
1523.0	3.0
1524.0	2.0
1526.0	1.0
1528.0	4.0
1530.0	4.0
1531.0	2.0
1532.0	4.0
1533.0	3.0
1534.0	2.0
1535.0	1.0
1536.0	2.0
1537.0	1.0
1538.0	1.0
1539.0	1.0
1540.0	5.0
1541.0	2.0
1542.0	3.0
1543.0	1.0
1544.0	3.0
1546.0	4.0
1547.0	2.0
1548.0	2.0
1550.0	3.0
1551.0	2.0
1552.0	2.0
1553.0	3.0
1557.0	5.0
1558.0	4.0
1559.0	4.0
1560.0	3.0
1561.0	1.0
1562.0	4.0
1563.0	2.0
1564.0	7.0
1565.0	2.0
1566.0	4.0
1568.0	1.0
1569.0	1.0
1571.0	3.0
1572.0	5.0
1573.0	1.0
1574.0	6.0
1576.0	2.0
1577.0	5.0
1578.0	2.0
1579.0	3.0
1580.0	6.0
1581.0	4.0
1582.0	1.0
1583.0	2.0
1584.0	1.0
1585.0	5.0
1586.0	1.0
1587.0	2.0
1588.0	4.0
1589.0	5.0
1590.0	5.0
1591.0	4.0
1592.0	3.0
1593.0	4.0
1594.0	4.0
1595.0	2.0
1596.0	2.0
1597.0	4.0
1598.0	3.0
1599.0	5.0
1600.0	4.0
1601.0	3.0
1602.0	1.0
1603.0	1.0
1604.0	3.0
1605.0	2.0
1606.0	2.0
1607.0	2.0
1608.0	3.0
1609.0	4.0
1610.0	2.0
1611.0	1.0
1612.0	4.0
1613.0	1.0
1614.0	3.0
1616.0	4.0
1617.0	2.0
1618.0	1.0
1619.0	1.0
1620.0	5.0
1621.0	1.0
1623.0	2.0
1624.0	2.0
1625.0	2.0
1626.0	4.0
1628.0	3.0
1629.0	1.0
1630.0	4.0
1631.0	3.0
1633.0	2.0
1634.0	2.0
1637.0	2.0
1638.0	5.0
1639.0	3.0
1640.0	1.0
1641.0	3.0
1642.0	1.0
1644.0	5.0
1645.0	2.0
1646.0	1.0
1647.0	2.0
1648.0	4.0
1649.0	5.0
1650.0	7.0
1651.0	3.0
1652.0	6.0
1653.0	5.0
1654.0	2.0
1655.0	1.0
1656.0	2.0
1657.0	1.0
1658.0	2.0
1659.0	2.0
1660.0	5.0
1661.0	3.0
1662.0	2.0
1663.0	6.0
1664.0	2.0
1665.0	3.0
1666.0	1.0
1667.0	2.0
1670.0	3.0
1672.0	3.0
1673.0	2.0
1674.0	4.0
1675.0	1.0
1677.0	1.0
1678.0	2.0
1679.0	4.0
1680.0	2.0
1681.0	2.0
1682.0	2.0
1683.0	2.0
1684.0	2.0
1686.0	3.0
1687.0	2.0
1688.0	2.0
1689.0	2.0
1690.0	7.0
1691.0	3.0
1693.0	1.0
1694.0	1.0
1695.0	2.0
1696.0	2.0
1697.0	1.0
1698.0	1.0
1699.0	4.0
1700.0	3.0
1701.0	3.0
1702.0	2.0
1704.0	2.0
1705.0	3.0
1706.0	3.0
1708.0	2.0
1709.0	1.0
1710.0	3.0
1711.0	5.0
1712.0	3.0
1713.0	3.0
1714.0	3.0
1715.0	3.0
1716.0	6.0
1717.0	3.0
1719.0	2.0
1720.0	2.0
1721.0	3.0
1722.0	2.0
1724.0	1.0
1725.0	2.0
1727.0	1.0
1728.0	3.0
1730.0	1.0
1731.0	1.0
1732.0	1.0
1733.0	1.0
1734.0	2.0
1735.0	3.0
1737.0	3.0
1738.0	2.0
1739.0	1.0
1740.0	4.0
1741.0	2.0
1742.0	2.0
1743.0	1.0
1744.0	2.0
1745.0	3.0
1746.0	1.0
1748.0	3.0
1749.0	2.0
1750.0	1.0
1751.0	1.0
1752.0	2.0
1755.0	2.0
1757.0	1.0
1758.0	3.0
1759.0	3.0
1760.0	3.0
1761.0	4.0
1762.0	1.0
1764.0	1.0
1765.0	1.0
1766.0	2.0
1767.0	2.0
1768.0	2.0
1769.0	2.0
1770.0	1.0
1771.0	5.0
1772.0	1.0
1773.0	3.0
1774.0	1.0
1775.0	2.0
1777.0	1.0
1778.0	2.0
1779.0	4.0
1780.0	3.0
1782.0	2.0
1783.0	3.0
1784.0	2.0
1785.0	2.0
1786.0	1.0
1787.0	3.0
1788.0	3.0
1789.0	2.0
1790.0	2.0
1791.0	2.0
1792.0	2.0
1793.0	1.0
1794.0	2.0
1795.0	2.0
1796.0	1.0
1797.0	2.0
1798.0	2.0
1799.0	3.0
1800.0	3.0
1801.0	3.0
1802.0	1.0
1804.0	1.0
1805.0	1.0
1807.0	3.0
1808.0	1.0
1810.0	3.0
1811.0	2.0
1812.0	2.0
1818.0	2.0
1819.0	1.0
1820.0	2.0
1821.0	2.0
1822.0	3.0
1824.0	2.0
1825.0	1.0
1826.0	1.0
1827.0	1.0
1828.0	1.0
1831.0	1.0
1836.0	1.0
1837.0	1.0
1840.0	2.0
1842.0	3.0
1843.0	3.0
1844.0	2.0
1845.0	1.0
1846.0	2.0
1847.0	1.0
1848.0	2.0
1849.0	1.0
1851.0	2.0
1852.0	2.0
1853.0	3.0
1857.0	2.0
1858.0	2.0
1859.0	1.0
1860.0	2.0
1861.0	1.0
1863.0	4.0
1864.0	1.0
1865.0	1.0
1866.0	2.0
1867.0	1.0
1868.0	3.0
1870.0	1.0
1871.0	1.0
1872.0	2.0
1873.0	1.0
1874.0	1.0
1875.0	1.0
1876.0	2.0
1877.0	2.0
1878.0	1.0
1879.0	2.0
1881.0	1.0
1884.0	1.0
1885.0	2.0
1888.0	1.0
1889.0	1.0
1890.0	2.0
1891.0	2.0
1892.0	1.0
1893.0	1.0
1897.0	1.0
1898.0	4.0
1899.0	1.0
1900.0	1.0
1901.0	2.0
1902.0	1.0
1904.0	2.0
1905.0	1.0
1907.0	3.0
1908.0	3.0
1910.0	1.0
1911.0	3.0
1912.0	1.0
1913.0	3.0
1915.0	2.0
1916.0	1.0
1917.0	1.0
1918.0	1.0
1919.0	1.0
1921.0	2.0
1925.0	2.0
1928.0	1.0
1929.0	1.0
1931.0	3.0
1932.0	1.0
1933.0	1.0
1936.0	1.0
1938.0	3.0
1940.0	1.0
1941.0	1.0
1942.0	1.0
1944.0	2.0
1945.0	1.0
1946.0	1.0
1948.0	2.0
1950.0	2.0
1951.0	1.0
1952.0	1.0
1953.0	1.0
1954.0	1.0
1956.0	1.0
1957.0	1.0
1958.0	1.0
1959.0	2.0
1960.0	1.0
1962.0	1.0
1963.0	1.0
1966.0	2.0
1967.0	5.0
1969.0	1.0
1970.0	1.0
1971.0	5.0
1972.0	1.0
1973.0	1.0
1974.0	1.0
1975.0	1.0
1976.0	1.0
1977.0	2.0
1978.0	1.0
1980.0	2.0
1981.0	1.0
1982.0	4.0
1983.0	1.0
1984.0	3.0
1985.0	3.0
1987.0	1.0
1989.0	2.0
1991.0	2.0
1992.0	1.0
1993.0	1.0
1994.0	1.0
1995.0	2.0
2000.0	1.0
2001.0	2.0
2002.0	3.0
2003.0	2.0
2004.0	2.0
2005.0	3.0
2006.0	2.0
2007.0	3.0
2008.0	2.0
2009.0	2.0
2010.0	1.0
2011.0	1.0
2012.0	2.0
2013.0	2.0
2015.0	1.0
2016.0	3.0
2017.0	3.0
2018.0	1.0
2019.0	2.0
2021.0	1.0
2023.0	1.0
2024.0	1.0
2026.0	1.0
2027.0	1.0
2029.0	2.0
2030.0	1.0
2032.0	1.0
2033.0	1.0
2034.0	1.0
2035.0	2.0
2036.0	1.0
2037.0	2.0
2039.0	3.0
2040.0	3.0
2041.0	1.0
2042.0	1.0
2044.0	1.0
2045.0	2.0
2046.0	2.0
2048.0	1.0
2049.0	2.0
2050.0	1.0
2051.0	3.0
2052.0	1.0
2053.0	1.0
2059.0	1.0
2060.0	1.0
2061.0	2.0
2062.0	1.0
2063.0	1.0
2065.0	1.0
2066.0	1.0
2067.0	1.0
2068.0	1.0
2069.0	2.0
2070.0	3.0
2071.0	1.0
2073.0	2.0
2074.0	1.0
2078.0	3.0
2079.0	1.0
2083.0	2.0
2085.0	2.0
2092.0	1.0
2103.0	1.0
2110.0	1.0
2112.0	2.0
2114.0	1.0
2115.0	2.0
2117.0	1.0
2119.0	2.0
2120.0	1.0
2123.0	1.0
2124.0	2.0
2126.0	1.0
2136.0	1.0
2149.0	2.0
