# Position (bp)	A	C	G	T	N
0.0	22.259950952650442	26.63648368232409	30.97528768156951	20.128277683455952	0.0
1.0	23.014525561214867	22.637238256932655	13.921901528013583	40.4263346538389	0.0
2.0	26.63648368232409	17.392944727409922	21.09036030937559	34.8802112808904	0.0
3.0	22.56178079607621	23.354084135068856	14.846255423505001	39.237879645349935	0.0
4.0	32.06942086398792	12.14865119788719	12.75231088473873	43.029617053386154	0.0
5.0	34.99339747217506	14.261460101867574	24.31616676098849	26.428975664968874	0.0
6.0	31.554130516786117	17.898906073179933	21.124104111655978	29.42285929837797	0.0
7.0	34.70388532629197	16.616371180686535	22.482082233119577	26.19766125990192	0.0
8.0	20.35081101471143	29.21539041870992	22.142587702753676	28.291210863824972	0.0
9.0	29.253112033195023	14.786872878159185	15.088645794039984	40.871369294605806	0.0
10.0	27.197284043757076	18.25726141078838	25.933609958506228	28.611844586948322	0.0
11.0	24.952847981893626	16.672953602414182	18.84194643530743	39.53225198038476	0.0
12.0	25.556393813655227	18.29498302527348	23.972086005281028	32.17653715579027	0.0
13.0	27.178423236514522	17.99321010939268	18.634477555639382	36.19388909845341	0.0
14.0	31.610712938513768	16.295737457563185	21.765371557902675	30.32817804602037	0.0
15.0	31.063749528479818	16.220294228592984	21.991701244813278	30.72425499811392	0.0
16.0	27.744247453791022	18.29498302527348	17.615993964541683	36.34477555639381	0.0
17.0	33.36476801207092	17.351942663145984	18.40814786872878	30.875141456054315	0.0
18.0	30.479064503960767	15.635609204073933	19.67182195397963	34.21350433798567	0.0
19.0	30.969445492267067	18.181818181818183	19.93587325537533	30.91286307053942	0.0
20.0	30.85046200264002	15.689232509900055	19.988685649632284	33.471619837827646	0.0
21.0	32.03846879125024	16.00980577031869	20.686403922308127	31.265321516122953	0.0
22.0	29.115594946256834	17.612672072411844	18.630963605506317	34.640769375825	0.0
23.0	30.360173486705637	15.21780124457854	23.08127475014143	31.34075051857439	0.0
24.0	30.59954751131222	17.401960784313726	21.17269984917044	30.825791855203622	0.0
25.0	28.61990950226244	16.874057315233788	18.834841628959275	35.671191553544496	0.0
26.0	31.315987933634993	16.440422322775262	19.249622926093515	32.99396681749623	0.0
27.0	28.525641025641026	20.871040723981903	17.74132730015083	32.86199095022624	0.0
28.0	30.37330316742081	13.725490196078432	21.87028657616893	34.03092006033182	0.0
29.0	28.78416588124411	18.699340245051836	20.395852968897266	32.120640904806784	0.0
30.0	30.292177191328935	18.397737983034872	17.323279924599436	33.98680490103676	0.0
31.0	30.518378887841656	16.324222431668236	20.075400565504243	33.08199811498586	0.0
32.0	31.66823751178134	19.905749293119698	19.52874646559849	28.89726672950047	0.0
33.0	29.43181818181818	18.787878787878785	19.41287878787879	32.36742424242424	0.0
34.0	27.500000000000004	17.140151515151516	22.55681818181818	32.8030303030303	0.0
35.0	30.818802122820316	17.835481425322214	20.47005307050796	30.875663381349504	0.0
36.0	30.932524639878693	16.091736163760427	20.526914329037147	32.44882486732373	0.0
37.0	24.767860526814477	19.55656623081296	20.69357589539511	34.98199734697745	0.0
38.0	30.888762554481712	16.619291263975743	22.626492325184763	29.865453856357778	0.0
39.0	27.231381466742466	18.969111237445517	19.897669130187605	33.90183816562441	0.0
40.0	30.390299355816598	18.01818870784388	18.150814702538838	33.440697233800684	0.0
41.0	24.38423645320197	20.860174308450173	23.607427055702917	31.14816218264494	0.0
42.0	28.87457370215991	20.0454717696097	19.49602122015915	31.583933308071238	0.0
43.0	28.685107995452825	15.801439939370972	20.46229632436529	35.05115574081091	0.0
44.0	26.563092080333462	19.154982948086396	19.874952633573322	34.40697233800682	0.0
45.0	29.82190223569534	19.306555513452064	19.64759378552482	31.223948465327776	0.0
46.0	28.05987116331944	19.192876089427813	21.163319439181507	31.583933308071238	0.0
47.0	26.923076923076923	18.150814702538838	21.125426297840093	33.80068207654415	0.0
48.0	28.476695718075028	17.696097006441832	21.50435771125426	32.322849564228875	0.0
49.0	24.914740431981812	20.234937476316787	22.129594543387647	32.720727548313754	0.0
50.0	30.42819249715801	18.98446381205002	17.392951875710498	33.19439181508147	0.0
51.0	26.31678666161425	20.651762031072376	20.519136036377418	32.51231527093596	0.0
52.0	27.79461917392952	17.961348995831756	19.003410382720727	35.240621447518	0.0
53.0	31.33169160825914	16.575108922144345	16.063648418261035	36.02955105133548	0.0
54.0	30.47925743512029	20.21216139420345	18.658836900928204	30.64974426974806	0.0
55.0	27.15909090909091	18.806818181818183	18.16287878787879	35.87121212121212	0.0
56.0	33.35227272727273	16.83712121212121	19.375	30.435606060606062	0.0
57.0	26.425459367304416	16.764538738397423	20.231104375828757	36.578897518469404	0.0
58.0	28.225042621708656	18.071604470543665	22.37166129948854	31.33169160825914	0.0
59.0	26.36863042242849	18.848266717181282	21.784428869103998	32.998673991286225	0.0
60.0	28.584959272589504	18.54517901117636	20.647849971585526	32.22201174464861	0.0
61.0	33.83216518279977	16.51827997726842	19.113468459935593	30.536086379996213	0.0
62.0	27.58098124644819	20.89410873271453	16.97291153627581	34.551998484561466	0.0
63.0	29.58120144021224	16.410839492135683	19.13966268713284	34.86829638051924	0.0
64.0	27.00397953382604	17.453098351335985	20.95887815046428	34.5840439643737	0.0
65.0	28.647214854111407	19.704433497536947	23.645320197044335	28.003031451307315	0.0
66.0	32.73967411898446	17.032967032967033	18.075028419856007	32.1523304281925	0.0
67.0	32.62599469496021	18.472906403940886	18.056081849185297	30.845017051913604	0.0
68.0	32.05759757483895	20.55702917771883	16.047745358090186	31.337627889352028	0.0
69.0	28.83668056081849	17.24137931034483	22.09170140204623	31.830238726790448	0.0
70.0	26.132272124313054	20.93992798938791	21.735834754595416	31.19196513170362	0.0
71.0	25.601667614174723	20.598825090013264	20.162971385256775	33.63653591055524	0.0
72.0	29.08849725222664	16.808792874739435	20.144021224180406	33.95868864885351	0.0
73.0	26.189122607542163	18.09740382793254	15.747583854462762	39.965889710062534	0.0
74.0	28.197839681637294	16.524540458593897	21.527382982755352	33.75023687701346	0.0
75.0	30.26340723896153	17.58574947887057	21.906386204282736	30.244457077885162	0.0
76.0	28.652643547470152	20.447223801402313	18.324805760848967	32.57532689027857	0.0
77.0	30.282357400037903	15.16012886109532	21.281030888762555	33.27648285010423	0.0
78.0	26.719727117680502	18.798559787758194	19.234413492514687	35.24729960204662	0.0
79.0	28.760894278135655	16.00985221674877	19.40128836680561	35.82796513830996	0.0
80.0	26.828344069723382	16.5214096248579	22.4706328154604	34.179613489958314	0.0
81.0	27.11254262978401	20.841227737779462	16.426676771504358	35.61955286093217	0.0
82.0	27.453580901856768	17.847669571807504	21.523304281924972	33.17544524441076	0.0
83.0	28.89352027283062	18.150814702538838	19.64759378552482	33.30807123910572	0.0
84.0	29.91663508904888	17.733990147783253	18.056081849185297	34.29329291398257	0.0
85.0	27.396741189844636	17.48768472906404	20.519136036377418	34.596438044713906	0.0
86.0	31.56498673740053	14.797271693823419	15.782493368700266	37.855248200075785	0.0
87.0	29.27245168624479	15.536187949981054	21.428571428571427	33.76278893520273	0.0
88.0	27.572484366117113	20.27667235171499	18.09740382793254	34.05343945423536	0.0
89.0	29.789653212052304	19.651317036194808	19.13966268713284	31.41936706462005	0.0
90.0	30.718211104794392	20.617775251089636	14.724275156338829	33.93973848777714	0.0
91.0	26.92817888952056	20.333522834944098	18.438506727307182	34.29979154822816	0.0
92.0	27.572484366117113	18.192154633314384	22.92969490240667	31.305666098161833	0.0
93.0	31.7165593027662	19.837059492231905	18.359226979916635	30.08715422508526	0.0
94.0	30.485032209170136	15.251989389920425	19.78021978021978	34.48275862068966	0.0
95.0	31.37552103069344	16.407730200833647	18.39712012125805	33.819628647214856	0.0
96.0	31.337627889352028	15.119363395225463	17.980295566502463	35.56271314892005	0.0
97.0	27.661993179234557	21.314892004547175	18.340280409245928	32.68283440697234	0.0
98.0	25.79116922493841	17.28254690164866	22.51279135872655	34.413492514686375	0.0
99.0	29.012696607921168	17.566799317794203	19.935569452340346	33.484934621944284	0.0
100.0	29.98855398702785	19.152995040061047	19.534528805799315	31.32392216711179	0.0
101.0	31.100846805234795	18.418013856812934	18.14857582755966	32.33256351039261	0.0
102.0	26.755658734764943	19.365447862255756	21.338750241826272	32.540143161153026	0.0
103.0	29.513956666016007	17.704470037087646	17.958227601015032	34.82334569588132	0.0
104.0	29.40830721003135	17.90752351097179	20.552507836990596	32.13166144200627	0.0
105.0	30.897991335171326	17.290271760535646	17.979519495864512	33.83221740842852	0.0
106.0	26.75638234712052	15.198891747476747	21.45260241440728	36.59212349099545	0.0
107.0	30.31629202307539	17.604933359856773	19.693654266958426	32.38512035010941	0.0
108.0	26.511814177012415	21.205446535843013	18.522226672006408	33.76051261513817	0.0
109.0	28.20564516129032	18.266129032258064	17.217741935483872	36.310483870967744	0.0
110.0	25.28898803488136	19.123909957412287	22.06448996146826	33.52261204623809	0.0
111.0	29.873314262362076	18.1651001225991	18.594196975888842	33.36738863914998	0.0
112.0	28.75924404272802	16.55710764174199	19.92604765817584	34.757600657354146	0.0
113.0	28.47408631013834	17.736939913276895	21.143919058434854	32.64505471814991	0.0
114.0	28.808979422157556	18.68634379546872	19.37227187694866	33.13240490542507	0.0
115.0	29.516432907682642	18.40066987649152	19.845091061335566	32.237806154490265	0.0
116.0	27.78831962892684	20.47227493147797	19.945182374024878	31.794223065570314	0.0
117.0	27.539311517212067	16.532086697832554	20.271993200169998	35.65660858478538	0.0
118.0	31.416309012875537	16.69527896995708	18.025751072961373	33.862660944206006	0.0
119.0	30.069174232598357	19.174232598357115	18.979680069174233	31.776913099870296	0.0
120.0	30.637095020656663	16.373124592302673	18.895412046096975	34.09436834094368	0.0
121.0	28.68995633187773	17.838427947598255	21.11353711790393	32.35807860262009	0.0
122.0	27.444517688420127	16.545814106789717	20.21533728850802	35.794330916282135	0.0
123.0	27.558706247230834	19.69428444838281	21.20070890562694	31.546300398759413	0.0
124.0	25.763016157989227	19.92818671454219	18.46947935368043	35.839317773788146	0.0
125.0	30.430839002267575	16.916099773242628	20.43083900226757	32.22222222222222	0.0
126.0	32.14449016918153	16.117969821673526	20.16460905349794	31.572930955647006	0.0
127.0	30.91329479768786	17.965317919075144	17.803468208092486	33.31791907514451	0.0
128.0	25.740265796222893	16.99696899044066	22.639309862438797	34.62345535089765	0.0
129.0	29.483568075117372	17.112676056338028	19.671361502347416	33.732394366197184	0.0
130.0	28.73019626389217	18.609600378340033	17.33270276661149	35.3275005911563	0.0
131.0	28.67016205910391	15.03813155386082	22.545281220209723	33.74642516682555	0.0
132.0	28.18050888142103	18.338934229476717	18.338934229476717	35.14162265962554	0.0
133.0	30.40949842500606	17.906469590501576	19.52992488490429	32.15410709958808	0.0
134.0	31.837033422786043	15.808733837521347	21.34666991949256	31.007562820200047	0.0
135.0	27.317554240631164	18.19526627218935	21.622287968441814	32.86489151873767	0.0
136.0	26.58700522778193	18.670649738610905	20.313666915608664	34.42867811799851	0.0
137.0	27.702362996480645	20.16088486676722	24.20814479638009	27.928607340372047	0.0
138.0	33.24847250509165	18.04989816700611	17.158859470468432	31.54276985743381	0.0
139.0	29.153846153846153	20.05128205128205	21.94871794871795	28.846153846153843	0.0
140.0	26.27643115007736	21.093347086126872	18.617844249613203	34.01237751418257	0.0
141.0	32.52541047693511	13.630440448266876	22.465467813395883	31.378681261402136	0.0
142.0	23.897058823529413	17.54201680672269	27.75735294117647	30.80357142857143	0.0
143.0	25.718085106382976	17.819148936170212	19.335106382978722	37.12765957446808	0.0
144.0	25.671321160042964	21.34801288936627	20.22019334049409	32.76047261009667	0.0
145.0	25.2508814754543	20.151885001356113	17.982099267697315	36.61513425549227	0.0
146.0	33.99394439856868	10.652353426919902	19.020093586567572	36.33360858794385	0.0
147.0	32.02777777777778	11.777777777777777	25.25	30.944444444444446	0.0
148.0	29.817559863169897	15.136830102622579	20.239452679589508	34.806157354618016	0.0
149.0	29.43487458446661	15.563614385010577	26.684799032940465	28.31671199758235	0.0
150.0	27.703984819734345	15.559772296015181	27.09677419354839	29.63946869070209	0.0
