#Coverage	Number of genomic locations
0.0	672.0
1.0	428.0
2.0	388.0
3.0	217.0
4.0	303.0
5.0	187.0
6.0	79.0
7.0	69.0
8.0	95.0
9.0	104.0
10.0	120.0
11.0	140.0
12.0	146.0
13.0	165.0
14.0	149.0
15.0	147.0
16.0	164.0
17.0	190.0
18.0	208.0
19.0	245.0
20.0	195.0
21.0	169.0
22.0	146.0
23.0	95.0
24.0	85.0
25.0	127.0
26.0	134.0
27.0	159.0
28.0	172.0
29.0	96.0
30.0	114.0
31.0	98.0
32.0	118.0
33.0	123.0
34.0	98.0
35.0	108.0
36.0	113.0
37.0	89.0
38.0	69.0
39.0	42.0
40.0	64.0
41.0	49.0
42.0	26.0
43.0	42.0
44.0	44.0
45.0	43.0
46.0	49.0
47.0	50.0
48.0	42.0
49.0	53.0
50.0	60.0
51.0	67.0
52.0	58.0
53.0	63.0
54.0	67.0
55.0	66.0
56.0	94.0
57.0	84.0
58.0	111.0
59.0	125.0
60.0	88.0
61.0	92.0
62.0	144.0
63.0	106.0
64.0	108.0
65.0	119.0
66.0	96.0
67.0	84.0
68.0	99.0
69.0	88.0
70.0	91.0
71.0	105.0
72.0	130.0
73.0	90.0
74.0	94.0
75.0	69.0
76.0	69.0
77.0	57.0
78.0	57.0
79.0	52.0
80.0	50.0
81.0	36.0
82.0	50.0
83.0	61.0
84.0	55.0
85.0	61.0
86.0	70.0
87.0	73.0
88.0	67.0
89.0	62.0
90.0	61.0
91.0	53.0
92.0	49.0
93.0	69.0
94.0	57.0
95.0	56.0
96.0	71.0
97.0	66.0
98.0	68.0
99.0	60.0
100.0	38.0
101.0	52.0
102.0	57.0
103.0	54.0
104.0	58.0
105.0	59.0
106.0	55.0
107.0	59.0
108.0	61.0
109.0	67.0
110.0	69.0
111.0	49.0
112.0	49.0
113.0	66.0
114.0	72.0
115.0	70.0
116.0	81.0
117.0	88.0
118.0	75.0
119.0	54.0
120.0	76.0
121.0	61.0
122.0	72.0
123.0	73.0
124.0	49.0
125.0	51.0
126.0	60.0
127.0	57.0
128.0	54.0
129.0	47.0
130.0	54.0
131.0	29.0
132.0	48.0
133.0	45.0
134.0	64.0
135.0	57.0
136.0	72.0
137.0	51.0
138.0	45.0
139.0	64.0
140.0	50.0
141.0	45.0
142.0	46.0
143.0	21.0
144.0	44.0
145.0	36.0
146.0	46.0
147.0	41.0
148.0	49.0
149.0	59.0
150.0	52.0
151.0	49.0
152.0	39.0
153.0	51.0
154.0	47.0
155.0	52.0
156.0	48.0
157.0	59.0
158.0	61.0
159.0	53.0
160.0	44.0
161.0	34.0
162.0	58.0
163.0	39.0
164.0	59.0
165.0	71.0
166.0	52.0
167.0	60.0
168.0	65.0
169.0	69.0
170.0	60.0
171.0	63.0
172.0	58.0
173.0	66.0
174.0	53.0
175.0	64.0
176.0	57.0
177.0	67.0
178.0	82.0
179.0	71.0
180.0	62.0
181.0	71.0
182.0	53.0
183.0	72.0
184.0	57.0
185.0	59.0
186.0	67.0
187.0	52.0
188.0	79.0
189.0	55.0
190.0	60.0
191.0	71.0
192.0	65.0
193.0	70.0
194.0	58.0
195.0	56.0
196.0	49.0
197.0	69.0
198.0	60.0
199.0	60.0
200.0	57.0
201.0	53.0
202.0	60.0
203.0	45.0
204.0	58.0
205.0	71.0
206.0	58.0
207.0	60.0
208.0	53.0
209.0	59.0
210.0	55.0
211.0	56.0
212.0	38.0
213.0	36.0
214.0	51.0
215.0	51.0
216.0	44.0
217.0	46.0
218.0	46.0
219.0	38.0
220.0	45.0
221.0	51.0
222.0	42.0
223.0	36.0
224.0	47.0
225.0	51.0
226.0	49.0
227.0	51.0
228.0	36.0
229.0	38.0
230.0	29.0
231.0	48.0
232.0	45.0
233.0	41.0
234.0	25.0
235.0	31.0
236.0	34.0
237.0	36.0
238.0	44.0
239.0	27.0
240.0	34.0
241.0	29.0
242.0	39.0
243.0	35.0
244.0	32.0
245.0	32.0
246.0	25.0
247.0	25.0
248.0	35.0
249.0	27.0
250.0	15.0
251.0	27.0
252.0	19.0
253.0	34.0
254.0	31.0
255.0	33.0
256.0	30.0
257.0	33.0
258.0	29.0
259.0	38.0
260.0	29.0
261.0	25.0
262.0	41.0
263.0	36.0
264.0	28.0
265.0	31.0
266.0	24.0
267.0	23.0
268.0	23.0
269.0	30.0
270.0	23.0
271.0	23.0
272.0	28.0
273.0	37.0
274.0	18.0
275.0	34.0
276.0	28.0
277.0	29.0
278.0	31.0
279.0	33.0
280.0	30.0
281.0	43.0
282.0	38.0
283.0	25.0
284.0	53.0
285.0	48.0
286.0	29.0
287.0	47.0
288.0	29.0
289.0	26.0
290.0	28.0
291.0	29.0
292.0	42.0
293.0	42.0
294.0	35.0
295.0	28.0
296.0	32.0
297.0	39.0
298.0	41.0
299.0	36.0
300.0	22.0
301.0	21.0
302.0	24.0
303.0	30.0
304.0	23.0
305.0	32.0
306.0	30.0
307.0	30.0
308.0	36.0
309.0	38.0
310.0	31.0
311.0	32.0
312.0	43.0
313.0	44.0
314.0	30.0
315.0	30.0
316.0	31.0
317.0	33.0
318.0	31.0
319.0	33.0
320.0	21.0
321.0	29.0
322.0	28.0
323.0	31.0
324.0	23.0
325.0	30.0
326.0	35.0
327.0	30.0
328.0	29.0
329.0	22.0
330.0	34.0
331.0	25.0
332.0	19.0
333.0	26.0
334.0	24.0
335.0	31.0
336.0	16.0
337.0	18.0
338.0	33.0
339.0	32.0
340.0	35.0
341.0	31.0
342.0	32.0
343.0	30.0
344.0	30.0
345.0	27.0
346.0	18.0
347.0	25.0
348.0	30.0
349.0	15.0
350.0	28.0
351.0	22.0
352.0	21.0
353.0	26.0
354.0	18.0
355.0	27.0
356.0	30.0
357.0	23.0
358.0	16.0
359.0	22.0
360.0	13.0
361.0	26.0
362.0	22.0
363.0	23.0
364.0	28.0
365.0	22.0
366.0	29.0
367.0	25.0
368.0	23.0
369.0	17.0
370.0	23.0
371.0	25.0
372.0	23.0
373.0	26.0
374.0	20.0
375.0	18.0
376.0	24.0
377.0	16.0
378.0	14.0
379.0	19.0
380.0	19.0
381.0	19.0
382.0	13.0
383.0	17.0
384.0	20.0
385.0	18.0
386.0	18.0
387.0	13.0
388.0	19.0
389.0	17.0
390.0	16.0
391.0	9.0
392.0	11.0
393.0	14.0
394.0	20.0
395.0	24.0
396.0	17.0
397.0	22.0
398.0	16.0
399.0	27.0
400.0	27.0
401.0	35.0
402.0	17.0
403.0	21.0
404.0	20.0
405.0	23.0
406.0	19.0
407.0	25.0
408.0	19.0
409.0	19.0
410.0	20.0
411.0	21.0
412.0	20.0
413.0	19.0
414.0	15.0
415.0	21.0
416.0	14.0
417.0	22.0
418.0	35.0
419.0	23.0
420.0	23.0
421.0	18.0
422.0	29.0
423.0	19.0
424.0	21.0
425.0	21.0
426.0	23.0
427.0	20.0
428.0	22.0
429.0	25.0
430.0	21.0
431.0	21.0
432.0	27.0
433.0	24.0
434.0	22.0
435.0	25.0
436.0	23.0
437.0	15.0
438.0	18.0
439.0	16.0
440.0	23.0
441.0	20.0
442.0	25.0
443.0	27.0
444.0	31.0
445.0	20.0
446.0	29.0
447.0	20.0
448.0	26.0
449.0	17.0
450.0	24.0
451.0	23.0
452.0	18.0
453.0	16.0
454.0	21.0
455.0	23.0
456.0	15.0
457.0	18.0
458.0	32.0
459.0	30.0
460.0	31.0
461.0	29.0
462.0	21.0
463.0	12.0
464.0	24.0
465.0	14.0
466.0	22.0
467.0	17.0
468.0	18.0
469.0	19.0
470.0	15.0
471.0	11.0
472.0	11.0
473.0	14.0
474.0	19.0
475.0	25.0
476.0	22.0
477.0	30.0
478.0	20.0
479.0	25.0
480.0	20.0
481.0	27.0
482.0	14.0
483.0	17.0
484.0	18.0
485.0	20.0
486.0	16.0
487.0	20.0
488.0	23.0
489.0	16.0
490.0	28.0
491.0	20.0
492.0	18.0
493.0	20.0
494.0	22.0
495.0	24.0
496.0	25.0
497.0	22.0
498.0	23.0
499.0	16.0
500.0	22.0
501.0	19.0
502.0	23.0
503.0	28.0
504.0	23.0
505.0	28.0
506.0	25.0
507.0	22.0
508.0	28.0
509.0	30.0
510.0	30.0
511.0	22.0
512.0	19.0
513.0	21.0
514.0	15.0
515.0	22.0
516.0	17.0
517.0	21.0
518.0	17.0
519.0	16.0
520.0	16.0
521.0	14.0
522.0	20.0
523.0	16.0
524.0	25.0
525.0	19.0
526.0	24.0
527.0	16.0
528.0	23.0
529.0	26.0
530.0	18.0
531.0	22.0
532.0	14.0
533.0	19.0
534.0	25.0
535.0	20.0
536.0	21.0
537.0	27.0
538.0	22.0
539.0	17.0
540.0	17.0
541.0	13.0
542.0	11.0
543.0	19.0
544.0	18.0
545.0	24.0
546.0	19.0
547.0	6.0
548.0	23.0
549.0	9.0
550.0	16.0
551.0	16.0
552.0	12.0
553.0	18.0
554.0	14.0
555.0	27.0
556.0	14.0
557.0	19.0
558.0	16.0
559.0	20.0
560.0	20.0
561.0	22.0
562.0	14.0
563.0	15.0
564.0	11.0
565.0	17.0
566.0	11.0
567.0	11.0
568.0	14.0
569.0	15.0
570.0	10.0
571.0	13.0
572.0	19.0
573.0	21.0
574.0	15.0
575.0	20.0
576.0	23.0
577.0	14.0
578.0	12.0
579.0	10.0
580.0	11.0
581.0	8.0
582.0	14.0
583.0	13.0
584.0	12.0
585.0	10.0
586.0	8.0
587.0	17.0
588.0	19.0
589.0	8.0
590.0	10.0
591.0	13.0
592.0	10.0
593.0	8.0
594.0	11.0
595.0	9.0
596.0	15.0
597.0	10.0
598.0	11.0
599.0	15.0
600.0	10.0
601.0	8.0
602.0	9.0
603.0	20.0
604.0	13.0
605.0	6.0
606.0	11.0
607.0	11.0
608.0	6.0
609.0	8.0
610.0	10.0
611.0	14.0
612.0	12.0
613.0	11.0
614.0	12.0
615.0	11.0
616.0	14.0
617.0	7.0
618.0	14.0
619.0	13.0
620.0	10.0
621.0	14.0
622.0	12.0
623.0	10.0
624.0	18.0
625.0	8.0
626.0	17.0
627.0	9.0
628.0	21.0
629.0	11.0
630.0	16.0
631.0	15.0
632.0	9.0
633.0	7.0
634.0	9.0
635.0	13.0
636.0	12.0
637.0	13.0
638.0	6.0
639.0	15.0
640.0	8.0
641.0	15.0
642.0	6.0
643.0	12.0
644.0	16.0
645.0	8.0
646.0	9.0
647.0	11.0
648.0	9.0
649.0	9.0
650.0	9.0
651.0	6.0
652.0	6.0
653.0	9.0
654.0	15.0
655.0	5.0
656.0	9.0
657.0	14.0
658.0	13.0
659.0	12.0
660.0	8.0
661.0	5.0
662.0	13.0
663.0	9.0
664.0	14.0
665.0	13.0
666.0	17.0
667.0	7.0
668.0	10.0
669.0	15.0
670.0	9.0
671.0	9.0
672.0	16.0
673.0	14.0
674.0	10.0
675.0	14.0
676.0	12.0
677.0	12.0
678.0	11.0
679.0	13.0
680.0	15.0
681.0	8.0
682.0	10.0
683.0	20.0
684.0	9.0
685.0	8.0
686.0	5.0
687.0	10.0
688.0	9.0
689.0	7.0
690.0	4.0
691.0	4.0
692.0	3.0
693.0	6.0
694.0	4.0
695.0	9.0
696.0	9.0
697.0	7.0
698.0	8.0
699.0	3.0
700.0	6.0
701.0	7.0
702.0	11.0
703.0	11.0
704.0	8.0
705.0	9.0
706.0	10.0
707.0	13.0
708.0	13.0
709.0	10.0
710.0	11.0
711.0	2.0
712.0	10.0
713.0	7.0
714.0	7.0
715.0	8.0
716.0	10.0
717.0	6.0
718.0	5.0
719.0	7.0
720.0	7.0
721.0	12.0
722.0	7.0
723.0	6.0
724.0	8.0
725.0	8.0
726.0	11.0
727.0	4.0
728.0	7.0
729.0	12.0
730.0	5.0
731.0	10.0
732.0	5.0
733.0	4.0
734.0	2.0
735.0	1.0
736.0	7.0
737.0	5.0
738.0	6.0
739.0	10.0
740.0	6.0
741.0	3.0
742.0	7.0
743.0	3.0
744.0	4.0
745.0	7.0
746.0	7.0
747.0	2.0
748.0	11.0
749.0	5.0
750.0	10.0
751.0	6.0
752.0	3.0
753.0	5.0
754.0	4.0
755.0	5.0
756.0	6.0
757.0	1.0
758.0	5.0
759.0	4.0
760.0	3.0
761.0	6.0
762.0	6.0
763.0	11.0
764.0	5.0
765.0	9.0
766.0	3.0
767.0	12.0
768.0	4.0
769.0	10.0
770.0	9.0
771.0	7.0
772.0	3.0
773.0	7.0
774.0	7.0
775.0	7.0
776.0	8.0
777.0	2.0
778.0	6.0
779.0	3.0
780.0	8.0
781.0	9.0
782.0	8.0
783.0	12.0
784.0	3.0
785.0	8.0
786.0	5.0
787.0	12.0
788.0	14.0
789.0	12.0
790.0	7.0
791.0	5.0
792.0	10.0
793.0	11.0
794.0	7.0
795.0	10.0
796.0	3.0
797.0	5.0
798.0	4.0
799.0	11.0
800.0	11.0
801.0	6.0
802.0	9.0
803.0	6.0
804.0	8.0
805.0	8.0
806.0	13.0
807.0	10.0
808.0	6.0
809.0	9.0
810.0	7.0
811.0	8.0
812.0	9.0
813.0	3.0
814.0	8.0
815.0	6.0
816.0	5.0
817.0	8.0
818.0	10.0
819.0	13.0
820.0	7.0
822.0	4.0
823.0	4.0
824.0	4.0
825.0	5.0
826.0	4.0
827.0	5.0
828.0	6.0
829.0	7.0
830.0	5.0
831.0	9.0
832.0	5.0
833.0	3.0
834.0	3.0
835.0	4.0
836.0	5.0
837.0	5.0
838.0	6.0
839.0	6.0
840.0	3.0
841.0	4.0
842.0	5.0
843.0	9.0
844.0	4.0
845.0	6.0
846.0	6.0
847.0	5.0
848.0	10.0
849.0	6.0
850.0	5.0
851.0	4.0
852.0	4.0
853.0	6.0
854.0	8.0
855.0	5.0
856.0	2.0
857.0	5.0
858.0	10.0
859.0	7.0
860.0	5.0
861.0	5.0
862.0	4.0
863.0	7.0
864.0	5.0
865.0	7.0
866.0	2.0
867.0	8.0
868.0	3.0
869.0	5.0
870.0	2.0
871.0	6.0
872.0	7.0
873.0	2.0
874.0	2.0
875.0	1.0
876.0	8.0
877.0	6.0
878.0	8.0
879.0	2.0
880.0	4.0
881.0	4.0
882.0	2.0
883.0	5.0
884.0	4.0
885.0	5.0
886.0	3.0
887.0	7.0
888.0	3.0
889.0	1.0
890.0	5.0
891.0	2.0
892.0	7.0
893.0	4.0
894.0	5.0
895.0	6.0
896.0	4.0
897.0	6.0
898.0	1.0
899.0	2.0
900.0	4.0
901.0	1.0
902.0	4.0
903.0	1.0
904.0	7.0
905.0	3.0
906.0	5.0
907.0	2.0
908.0	7.0
909.0	5.0
910.0	2.0
912.0	4.0
913.0	6.0
914.0	1.0
915.0	4.0
916.0	2.0
917.0	3.0
918.0	3.0
919.0	4.0
920.0	3.0
921.0	5.0
922.0	2.0
923.0	2.0
924.0	3.0
925.0	5.0
926.0	4.0
927.0	2.0
928.0	3.0
929.0	3.0
930.0	3.0
931.0	3.0
932.0	3.0
933.0	1.0
934.0	2.0
935.0	6.0
936.0	4.0
937.0	6.0
938.0	3.0
939.0	2.0
941.0	3.0
942.0	4.0
943.0	2.0
944.0	2.0
945.0	2.0
946.0	1.0
947.0	7.0
948.0	4.0
949.0	2.0
950.0	8.0
952.0	1.0
953.0	2.0
954.0	2.0
955.0	3.0
956.0	2.0
957.0	1.0
958.0	3.0
959.0	4.0
960.0	2.0
961.0	4.0
962.0	1.0
963.0	2.0
964.0	4.0
965.0	3.0
966.0	2.0
967.0	2.0
968.0	2.0
969.0	5.0
970.0	2.0
971.0	2.0
972.0	1.0
973.0	3.0
974.0	5.0
975.0	2.0
976.0	4.0
977.0	3.0
978.0	4.0
979.0	2.0
980.0	2.0
981.0	4.0
982.0	2.0
983.0	3.0
984.0	1.0
985.0	4.0
987.0	3.0
988.0	5.0
990.0	1.0
991.0	3.0
992.0	3.0
993.0	4.0
994.0	5.0
995.0	5.0
996.0	3.0
997.0	2.0
998.0	2.0
999.0	3.0
1000.0	2.0
1001.0	2.0
1002.0	3.0
1004.0	1.0
1005.0	4.0
1006.0	3.0
1007.0	1.0
1010.0	1.0
1012.0	3.0
1013.0	3.0
1015.0	1.0
1016.0	2.0
1017.0	2.0
1018.0	5.0
1019.0	3.0
1020.0	3.0
1021.0	5.0
1022.0	7.0
1023.0	5.0
1024.0	5.0
1025.0	3.0
1026.0	3.0
1027.0	3.0
1028.0	6.0
1029.0	3.0
1030.0	1.0
1031.0	1.0
1032.0	1.0
1033.0	4.0
1034.0	3.0
1035.0	2.0
1036.0	2.0
1037.0	2.0
1038.0	6.0
1039.0	2.0
1041.0	2.0
1043.0	5.0
1044.0	1.0
1046.0	3.0
1047.0	3.0
1048.0	3.0
1049.0	5.0
1050.0	2.0
1051.0	3.0
1052.0	2.0
1054.0	3.0
1055.0	3.0
1057.0	2.0
1059.0	3.0
1060.0	2.0
1061.0	2.0
1062.0	1.0
1063.0	5.0
1064.0	3.0
1065.0	3.0
1066.0	4.0
1068.0	2.0
1069.0	2.0
1070.0	2.0
1072.0	2.0
1073.0	1.0
1074.0	2.0
1075.0	1.0
1076.0	4.0
1077.0	2.0
1079.0	2.0
1080.0	1.0
1081.0	1.0
1084.0	2.0
1086.0	3.0
1087.0	1.0
1088.0	3.0
1092.0	2.0
1093.0	1.0
1094.0	2.0
1095.0	6.0
1096.0	4.0
1097.0	2.0
1098.0	3.0
1099.0	3.0
1100.0	1.0
1102.0	3.0
1104.0	2.0
1106.0	3.0
1107.0	3.0
1108.0	1.0
1109.0	1.0
1110.0	1.0
1112.0	1.0
1113.0	1.0
1114.0	1.0
1115.0	1.0
1117.0	1.0
1118.0	2.0
1120.0	1.0
1122.0	2.0
1125.0	1.0
1126.0	2.0
1127.0	3.0
1128.0	1.0
1129.0	2.0
1130.0	1.0
1131.0	2.0
1132.0	3.0
1133.0	1.0
1135.0	1.0
1136.0	3.0
1137.0	2.0
1138.0	1.0
1140.0	1.0
1141.0	1.0
1142.0	2.0
1143.0	3.0
1144.0	2.0
1145.0	3.0
1146.0	1.0
1147.0	3.0
1149.0	3.0
1150.0	2.0
1151.0	3.0
1152.0	2.0
1154.0	2.0
1155.0	1.0
1156.0	5.0
1159.0	3.0
1160.0	3.0
1161.0	1.0
1162.0	2.0
1163.0	2.0
1164.0	3.0
1166.0	2.0
1167.0	3.0
1168.0	1.0
1169.0	1.0
1170.0	2.0
1172.0	4.0
1173.0	3.0
1174.0	2.0
1175.0	1.0
1176.0	2.0
1177.0	4.0
1178.0	3.0
1180.0	2.0
1181.0	3.0
1183.0	1.0
1185.0	1.0
1186.0	4.0
1187.0	5.0
1188.0	1.0
1189.0	2.0
1190.0	2.0
1191.0	2.0
1192.0	2.0
1193.0	1.0
1194.0	5.0
1195.0	2.0
1196.0	3.0
1197.0	4.0
1198.0	4.0
1199.0	2.0
1200.0	1.0
1201.0	2.0
1202.0	2.0
1204.0	1.0
1205.0	3.0
1206.0	2.0
1208.0	1.0
1209.0	4.0
1210.0	3.0
1211.0	1.0
1212.0	3.0
1213.0	1.0
1214.0	1.0
1217.0	1.0
1218.0	2.0
1219.0	2.0
1220.0	1.0
1221.0	1.0
1222.0	1.0
1224.0	2.0
1225.0	1.0
1226.0	2.0
1227.0	1.0
1228.0	3.0
1229.0	3.0
1230.0	5.0
1231.0	1.0
1232.0	4.0
1233.0	3.0
1234.0	2.0
1235.0	1.0
1236.0	2.0
1237.0	4.0
1238.0	2.0
1239.0	2.0
1240.0	1.0
1241.0	3.0
1242.0	3.0
1243.0	3.0
1244.0	1.0
1245.0	1.0
1249.0	2.0
1250.0	1.0
1252.0	3.0
1253.0	2.0
1254.0	3.0
1258.0	1.0
1259.0	2.0
1260.0	3.0
1262.0	1.0
1263.0	1.0
1264.0	1.0
1271.0	1.0
1273.0	2.0
1275.0	1.0
1277.0	1.0
1278.0	2.0
1279.0	2.0
1281.0	1.0
1282.0	1.0
1289.0	2.0
1290.0	1.0
1294.0	1.0
1295.0	1.0
1304.0	1.0
1305.0	1.0
1311.0	1.0
1312.0	1.0
1313.0	1.0
1316.0	2.0
1318.0	2.0
1320.0	1.0
1321.0	1.0
1325.0	2.0
1326.0	2.0
1327.0	1.0
1328.0	1.0
1330.0	1.0
1332.0	1.0
1333.0	1.0
1334.0	3.0
1339.0	1.0
1341.0	1.0
1343.0	1.0
1344.0	1.0
1346.0	5.0
1347.0	2.0
1348.0	2.0
1351.0	2.0
1352.0	1.0
1353.0	1.0
1354.0	1.0
1355.0	1.0
1356.0	2.0
1358.0	3.0
1359.0	2.0
1360.0	4.0
1361.0	1.0
1365.0	1.0
1366.0	1.0
1367.0	2.0
1370.0	1.0
1371.0	1.0
1373.0	1.0
1374.0	1.0
1375.0	1.0
1378.0	1.0
1379.0	1.0
1382.0	1.0
1384.0	1.0
1388.0	1.0
1390.0	3.0
1392.0	4.0
1393.0	1.0
1395.0	2.0
1396.0	2.0
1400.0	2.0
1403.0	1.0
1405.0	1.0
1406.0	1.0
1409.0	3.0
1410.0	1.0
1414.0	1.0
1415.0	2.0
1421.0	1.0
1422.0	1.0
1425.0	1.0
1426.0	1.0
1427.0	1.0
1438.0	1.0
1443.0	1.0
1445.0	1.0
1446.0	2.0
1447.0	1.0
1448.0	1.0
1453.0	1.0
1454.0	1.0
1456.0	1.0
1464.0	1.0
1473.0	1.0
1475.0	2.0
1478.0	2.0
1479.0	1.0
1484.0	1.0
1485.0	1.0
1487.0	2.0
1488.0	2.0
1489.0	1.0
1490.0	1.0
1491.0	1.0
1493.0	1.0
1494.0	1.0
1495.0	1.0
1497.0	1.0
1498.0	1.0
1500.0	1.0
1503.0	1.0
1504.0	1.0
1505.0	2.0
1509.0	1.0
1511.0	2.0
1521.0	2.0
1524.0	1.0
1543.0	1.0
1544.0	1.0
1545.0	1.0
1549.0	1.0
1554.0	2.0
1556.0	1.0
