#Position (bp)	Coverage
38.0	297.50666666666666
113.0	1072.9866666666667
188.0	1027.3733333333332
263.0	825.52
338.0	1567.9466666666667
413.0	2036.9466666666667
488.0	1842.32
563.0	1779.1466666666668
638.0	1928.6533333333334
713.0	2415.7066666666665
788.0	2008.0266666666666
863.0	1981.5466666666666
938.0	2201.04
1013.0	1765.5066666666667
1088.0	1270.4666666666667
1163.0	1456.3866666666668
1238.0	1376.5733333333333
1313.0	1319.0
1388.0	987.12
1463.0	1085.8
1538.0	1232.8933333333334
1613.0	1605.76
1688.0	1285.2266666666667
1763.0	1122.9866666666667
1838.0	1321.8266666666666
1913.0	4508.866666666667
1988.0	6674.213333333333
2063.0	7281.08
2138.0	6913.066666666667
2213.0	5240.12
2288.0	1811.0666666666666
2363.0	1578.5466666666666
2438.0	1886.68
2513.0	4305.906666666667
2588.0	10053.973333333333
2663.0	9648.386666666667
2738.0	9265.266666666666
2813.0	8075.653333333334
2888.0	4683.893333333333
2963.0	2531.4
3038.0	2449.96
3113.0	2514.213333333333
3188.0	2406.9866666666667
3263.0	2055.306666666667
3338.0	2030.7466666666667
3413.0	2100.7066666666665
3488.0	2511.48
3563.0	2316.346666666667
3638.0	2119.24
3713.0	2205.9066666666668
3788.0	2462.173333333333
3863.0	2128.0933333333332
3938.0	2104.1066666666666
4013.0	2109.52
4088.0	5279.266666666666
4163.0	6461.546666666667
4238.0	6326.093333333333
4313.0	6968.213333333333
4388.0	6536.96
4463.0	4153.693333333334
4538.0	3974.9066666666668
4613.0	4037.653333333333
4688.0	4538.493333333333
4763.0	3676.16
4838.0	3799.826666666667
4913.0	3869.4
4988.0	4130.68
5063.0	3568.6
5138.0	3388.64
5213.0	3477.2533333333336
5288.0	3597.36
5363.0	3754.5866666666666
5438.0	3392.2
5513.0	3674.3866666666668
5588.0	4754.453333333333
5663.0	4063.346666666667
5738.0	4153.493333333333
5813.0	3557.8933333333334
5888.0	3883.2533333333336
5963.0	2574.5466666666666
6038.0	2002.0933333333332
6113.0	2161.12
6188.0	4172.16
6263.0	5386.68
6338.0	4324.386666666666
6413.0	4327.653333333334
6488.0	4571.786666666667
6563.0	2860.6666666666665
6638.0	2616.866666666667
6713.0	3048.3733333333334
6788.0	4349.7733333333335
6863.0	3018.7066666666665
6938.0	2228.0266666666666
7013.0	2735.56
7088.0	3552.2
7163.0	2600.12
7238.0	2324.0
7313.0	2777.88
7388.0	3040.3866666666668
7463.0	2257.9333333333334
7538.0	2344.8933333333334
7613.0	2459.36
7688.0	2747.28
7763.0	2351.64
7838.0	2214.0533333333333
7913.0	2586.5733333333333
7988.0	3973.0666666666666
8063.0	2709.266666666667
8138.0	2801.5866666666666
8213.0	2925.44
8288.0	3725.16
8363.0	2290.84
8438.0	1990.9733333333334
8513.0	2076.92
8588.0	2513.0266666666666
8663.0	4036.4
8738.0	4246.0
8813.0	4226.653333333334
8888.0	4640.96
8963.0	4269.24
9038.0	2597.9333333333334
9113.0	2831.9733333333334
9188.0	3036.3733333333334
9263.0	3634.133333333333
9338.0	3405.9866666666667
9413.0	3531.2533333333336
9488.0	4623.0
9563.0	4651.32
9638.0	3414.4
9713.0	3341.346666666667
9788.0	3402.12
9863.0	2775.56
9938.0	2515.8
10013.0	2230.9733333333334
10088.0	2979.266666666667
10163.0	3476.4533333333334
10238.0	2943.3866666666668
10313.0	2938.9066666666668
10388.0	3950.5733333333333
10463.0	3279.84
10538.0	2868.306666666667
10613.0	2942.56
10688.0	3978.8
10763.0	3829.6
10838.0	3305.306666666667
10913.0	3320.5733333333333
10988.0	3891.9333333333334
11063.0	6057.346666666666
11138.0	5342.026666666667
11213.0	5589.466666666666
11288.0	6397.64
11363.0	6723.24
11438.0	3699.7733333333335
11513.0	3793.7733333333335
11588.0	5205.36
11663.0	5231.1466666666665
11738.0	3456.36
11813.0	3410.4
11888.0	3938.173333333333
11963.0	3095.5466666666666
12038.0	2785.3333333333335
12113.0	3366.4133333333334
12188.0	5100.426666666666
12263.0	3672.1866666666665
12338.0	3944.24
12413.0	4674.64
12488.0	5032.266666666666
12563.0	4192.026666666667
12638.0	3915.826666666667
12713.0	5075.4
12788.0	5987.92
12863.0	5373.053333333333
12938.0	5675.213333333333
13013.0	8686.626666666667
13088.0	15296.426666666666
13163.0	18541.146666666667
13238.0	19165.666666666668
13313.0	19265.81333333333
13388.0	9965.493333333334
13463.0	6910.6
13538.0	6477.213333333333
13613.0	7891.2
13688.0	11170.013333333334
13763.0	11150.6
13838.0	10998.786666666667
13913.0	9602.973333333333
13988.0	6507.333333333333
14063.0	5607.48
14138.0	5720.653333333334
14213.0	6277.16
14288.0	6403.093333333333
14363.0	5889.506666666667
14438.0	5800.88
14513.0	6098.2
14588.0	6218.56
14663.0	5728.96
14738.0	5772.293333333333
14813.0	5763.586666666667
14888.0	6137.573333333334
14963.0	5777.586666666667
15038.0	5704.36
15113.0	5737.613333333334
15188.0	7322.2266666666665
15263.0	8910.08
15338.0	8704.706666666667
15413.0	8745.44
15488.0	8612.733333333334
15563.0	6915.613333333334
15638.0	6036.426666666666
15713.0	6061.7733333333335
15788.0	6083.893333333333
15863.0	6389.093333333333
15938.0	6016.293333333333
16013.0	5868.0
16088.0	6126.333333333333
16163.0	7106.52
16238.0	6082.92
16313.0	5829.413333333333
16388.0	5838.093333333333
16463.0	6398.2266666666665
16538.0	5173.8133333333335
16613.0	5189.493333333333
16688.0	5320.306666666666
16763.0	6253.533333333334
16838.0	7660.386666666666
16913.0	7695.8133333333335
16988.0	7541.706666666667
17063.0	8089.786666666667
17138.0	6699.013333333333
17213.0	5710.2266666666665
17288.0	5580.84
17363.0	6038.2
17438.0	5442.96
17513.0	4152.533333333334
17588.0	3954.88
17663.0	4246.626666666667
17738.0	4371.626666666667
17813.0	3698.84
17888.0	3832.24
17963.0	3952.2933333333335
18038.0	4796.12
18113.0	4652.1866666666665
18188.0	4573.013333333333
18263.0	5087.973333333333
18338.0	4849.453333333333
18413.0	3996.04
18488.0	3912.1866666666665
18563.0	3850.213333333333
18638.0	5084.8533333333335
18713.0	4224.573333333334
18788.0	4339.026666666667
18863.0	4508.76
18938.0	5246.8
19013.0	4033.213333333333
19088.0	4068.7066666666665
19163.0	3860.0133333333333
19238.0	3963.4933333333333
19313.0	2136.346666666667
19388.0	2030.88
19463.0	2027.4933333333333
19538.0	2097.133333333333
19613.0	3136.5866666666666
19688.0	3210.16
19763.0	3171.36
19838.0	3582.0133333333333
19913.0	3982.0533333333333
19988.0	3124.6266666666666
20063.0	3142.786666666667
20138.0	3101.88
20213.0	3192.5066666666667
20288.0	2690.8133333333335
20363.0	2734.4
20438.0	2745.12
20513.0	4241.053333333333
20588.0	3396.653333333333
20663.0	3448.826666666667
20738.0	3443.08
20813.0	4663.2266666666665
20888.0	3974.96
20963.0	3453.64
21038.0	3453.88
21113.0	3766.6666666666665
21188.0	2562.88
21263.0	2485.1866666666665
21338.0	2514.133333333333
21413.0	3071.36
21488.0	2850.3866666666668
21563.0	2839.52
21638.0	3023.72
21713.0	2602.08
21788.0	1965.44
21863.0	1961.2133333333334
21938.0	1940.56
22013.0	2030.9333333333334
22088.0	2579.133333333333
22163.0	2544.133333333333
22238.0	2568.786666666667
22313.0	2363.7733333333335
22388.0	2017.28
22463.0	2008.44
22538.0	2413.44
22613.0	2842.28
22688.0	2928.76
22763.0	2760.2
22838.0	3353.693333333333
22913.0	2830.7733333333335
22988.0	2666.8533333333335
23063.0	2864.4
23138.0	3311.653333333333
23213.0	3637.2933333333335
23288.0	3509.1866666666665
23363.0	3566.32
23438.0	3900.12
23513.0	4265.906666666667
23588.0	3699.32
23663.0	3648.733333333333
23738.0	3935.2266666666665
23813.0	4174.253333333333
23888.0	4485.573333333334
23963.0	4083.56
24038.0	4736.16
24113.0	5306.68
24188.0	3436.6266666666666
24263.0	3351.9866666666667
24338.0	3184.213333333333
24413.0	3606.346666666667
24488.0	3039.4
24563.0	2974.9466666666667
24638.0	2990.4133333333334
24713.0	3774.5333333333333
24788.0	3403.32
24863.0	2984.9466666666667
24938.0	3120.96
25013.0	4109.573333333334
25088.0	3393.866666666667
25163.0	3345.8133333333335
25238.0	3405.7466666666664
25313.0	3559.4266666666667
25388.0	3736.9466666666667
25463.0	3526.9866666666667
25538.0	3659.3733333333334
25613.0	4758.293333333333
25688.0	4888.4
25763.0	4363.453333333333
25838.0	4972.893333333333
25913.0	5561.16
25988.0	5831.266666666666
26063.0	5473.866666666667
26138.0	4031.826666666667
26213.0	4941.653333333334
26288.0	3502.92
26363.0	1177.88
26438.0	1414.6533333333334
26513.0	2107.8
26588.0	2136.8533333333335
26663.0	1587.8666666666666
26738.0	1616.4933333333333
26813.0	2134.1466666666665
26888.0	5877.293333333333
26963.0	7817.253333333333
27038.0	8432.506666666666
27113.0	9197.266666666666
27188.0	7149.826666666667
27263.0	2518.733333333333
27338.0	2167.52
27413.0	2689.133333333333
27488.0	2465.4533333333334
27563.0	615.88
27638.0	589.8266666666667
27713.0	601.2533333333333
27788.0	956.88
27863.0	1061.08
27938.0	1074.92
28013.0	1277.1066666666666
28088.0	1501.9066666666668
28163.0	1545.0
28238.0	534.3466666666667
28313.0	1422.2666666666667
28388.0	2318.7733333333335
28463.0	2212.346666666667
28538.0	1561.5333333333333
28613.0	1720.9333333333334
28688.0	1885.8266666666666
28763.0	1054.96
28838.0	462.64
28913.0	434.50666666666666
28988.0	777.48
29063.0	1684.9466666666667
29138.0	1560.9733333333334
29213.0	1441.96
29288.0	1689.68
29363.0	1395.1866666666667
29438.0	880.1333333333333
29513.0	1834.3066666666666
29588.0	2915.2
29663.0	2274.0666666666666
29738.0	1585.8533333333332
29813.0	1166.7066666666667
29877.0	14.943396226415095
