#Position (bp)	mapping quality
38.0	59.99794713620394
113.0	59.99792956357458
188.0	59.98934166295808
263.0	59.94893103867331
338.0	59.99802179004804
413.0	59.99823624755875
488.0	59.99699065251428
563.0	59.99792509871902
638.0	59.99756907702553
713.0	59.99544463230449
788.0	59.99948329748622
863.0	59.997817509434725
938.0	59.998410474702304
1013.0	59.99791627906977
1088.0	59.99883461853956
1163.0	59.99860918532685
1238.0	59.99873896874191
1313.0	59.99845883727556
1388.0	59.9987511982195
1463.0	59.99794801527012
1538.0	59.998296328552684
1613.0	59.99786871561559
1688.0	59.99848965867037
1763.0	59.999430943584414
1838.0	59.99795277414801
1913.0	59.996387355570896
1988.0	59.997245255256416
2063.0	59.998223399535306
2138.0	59.997370160253
2213.0	59.99858204863623
2288.0	59.996111002833544
2363.0	59.99878081397166
2438.0	59.99959010127101
2513.0	59.99886059257154
2588.0	59.99869808835181
2663.0	59.998436850834786
2738.0	59.99853155368783
2813.0	59.99848743989535
2888.0	59.9970016779825
2963.0	59.999201730483264
3038.0	59.946926091332855
3113.0	59.99841598534786
3188.0	59.99827258107165
3263.0	59.997570740524445
3338.0	59.99898227269814
3413.0	59.99880997612784
3488.0	59.99857717690528
3563.0	59.99843918505796
3638.0	59.999361394545886
3713.0	59.99915477390202
3788.0	59.99882409582306
3863.0	59.997722970563224
3938.0	59.999666599579996
4013.0	59.99931147602621
4088.0	59.999081002048136
4163.0	59.99848995280411
4238.0	59.99825272308939
4313.0	59.998341440898876
4388.0	59.99826368080441
4463.0	59.99903189966245
4538.0	59.999246726283424
4613.0	59.99886731533299
4688.0	59.99788288788989
4763.0	59.998636808570694
4838.0	59.9991417317071
4913.0	59.999173533629886
4988.0	59.99867274470835
5063.0	59.999356364114014
5138.0	59.99852942055583
5213.0	59.99621812050224
5288.0	59.99511462409432
5363.0	59.99834833327396
5438.0	59.99932827277465
5513.0	59.998697922523014
5588.0	59.99822272476532
5663.0	59.999515264218196
5738.0	59.98346899989242
5813.0	59.99800764677414
5888.0	59.99813199013541
5963.0	59.998781084126456
6038.0	59.99958285172986
6113.0	59.999666704788666
6188.0	59.96989380057116
6263.0	59.99916680759743
6338.0	59.999052436763584
6413.0	59.99843268821512
6488.0	59.997882356062675
6563.0	59.99799734441458
6638.0	59.99953017594165
6713.0	59.99879149830776
6788.0	59.998788660387355
6863.0	59.998697820123084
6938.0	60.0
7013.0	59.99892606558159
7088.0	59.99718739202459
7163.0	59.99965227430784
7238.0	59.99788974142039
7313.0	59.998116767577585
7388.0	59.997090065978064
7463.0	59.997833827260514
7538.0	59.99792012076445
7613.0	59.99844798947395
7688.0	59.99869453113417
7763.0	59.99904258450984
7838.0	59.9992336193173
7913.0	59.99812062298808
7988.0	59.99804747141408
8063.0	59.99935536073124
8138.0	59.99872905890683
8213.0	59.998571655924245
8288.0	59.99848463905749
8363.0	59.996563681234576
8438.0	59.999007052586315
8513.0	59.9977518377834
8588.0	59.998770001927895
8663.0	59.99917853231106
8738.0	59.999021916243144
8813.0	59.99889214515582
8888.0	59.99883787759083
8963.0	59.9980922076185
9038.0	59.99841976865798
9113.0	59.99835489046199
9188.0	59.99691050901419
9263.0	59.998995268019264
9338.0	59.99908363661064
9413.0	59.999122847719704
9488.0	59.99914713500537
9563.0	59.99828254291979
9638.0	59.99850833323602
9713.0	59.999032476005304
9788.0	59.997884766970586
9863.0	59.99821981466249
9938.0	59.99900635044249
10013.0	59.9878957928828
10088.0	59.997509375708376
10163.0	59.99515045418751
10238.0	59.99907678128524
10313.0	59.998898935188116
10388.0	59.9989808415585
10463.0	59.99901849005644
10538.0	59.99889727214238
10613.0	59.99821808387906
10688.0	59.99847448754088
10763.0	59.99848799716014
10838.0	59.998926045539186
10913.0	59.99915509291904
10988.0	59.99903598113145
11063.0	59.9935023764982
11138.0	59.99832399473733
11213.0	59.998719143028374
11288.0	59.99785583880675
11363.0	59.99842773697166
11438.0	59.99902893347716
11513.0	59.99884697112954
11588.0	59.99704863745155
11663.0	59.99878409094191
11738.0	59.99812698765165
11813.0	59.99917643870337
11888.0	59.998740116594085
11963.0	59.99874615156952
12038.0	59.99845046438145
12113.0	59.99824068562295
12188.0	59.99958974589746
12263.0	59.998643998539045
12338.0	59.99877985297641
12413.0	59.998342966663145
12488.0	59.99831162394743
12563.0	59.9992743840702
12638.0	59.99915307255387
12713.0	59.997854734643546
12788.0	59.998978620502086
12863.0	59.99933491415642
12938.0	59.998653073223146
13013.0	59.99693201942478
13088.0	59.99877246236401
13163.0	59.99824159059933
13238.0	59.99872844866007
13313.0	59.99844647064961
13388.0	59.993830188911346
13463.0	59.99897577691025
13538.0	59.9990676139485
13613.0	59.99875615146886
13688.0	59.997173136748074
13763.0	59.99599314752696
13838.0	59.99907488527326
13913.0	59.99733610994458
13988.0	59.99755288182878
14063.0	59.99835475432273
14138.0	59.998900278502205
14213.0	59.99634950012461
14288.0	59.99864917685528
14363.0	59.98662750670393
14438.0	59.951628783493966
14513.0	59.999401878262226
14588.0	59.99684987864286
14663.0	59.998636777882744
14738.0	59.99916775378351
14813.0	59.998922793835774
14888.0	59.99537202245344
14963.0	59.99937302966218
15038.0	59.99778901071084
15113.0	59.99908046433244
15188.0	59.99899089797634
15263.0	59.99877027057622
15338.0	59.99894503955526
15413.0	59.99898073732858
15488.0	59.9986345068996
15563.0	59.998404339722875
15638.0	59.998548707318825
15713.0	59.99863560078865
15788.0	59.99894487288075
15863.0	59.99865431087585
15938.0	59.9987083276572
16013.0	59.99889713158142
16088.0	59.992178016936215
16163.0	59.99851476406919
16238.0	59.99867097124314
16313.0	59.99910748317036
16388.0	59.99855238246623
16463.0	59.998368317539416
16538.0	59.99913737330171
16613.0	59.99930059061237
16688.0	59.9998185251768
16763.0	59.99942034955257
16838.0	59.998235279259376
16913.0	59.998429389994875
16988.0	59.99927824051502
17063.0	59.99798134146744
17138.0	59.99794827290394
17213.0	59.99914088488024
17288.0	59.9987692858988
17363.0	59.998867148152485
17438.0	59.9976144749317
17513.0	59.999052594392644
17588.0	59.99878088328909
17663.0	59.99860494908336
17738.0	59.99817398665822
17813.0	59.99808081119082
17888.0	59.99834718683727
17963.0	59.99850752607279
18038.0	59.99805927415016
18113.0	59.999036458686334
18188.0	59.99903141754089
18263.0	59.99925105314814
18338.0	59.99894175382346
18413.0	59.99928557094963
18488.0	59.998924009672
18563.0	59.9984991932042
18638.0	59.99692833600843
18713.0	59.99795997132933
18788.0	59.999139044339216
18863.0	59.89773268265469
18938.0	59.99819603082257
19013.0	59.99849566109659
19088.0	59.999438663254665
19163.0	59.999090453217136
19238.0	59.99883181039689
19313.0	59.989324420388364
19388.0	60.0
19463.0	60.0
19538.0	59.99230324074074
19613.0	59.99872247881836
19688.0	59.99886767497514
19763.0	59.99934145375322
19838.0	59.9991860630743
19913.0	59.99798837269126
19988.0	59.996690773936656
20063.0	59.99913916221875
20138.0	59.99931818095249
20213.0	59.998767804872976
20288.0	59.99911586750195
20363.0	59.99956678281309
20438.0	59.999430483985996
20513.0	59.999093994952474
20588.0	59.99931244904919
20663.0	59.99836924751217
20738.0	59.99890383210709
20813.0	59.99885037009332
20888.0	59.99901024241801
20963.0	59.99893452636629
21038.0	59.998447253007896
21113.0	59.99815588923263
21188.0	59.99403511086401
21263.0	59.999622943865766
21338.0	59.99829560072035
21413.0	59.99716237455433
21488.0	59.99949845454015
21563.0	59.99976487531044
21638.0	59.998202230701494
21713.0	59.99643291642685
21788.0	59.99896516278387
21863.0	59.9982051276533
21938.0	59.99931959584402
22013.0	59.99853922106248
22088.0	59.998403901455
22163.0	59.99922239751167
22238.0	59.92833433174456
22313.0	59.998994169183746
22388.0	59.99672315507814
22463.0	59.96681630280325
22538.0	59.99823413365563
22613.0	59.994192278500016
22688.0	59.99742926942137
22763.0	59.99954884764701
22838.0	59.99836866395107
22913.0	59.997784426165225
22988.0	59.999070683393526
23063.0	59.999524275608394
23138.0	59.99867352238871
23213.0	59.99730156259315
23288.0	59.99798097367842
23363.0	59.97008743981671
23438.0	59.95465427199272
23513.0	59.99158857266897
23588.0	59.99914481990795
23663.0	59.99966236077347
23738.0	59.99942720616926
23813.0	59.99917149654851
23888.0	59.99828029835913
23963.0	59.998488003355085
24038.0	59.99490538800428
24113.0	59.997651972201616
24188.0	59.998374992219524
24263.0	59.99885618535706
24338.0	59.99757856906176
24413.0	59.998550514745226
24488.0	59.998819530035746
24563.0	59.99838629493317
24638.0	59.99911803749705
24713.0	59.996855912796306
24788.0	59.99825042416465
24863.0	59.99858428595159
24938.0	59.99888067280322
25013.0	59.99850378717407
25088.0	59.99906860064549
25163.0	59.999652472587414
25238.0	59.99882684895518
25313.0	59.99875375546173
25388.0	59.99957642533297
25463.0	59.99876028057197
25538.0	59.97440418353142
25613.0	59.99667209374621
25688.0	59.99566160830072
25763.0	59.99744210036497
25838.0	59.9993378718422
25913.0	59.999205343259426
25988.0	59.99770513326411
26063.0	59.999275588009986
26138.0	59.99860756401134
26213.0	59.99899666742306
26288.0	59.99913664668015
26363.0	59.99910319018073
26438.0	59.99915362019214
26513.0	59.99920983042056
26588.0	59.99863506335617
26663.0	59.99778644434916
26738.0	59.968354628122974
26813.0	59.99615733256999
26888.0	59.997479017234205
26963.0	59.99827468514947
27038.0	59.99870544819844
27113.0	59.99890481289826
27188.0	59.99781854900168
27263.0	59.99947371013826
27338.0	59.99907069260733
27413.0	59.999038121162556
27488.0	59.9987378391543
27563.0	59.99728518057285
27638.0	59.99841948265883
27713.0	59.99903186058793
27788.0	59.999321852132226
27863.0	59.9997295572311
27938.0	59.99910940232207
28013.0	59.99943848489749
28088.0	59.99250789599855
28163.0	59.99928996809897
28238.0	59.99904800761594
28313.0	59.99845398312318
28388.0	59.997781708602936
28463.0	59.99836329641479
28538.0	59.99908691462904
28613.0	59.99895157229131
28688.0	59.99694640333175
28763.0	59.997707863339826
28838.0	59.947628416120764
28913.0	59.99861624228774
28988.0	59.99537535886692
29063.0	59.99770680076897
29138.0	59.99873492189743
29213.0	59.99710172999092
29288.0	59.997769524528934
29363.0	59.99858197240267
29438.0	60.0
29513.0	59.99712766949548
29588.0	59.99922030435017
29663.0	59.99670453986523
29738.0	59.96259513953799
29813.0	59.997433458369976
29877.0	60.0
