# Position (bp)	A	C	G	T	N
0.0	27.72413793103448	21.103448275862068	19.448275862068964	31.724137931034484	0.0
1.0	23.586206896551722	24.413793103448274	23.03448275862069	28.965517241379313	0.0
2.0	26.438356164383563	20.958904109589042	20.0	32.602739726027394	0.0
3.0	31.326949384404923	16.963064295485637	20.24623803009576	31.463748290013683	0.0
4.0	32.28454172366621	17.510259917920656	21.88782489740082	28.317373461012313	0.0
5.0	26.67578659370725	23.119015047879618	18.331053351573185	31.874145006839942	0.0
6.0	33.60655737704918	19.12568306010929	15.983606557377051	31.284153005464482	0.0
7.0	30.46448087431694	20.76502732240437	20.62841530054645	28.142076502732237	0.0
8.0	27.049180327868854	21.85792349726776	21.311475409836063	29.78142076502732	0.0
9.0	32.10382513661202	18.579234972677597	19.398907103825135	29.918032786885245	0.0
10.0	26.366120218579237	18.71584699453552	24.726775956284154	30.191256830601095	0.0
11.0	28.415300546448087	21.85792349726776	20.081967213114755	29.6448087431694	0.0
12.0	29.098360655737704	21.311475409836063	17.759562841530055	31.830601092896178	0.0
13.0	28.142076502732237	20.491803278688526	18.442622950819672	32.92349726775956	0.0
14.0	29.78142076502732	18.579234972677597	23.770491803278688	27.86885245901639	0.0
15.0	24.726775956284154	19.94535519125683	27.049180327868854	28.278688524590162	0.0
16.0	27.459016393442624	21.584699453551913	20.901639344262296	30.05464480874317	0.0
17.0	27.18579234972678	21.721311475409834	22.26775956284153	28.825136612021858	0.0
18.0	28.688524590163933	20.76502732240437	18.169398907103826	32.37704918032787	0.0
19.0	22.6775956284153	21.03825136612022	24.863387978142075	31.420765027322407	0.0
20.0	26.812585499316004	17.920656634746923	21.06703146374829	34.19972640218879	0.0
21.0	22.283356258596974	22.696011004126547	18.707015130674005	36.31361760660248	0.0
22.0	25.869262865090402	20.027816411682892	19.471488178025034	34.63143254520167	0.0
23.0	25.80195258019526	22.17573221757322	17.99163179916318	34.03068340306834	0.0
24.0	26.89075630252101	19.187675070028014	20.168067226890756	33.753501400560225	0.0
25.0	28.611500701262273	20.75736325385694	15.988779803646564	34.642356241234225	0.0
26.0	33.94109396914446	16.830294530154276	18.2328190743338	30.995792426367462	0.0
27.0	28.08988764044944	19.662921348314608	18.258426966292134	33.98876404494382	0.0
28.0	35.81460674157304	14.887640449438203	15.168539325842698	34.12921348314607	0.0
29.0	28.932584269662918	17.696629213483146	16.43258426966292	36.93820224719101	0.0
30.0	25.56497175141243	17.09039548022599	21.89265536723164	35.451977401129945	0.0
31.0	33.14447592067989	17.70538243626062	15.864022662889518	33.286118980169974	0.0
32.0	31.1614730878187	19.405099150141645	20.254957507082153	29.178470254957507	0.0
33.0	32.248939179632245	21.923620933521924	18.528995756718526	27.298444130127297	0.0
34.0	36.49222065063649	17.82178217821782	22.206506364922205	23.47949080622348	0.0
35.0	31.21468926553672	19.491525423728813	20.76271186440678	28.53107344632768	0.0
36.0	30.36723163841808	20.19774011299435	20.62146892655367	28.8135593220339	0.0
37.0	32.48945147679325	19.12798874824191	18.70604781997187	29.676511954992968	0.0
38.0	27.9887482419128	22.22222222222222	19.40928270042194	30.37974683544304	0.0
39.0	32.34880450070324	19.69057665260197	18.0028129395218	29.957805907172997	0.0
40.0	33.755274261603375	18.143459915611814	22.50351617440225	25.59774964838256	0.0
41.0	29.49438202247191	17.5561797752809	27.52808988764045	25.42134831460674	0.0
42.0	33.61344537815126	18.907563025210084	22.408963585434176	25.07002801120448	0.0
43.0	30.532212885154063	20.588235294117645	19.607843137254903	29.271708683473392	0.0
44.0	35.294117647058826	16.5266106442577	18.34733893557423	29.831932773109244	0.0
45.0	28.851540616246496	21.988795518207283	21.288515406162464	27.871148459383754	0.0
46.0	26.610644257703083	16.666666666666664	21.708683473389357	35.01400560224089	0.0
47.0	28.011204481792717	18.067226890756302	24.92997198879552	28.991596638655466	0.0
48.0	26.610644257703083	16.80672268907563	23.249299719887954	33.33333333333333	0.0
49.0	24.789915966386555	20.868347338935575	19.607843137254903	34.73389355742297	0.0
50.0	27.591036414565828	16.666666666666664	23.389355742296917	32.35294117647059	0.0
51.0	31.372549019607842	15.266106442577032	19.047619047619047	34.31372549019608	0.0
52.0	34.87394957983193	17.366946778711483	20.30812324929972	27.450980392156865	0.0
53.0	30.81232492997199	21.428571428571427	21.428571428571427	26.330532212885156	0.0
54.0	29.971988795518207	17.92717086834734	17.086834733893557	35.01400560224089	0.0
55.0	27.591036414565828	21.84873949579832	18.76750700280112	31.79271708683473	0.0
56.0	24.649859943977592	19.047619047619047	21.288515406162464	35.01400560224089	0.0
57.0	25.630252100840334	20.868347338935575	22.128851540616246	31.372549019607842	0.0
58.0	24.369747899159663	24.2296918767507	19.327731092436977	32.07282913165266	0.0
59.0	24.509803921568626	19.327731092436977	21.708683473389357	34.45378151260504	0.0
60.0	27.871148459383754	20.588235294117645	18.34733893557423	33.193277310924366	0.0
61.0	26.750700280112046	20.72829131652661	22.689075630252102	29.831932773109244	0.0
62.0	28.291316526610643	18.34733893557423	21.708683473389357	31.652661064425768	0.0
63.0	32.773109243697476	18.34733893557423	19.88795518207283	28.991596638655466	0.0
64.0	29.411764705882355	19.047619047619047	22.54901960784314	28.991596638655466	0.0
65.0	31.23249299719888	18.34733893557423	21.568627450980394	28.851540616246496	0.0
66.0	30.672268907563026	18.34733893557423	20.028011204481793	30.952380952380953	0.0
67.0	27.170868347338935	21.568627450980394	19.607843137254903	31.652661064425768	0.0
68.0	23.249299719887954	24.92997198879552	18.627450980392158	33.193277310924366	0.0
69.0	23.52941176470588	28.431372549019606	20.028011204481793	28.011204481792717	0.0
70.0	32.49299719887955	22.268907563025213	18.067226890756302	27.170868347338935	0.0
71.0	34.173669467787114	21.708683473389357	19.607843137254903	24.509803921568626	0.0
72.0	26.610644257703083	22.829131652661065	22.408963585434176	28.15126050420168	0.0
73.0	27.73109243697479	21.988795518207283	18.207282913165265	32.07282913165266	0.0
74.0	27.030812324929972	20.868347338935575	19.46778711484594	32.63305322128851	0.0
75.0	29.271708683473392	20.448179271708682	25.210084033613445	25.07002801120448	0.0
76.0	31.79271708683473	19.46778711484594	22.54901960784314	26.190476190476193	0.0
77.0	33.753501400560225	25.49019607843137	15.686274509803921	25.07002801120448	0.0
78.0	32.02797202797203	19.44055944055944	20.83916083916084	27.692307692307693	0.0
79.0	30.76923076923077	20.27972027972028	13.846153846153847	35.10489510489511	0.0
80.0	34.72803347280335	19.804741980474198	16.457461645746164	29.009762900976288	0.0
81.0	34.72803347280335	15.899581589958158	18.828451882845187	30.543933054393307	0.0
82.0	32.21757322175732	16.178521617852162	20.920502092050206	30.683403068340308	0.0
83.0	38.07531380753138	16.736401673640167	20.781032078103205	24.407252440725244	0.0
84.0	33.47280334728033	17.712691771269178	17.99163179916318	30.822873082287312	0.0
85.0	31.659693165969315	16.596931659693166	18.13110181311018	33.61227336122734	0.0
86.0	28.27298050139276	19.35933147632312	22.701949860724234	29.66573816155989	0.0
87.0	32.17270194986072	15.459610027855152	18.802228412256266	33.56545961002785	0.0
88.0	31.197771587743734	17.68802228412256	16.295264623955433	34.81894150417828	0.0
89.0	28.690807799442897	14.066852367688023	22.284122562674096	34.958217270194986	0.0
90.0	26.323119777158777	18.52367688022284	18.384401114206128	36.768802228412255	0.0
91.0	25.766016713091922	19.91643454038997	15.87743732590529	38.440111420612816	0.0
92.0	28.969359331476323	19.498607242339833	19.637883008356546	31.894150417827298	0.0
93.0	28.830083565459606	17.68802228412256	23.676880222841227	29.805013927576603	0.0
94.0	26.6016713091922	14.484679665738161	22.14484679665738	36.768802228412255	0.0
95.0	26.52777777777778	18.333333333333332	20.97222222222222	34.166666666666664	0.0
96.0	25.555555555555554	16.11111111111111	24.02777777777778	34.30555555555556	0.0
97.0	27.77777777777778	15.555555555555555	20.13888888888889	36.52777777777778	0.0
98.0	30.138888888888886	20.416666666666668	19.583333333333332	29.86111111111111	0.0
99.0	26.111111111111114	20.97222222222222	21.805555555555557	31.11111111111111	0.0
100.0	28.749999999999996	20.97222222222222	20.416666666666668	29.86111111111111	0.0
101.0	28.61111111111111	19.02777777777778	24.583333333333332	27.77777777777778	0.0
102.0	25.452016689847014	19.471488178025034	20.723226703755216	34.35326842837274	0.0
103.0	29.624478442280942	15.99443671766342	26.00834492350487	28.372739916550767	0.0
104.0	24.617524339360223	18.35883171070932	23.9221140472879	33.101529902642554	0.0
105.0	33.24061196105703	13.908205841446453	20.30598052851182	32.5452016689847	0.0
106.0	31.29346314325452	20.166898470097358	15.159944367176633	33.379694019471486	0.0
107.0	31.01529902642559	18.497913769123784	23.226703755215578	27.26008344923505	0.0
108.0	31.101813110181308	18.410041841004183	22.454672245467226	28.03347280334728	0.0
109.0	27.6536312849162	19.134078212290504	23.60335195530726	29.608938547486037	0.0
110.0	24.684431977559605	17.251051893408135	25.52594670406732	32.53856942496493	0.0
111.0	28.854314002828858	20.933521923620933	17.397454031117398	32.814710042432814	0.0
112.0	30.45325779036827	17.847025495750707	17.847025495750707	33.85269121813031	0.0
113.0	33.75886524822695	17.163120567375888	19.00709219858156	30.070921985815602	0.0
114.0	33.38068181818182	14.772727272727273	19.176136363636363	32.67045454545455	0.0
115.0	28.267045454545453	17.755681818181817	17.897727272727273	36.07954545454545	0.0
116.0	29.97159090909091	20.454545454545457	20.738636363636363	28.83522727272727	0.0
117.0	36.273115220483646	20.056899004267425	18.349928876244665	25.320056899004268	0.0
118.0	33.997155049786635	20.19914651493599	19.203413940256045	26.600284495021338	0.0
119.0	30.05698005698006	22.22222222222222	19.943019943019944	27.77777777777778	0.0
120.0	30.1994301994302	22.507122507122507	23.78917378917379	23.504273504273502	0.0
121.0	29.529243937232525	23.537803138373754	22.82453637660485	24.10841654778887	0.0
122.0	36.0	18.857142857142858	19.28571428571429	25.857142857142858	0.0
123.0	33.0	17.142857142857142	14.142857142857142	35.714285714285715	0.0
124.0	34.714285714285715	20.57142857142857	15.857142857142856	28.857142857142858	0.0
125.0	34.57142857142857	20.42857142857143	18.857142857142858	26.142857142857146	0.0
126.0	31.857142857142858	23.142857142857142	18.571428571428573	26.42857142857143	0.0
127.0	32.285714285714285	19.428571428571427	22.57142857142857	25.71428571428571	0.0
128.0	30.55954088952654	19.368723098995698	19.225251076040173	30.84648493543759	0.0
129.0	30.129124820659968	24.103299856527975	20.65997130559541	25.107604017216644	0.0
130.0	34.195402298850574	22.126436781609197	16.091954022988507	27.586206896551722	0.0
131.0	32.61494252873563	19.25287356321839	18.103448275862068	30.028735632183906	0.0
132.0	30.647482014388487	19.280575539568346	26.0431654676259	24.028776978417266	0.0
133.0	32.0863309352518	18.41726618705036	19.71223021582734	29.784172661870507	0.0
134.0	26.762589928057558	22.73381294964029	22.58992805755396	27.913669064748202	0.0
135.0	26.801152737752158	23.19884726224784	23.919308357348704	26.0806916426513	0.0
136.0	27.12842712842713	19.913419913419915	18.9033189033189	34.05483405483405	0.0
137.0	30.303030303030305	16.883116883116884	21.645021645021643	31.16883116883117	0.0
138.0	26.118326118326117	24.0981240981241	20.923520923520925	28.86002886002886	0.0
139.0	32.467532467532465	23.232323232323232	13.564213564213565	30.735930735930733	0.0
140.0	31.069364161849713	19.21965317919075	17.91907514450867	31.79190751445087	0.0
141.0	26.483357452966715	20.40520984081042	18.668596237337194	34.44283646888567	0.0
142.0	25.79710144927536	21.15942028985507	20.434782608695652	32.608695652173914	0.0
143.0	29.71014492753623	17.246376811594203	20.144927536231886	32.89855072463768	0.0
144.0	27.391304347826086	21.15942028985507	18.405797101449277	33.04347826086956	0.0
145.0	25.217391304347824	22.608695652173914	19.275362318840582	32.89855072463768	0.0
146.0	27.721335268505083	16.25544267053701	20.319303338171263	35.703918722786646	0.0
147.0	30.01464128843338	20.937042459736457	20.351390922401173	28.69692532942899	0.0
148.0	27.96486090775988	18.301610541727673	24.011713030746705	29.721815519765737	0.0
149.0	26.500732064421666	20.790629575402637	19.91215226939971	32.796486090775986	0.0
150.0	25.036603221083453	20.20497803806735	19.91215226939971	34.84626647144949	0.0
151.0	29.136163982430453	21.37628111273792	17.423133235724745	32.06442166910688	0.0
152.0	22.434017595307918	18.621700879765395	20.527859237536656	38.41642228739003	0.0
153.0	29.575402635431917	18.00878477306003	19.472913616398245	32.942898975109806	0.0
154.0	30.87149187592319	19.054652880354507	20.088626292466767	29.98522895125554	0.0
155.0	29.73372781065089	18.04733727810651	19.526627218934912	32.69230769230769	0.0
156.0	29.037037037037038	15.11111111111111	21.185185185185183	34.66666666666667	0.0
157.0	27.1513353115727	23.738872403560833	18.397626112759642	30.712166172106826	0.0
158.0	28.041543026706233	21.068249258160236	18.397626112759642	32.49258160237389	0.0
159.0	32.88690476190476	12.351190476190476	19.642857142857142	35.11904761904761	0.0
160.0	27.827380952380953	18.154761904761905	20.089285714285715	33.92857142857143	0.0
161.0	25.48435171385991	17.436661698956783	22.056631892697467	35.02235469448584	0.0
162.0	31.184407796101947	16.94152923538231	20.089955022488756	31.784107946026985	0.0
163.0	30.584707646176913	16.34182908545727	20.089955022488756	32.98350824587706	0.0
164.0	29.066265060240966	17.620481927710845	21.837349397590362	31.475903614457827	0.0
165.0	25.339366515837103	18.250377073906485	21.71945701357466	34.69079939668175	0.0
166.0	32.32169954476479	17.754172989377846	22.003034901365705	27.921092564491655	0.0
167.0	30.851063829787233	19.45288753799392	18.693009118541035	31.00303951367781	0.0
168.0	33.33333333333333	17.50380517503805	15.52511415525114	33.63774733637747	0.0
169.0	26.636225266362253	18.11263318112633	22.831050228310502	32.42009132420091	0.0
170.0	30.441400304414003	15.52511415525114	20.85235920852359	33.181126331811264	0.0
171.0	31.804281345565748	17.2782874617737	19.113149847094803	31.804281345565748	0.0
172.0	28.440366972477065	22.171253822629968	21.865443425076453	27.522935779816514	0.0
173.0	26.452599388379205	18.501529051987767	17.431192660550458	37.61467889908257	0.0
174.0	30.321592649310876	18.223583460949463	19.90811638591118	31.546707503828486	0.0
175.0	32.00612557427259	20.06125574272588	19.142419601837673	28.79019908116386	0.0
176.0	26.339969372128635	20.673813169984687	18.07044410413476	34.915773353751916	0.0
177.0	26.493108728943337	20.520673813169985	22.5114854517611	30.474732006125578	0.0
178.0	35.63748079877112	17.665130568356375	18.433179723502306	28.264208909370197	0.0
179.0	35.483870967741936	15.360983102918588	21.351766513056837	27.80337941628264	0.0
180.0	28.110599078341014	23.655913978494624	17.050691244239633	31.182795698924732	0.0
181.0	32.0	19.076923076923077	19.076923076923077	29.846153846153843	0.0
182.0	32.0	20.76923076923077	17.846153846153847	29.384615384615387	0.0
183.0	30.0462249614792	23.42064714946071	16.486902927580893	30.0462249614792	0.0
184.0	29.475308641975307	23.765432098765434	20.679012345679013	26.080246913580247	0.0
185.0	31.839258114374037	23.183925811437405	19.01081916537867	25.965996908809892	0.0
186.0	33.07573415765069	15.610510046367851	23.02936630602782	28.284389489953632	0.0
187.0	27.11598746081505	14.420062695924765	29.153605015673982	29.310344827586203	0.0
188.0	27.1585557299843	16.3265306122449	26.84458398744113	29.67032967032967	0.0
189.0	28.03149606299213	21.73228346456693	25.196850393700785	25.03937007874016	0.0
190.0	30.866141732283463	16.535433070866144	17.165354330708663	35.43307086614173	0.0
191.0	29.133858267716533	19.212598425196852	18.58267716535433	33.07086614173229	0.0
192.0	28.706624605678233	17.19242902208202	24.76340694006309	29.33753943217666	0.0
193.0	27.070063694267514	21.337579617834397	19.904458598726116	31.687898089171973	0.0
194.0	28.07017543859649	22.169059011164276	22.48803827751196	27.27272727272727	0.0
195.0	34.4	18.72	16.64	30.240000000000002	0.0
196.0	30.880000000000003	18.88	18.72	31.52	0.0
197.0	34.72	18.72	20.64	25.919999999999998	0.0
198.0	27.200000000000003	19.040000000000003	23.36	30.4	0.0
199.0	26.602564102564102	15.705128205128204	23.878205128205128	33.81410256410257	0.0
200.0	27.12680577849117	17.81701444622793	22.792937399678973	32.263242375601926	0.0
201.0	30.595813204508858	12.560386473429952	21.256038647342994	35.5877616747182	0.0
202.0	31.239935587761675	13.687600644122384	22.22222222222222	32.850241545893724	0.0
203.0	27.536231884057973	19.96779388083736	21.256038647342994	31.239935587761675	0.0
204.0	30.967741935483872	19.032258064516128	18.70967741935484	31.290322580645164	0.0
205.0	33.70967741935484	16.93548387096774	17.258064516129032	32.09677419354839	0.0
206.0	32.58064516129032	20.64516129032258	20.64516129032258	26.129032258064516	0.0
207.0	25.967741935483872	19.193548387096772	21.29032258064516	33.5483870967742	0.0
208.0	33.27922077922078	18.506493506493506	20.77922077922078	27.435064935064936	0.0
209.0	31.442463533225286	21.06969205834684	19.93517017828201	27.55267423014587	0.0
210.0	33.92857142857143	18.506493506493506	21.428571428571427	26.136363636363637	0.0
211.0	34.41558441558442	21.266233766233768	19.805194805194805	24.512987012987015	0.0
212.0	30.130293159609124	18.241042345276874	25.2442996742671	26.384364820846905	0.0
213.0	28.175895765472315	25.732899022801302	20.846905537459286	25.2442996742671	0.0
214.0	33.387622149837135	18.729641693811075	22.63843648208469	25.2442996742671	0.0
215.0	33.278955954323	18.270799347471453	23.65415986949429	24.79608482871126	0.0
216.0	37.315875613747956	18.00327332242226	18.330605564648117	26.350245499181668	0.0
217.0	28.641571194762683	21.112929623567922	18.657937806873978	31.58756137479542	0.0
218.0	30.27823240589198	16.53027823240589	25.040916530278235	28.150572831423897	0.0
219.0	30.491803278688522	18.360655737704917	24.75409836065574	26.39344262295082	0.0
220.0	22.78688524590164	23.60655737704918	23.770491803278688	29.836065573770494	0.0
221.0	28.45394736842105	19.24342105263158	19.407894736842106	32.89473684210527	0.0
222.0	28.052805280528055	15.016501650165019	22.772277227722775	34.15841584158416	0.0
223.0	33.22314049586777	14.049586776859504	18.512396694214875	34.21487603305785	0.0
224.0	34.710743801652896	14.380165289256198	18.181818181818183	32.72727272727273	0.0
225.0	36.69421487603306	17.024793388429753	21.322314049586776	24.958677685950413	0.0
226.0	37.3134328358209	18.573797678275287	16.749585406301822	27.363184079601986	0.0
227.0	33.777038269550744	16.97171381031614	17.470881863560734	31.78036605657238	0.0
228.0	26.12312811980033	16.638935108153078	22.628951747088184	34.60898502495841	0.0
229.0	33.0	17.166666666666668	14.333333333333334	35.5	0.0
230.0	32.15488215488215	18.35016835016835	13.973063973063974	35.52188552188552	0.0
231.0	29.629629629629626	22.053872053872052	19.023569023569024	29.292929292929294	0.0
232.0	26.644182124789207	16.020236087689714	19.561551433389546	37.77403035413153	0.0
233.0	26.779661016949152	14.067796610169491	22.71186440677966	36.440677966101696	0.0
234.0	33.16326530612245	14.45578231292517	21.258503401360542	31.122448979591837	0.0
235.0	23.168654173764907	25.894378194207835	17.717206132879046	33.21976149914821	0.0
236.0	25.7679180887372	18.941979522184297	26.791808873720136	28.498293515358363	0.0
237.0	23.06368330464716	20.137693631669535	25.47332185886403	31.32530120481928	0.0
238.0	26.804123711340207	18.900343642611684	18.900343642611684	35.39518900343643	0.0
239.0	24.78485370051635	19.27710843373494	20.65404475043029	35.28399311531842	0.0
240.0	26.379310344827587	20.689655172413794	20.862068965517242	32.068965517241374	0.0
241.0	27.430555555555557	19.618055555555554	17.881944444444446	35.06944444444444	0.0
242.0	29.166666666666668	16.84027777777778	22.916666666666664	31.07638888888889	0.0
243.0	26.23239436619718	12.852112676056338	23.41549295774648	37.5	0.0
244.0	26.58450704225352	16.901408450704224	17.6056338028169	38.90845070422535	0.0
245.0	25.573192239858905	18.165784832451497	22.22222222222222	34.038800705467374	0.0
246.0	25.573192239858905	14.285714285714285	27.336860670194003	32.804232804232804	0.0
247.0	22.614840989399294	17.314487632508836	23.498233215547703	36.57243816254417	0.0
248.0	23.985890652557316	18.342151675485006	27.160493827160494	30.511463844797177	0.0
249.0	27.256637168141594	17.876106194690266	21.946902654867255	32.92035398230089	0.0
250.0	23.716814159292035	16.10619469026549	24.424778761061948	35.75221238938053	0.0
251.0	23.487544483985765	15.658362989323843	28.647686832740217	32.20640569395018	0.0
252.0	27.289048473967686	23.339317773788153	21.18491921005386	28.186714542190305	0.0
253.0	25.179856115107913	17.805755395683455	21.58273381294964	35.431654676258994	0.0
254.0	31.83453237410072	18.345323741007196	18.525179856115106	31.294964028776977	0.0
255.0	30.490018148820326	22.141560798548092	18.69328493647913	28.67513611615245	0.0
256.0	29.57486136783734	17.744916820702404	16.266173752310536	36.41404805914972	0.0
257.0	24.814814814814813	16.85185185185185	17.22222222222222	41.11111111111111	0.0
258.0	28.810408921933085	19.144981412639407	17.843866171003718	34.20074349442379	0.0
259.0	32.649253731343286	20.149253731343283	15.111940298507461	32.08955223880597	0.0
260.0	32.270168855534706	19.51219512195122	16.135084427767353	32.08255159474672	0.0
261.0	35.27204502814259	21.013133208255162	17.636022514071296	26.07879924953096	0.0
262.0	30.075187969924812	22.18045112781955	19.924812030075188	27.819548872180448	0.0
263.0	30.131826741996232	19.2090395480226	15.819209039548024	34.83992467043315	0.0
264.0	26.55367231638418	19.397363465160076	19.02071563088512	35.02824858757062	0.0
265.0	32.075471698113205	13.39622641509434	19.433962264150946	35.094339622641506	0.0
266.0	31.32075471698113	13.584905660377359	23.77358490566038	31.32075471698113	0.0
267.0	30.929791271347252	10.62618595825427	23.908918406072104	34.53510436432637	0.0
268.0	24.571428571428573	17.142857142857142	25.333333333333336	32.95238095238095	0.0
269.0	29.118773946360154	15.517241379310345	28.35249042145594	27.011494252873565	0.0
270.0	24.660194174757283	19.41747572815534	20.19417475728155	35.728155339805824	0.0
271.0	24.124513618677042	20.817120622568094	19.45525291828794	35.60311284046693	0.0
272.0	29.9412915851272	17.22113502935421	16.2426614481409	36.59491193737769	0.0
273.0	28.823529411764703	14.705882352941178	20.784313725490197	35.68627450980392	0.0
274.0	29.388560157790927	19.13214990138067	19.32938856015779	32.149901380670606	0.0
275.0	27.77777777777778	17.658730158730158	20.634920634920633	33.92857142857143	0.0
276.0	29.4234592445328	16.302186878727635	21.272365805168985	33.00198807157058	0.0
277.0	32.06412825651302	20.240480961923847	20.440881763527056	27.25450901803607	0.0
278.0	27.0	20.0	24.0	28.999999999999996	0.0
279.0	32.53493013972056	24.35129740518962	16.367265469061877	26.746506986027946	0.0
280.0	36.72654690618762	23.75249500998004	15.568862275449103	23.952095808383234	0.0
281.0	27.309236947791167	19.477911646586346	21.686746987951807	31.52610441767068	0.0
282.0	30.223123732251523	13.793103448275861	20.689655172413794	35.294117647058826	0.0
283.0	26.73469387755102	14.897959183673471	24.285714285714285	34.08163265306122	0.0
284.0	24.485596707818928	22.22222222222222	23.045267489711936	30.246913580246915	0.0
285.0	27.27272727272727	21.280991735537192	20.867768595041323	30.57851239669421	0.0
286.0	29.10602910602911	19.334719334719335	17.255717255717258	34.303534303534306	0.0
287.0	25.840336134453786	21.218487394957982	25.630252100840334	27.310924369747898	0.0
288.0	22.621564482029598	23.678646934460886	21.775898520084567	31.92389006342495	0.0
289.0	27.350427350427353	20.299145299145298	19.444444444444446	32.9059829059829	0.0
290.0	35.053763440860216	15.053763440860216	23.870967741935484	26.021505376344084	0.0
291.0	31.896551724137932	14.655172413793101	21.982758620689655	31.46551724137931	0.0
292.0	25.813449023861175	18.43817787418655	25.59652928416486	30.151843817787416	0.0
293.0	25.0	17.608695652173914	27.173913043478258	30.217391304347824	0.0
294.0	29.978118161925604	22.538293216630198	21.88183807439825	25.601750547045953	0.0
295.0	28.03532008830022	19.426048565121413	23.178807947019866	29.3598233995585	0.0
296.0	22.444444444444443	22.88888888888889	27.555555555555557	27.111111111111114	0.0
297.0	30.493273542600896	22.421524663677133	22.869955156950674	24.2152466367713	0.0
298.0	24.485125858123567	24.485125858123567	25.62929061784897	25.400457665903893	0.0
299.0	21.03960396039604	22.772277227722775	26.980198019801982	29.207920792079207	0.0
300.0	30.53097345132743	7.52212389380531	21.68141592920354	40.26548672566372	0.0
