#Read position (bp)	Clipping profile
0.0	19.253830779480346
1.0	2.2762602709304907
2.0	2.0230957139684653
3.0	1.8187874750166557
4.0	1.6389073950699533
5.0	1.5189873417721518
6.0	1.4856762158560959
7.0	1.4479236064845658
8.0	1.4146124805685099
9.0	1.3946258050188762
10.0	1.3679769042860315
11.0	1.312458361092605
12.0	1.2835887186320232
13.0	1.254719076171441
14.0	1.1947590495225404
15.0	1.1125916055962692
16.0	1.0126582278481013
17.0	0.9526982011992006
18.0	0.8416611148123473
19.0	0.7217410615145459
20.0	0.6151454585831667
21.0	0.5596269153897402
22.0	0.5018876304685764
23.0	0.43748612036420165
24.0	0.39973351099267157
25.0	0.33755274261603374
26.0	0.2909171663335554
27.0	0.2664890073284477
28.0	0.24206084832334
29.0	0.22873639795691758
30.0	2.2340661781034865
31.0	0.8127914723517655
32.0	1.3946258050188762
33.0	2.3117921385742837
34.0	1.8898512103042417
35.0	1.3435487452809238
36.0	2.7426160337552745
37.0	2.351765489673551
38.0	1.0637352875860537
39.0	1.0592938041305797
40.0	0.3530979347101932
41.0	1.0059960026648902
42.0	0.7128580946035976
43.0	0.7239618032422829
44.0	0.9216078170108817
45.0	0.8882966910948257
46.0	0.9926715522984677
47.0	0.7284032866977571
48.0	0.4752387297357317
49.0	0.7994670219853431
50.0	0.4485898290028869
51.0	0.5507439484787919
52.0	0.22651565622918055
53.0	0.22873639795691758
54.0	0.33755274261603374
55.0	0.04219409282700422
56.0	0.25538529868976234
57.0	0.06884299355984899
58.0	0.07994670219853431
59.0	0.2798134576948701
60.0	0.09771263602043083
61.0	0.19986675549633579
62.0	0.1176993115700644
63.0	0.12880302020874973
64.0	0.1487896957583833
65.0	0.16433488785254274
66.0	0.17099711303575393
67.0	0.17988007994670221
68.0	0.20208749722407282
69.0	0.21097046413502107
70.0	0.22207417277370642
71.0	0.23095713968465467
72.0	0.24650233177881412
73.0	0.2620475238729736
74.0	0.2864756828780813
75.0	0.2975793915167666
76.0	0.3286697757050855
77.0	0.36198090162114144
78.0	0.41972018654230514
79.0	0.47745947146346884
80.0	0.5463024650233178
81.0	0.6373528758605375
82.0	0.6662225183211192
83.0	0.6995336442371752
84.0	0.7217410615145459
85.0	0.7350655118809682
86.0	0.7772596047079724
87.0	0.795025538529869
88.0	0.8216744392627138
89.0	0.8461025982678215
90.0	0.8616477903619808
91.0	0.8860759493670887
92.0	0.9060626249167222
93.0	0.9260493004663558
94.0	0.9882300688429937
95.0	1.0570730624028424
96.0	1.183655340883855
97.0	1.421274705751721
98.0	1.61892071952032
99.0	1.61892071952032
