#Position (bp)	mapping quality
38.0	59.980257834082096
113.0	60.0
188.0	60.0
263.0	60.0
338.0	60.0
413.0	59.980398562561255
488.0	59.34668481431071
563.0	59.891794409377816
638.0	59.99117517281953
713.0	59.869423286180634
788.0	60.0
863.0	60.0
938.0	60.0
1013.0	60.0
1088.0	60.0
1163.0	60.0
1238.0	60.0
1313.0	59.99404643778527
1388.0	60.0
1463.0	60.0
1538.0	60.0
1613.0	60.0
1688.0	60.0
1763.0	60.0
1838.0	60.0
1913.0	60.0
1988.0	60.0
2063.0	60.0
2138.0	60.0
2213.0	59.989338071968014
2288.0	59.97852925389157
2363.0	60.0
2438.0	60.0
2513.0	60.0
2588.0	59.9941348973607
2663.0	59.99307878648056
2738.0	60.0
2813.0	59.93228578869694
2888.0	60.0
2963.0	59.99231950844854
3038.0	59.91987536167372
3113.0	60.0
3188.0	59.989756722151085
3263.0	60.0
3338.0	60.0
3413.0	60.0
3488.0	59.99519230769231
3563.0	59.58510638297872
3638.0	59.95811518324607
3713.0	59.9609184171959
3788.0	59.978667930789285
3863.0	59.97489539748954
3938.0	60.0
4013.0	60.0
4088.0	59.99065129323777
4163.0	60.0
4238.0	60.0
4313.0	60.0
4388.0	60.0
4463.0	60.0
4538.0	59.80544747081712
4613.0	60.0
4688.0	60.0
4763.0	60.0
4838.0	60.0
4913.0	59.98188679245283
4988.0	60.0
5063.0	59.97841726618705
5138.0	59.98409331919406
5213.0	60.0
5288.0	60.0
5363.0	60.0
5438.0	60.0
5513.0	60.0
5588.0	59.99205613663445
5663.0	60.0
5738.0	60.0
5813.0	60.0
5888.0	60.0
5963.0	60.0
6038.0	59.98801438274071
6113.0	60.0
6188.0	59.991406473789745
6263.0	60.0
6338.0	60.0
6413.0	60.0
6488.0	59.91295172777631
6563.0	59.98149861239593
6638.0	60.0
6713.0	60.0
6788.0	59.99156533352077
6863.0	60.0
6938.0	60.0
7013.0	59.98773883723307
7088.0	60.0
7163.0	60.0
7238.0	59.98502495840266
7313.0	60.0
7388.0	59.984774149890036
7463.0	59.97409885603281
7538.0	60.0
7613.0	60.0
7688.0	59.993037827802276
7763.0	60.0
7838.0	60.0
7913.0	60.0
7988.0	60.0
8063.0	60.0
8138.0	60.0
8213.0	59.990990990990994
8288.0	59.99569367688222
8363.0	59.99269272926562
8438.0	60.0
8513.0	60.0
8588.0	59.98769987699877
8663.0	59.99351771823682
8738.0	60.0
8813.0	60.0
8888.0	60.0
8963.0	59.97947080291971
9038.0	60.0
9113.0	59.98186215235792
9188.0	59.993344425956735
9263.0	60.0
9338.0	59.99272550921435
9413.0	60.0
9488.0	59.985473913569784
9563.0	60.0
9638.0	59.990680335507925
9713.0	60.0
9788.0	59.993903058632256
9863.0	59.99229583975347
9938.0	60.0
10013.0	59.99098015634396
10088.0	59.994887089902
10163.0	60.0
10238.0	60.0
10313.0	60.0
10388.0	59.994536016756214
10463.0	60.0
10538.0	60.0
10613.0	60.0
10688.0	59.994291694415374
10763.0	60.0
10838.0	60.0
10913.0	60.0
10988.0	60.0
11063.0	59.98452212046949
11138.0	60.0
11213.0	60.0
11288.0	59.97592778335005
11363.0	59.993655493285395
11438.0	60.0
11513.0	59.50136122653675
11588.0	60.0
11663.0	60.0
11738.0	60.0
11813.0	60.0
11888.0	60.0
11963.0	59.99128160418483
12038.0	60.0
12113.0	59.98117056331398
12188.0	59.986702127659576
12263.0	60.0
12338.0	60.0
12413.0	60.0
12488.0	59.98138091543832
12563.0	60.0
12638.0	60.0
12713.0	60.0
12788.0	59.99131693198263
12863.0	60.0
12938.0	60.0
13013.0	60.0
13088.0	60.0
13163.0	60.0
13238.0	60.0
13313.0	59.99209382000264
13388.0	60.0
13463.0	60.0
13538.0	60.0
13613.0	60.0
13688.0	59.97712833545108
13763.0	60.0
13838.0	60.0
13913.0	59.99044890162369
13988.0	60.0
14063.0	60.0
14138.0	60.0
14213.0	59.99126383226558
14288.0	59.98394863563403
14363.0	60.0
14438.0	59.9896013864818
14513.0	59.99161191108626
14588.0	60.0
14663.0	60.0
14738.0	60.0
14813.0	59.977761304670125
14888.0	59.927739863508634
14963.0	60.0
15038.0	60.0
15113.0	60.0
15188.0	59.9949040258196
15263.0	60.0
15338.0	60.0
15413.0	60.0
15488.0	59.99227102924127
15563.0	59.98981497199117
15638.0	60.0
15713.0	60.0
15788.0	60.0
15863.0	59.981282171268134
15938.0	60.0
16013.0	60.0
16088.0	60.0
16163.0	60.0
16238.0	59.99105945462673
16313.0	59.99213011542497
16388.0	59.99251216772744
16463.0	60.0
16538.0	59.95461422087746
16613.0	59.974059662775616
16688.0	60.0
16763.0	60.0
16838.0	59.98778998778999
16913.0	60.0
16988.0	60.0
17063.0	60.0
17138.0	60.0
17213.0	60.0
17288.0	60.0
17363.0	60.0
17438.0	59.98633257403189
17513.0	60.0
17588.0	60.0
17663.0	59.991818925552224
17738.0	60.0
17813.0	60.0
17888.0	60.0
17963.0	60.0
18038.0	59.990630855715175
18113.0	60.0
18188.0	60.0
18263.0	59.992607195662885
18338.0	59.99266862170088
18413.0	60.0
18488.0	60.0
18563.0	60.0
18638.0	59.921859346824284
18713.0	59.87302808772605
18788.0	60.0
18863.0	60.0
18938.0	59.97004119335913
19013.0	60.0
19088.0	60.0
19163.0	60.0
19238.0	60.0
19313.0	59.990633049722895
19388.0	60.0
19463.0	60.0
19538.0	60.0
19613.0	59.98859749144812
19688.0	60.0
19763.0	60.0
19838.0	60.0
19913.0	60.0
19988.0	60.0
20063.0	60.0
20138.0	60.0
20213.0	59.99548260804096
20288.0	60.0
20363.0	59.99222495788519
20438.0	60.0
20513.0	59.9951044386423
20588.0	60.0
20663.0	60.0
20738.0	60.0
20813.0	60.0
20888.0	60.0
20963.0	60.0
21038.0	60.0
21113.0	59.99193710945374
21188.0	60.0
21263.0	60.0
21338.0	60.0
21413.0	60.0
21488.0	58.47446853591355
21563.0	59.4816
21638.0	60.0
21713.0	59.96685286354429
21788.0	59.974619289340104
21863.0	59.94954803447551
21938.0	60.0
22013.0	59.97513468711148
22088.0	60.0
22163.0	59.97726411519515
22238.0	59.991154356479434
22313.0	59.99591642278636
22388.0	60.0
22463.0	60.0
22538.0	59.98131277738846
22613.0	59.99093587128937
22688.0	60.0
22763.0	60.0
22838.0	60.0
22913.0	60.0
22988.0	60.0
23063.0	60.0
23138.0	60.0
23213.0	59.90722844994202
23288.0	60.0
23363.0	60.0
23438.0	60.0
23513.0	59.9918896999189
23588.0	59.726141078838175
23663.0	60.0
23738.0	60.0
23813.0	59.98509131569139
23888.0	59.98839682846645
23963.0	60.0
24038.0	59.79755377477858
24113.0	59.65284474445516
24188.0	59.95716580403355
24263.0	60.0
24338.0	60.0
24413.0	60.0
24488.0	60.0
24563.0	60.0
24638.0	60.0
24713.0	59.98343685300207
24788.0	59.99077490774908
24863.0	60.0
24938.0	60.0
25013.0	60.0
25088.0	60.0
25163.0	60.0
25238.0	60.0
25313.0	60.0
25388.0	60.0
25463.0	60.0
25538.0	59.98714377544461
25613.0	59.991850040749796
25688.0	59.94162477703908
25763.0	60.0
25838.0	60.0
25913.0	59.99478170116542
25988.0	59.97287767832926
26063.0	60.0
26138.0	60.0
26213.0	59.99463039198139
26288.0	59.995595037075105
26363.0	60.0
26438.0	59.95392589748512
26513.0	60.0
26588.0	60.0
26663.0	60.0
26738.0	60.0
26813.0	59.66086159486709
26888.0	59.9782466826191
26963.0	59.78523215381469
27038.0	59.950413223140494
27113.0	59.84847067626976
27188.0	59.991792627043296
27263.0	60.0
27338.0	60.0
27413.0	60.0
27488.0	60.0
27563.0	59.63262046321768
27638.0	59.8468606431853
27713.0	60.0
27788.0	59.9501930021168
27863.0	60.0
27938.0	60.0
28013.0	60.0
28088.0	59.98470038249044
28163.0	60.0
28238.0	59.93137152958303
28313.0	59.99197431781702
28388.0	59.97989680359177
28463.0	59.9653346172364
28538.0	60.0
28613.0	60.0
28688.0	59.99424736337488
28763.0	59.99532928538066
28838.0	59.98882681564246
28913.0	60.0
28988.0	59.99429115128449
29063.0	59.977782714952234
29138.0	60.0
29213.0	60.0
29288.0	59.89389920424403
29363.0	59.90225203641591
29438.0	59.96649292628444
29513.0	60.0
29588.0	59.995235826584086
29663.0	60.0
29738.0	60.0
29813.0	60.0
29877.0	56.70822942643392
