# Position (bp)	A	C	G	T	N
0.0	35.63724411182038	16.78956636583755	20.394012766894125	27.17917675544794	0.0
1.0	23.664374140302613	28.23658872077029	22.29436038514443	25.80467675378267	0.0
2.0	29.012988436455306	24.820518441387627	17.241190332657425	28.925302789499646	0.0
3.0	33.17654780135638	19.481513891927367	20.400350032815577	26.94158827390068	0.0
4.0	34.52498086804417	17.787252651142452	17.88564556685252	29.802120913960863	0.0
5.0	27.027322404371585	23.7103825136612	18.316939890710383	30.94535519125683	0.0
6.0	26.883776842795477	25.89475984918857	18.873285612808044	28.34817769520791	0.0
7.0	34.93936414290397	19.097563640336503	17.87938380858735	28.083688408172186	0.0
8.0	34.59500791960238	18.47178983013818	17.35758370200448	29.575618548254955	0.0
9.0	27.47324743393754	24.137366237169687	17.361869403799957	31.02751692509281	0.0
10.0	25.416052818246303	16.020079663883887	19.746821629290118	38.81704588857969	0.0
11.0	24.965930771327336	18.631779776505862	18.986099754701556	37.41618969746525	0.0
12.0	25.868831027345024	17.109706939753785	19.72437084649744	37.29709118640375	0.0
13.0	27.577572128470333	23.32063146434404	19.009254218835057	30.092542188350574	0.0
14.0	25.701697127937333	17.86335944299391	26.648172323759788	29.78677110530896	0.0
15.0	30.440928614146685	18.898493992279672	20.58935464578916	30.071222747784482	0.0
16.0	25.082902962761622	18.385430823593367	18.77684153302528	37.754824680619734	0.0
17.0	27.456521739130434	23.29891304347826	18.771739130434785	30.472826086956523	0.0
18.0	25.931558935361217	19.02227050516024	18.7343834872352	36.31178707224335	0.0
19.0	26.75100445216636	25.366489303941798	18.36247149527636	29.520034748615487	0.0
20.0	26.613865682977107	17.972225235977	19.030053162634264	36.383855918411626	0.0
21.0	26.677506775067748	17.929539295392953	20.168021680216803	35.22493224932249	0.0
22.0	27.55444793585437	17.84050276302958	24.95394950698884	29.651099794127205	0.0
23.0	27.235310046033035	18.147847278635258	18.229082047116165	36.387760628215545	0.0
24.0	34.49339683914267	16.085732842606625	18.19116691924659	31.229703399004116	0.0
25.0	27.541639627947223	17.704953493402552	22.45295262816353	32.3004542504867	0.0
26.0	34.08108108108108	16.518918918918917	17.96756756756757	31.432432432432435	0.0
27.0	27.149956784788245	18.604148660328434	15.427830596369924	38.8180639585134	0.0
28.0	26.832164058283865	22.752293577981654	15.968699406368053	34.44684295736643	0.0
29.0	28.73172573771376	15.865566164967362	16.372660085234937	39.03004801208394	0.0
30.0	28.414826070440114	17.447224181906982	22.14684973137244	31.99110001628046	0.0
31.0	29.719006467742815	15.239958693407251	17.240067394967117	37.80096744388282	0.0
32.0	27.05114254624592	17.611534276387378	17.491838955386292	37.84548422198041	0.0
33.0	28.804229343797687	23.980815347721823	16.88467407891868	30.330281229561805	0.0
34.0	27.542788618772484	16.73934372615284	19.55194592826774	36.165921726806936	0.0
35.0	26.087194354794597	24.194518899403754	17.499042721951753	32.219244023849896	0.0
36.0	27.452375738997155	15.546310488285528	17.779724107729365	39.22158966498795	0.0
37.0	34.770697496027616	17.719577009478932	17.905868171607032	29.60385732288642	0.0
38.0	33.38082972543432	19.192195977420944	16.742478215597085	30.684496081547653	0.0
39.0	35.76366030283081	17.82971253017336	15.772438007461048	30.63418915953478	0.0
40.0	26.617202528167077	23.91316295685628	19.208573784006592	30.261060730970048	0.0
41.0	26.606414636834565	16.42786288989309	27.84084646754106	29.12487600573129	0.0
42.0	35.33701657458563	17.204419889502763	17.85635359116022	29.60220994475138	0.0
43.0	34.944299728426536	18.42819930166824	17.292024607881174	29.335476362024053	0.0
44.0	29.232995658465992	24.179004786819547	16.130468663030168	30.457530891684293	0.0
45.0	31.874483897605284	16.739412528016988	18.237584050961424	33.148519523416304	0.0
46.0	30.395715560844987	17.774471883368044	19.012198750371915	32.81761380541505	0.0
47.0	31.204869606731517	17.38974756818046	18.756340633764992	32.64904219132303	0.0
48.0	26.870219885277248	19.24593690248566	18.49904397705545	35.384799235181646	0.0
49.0	28.442397415958848	18.154085416915898	19.54181122143797	33.861705945687284	0.0
50.0	28.138294685121934	21.115704955359817	18.694948768650008	32.051051590868234	0.0
51.0	29.3993993993994	18.966966966966968	18.324324324324323	33.30930930930931	0.0
52.0	29.49281030022261	17.742614764454608	20.11912640635341	32.64544852896938	0.0
53.0	30.343787696019298	20.018094089264174	19.638118214716528	30.0	0.0
54.0	28.132215336006805	23.09515129420343	17.863652934742984	30.908980435046786	0.0
55.0	29.507299270072995	18.649635036496353	18.686131386861312	33.15693430656934	0.0
56.0	27.96104686548996	19.01399878271455	19.847839318320144	33.17711503347535	0.0
57.0	30.605155707233834	17.734170272411482	19.16021695411055	32.50045706624413	0.0
58.0	30.686118910999877	18.880478574044684	18.95372970333293	31.47967281162251	0.0
59.0	27.803238619003974	20.12221203788573	20.378857317445767	31.695692025664528	0.0
60.0	29.144990513495316	17.914193035069463	19.61564355223698	33.325172899198236	0.0
61.0	30.10060115323273	17.75242301558091	20.75205496258128	31.39492086860508	0.0
62.0	28.8022113022113	19.33046683046683	20.915233415233413	30.95208845208845	0.0
63.0	32.372287453125956	18.05495789020717	19.241408987520746	30.331345669146124	0.0
64.0	27.36887413146406	18.74192953329644	21.724159134231076	32.165037201008424	0.0
65.0	30.11076923076923	18.83076923076923	19.803076923076922	31.255384615384614	0.0
66.0	29.11330049261084	17.746305418719214	20.88669950738916	32.25369458128079	0.0
67.0	28.830992855383098	18.39738851933974	19.875585119487557	32.8960335057896	0.0
68.0	26.54507363361883	19.92112884342843	20.056688643785815	33.47710887916692	0.0
69.0	27.75414586030454	20.313174280253993	20.596757289932803	31.33592256950866	0.0
70.0	27.43199062365061	20.43057183393992	19.59780396027389	32.539633582135586	0.0
71.0	29.099549466148243	18.94093686354379	19.58896500648028	32.370548663827684	0.0
72.0	27.968875440004943	19.38491940962144	21.509294139442968	31.13691101093065	0.0
73.0	28.539645262962733	18.818367220814537	20.684753723502876	31.957233792719858	0.0
74.0	29.368857019224826	18.248130061197998	21.308029919020832	31.074983000556344	0.0
75.0	29.3426504235978	18.4775214890854	22.039453342403068	30.140374744913736	0.0
76.0	29.612671699047148	19.756218289815617	18.66724415295137	31.96386585818587	0.0
77.0	27.856170318108674	19.544498081445724	19.21648718900854	33.382844411437055	0.0
78.0	29.17724261747044	19.284343465610103	19.049093047731073	32.48932086918839	0.0
79.0	28.847583643122675	19.80173482032218	18.28996282527881	33.06071871127633	0.0
80.0	29.593102592730432	17.460612827192655	21.219451680932885	31.726832899144025	0.0
81.0	26.717130979710863	18.14233418129925	19.65626357262518	35.48427126636471	0.0
82.0	29.755401042960024	17.662031288800595	20.18251800347653	32.400049664762854	0.0
83.0	29.77402532902905	18.20834368015893	22.00769803824187	30.00993295257015	0.0
84.0	28.051431765948198	17.61600099385055	20.883284676066836	33.44928256413442	0.0
85.0	29.46916956737941	17.69020387866733	20.698657384385875	32.14196916956738	0.0
86.0	30.35147744945568	17.412130637636082	21.29393468118196	30.942457231726284	0.0
87.0	31.85835200398307	17.836694050286283	21.035598705501616	29.26935524022903	0.0
88.0	32.424355621964885	18.27294234839995	17.033993276055288	32.26870875357988	0.0
89.0	31.43017246746778	17.769752817383726	17.95654068862462	32.843534026523876	0.0
90.0	29.866733092539544	17.013326690746045	19.448250093411385	33.67169012330303	0.0
91.0	29.133711154013824	19.486828174627888	17.213676278258703	34.165784393099585	0.0
92.0	29.0137686125475	17.3696342906984	19.157684879446762	34.45891221730733	0.0
93.0	32.09253024067839	17.919940142162364	18.287816435964587	31.69971318119466	0.0
94.0	29.44919219013162	16.823654170045536	19.36248518495415	34.36466845486869	0.0
95.0	30.291310585740128	17.347638949535277	20.51026136859834	31.850789096126253	0.0
96.0	29.9619392275535	17.27709490235228	19.610657016285018	33.15030885380919	0.0
97.0	30.28278918783944	17.853798614145703	19.745302453336663	32.1181097446782	0.0
98.0	31.70487911538702	19.385268944836636	18.74804772911851	30.161804210657838	0.0
99.0	30.109340830990316	18.837863167760073	20.19368947203999	30.859106529209622	0.0
100.0	32.16550511709676	16.45005336849375	18.817103032586175	32.56733848182332	0.0
101.0	32.211508161593244	18.636163105817104	18.957584924686458	30.194743807903198	0.0
102.0	31.674265450861196	17.565856129685915	19.541540020263422	31.21833839918946	0.0
103.0	29.996820349761528	19.465818759936408	19.344992050874403	31.192368839427665	0.0
104.0	27.552715654952074	18.77955271565495	20.00638977635783	33.66134185303514	0.0
105.0	29.638662473525446	18.285090815737114	19.510942814966945	32.56530389577049	0.0
106.0	30.67603273828704	18.734291422311014	18.431397821743893	32.158278017658056	0.0
107.0	30.62479766914859	18.646811265781807	18.90579475558433	31.822596309485267	0.0
108.0	32.73294752584693	18.98693022953378	16.64607581767345	31.634046426945833	0.0
109.0	28.93069436279313	17.453785355019924	20.804755372656608	32.81076490953034	0.0
110.0	27.084836952955843	18.64707040220458	19.998687750147628	34.26940489469195	0.0
111.0	30.492386790587307	18.19260431085624	19.596598773976666	31.718410124579787	0.0
112.0	28.412624892476675	18.90425461523192	20.214384966585058	32.46873552570634	0.0
113.0	29.392992487201646	18.675619972076323	17.99082507811981	33.940562462602216	0.0
114.0	30.82571256925439	16.82798211067352	19.731660102796873	32.61464521727522	0.0
115.0	26.525821596244132	19.879275653923543	18.886653252850437	34.70824949698189	0.0
116.0	29.680979943464802	18.421052631578945	18.481626060034998	33.41634136492125	0.0
117.0	29.384688282677857	18.939958031544034	19.684559669667635	31.990794016110474	0.0
118.0	29.949618736383442	16.79602396514161	21.241830065359476	32.01252723311547	0.0
119.0	25.82894646885896	19.96991864360429	23.64804813017023	30.553086757366515	0.0
120.0	27.15676861884515	20.113838979563845	20.943629131806336	31.785763269784667	0.0
121.0	30.44706206516498	18.536887786732795	18.647103396018462	32.368946752083765	0.0
122.0	27.024970602476312	17.873694404094902	21.311475409836063	33.78985958359272	0.0
123.0	29.929797734065477	17.661777994022383	19.232640578299854	33.17578369361229	0.0
124.0	31.202902595590288	17.366731789003627	20.080937761652244	31.349427853753838	0.0
125.0	28.469301934398654	18.46089150546678	18.97252593215587	34.09728062797869	0.0
126.0	30.664131276850483	18.71258539333756	18.550602155081343	32.07268117473062	0.0
127.0	29.56152758132956	17.545968882602548	21.265912305516267	31.626591230551625	0.0
128.0	29.78889757623143	18.75044423910726	20.07960764802047	31.381050536640842	0.0
129.0	31.221395881006863	18.506864988558352	18.278032036613272	31.99370709382151	0.0
130.0	30.14515665421098	18.432020695602187	18.618855993101466	32.80396665708537	0.0
131.0	30.418443304184432	19.397268193972682	19.592397195923972	30.59189130591891	0.0
132.0	29.873619988378852	17.627832655432886	21.462812318419523	31.03573503776874	0.0
133.0	29.230319421094947	19.464951392442075	19.5161172428916	31.788611943571375	0.0
134.0	26.77298449327552	20.129345189975748	19.70309399573749	33.39457632101124	0.0
135.0	29.31569612769731	16.937629323086018	20.85427135678392	32.89240319243275	0.0
136.0	28.054298642533936	18.181143832059938	19.976262888509755	33.788294636896374	0.0
137.0	29.475722371164732	16.4507000297885	19.526362823949956	34.54721477509681	0.0
138.0	29.433313397129186	18.682715311004785	18.832236842105264	33.051734449760765	0.0
139.0	29.841436837754564	18.629292853385437	19.25302472382956	32.27624558503043	0.0
140.0	29.070996978851966	18.768882175226587	20.2190332326284	31.94108761329305	0.0
141.0	29.906613013438616	18.87480069850429	19.163313339913447	32.055272948143646	0.0
142.0	31.66564978645516	17.533557046979865	18.380109823062842	32.42068334350214	0.0
143.0	31.964764458062046	20.605132133282268	19.45614707008809	27.973956338567596	0.0
144.0	30.690240889437923	18.48363187152563	17.557134033353922	33.26899320568252	0.0
145.0	29.66785658854571	18.84991463603911	18.539500232810802	32.94272854260438	0.0
146.0	29.1175782164313	19.14644612623859	18.43645158773504	33.29952406959507	0.0
147.0	29.165356806035835	18.98773970449544	18.55548569632191	33.29141779314681	0.0
148.0	28.438265265818785	18.500671459040998	19.851489059167392	33.20957421597283	0.0
149.0	28.906560636182903	18.94234592445328	18.974155069582505	33.17693836978131	0.0
150.0	27.573499959945526	18.19274212929584	19.93911719939117	34.29464071136746	0.0
151.0	29.492864629525116	18.737402241393212	20.07578811577844	31.69394501330323	0.0
152.0	29.940799610737166	19.02522098775444	17.443840726623954	33.59013867488444	0.0
153.0	29.544157220908424	18.894234689717035	20.256054798988828	31.305553290385713	0.0
154.0	30.338092893484326	17.53651731495158	19.809617593960283	32.315772197603806	0.0
155.0	29.454545454545457	20.694214876033058	18.14876033057851	31.702479338842977	0.0
156.0	31.431423105714046	17.549696415204192	19.304666056724614	31.714214422357152	0.0
157.0	30.59958071278826	19.664570230607968	19.270440251572328	30.465408805031448	0.0
158.0	27.92382878328278	21.452645770138187	18.62150320188743	32.00202224469161	0.0
159.0	32.20094883090478	16.35038969840732	19.832260250762452	31.61640121992545	0.0
160.0	27.665558680644338	18.844285349015596	21.42674507798517	32.0634108923549	0.0
161.0	28.96859447400034	17.144328127681483	20.937017333104514	32.95006006521366	0.0
162.0	30.495596615437748	18.114315316871007	19.97064410291832	31.419443964772924	0.0
163.0	28.556530807334667	18.214999565481882	18.762492395932913	34.46597723125054	0.0
164.0	28.345424351018266	18.24141246394546	19.9982519010576	33.41491128397867	0.0
165.0	28.576449912126538	16.87170474516696	20.307557117750438	34.244288224956065	0.0
166.0	27.150798552898614	19.641754169240272	20.294714550427955	32.91273272743316	0.0
167.0	28.603123890663827	17.811501597444092	20.908768193113243	32.676606318778845	0.0
168.0	29.60814067660448	18.3522270820316	19.521556725876998	32.51807551548692	0.0
169.0	27.755322015629208	18.593371059013744	20.461690469774542	33.1896164555825	0.0
170.0	28.1786941580756	17.74281063483451	19.18068366793272	34.89781153915717	0.0
171.0	30.749612897349486	17.4606066126241	18.052645960469988	33.73713452955643	0.0
172.0	29.07840440165062	20.018340210912424	17.524071526822556	33.3791838606144	0.0
173.0	29.302540415704385	17.274826789838336	19.28868360277136	34.133949191685915	0.0
174.0	30.373266312947965	19.259052406218004	18.086195662291722	32.281485618542305	0.0
175.0	28.038609314965797	17.767781838628057	20.29800393590104	33.89560491050511	0.0
176.0	28.038530550571352	16.800453300594956	18.925299839456038	36.23571630937766	0.0
177.0	27.6804418206056	19.243953532660445	20.19615311369263	32.879451533041326	0.0
178.0	27.14914799923416	19.921501053034653	20.036377560788818	32.89297338694237	0.0
179.0	28.54662937602469	17.87057575465329	21.75716076767287	31.825634101649147	0.0
180.0	30.03684312584836	16.92844677137871	19.652898972270698	33.38181113050223	0.0
181.0	29.343365253077973	18.53625170998632	18.40922415477819	33.71115888215751	0.0
182.0	30.234852970199327	17.959344779948687	19.962502466942965	31.843299782909018	0.0
183.0	28.72213375796178	20.18312101910828	20.83996815286624	30.254777070063692	0.0
184.0	31.302078104607972	19.63658267242245	18.472040959742998	30.58929826322658	0.0
185.0	29.00050735667174	20.2130898021309	19.37087772704211	31.41552511415525	0.0
186.0	29.43834069206284	19.088202074134923	20.145805524181128	31.32765170962111	0.0
187.0	30.510055981754096	21.345635496578893	17.375077752436244	30.76923076923077	0.0
188.0	29.508540291313007	18.54762653253694	19.37545845122079	32.568374724929264	0.0
189.0	29.441678143871176	18.836741180209767	19.663099904650917	32.058480771268144	0.0
190.0	31.023031601499735	18.86448848419925	17.707552222817355	32.404927691483664	0.0
191.0	28.79066248784178	19.39911380092943	19.010050794336973	32.80017291689182	0.0
192.0	32.18603637947936	19.126456812983335	17.68870493410304	30.998801873434267	0.0
193.0	30.50176056338028	17.96875	19.93838028169014	31.591109154929576	0.0
194.0	29.141206532607487	19.053438506832574	21.053216309298968	30.752138651260967	0.0
195.0	30.351939027123965	21.015467383994622	18.17978031831428	30.452813270567137	0.0
196.0	30.604376913482255	19.344596893071778	18.233359791359565	31.817666402086402	0.0
197.0	28.454910970706493	20.298678920160825	20.470993681792073	30.77541642734061	0.0
198.0	28.137866133396074	21.46806258087284	19.091871544524174	31.302199741206916	0.0
199.0	29.16357337292749	22.172729522395446	18.05246226181638	30.61123484286068	0.0
200.0	24.390947095286148	18.322041228196625	21.868242756234686	35.418768920282545	0.0
201.0	30.11106540518305	18.49033319621555	20.4648292883587	30.933772110242696	0.0
202.0	29.948186528497413	18.362694300518136	20.66321243523316	31.025906735751295	0.0
203.0	29.64740246192364	19.00688504068433	20.050073023158774	31.295639474233255	0.0
204.0	30.441207515305045	18.218281612835128	23.115896136795442	28.224614735064385	0.0
205.0	29.330204778156997	17.704778156996586	22.888225255972696	30.076791808873722	0.0
206.0	29.15319974143504	21.590174531351003	20.87912087912088	28.377504848093082	0.0
207.0	29.960920538428137	19.561441597915763	19.32262266608771	31.155015197568385	0.0
208.0	28.143450688825716	17.778263721845615	22.173627815438444	31.90465777389023	0.0
209.0	27.278746413595233	19.399691017435444	19.289340101522843	34.03222246744648	0.0
210.0	29.348795718108832	18.421052631578945	18.621766280107046	33.60838537020518	0.0
211.0	29.393187457703583	18.29460861718926	20.775998195353036	31.53620572975412	0.0
212.0	26.701690269529465	17.724988579259936	24.029237094563726	31.54408405664687	0.0
213.0	29.23396400553761	21.20443008767882	18.0433779418551	31.518227964928474	0.0
214.0	30.639887902849132	22.39607659971976	18.682858477347033	28.281177020084076	0.0
215.0	27.15466351829988	19.693034238488785	19.88193624557261	33.27036599763872	0.0
216.0	30.561529271206687	18.494623655913976	20.812425328554358	30.13142174432497	0.0
217.0	25.079056190707856	19.60593529554853	24.88445633665775	30.43055217708587	0.0
218.0	26.26693426994481	21.023582538886103	18.966382338183642	33.74310085298545	0.0
219.0	22.475928473177444	22.393397524071528	24.016506189821182	31.11416781292985	0.0
220.0	13.581278729628082	24.98955286251567	21.60468031759298	39.824488090263266	0.0
