#Position (bp)	insert size
38.0	15066.929824561403
113.0	0.0
188.0	0.0
263.0	0.0
338.0	393.45238095238096
413.0	0.0
488.0	0.0
563.0	0.0
638.0	370.3783783783784
713.0	351.0
788.0	0.0
863.0	0.0
938.0	371.3103448275862
1013.0	350.46153846153845
1088.0	0.0
1163.0	0.0
1238.0	394.0681818181818
1313.0	364.5
1388.0	0.0
1463.0	0.0
1538.0	387.625
1613.0	386.5
1688.0	0.0
1763.0	0.0
1838.0	391.15384615384613
1913.0	383.125
1988.0	0.0
2063.0	0.0
2138.0	0.0
2213.0	390.6046511627907
2288.0	0.0
2363.0	0.0
2438.0	0.0
2513.0	377.81081081081084
2588.0	0.0
2663.0	0.0
2738.0	0.0
2813.0	371.0
2888.0	356.7142857142857
2963.0	0.0
3038.0	0.0
3113.0	373.16
3188.0	369.84615384615387
3263.0	0.0
3338.0	0.0
3413.0	0.0
3488.0	391.6363636363636
3563.0	0.0
3638.0	0.0
3713.0	0.0
3788.0	391.6
3863.0	0.0
3938.0	0.0
4013.0	0.0
4088.0	0.0
4163.0	0.0
4238.0	0.0
4313.0	391.6923076923077
4388.0	0.0
4463.0	0.0
4538.0	0.0
4613.0	372.42857142857144
4688.0	359.6666666666667
4763.0	0.0
4838.0	0.0
4913.0	370.1063829787234
4988.0	354.375
5063.0	0.0
5138.0	0.0
5213.0	0.0
5288.0	368.3333333333333
5363.0	0.0
5438.0	0.0
5513.0	0.0
5588.0	380.97872340425533
5663.0	0.0
5738.0	0.0
5813.0	0.0
5888.0	380.3818181818182
5963.0	345.0
6038.0	0.0
6113.0	0.0
6188.0	361.35714285714283
6263.0	0.0
6338.0	0.0
6413.0	0.0
6488.0	378.24242424242425
6563.0	345.75
6638.0	0.0
6713.0	379.271186440678
6788.0	338.42857142857144
6863.0	0.0
6938.0	0.0
7013.0	363.22727272727275
7088.0	346.56410256410254
7163.0	0.0
7238.0	0.0
7313.0	374.6666666666667
7388.0	340.0
7463.0	0.0
7538.0	0.0
7613.0	379.6363636363636
7688.0	359.4166666666667
7763.0	0.0
7838.0	0.0
7913.0	382.9130434782609
7988.0	371.92857142857144
8063.0	0.0
8138.0	0.0
8213.0	395.1
8288.0	392.0
8363.0	0.0
8438.0	0.0
8513.0	0.0
8588.0	369.6896551724138
8663.0	353.5
8738.0	0.0
8813.0	0.0
8888.0	369.3076923076923
8963.0	342.5
9038.0	0.0
9113.0	0.0
9188.0	371.3333333333333
9263.0	356.5
9338.0	0.0
9413.0	0.0
9488.0	369.2888888888889
9563.0	0.0
9638.0	0.0
9713.0	0.0
9788.0	380.2916666666667
9863.0	0.0
9938.0	0.0
10013.0	0.0
10088.0	377.95454545454544
10163.0	0.0
10238.0	0.0
10313.0	0.0
10388.0	385.7083333333333
10463.0	0.0
10538.0	0.0
10613.0	0.0
10688.0	397.0
10763.0	0.0
10838.0	0.0
10913.0	0.0
10988.0	392.5
11063.0	0.0
11138.0	0.0
11213.0	0.0
11288.0	392.5
11363.0	0.0
11438.0	0.0
11513.0	0.0
11588.0	391.0
11663.0	0.0
11738.0	0.0
11813.0	0.0
11888.0	390.875
11963.0	0.0
12038.0	0.0
12113.0	0.0
12188.0	0.0
12263.0	0.0
12338.0	0.0
12413.0	378.9655172413793
12488.0	0.0
12563.0	0.0
12638.0	0.0
12713.0	379.2
12788.0	0.0
12863.0	0.0
12938.0	0.0
13013.0	373.2758620689655
13088.0	0.0
13163.0	0.0
13238.0	0.0
13313.0	375.375
13388.0	0.0
13463.0	0.0
13538.0	0.0
13613.0	377.7692307692308
13688.0	0.0
13763.0	0.0
13838.0	0.0
13913.0	377.55555555555554
13988.0	0.0
14063.0	0.0
14138.0	0.0
14213.0	378.46875
14288.0	351.0
14363.0	0.0
14438.0	0.0
14513.0	368.36842105263156
14588.0	363.54545454545456
14663.0	0.0
14738.0	0.0
14813.0	0.0
14888.0	368.6136363636364
14963.0	0.0
15038.0	0.0
15113.0	0.0
15188.0	377.5
15263.0	0.0
15338.0	0.0
15413.0	0.0
15488.0	390.92105263157896
15563.0	349.0
15638.0	0.0
15713.0	0.0
15788.0	0.0
15863.0	366.22
15938.0	0.0
16013.0	0.0
16088.0	372.83673469387753
16163.0	357.5238095238095
16238.0	0.0
16313.0	0.0
16388.0	401.38461538461536
16463.0	378.5833333333333
16538.0	0.0
16613.0	0.0
16688.0	0.0
16763.0	384.8292682926829
16838.0	0.0
16913.0	0.0
16988.0	0.0
17063.0	380.125
17138.0	0.0
17213.0	0.0
17288.0	0.0
17363.0	365.0217391304348
17438.0	343.6666666666667
17513.0	0.0
17588.0	0.0
17663.0	375.58620689655174
17738.0	345.29411764705884
17813.0	0.0
17888.0	0.0
17963.0	361.3469387755102
18038.0	338.5
18113.0	0.0
18188.0	0.0
18263.0	400.3137254901961
18338.0	360.90909090909093
18413.0	0.0
18488.0	0.0
18563.0	363.6216216216216
18638.0	361.2105263157895
18713.0	0.0
18788.0	0.0
18863.0	384.0
18938.0	392.85714285714283
19013.0	0.0
19088.0	0.0
19163.0	0.0
19238.0	383.40277777777777
19313.0	341.0
19388.0	0.0
19463.0	0.0
19538.0	368.3333333333333
19613.0	358.0
19688.0	0.0
19763.0	0.0
19838.0	394.46666666666664
19913.0	368.35
19988.0	0.0
20063.0	0.0
20138.0	375.40425531914894
20213.0	375.77777777777777
20288.0	0.0
20363.0	0.0
20438.0	399.6296296296296
20513.0	388.4117647058824
20588.0	0.0
20663.0	0.0
20738.0	0.0
20813.0	368.2121212121212
20888.0	0.0
20963.0	0.0
21038.0	0.0
21113.0	374.4193548387097
21188.0	0.0
21263.0	0.0
21338.0	378.3076923076923
21413.0	365.0
21488.0	0.0
21563.0	0.0
21638.0	373.77777777777777
21713.0	363.0
21788.0	0.0
21863.0	0.0
21938.0	375.43243243243245
22013.0	362.4
22088.0	0.0
22163.0	0.0
22238.0	377.3333333333333
22313.0	360.5357142857143
22388.0	0.0
22463.0	0.0
22538.0	366.42105263157896
22613.0	0.0
22688.0	0.0
22763.0	394.95238095238096
22838.0	380.92105263157896
22913.0	0.0
22988.0	0.0
23063.0	0.0
23138.0	381.425
23213.0	0.0
23288.0	0.0
23363.0	0.0
23438.0	392.85185185185185
23513.0	358.22222222222223
23588.0	0.0
23663.0	0.0
23738.0	0.0
23813.0	370.0
23888.0	0.0
23963.0	0.0
24038.0	0.0
24113.0	373.5
24188.0	0.0
24263.0	0.0
24338.0	0.0
24413.0	379.1818181818182
24488.0	0.0
24563.0	0.0
24638.0	0.0
24713.0	361.0
24788.0	0.0
24863.0	0.0
24938.0	0.0
25013.0	376.65
25088.0	0.0
25163.0	0.0
25238.0	0.0
25313.0	378.3225806451613
25388.0	0.0
25463.0	0.0
25538.0	0.0
25613.0	380.5833333333333
25688.0	0.0
25763.0	0.0
25838.0	0.0
25913.0	399.6578947368421
25988.0	355.0
26063.0	0.0
26138.0	0.0
26213.0	377.4
26288.0	0.0
26363.0	0.0
26438.0	0.0
26513.0	374.25454545454545
26588.0	358.8
26663.0	0.0
26738.0	0.0
26813.0	371.24
26888.0	352.38461538461536
26963.0	0.0
27038.0	0.0
27113.0	377.72
27188.0	358.0
27263.0	0.0
27338.0	0.0
27413.0	386.0
27488.0	379.56666666666666
27563.0	0.0
27638.0	0.0
27713.0	0.0
27788.0	381.2631578947368
27863.0	0.0
27938.0	0.0
28013.0	0.0
28088.0	379.8235294117647
28163.0	0.0
28238.0	0.0
28313.0	0.0
28388.0	381.64285714285717
28463.0	0.0
28538.0	0.0
28613.0	0.0
28688.0	383.46153846153845
28763.0	0.0
28838.0	0.0
28913.0	0.0
28988.0	379.64864864864865
29063.0	0.0
29138.0	0.0
29213.0	0.0
29288.0	390.0740740740741
29363.0	363.125
29438.0	0.0
29513.0	376.17391304347825
29588.0	0.0
29663.0	0.0
29738.0	0.0
29813.0	0.0
29877.0	0.0
