#Position (bp)	mapping quality
38.0	59.99871585664698
113.0	59.998344028958066
188.0	59.989891155218146
263.0	59.9523213594711
338.0	59.9980663578779
413.0	59.996000434464825
488.0	59.99674774808308
563.0	59.99730612341774
638.0	59.99620343587882
713.0	59.994641717433105
788.0	59.99921772688097
863.0	59.99792816015804
938.0	59.99840354767184
1013.0	59.99873461209352
1088.0	59.999070098064415
1163.0	59.998780294658964
1238.0	59.997707837607734
1313.0	59.997963043794556
1388.0	59.998912684843575
1463.0	59.99951956835064
1538.0	59.996853472226874
1613.0	59.997717778056845
1688.0	59.998291007206646
1763.0	59.998914791331664
1838.0	59.998898060060974
1913.0	59.8708284033769
1988.0	59.98773194162336
2063.0	59.999130876544626
2138.0	59.998078173303725
2213.0	59.99806746847094
2288.0	59.99832113964991
2363.0	59.99942644715879
2438.0	59.998992844399254
2513.0	59.99908807486905
2588.0	59.999032985425046
2663.0	59.99853416658624
2738.0	59.99833464403016
2813.0	59.998436746820204
2888.0	59.99809116476599
2963.0	59.99945409762554
3038.0	59.94963730957417
3113.0	59.99829185924551
3188.0	59.99868784270333
3263.0	59.99897062338396
3338.0	59.99758006059979
3413.0	59.99672560770879
3488.0	59.99873871427043
3563.0	59.99873180316156
3638.0	59.99884143661859
3713.0	59.99842189705508
3788.0	59.99812984237243
3863.0	59.998600604998714
3938.0	59.998961338125575
4013.0	59.99893995929444
4088.0	59.99830621800428
4163.0	59.99715248986286
4238.0	59.99864216930181
4313.0	59.998546449539845
4388.0	59.99752511029153
4463.0	59.998794187273354
4538.0	59.99810742069701
4613.0	59.998911285964056
4688.0	59.99746330362814
4763.0	59.99900276575358
4838.0	59.998708916295136
4913.0	59.99963793139199
4988.0	59.99906269261921
5063.0	59.99956677449168
5138.0	59.99885510749269
5213.0	59.99838401234637
5288.0	59.99691320905993
5363.0	59.997892502177805
5438.0	59.999024581222436
5513.0	59.999007325553606
5588.0	59.9990588105135
5663.0	59.99930477169813
5738.0	59.98696650871727
5813.0	59.997516973659806
5888.0	59.99874692324905
5963.0	59.99820801749461
6038.0	59.99939057303547
6113.0	60.0
6188.0	59.97305831275665
6263.0	59.99866872206784
6338.0	59.99847807674406
6413.0	59.99791656433373
6488.0	59.99823587876077
6563.0	59.998194331670724
6638.0	59.999688499250745
6713.0	59.99836956757719
6788.0	59.999268581262776
6863.0	59.99868005217086
6938.0	60.0
7013.0	59.999849774661996
7088.0	59.9989038035947
7163.0	59.99846362993035
7238.0	59.99877143640406
7313.0	59.99872762606116
7388.0	59.99853470411532
7463.0	59.99644440137425
7538.0	59.99886383066802
7613.0	59.99844318743257
7688.0	59.998892296773214
7763.0	59.99931355099658
7838.0	59.99696748417464
7913.0	59.997970336494085
7988.0	59.998275641048465
8063.0	59.999220082557116
8138.0	59.99833640500383
8213.0	59.99801729275598
8288.0	59.99868570734347
8363.0	59.99131936040789
8438.0	59.997844951110196
8513.0	59.99788257005488
8588.0	59.99939045419183
8663.0	59.99885512095298
8738.0	59.9990981555071
8813.0	59.998230903169265
8888.0	59.99905957207256
8963.0	59.99816252563948
9038.0	59.998572731331514
9113.0	59.99876189259465
9188.0	59.99896305654406
9263.0	59.99906010958722
9338.0	59.99939567532761
9413.0	59.99933486783365
9488.0	59.99905617171406
9563.0	59.998040779225626
9638.0	59.998913623181735
9713.0	59.99860346267801
9788.0	59.99827284840884
9863.0	59.99851273249945
9938.0	59.99940174520417
10013.0	59.9988482926418
10088.0	59.99899183121241
10163.0	59.99728715464454
10238.0	59.998681390266455
10313.0	59.99778938519407
10388.0	59.99876869422192
10463.0	59.99860004278399
10538.0	59.99873211199892
10613.0	59.998100554949374
10688.0	59.99859514571174
10763.0	59.99776770353371
10838.0	59.99898434473702
10913.0	59.99872015939833
10988.0	59.998567066327894
11063.0	59.99365909247579
11138.0	59.99794171476186
11213.0	59.998704141008034
11288.0	59.99790107427982
11363.0	59.998715944019835
11438.0	59.99930043007118
11513.0	59.99768195246647
11588.0	59.9966120375743
11663.0	59.998795480552126
11738.0	59.99911834120441
11813.0	59.999436481377124
11888.0	59.99781076755132
11963.0	59.99902649936878
12038.0	59.99759249675913
12113.0	59.99823076504197
12188.0	59.999342871832624
12263.0	59.99792827536281
12338.0	59.99862604231273
12413.0	59.998705535503845
12488.0	59.99841933482166
12563.0	59.999096261414216
12638.0	59.998877611071
12713.0	59.99771995123408
12788.0	59.99880931823932
12863.0	59.99871178100045
12938.0	59.99846673818198
13013.0	59.99728507731319
13088.0	59.9985976846743
13163.0	59.99756064656254
13238.0	59.99893299369869
13313.0	59.99746201542028
13388.0	59.99309834866821
13463.0	59.99901727149491
13538.0	59.99944851837089
13613.0	59.99819143479864
13688.0	59.99767765335297
13763.0	59.9950901831308
13838.0	59.99885866769547
13913.0	59.9975175861211
13988.0	59.99618573013095
14063.0	59.99840869259049
14138.0	59.99881521088342
14213.0	59.99581014313818
14288.0	59.99917874686433
14363.0	59.9831835385473
14438.0	59.94378620904098
14513.0	59.99952965626623
14588.0	59.99801883528369
14663.0	59.998673826853455
14738.0	59.999335811931
14813.0	59.99903572801778
14888.0	59.99209107381848
14963.0	59.99935348752504
15038.0	59.997914225345106
15113.0	59.99862234539654
15188.0	59.99928020302622
15263.0	59.99882835627398
15338.0	59.99824033179466
15413.0	59.998833307034076
15488.0	59.99859781806811
15563.0	59.998223449518235
15638.0	59.99828053553146
15713.0	59.99765073647439
15788.0	59.99779511825401
15863.0	59.99847076013436
15938.0	59.99916783616246
16013.0	59.99912938407289
16088.0	59.999434229492074
16163.0	59.998963885615964
16238.0	59.99910919590669
16313.0	59.99947669550656
16388.0	59.99970654302346
16463.0	59.99890325222274
16538.0	59.998817687396546
16613.0	60.0
16688.0	59.99623368533889
16763.0	59.99930730432086
16838.0	59.99809581234798
16913.0	59.998342226681345
16988.0	59.99947113655774
17063.0	59.99771040804449
17138.0	59.99803160443601
17213.0	59.99940704625361
17288.0	59.9990648558556
17363.0	59.9987693184093
17438.0	59.997471240583025
17513.0	59.99855460491435
17588.0	59.999270912201006
17663.0	59.998940049826345
17738.0	59.998169537648515
17813.0	59.998790709020895
17888.0	59.99926842164989
17963.0	59.99905933220838
18038.0	59.998081108399106
18113.0	59.998939099504916
18188.0	59.998585347305415
18263.0	59.99950689085467
18338.0	59.99914421427367
18413.0	59.99923974907084
18488.0	59.99840057233574
18563.0	59.99800941542273
18638.0	59.99714554317631
18713.0	59.9975484053739
18788.0	59.99910272163278
18863.0	59.90051320769545
18938.0	59.998711270891874
19013.0	59.99800734025333
19088.0	59.99902428557003
19163.0	59.999070110376245
19238.0	59.99903756543826
19313.0	59.994701190084065
19388.0	60.0
19463.0	60.0
19538.0	59.99747048903878
19613.0	59.999563730280606
19688.0	59.996116516997276
19763.0	59.99716244030134
19838.0	59.998552105956676
19913.0	59.996859480920705
19988.0	59.9951274110479
20063.0	59.99567976734786
20138.0	59.998885412592884
20213.0	59.999194265750496
20288.0	59.99929394990472
20363.0	59.999984891292854
20438.0	59.999011789895555
20513.0	59.99918597878293
20588.0	59.99951359031723
20663.0	59.997924291909264
20738.0	59.999059213004195
20813.0	59.99893755753298
20888.0	59.99903406512975
20963.0	59.99902851721324
21038.0	59.999062356173155
21113.0	59.99885371505839
21188.0	59.996018435848555
21263.0	60.0
21338.0	60.0
21413.0	60.0
21488.0	60.0
21563.0	59.99819196197954
21638.0	59.99812493951418
21713.0	59.99747813225149
21788.0	59.99908030670315
21863.0	59.99557795250094
21938.0	59.99961762321366
22013.0	59.99763541087951
22088.0	59.99782272318616
22163.0	59.99846953351381
22238.0	59.995921968748995
22313.0	59.99647636635671
22388.0	59.99545548440405
22463.0	59.962255402021704
22538.0	59.99648887623202
22613.0	59.99588386853516
22688.0	59.99937626250787
22763.0	59.9999823093389
22838.0	59.996963602763145
22913.0	59.99827751381376
22988.0	59.999041633340745
23063.0	59.99888138060882
23138.0	59.99763602317902
23213.0	59.996346610739366
23288.0	59.99902516804516
23363.0	59.97030101805664
23438.0	59.953859434764134
23513.0	59.99355990547284
23588.0	59.99780527432132
23663.0	59.99847138416529
23738.0	59.999669433112956
23813.0	59.99825006259289
23888.0	59.9987766617499
23963.0	59.997298794846934
24038.0	59.998724499066086
24113.0	59.99718997019455
24188.0	59.99721095404701
24263.0	59.998369810273665
24338.0	59.99912449276889
24413.0	59.99901736361356
24488.0	59.99904031714901
24563.0	59.99851387930577
24638.0	59.998424979089656
24713.0	59.995650256837656
24788.0	59.99881754385521
24863.0	59.998212888711436
24938.0	59.998671243098045
25013.0	59.998459880311515
25088.0	59.9992969165584
25163.0	59.99945155314721
25238.0	59.99857425086001
25313.0	59.998599451839574
25388.0	59.99937297680014
25463.0	59.99807957930472
25538.0	59.969795832058935
25613.0	59.99672631494648
25688.0	59.99567455404802
25763.0	59.99798039714148
25838.0	59.99937741797532
25913.0	59.999417496293155
25988.0	59.99777354913408
26063.0	59.999537478034505
26138.0	59.99717577149325
26213.0	59.998868521986736
26288.0	59.998521163776836
26363.0	59.99924226443115
26438.0	59.99863060237815
26513.0	59.99922142070406
26588.0	59.997684604671484
26663.0	59.9983238885785
26738.0	59.97188435165184
26813.0	59.99580493380072
26888.0	59.997525577207455
26963.0	59.998474773571395
27038.0	59.99388564964518
27113.0	59.99810741956029
27188.0	59.99831547148638
27263.0	59.99938629507823
27338.0	59.998992005063414
27413.0	59.998507651987765
27488.0	59.998661050817844
27563.0	59.99347851403284
27638.0	59.999897425376965
27713.0	60.0
27788.0	60.0
27863.0	59.999800760176555
27938.0	59.99947736530628
28013.0	59.99875997136429
28088.0	59.9925704887423
28163.0	59.99854237387621
28238.0	59.997973799682406
28313.0	59.99871202758082
28388.0	59.99722116213657
28463.0	59.99840854797255
28538.0	59.99903268393972
28613.0	59.997882476207394
28688.0	59.99658939553034
28763.0	59.99772712098544
28838.0	59.94966383594881
28913.0	59.99924121381114
28988.0	59.997600261069216
29063.0	59.99750697719263
29138.0	59.99864302157909
29213.0	59.997720424612176
29288.0	59.99795528574485
29363.0	59.99851572897947
29438.0	60.0
29513.0	59.9973983358725
29588.0	59.99637010010291
29663.0	59.99989076410508
29738.0	59.998492727409754
29813.0	59.99986514278008
29877.0	60.0
