#Position (bp)	mapping quality
38.0	60.0
113.0	59.99678007942471
188.0	59.9982024626262
263.0	60.0
338.0	59.99817911444266
413.0	59.997129255280974
488.0	59.66290716269674
563.0	60.0
638.0	59.99554565701559
713.0	59.93482339774186
788.0	60.0
863.0	59.99823586486725
938.0	59.99815702174714
1013.0	59.98107944208611
1088.0	60.0
1163.0	59.99255744720439
1238.0	60.0
1313.0	60.0
1388.0	60.0
1463.0	60.0
1538.0	59.99460237495502
1613.0	60.0
1688.0	59.998498423344515
1763.0	59.99360153563145
1838.0	59.99497655726725
1913.0	59.98811449701212
1988.0	59.99716687128152
2063.0	59.99543378995434
2138.0	59.995499662474685
2213.0	60.0
2288.0	60.0
2363.0	60.0
2438.0	59.99637111406798
2513.0	60.0
2588.0	60.0
2663.0	60.0
2738.0	60.0
2813.0	59.990208877284594
2888.0	60.0
2963.0	59.98886992654152
3038.0	59.998076861437866
3113.0	59.997629676450835
3188.0	60.0
3263.0	60.0
3338.0	60.0
3413.0	60.0
3488.0	59.9970695970696
3563.0	59.98868422706985
3638.0	60.0
3713.0	60.0
3788.0	60.0
3863.0	60.0
3938.0	60.0
4013.0	60.0
4088.0	59.99644802273266
4163.0	59.997418688693855
4238.0	59.99721642310369
4313.0	59.997763363900695
4388.0	60.0
4463.0	60.0
4538.0	59.908779931584945
4613.0	59.997794198742696
4688.0	60.0
4763.0	59.998035492109224
4838.0	59.987366141258576
4913.0	59.9886524822695
4988.0	60.0
5063.0	60.0
5138.0	59.99344584630509
5213.0	60.0
5288.0	60.0
5363.0	60.0
5438.0	60.0
5513.0	60.0
5588.0	59.99604443418927
5663.0	59.99874434957308
5738.0	60.0
5813.0	59.98330272165637
5888.0	59.99261556638606
5963.0	60.0
6038.0	59.86067033052094
6113.0	59.99782829014044
6188.0	60.0
6263.0	59.998777406471596
6338.0	59.99870418763363
6413.0	59.99678508278412
6488.0	59.99829806546775
6563.0	60.0
6638.0	60.0
6713.0	59.99764562773451
6788.0	60.0
6863.0	59.998014691284496
6938.0	59.99133281972265
7013.0	60.0
7088.0	60.0
7163.0	60.0
7238.0	60.0
7313.0	59.99418604651163
7388.0	59.99745244565217
7463.0	59.97413179848671
7538.0	60.0
7613.0	59.99584760718364
7688.0	60.0
7763.0	60.0
7838.0	60.0
7913.0	60.0
7988.0	59.998496805712136
8063.0	60.0
8138.0	60.0
8213.0	59.99418604651163
8288.0	60.0
8363.0	59.98972954467648
8438.0	60.0
8513.0	59.99593082400814
8588.0	59.997494676186896
8663.0	60.0
8738.0	59.944792050055206
8813.0	59.97427101200686
8888.0	60.0
8963.0	59.998431782540514
9038.0	59.99361837906828
9113.0	59.963844531485385
9188.0	60.0
9263.0	60.0
9338.0	59.99641502106175
9413.0	59.99106797272754
9488.0	59.99867259573903
9563.0	59.995531391971404
9638.0	59.95209023006671
9713.0	59.986568667686456
9788.0	60.0
9863.0	59.995946904448274
9938.0	60.0
10013.0	59.99669084190497
10088.0	60.0
10163.0	60.0
10238.0	60.0
10313.0	60.0
10388.0	60.0
10463.0	59.998400383907864
10538.0	59.95357063895644
10613.0	59.9982421703337
10688.0	59.972867048537836
10763.0	60.0
10838.0	60.0
10913.0	60.0
10988.0	59.99438937722087
11063.0	59.94533333333333
11138.0	59.9745940572186
11213.0	59.997737556561084
11288.0	60.0
11363.0	60.0
11438.0	59.99543888100548
11513.0	59.99832172526643
11588.0	59.984605022611376
11663.0	59.98994334752439
11738.0	59.978743191178424
11813.0	60.0
11888.0	59.99773789775298
11963.0	60.0
12038.0	59.986553460361336
12113.0	59.99348619072433
12188.0	60.0
12263.0	59.998412950325346
12338.0	60.0
12413.0	60.0
12488.0	59.998672008145014
12563.0	59.998859944137266
12638.0	60.0
12713.0	60.0
12788.0	59.97520195378546
12863.0	60.0
12938.0	59.98546887109274
13013.0	60.0
13088.0	59.996316476095465
13163.0	59.9821902673109
13238.0	60.0
13313.0	59.99796261396628
13388.0	59.992055084745765
13463.0	60.0
13538.0	60.0
13613.0	59.99503722084367
13688.0	60.0
13763.0	59.996037053549315
13838.0	60.0
13913.0	59.9988263599554
13988.0	59.99868094180755
14063.0	59.995574976492065
14138.0	60.0
14213.0	59.99877493517365
14288.0	60.0
14363.0	60.0
14438.0	59.95899649312112
14513.0	59.99133548983364
14588.0	59.97785532143337
14663.0	60.0
14738.0	59.998395807710814
14813.0	59.993989933138
14888.0	59.97859606008958
14963.0	59.99772166318587
15038.0	60.0
15113.0	60.0
15188.0	60.0
15263.0	59.99637797810689
15338.0	59.998953226678765
15413.0	60.0
15488.0	60.0
15563.0	59.99517801173351
15638.0	60.0
15713.0	59.995940734727014
15788.0	59.998501648186995
15863.0	59.99449204406365
15938.0	59.99611424130561
16013.0	59.99818982682677
16088.0	59.9972498195194
16163.0	59.9975720297831
16238.0	60.0
16313.0	60.0
16388.0	59.99782127165111
16463.0	59.99802981545938
16538.0	60.0
16613.0	59.90461826926996
16688.0	60.0
16763.0	59.99791013584117
16838.0	59.99767576990122
16913.0	59.9889705882353
16988.0	59.999010929231986
17063.0	59.999038923594426
17138.0	60.0
17213.0	59.94547782627253
17288.0	60.0
17363.0	59.97081238851954
17438.0	59.980540240003705
17513.0	59.99385548091103
17588.0	60.0
17663.0	59.99720748394303
17738.0	59.99646934212075
17813.0	59.996604702487055
17888.0	60.0
17963.0	59.993718592964825
18038.0	59.99836965382316
18113.0	59.998463508322665
18188.0	60.0
18263.0	59.997674238313046
18338.0	60.0
18413.0	59.99217439910564
18488.0	60.0
18563.0	59.9956669314653
18638.0	59.99754022752895
18713.0	59.97779065276168
18788.0	59.9883310394351
18863.0	59.997987286358835
18938.0	59.99863356866317
19013.0	60.0
19088.0	60.0
19163.0	59.982848567140714
19238.0	59.92763182691945
19313.0	60.0
19388.0	60.0
19463.0	60.0
19538.0	60.0
19613.0	60.0
19688.0	59.998020324666754
19763.0	60.0
19838.0	60.0
19913.0	59.993860950529495
19988.0	60.0
20063.0	60.0
20138.0	60.0
20213.0	59.99300454704442
20288.0	60.0
20363.0	60.0
20438.0	59.9950314673733
20513.0	60.0
20588.0	60.0
20663.0	59.99645965481634
20738.0	59.99835503769705
20813.0	59.99670537846965
20888.0	60.0
20963.0	60.0
21038.0	59.995575873764935
21113.0	59.9979298923544
21188.0	60.0
21263.0	60.0
21338.0	60.0
21413.0	60.0
21488.0	59.997027937388545
21563.0	60.0
21638.0	59.99598742727212
21713.0	60.0
21788.0	60.0
21863.0	60.0
21938.0	60.0
22013.0	60.0
22088.0	59.989672088820036
22163.0	60.0
22238.0	60.0
22313.0	60.0
22388.0	60.0
22463.0	60.0
22538.0	60.0
22613.0	60.0
22688.0	60.0
22763.0	59.96186693147964
22838.0	59.99810156620788
22913.0	60.0
22988.0	59.99652052887961
23063.0	59.9965809043508
23138.0	59.99829931972789
23213.0	59.99645127901819
23288.0	59.96703509792515
23363.0	59.98483364403299
23438.0	59.98611218270195
23513.0	60.0
23588.0	59.93827347272232
23663.0	60.0
23738.0	59.998352508306105
23813.0	59.99400898652022
23888.0	59.98821938129936
23963.0	59.99305126621371
24038.0	59.92332110318671
24113.0	59.984889504501666
24188.0	60.0
24263.0	60.0
24338.0	59.98487413116289
24413.0	60.0
24488.0	59.99343784177908
24563.0	60.0
24638.0	60.0
24713.0	59.998648496452304
24788.0	59.99791973649996
24863.0	59.99884040044838
24938.0	59.99877725697983
25013.0	60.0
25088.0	60.0
25163.0	60.0
25238.0	59.996289998454166
25313.0	59.99813456037806
25388.0	59.990182710662665
25463.0	59.9793550001564
25538.0	59.96551847993966
25613.0	60.0
25688.0	59.99614767255217
25763.0	59.99192136798169
25838.0	59.99724694870148
25913.0	60.0
25988.0	60.0
26063.0	60.0
26138.0	59.98819013876587
26213.0	60.0
26288.0	59.983231323886976
26363.0	60.0
26438.0	59.99569120287253
26513.0	60.0
26588.0	59.86604189636163
26663.0	59.99563329370952
26738.0	59.98934501435463
26813.0	59.70188713647552
26888.0	60.0
26963.0	59.994121681199175
27038.0	59.98050863189159
27113.0	59.989405710826354
27188.0	59.980845096116575
27263.0	59.970286522815705
27338.0	59.99887657279808
27413.0	59.998923708899135
27488.0	60.0
27563.0	60.0
27638.0	60.0
27713.0	60.0
27788.0	60.0
27863.0	60.0
27938.0	59.99566082082806
28013.0	59.99506883090199
28088.0	60.0
28163.0	60.0
28238.0	59.99169665098256
28313.0	59.99864345466878
28388.0	60.0
28463.0	60.0
28538.0	60.0
28613.0	60.0
28688.0	59.99671070664986
28763.0	59.9907242791992
28838.0	60.0
28913.0	60.0
28988.0	59.98453608247423
29063.0	59.88075012021157
29138.0	59.98487394957983
29213.0	59.99804445603285
29288.0	59.99817501596861
29363.0	60.0
29438.0	60.0
29513.0	59.9950511382382
29588.0	59.997144352957974
29663.0	59.99680579216354
29738.0	60.0
29813.0	60.0
29877.0	60.0
