# Position (bp)	A	C	G	T	N
0.0	25.64473575727595	24.841289471514553	24.83964053095886	24.67433424025064	0.0
1.0	25.54415038337868	20.85827355923819	14.99505317833292	38.60252287905021	0.0
2.0	27.559006467026403	19.521357663632244	18.72595460724142	34.19368126209993	0.0
3.0	23.23710559251696	23.03866675449575	15.709192411567091	38.0150352414202	0.0
4.0	33.327297121550096	14.265900616516722	14.619430565730232	37.787371696202946	0.0
5.0	34.76200076528408	15.761560521216062	23.006249819993663	26.470188893506197	0.0
6.0	32.24150272751956	17.979002624671917	20.843103859666446	28.93639078814208	0.0
7.0	34.22777103601472	17.6461877043954	20.029618050556365	28.096423209033507	0.0
8.0	23.44523193490932	26.190113818195282	22.069705931955887	28.29494831493951	0.0
9.0	29.579556111284777	18.746401013474607	15.904641253023149	35.769401622217465	0.0
10.0	27.093675071663874	16.92912576239261	24.36530686945042	31.6118922964931	0.0
11.0	28.169234185700304	18.473388549386016	20.11177549492939	33.24560176998429	0.0
12.0	26.36729994242948	20.106916687227567	21.216382926227485	32.30940044411547	0.0
13.0	26.96604726326221	21.220357661262135	18.350185656541566	33.463409418934084	0.0
14.0	30.388303208723254	18.44358008650889	20.254757166587176	30.91335953818068	0.0
15.0	29.827619521380033	18.860718382180636	18.92033004304373	32.39133205339561	0.0
16.0	29.74745980073	17.284864029463023	18.83159054289566	34.13608562691132	0.0
17.0	30.236667666651602	18.15712365978047	20.19216148797758	31.414047185590356	0.0
18.0	31.29961051126559	17.494535653831615	18.90869200808559	32.2971618268172	0.0
19.0	29.88092157418475	18.321400845337703	19.70441933350585	32.09325824697169	0.0
20.0	30.6260318190405	17.93455495232072	19.46883393154882	31.970579297089962	0.0
21.0	30.11915613477536	17.751472001182528	19.8882346661411	32.24113719790102	0.0
22.0	28.70409906063194	18.506536162385864	19.659807528082506	33.129557248899694	0.0
23.0	29.48623740224553	17.700691721915472	20.430222295203105	32.382848580635894	0.0
24.0	30.751359671626478	18.433658286300666	18.61836839404823	32.19661364802463	0.0
25.0	29.40449756405889	17.714032416281196	19.33730909568508	33.54416092397483	0.0
26.0	31.078269220508993	17.760066322196185	20.13510685014713	31.02655760714769	0.0
27.0	29.099960191572926	18.350453692949806	19.58246295148707	32.967123163990195	0.0
28.0	29.670180852679138	17.81893392536903	20.042761173511053	32.46812404844078	0.0
29.0	29.3272545221759	17.97667509274154	20.126144906601883	32.569925478480684	0.0
30.0	30.035786691618853	18.080076826475587	19.505798921474476	32.37833756043108	0.0
31.0	29.827383834984527	18.25028112713513	19.69941968792836	32.22291534995198	0.0
32.0	30.029057598069393	18.23405320659624	19.62619123839543	32.110697956938935	0.0
33.0	30.620236174902416	18.145735594110814	19.730085825811774	31.503942405174996	0.0
34.0	29.976931665188978	18.003152398778447	19.865037927297806	32.15487800873477	0.0
35.0	29.703246675944055	18.445585645496976	19.886865104288535	31.96430257427043	0.0
36.0	30.269018715951866	17.65843285205818	19.26195353648974	32.81059489550021	0.0
37.0	28.716822333983373	19.36323514317972	19.11279893256697	32.80714359026994	0.0
38.0	29.814174624941494	18.192082508765736	19.736247854755668	32.2574950115371	0.0
39.0	28.878068007324625	18.931935195145382	20.05403141705192	32.13596538047807	0.0
40.0	30.38908141310953	18.329856948117005	19.647872288008937	31.63318935076453	0.0
41.0	29.863996977710617	17.963321890244906	20.817250045170084	31.355431086874397	0.0
42.0	30.177235358371867	18.953013740257393	19.61292389063642	31.256827010734316	0.0
43.0	30.010636244543278	18.554702739551633	19.48773546551023	31.946925550394855	0.0
44.0	29.272980398437788	18.56542683602942	20.78430889400865	31.377283871524142	0.0
45.0	29.496899256642983	19.534683149205307	19.63407121442359	31.334346379728125	0.0
46.0	30.12481671780086	18.04852203698912	19.246581812655815	32.58007943255421	0.0
47.0	29.929066944867728	18.09963486111168	20.17094578775943	31.80035240626117	0.0
48.0	30.48812545695016	18.440660144088195	19.49832006637586	31.572894332585783	0.0
49.0	29.27063694502976	18.628598655215043	19.300991131977046	32.79977326777815	0.0
50.0	29.71846143735007	18.386678058558704	20.062189872169828	31.832670631921395	0.0
51.0	30.006983240223462	18.963604995070654	19.410121590535656	31.619290174170228	0.0
52.0	29.828453120378583	18.71857438627625	19.188520818955602	32.26445167438956	0.0
53.0	31.108061918690638	18.309396259900744	19.660581062871792	30.921960758536827	0.0
54.0	30.476526969232605	18.246804734457104	19.798526747381956	31.478141548928342	0.0
55.0	29.627453477908936	18.0767445013744	18.827836419740404	33.46796560097626	0.0
56.0	29.409541183382842	18.505096821112055	20.343732409701424	31.741629585803675	0.0
57.0	28.738484801170216	18.35405589750754	19.655345271064288	33.25211403025796	0.0
58.0	29.7668895180411	18.070274201700354	19.180969834936576	32.98186644532197	0.0
59.0	29.6632667318709	17.67870205228941	20.578372469569075	32.07965874627062	0.0
60.0	29.73349497606181	18.470421435469618	19.949863357100295	31.846220231368278	0.0
61.0	30.238607969489745	17.799842188321936	19.428508022093634	32.53304182009469	0.0
62.0	29.108274495943714	18.31657940376285	19.850735227637	32.724410872656435	0.0
63.0	29.263370747726157	18.232221313463015	19.9777239828861	32.526683955924725	0.0
64.0	28.443662608609877	18.778308439716895	19.65746274177771	33.12056620989552	0.0
65.0	29.970282501202266	17.884755293044133	20.634959780674173	31.51000242507943	0.0
66.0	30.056109341280447	18.220532319391637	20.425033398417426	31.298324940910494	0.0
67.0	29.395226096571452	17.645438813553053	19.60572342270872	33.353611667166774	0.0
68.0	29.5768916147013	18.260294075331625	20.23669076873117	31.926123541235906	0.0
69.0	29.74524047375323	17.931420067502845	19.804809063963262	32.51853039478066	0.0
70.0	28.512406886685415	18.31475178004703	19.933649055300677	33.239192277966886	0.0
71.0	29.59582629287485	17.588606996468464	20.956926783342993	31.858639927313693	0.0
72.0	30.053530461381595	18.07742593308281	19.932490769901246	31.936552835634345	0.0
73.0	30.01817464103028	17.781542459579928	19.303771443609268	32.89651145578053	0.0
74.0	29.71848245347106	18.071238825242002	20.574302374353366	31.63597634693357	0.0
75.0	30.367753794529957	18.01430222182014	19.504562482780173	32.11338150086973	0.0
76.0	28.80983714426715	18.410922849152822	19.40779733508801	33.37144267149203	0.0
77.0	29.252433692920803	17.85983080333458	21.63858374905922	31.2491517546854	0.0
78.0	29.88718016213482	18.012100472584738	18.927656284060856	33.17306308121959	0.0
79.0	30.18657606594329	17.54950271061789	19.364670653756612	32.899250569682216	0.0
80.0	30.889720702562627	18.070832133602075	19.997531981407594	31.041915182427708	0.0
81.0	30.415019518957454	18.6217847196798	19.405422526810284	31.55777323455246	0.0
82.0	30.180630458301966	18.0001069549514	18.71876195530106	33.10050063144558	0.0
83.0	29.533169331018648	18.502093909151494	20.064503920423224	31.900232839406627	0.0
84.0	30.842551721017102	17.944899478778854	18.9593677879572	32.25318101224685	0.0
85.0	29.424228087137184	17.60393310431366	19.189928619916483	33.78191018863267	0.0
86.0	30.505908297949375	17.745054474836248	19.97671241894605	31.772324808268326	0.0
87.0	30.10891614649983	18.61079450769655	19.973995087046507	31.306294258757113	0.0
88.0	29.868120563728013	17.789939306655693	19.31077049686246	33.03116963275383	0.0
89.0	29.697800162950895	18.536487009192733	20.406718843871648	31.358993983984725	0.0
90.0	30.499979424715036	18.636270112341055	19.490144438500472	31.37360602444344	0.0
91.0	30.03683051789058	18.314026460360896	19.568733153638814	32.08040986810971	0.0
92.0	29.047272188545538	18.579653246747903	20.309304230093375	32.06377033461318	0.0
93.0	30.209023528007673	18.5195092741587	19.55619024886105	31.715276948972576	0.0
94.0	29.901099308147888	17.616505673516592	19.88385445176585	32.598540566569675	0.0
95.0	30.250208884699763	18.203632741596248	20.78804068209601	30.75811769160798	0.0
96.0	30.07421310645444	18.875154867894082	19.417243948318372	31.6333880773331	0.0
97.0	29.83292377224287	18.467294797545105	19.679101682287616	32.020679747924405	0.0
98.0	29.008940773549803	18.17504486852288	21.133485913753645	31.68252844417368	0.0
99.0	29.816270156559398	18.631926919736035	19.578775765609628	31.97302715809494	0.0
100.0	29.802341518188875	18.524083951188096	19.84841229214485	31.82516223847818	0.0
101.0	29.79214780600462	18.54031637239564	20.579933282011805	31.087602539587937	0.0
102.0	29.98854020478156	18.231869856586474	19.795965819915132	31.983624118716836	0.0
103.0	29.49502438861837	17.554390159577792	19.580873991444196	33.36971146035964	0.0
104.0	30.018309199745847	18.082633849446545	20.065712470320705	31.833344480486907	0.0
105.0	30.343151860540264	18.22603455438938	19.650343487584507	31.780470097485846	0.0
106.0	29.071153319716142	17.968792773063235	20.143612204931667	32.81644170228895	0.0
107.0	29.51503497242356	18.27060837225028	20.391775669336262	31.8225809859899	0.0
108.0	29.287271123625047	19.073808655534165	20.21108783594684	31.427832384893943	0.0
109.0	28.92889357863744	18.170600949674082	20.06484333781507	32.83566213387341	0.0
110.0	29.505573289179456	17.62115289418432	21.221600122902547	31.651673693733677	0.0
111.0	29.14503392043144	18.771588161020393	19.930233055834957	32.153144862713205	0.0
112.0	29.160726248346702	17.944500747204426	19.178246903825343	33.716526100623526	0.0
113.0	30.32309767037058	17.764555336777295	20.477214268172357	31.435132724679764	0.0
114.0	30.113950993285805	18.403907385616392	19.180885304907594	32.30125631619021	0.0
115.0	29.72215827900573	17.532650854112468	20.283270862017293	32.46192000486451	0.0
116.0	30.10500427342973	17.804939735919483	20.61929845982104	31.47075753082974	0.0
117.0	30.08230452674897	18.538656860169862	19.63400752998862	31.745031083092552	0.0
118.0	29.869102700992606	18.249166238251536	19.651292056085033	32.23043900467083	0.0
119.0	30.741678503056875	17.792961685384338	19.68310822136549	31.782251590193294	0.0
120.0	29.756408497151533	18.353687956761732	19.82949037452802	32.06041317155871	0.0
121.0	29.807666681472927	17.412606049837873	19.737929196464265	33.041798072224935	0.0
122.0	29.343524378286833	17.97085301720296	20.54416614671539	32.14145645779482	0.0
123.0	28.815986111483976	18.587971041728192	19.783976303614416	32.812066543173415	0.0
124.0	29.0182883275457	18.17422203853532	19.387603829273004	33.41988580464598	0.0
125.0	29.059613163972287	18.30930643764434	20.17131567551963	32.459764722863746	0.0
126.0	29.74393121973537	18.266360453159752	19.72268652524676	32.26702180185812	0.0
127.0	29.77234359144707	17.894439868766522	19.003826884661063	33.32938965512534	0.0
128.0	29.22974288207851	17.786236171972455	21.115929248020322	31.86809169792871	0.0
129.0	29.90753226738586	18.200456834631368	19.30630853767051	32.58570236031226	0.0
130.0	29.75612226575629	17.890045534279626	19.556719874400898	32.79711232556319	0.0
131.0	30.180594524385114	17.97440152352074	20.514373142400192	31.330630809693954	0.0
132.0	30.52600321995444	18.414984387396707	18.969892962033306	32.08911943061555	0.0
133.0	30.00992271463111	17.96849887495982	20.13239603277757	31.8891823776315	0.0
134.0	30.610431814462398	17.477380590559466	20.38482220092114	31.527365394057	0.0
135.0	29.68653156283455	18.071859211539547	20.46278384012922	31.778825385496685	0.0
136.0	28.697075162936343	18.7105628024108	19.663186289767314	32.92917574488554	0.0
137.0	30.607690303015943	18.04449288066526	22.875690018716387	28.47212679760241	0.0
138.0	30.433768101449065	20.048857840826297	19.718376929194225	29.79899712853041	0.0
139.0	30.331350079393925	19.131066939603222	19.748043848405423	30.789539132597426	0.0
140.0	29.0472531694199	21.15251632731464	20.042258932001538	29.757971571263926	0.0
141.0	31.130237716379767	17.15608274265876	20.937846569265634	30.775832971695838	0.0
142.0	26.91467989834201	19.90173060631732	24.07745370930655	29.106135786034127	0.0
143.0	27.59313101060882	19.112885189470923	19.321463647059968	33.9725201528603	0.0
144.0	27.950956552310082	19.66132481762517	18.660826765886384	33.72689186417836	0.0
145.0	27.207802407083815	19.6522883003161	17.149981348045472	35.98992794455461	0.0
146.0	33.06938122648868	14.388187320425352	19.93858670431769	32.60384474876828	0.0
147.0	34.084362191280206	16.322771001932075	22.125479897954598	27.46738690883312	0.0
148.0	31.926152338866466	16.848921524103055	20.84798260967184	30.37694352735864	0.0
149.0	32.95266765923333	17.119048008594973	23.144254838762453	26.78402949340925	0.0
150.0	27.909294791926243	18.27740399257967	25.946230307057615	27.86707090843647	0.0
