# Position (bp)	A	C	G	T	N
0.0	26.870643178462277	24.239094353444823	23.503084829962344	25.38717763813056	0.0
1.0	27.381264311509586	19.795167409061392	15.787375112498433	37.03619316693059	0.0
2.0	27.674012209790526	20.4729591720945	17.670154097542156	34.18287452057282	0.0
3.0	24.735621783634	21.426228581123112	15.177288921563084	38.65859865407453	0.0022620596052705987
4.0	33.55933730529683	15.066055479845478	14.29568978139184	37.07779116782484	0.0011262656410140897
5.0	35.22298147815141	15.056869268117246	21.921641791044777	27.792887969789604	0.005619492896960979
6.0	31.46883724059063	17.55294698014418	20.85365443476506	30.123440180283207	0.0011211642169228527
7.0	34.97451033002415	17.400053662463108	19.92107146051337	27.703246579017975	0.0011179679813970128
8.0	24.381507147400487	26.246191958755983	21.607356075569392	27.764944818274135	0.0
9.0	28.000802442993113	19.046876044847647	16.574905824398726	36.37741568776052	0.0
10.0	27.366722314969394	17.15971062882582	24.042292710072346	31.43016138007791	0.0011129660545353365
11.0	27.649093153335485	19.624806787727824	20.115204554805565	32.61089550413113	0.0
12.0	26.916537952951895	20.344915715666776	20.722722878446103	32.01582345293523	0.0
13.0	27.150516745667886	21.140503757645725	18.439661201336545	33.26931829534984	0.0
14.0	30.902612035567202	19.11237414384512	20.035966830589565	29.949046989998113	0.0
15.0	29.554965975822295	18.823751429237483	19.30108899570396	32.31908351187238	0.001110087363875537
16.0	30.031193454924903	18.30867089239923	19.12236493012	32.53777072255586	0.0
17.0	30.16107367649834	18.52624801571884	20.446699155223516	30.86375897783156	0.002220174727751074
18.0	32.13591909683292	18.175460408734168	18.598403694370745	31.090216800062166	0.0
19.0	30.78383268763252	18.898127282617143	19.444290265643907	30.873749764106435	0.0
20.0	30.2898438107079	18.123286302632017	20.493322824506286	31.093547062153792	0.0
21.0	29.574947548372055	18.101084555354507	18.908118068892023	33.415849827381415	0.0
22.0	28.75903333592354	18.88147597215901	20.59545086198284	31.764039829934614	0.0
23.0	29.832487816791183	17.71255397799807	20.17028740161851	32.28245062886449	0.002220174727751074
24.0	30.88929098720069	17.857975422665763	18.81709090505423	32.435642685079316	0.0
25.0	28.928876702596497	18.23429503901957	19.295538558884584	33.54128969949935	0.0
26.0	30.99474928676887	17.44613301066794	21.070568253721568	30.48632927411387	0.002220174727751074
27.0	28.5791991829757	18.270927922027465	20.201369847807022	32.94850304718982	0.0
28.0	29.557186150550045	17.976754770600444	20.753083267653164	31.712975811196344	0.0
29.0	29.853579476704816	18.6006238690985	18.95807200026642	32.587724653930266	0.0
30.0	29.872782575875313	18.243378255367332	19.239137674563175	32.64470149419418	0.0
31.0	30.42739786856128	18.32038188277087	19.32726465364121	31.92384547069272	0.0011101243339253996
32.0	29.577042628774425	18.79329484902309	18.973134991119007	32.65541740674956	0.0011101243339253996
33.0	29.820159857904084	17.90075488454707	19.472690941385434	32.80639431616341	0.0
34.0	29.259736222745236	18.61428127359119	19.33367378658022	32.7911985434522	0.0011101736311559128
35.0	30.498927932631954	17.34638330018997	19.647162076588938	32.50641573994867	0.0011109506404630442
36.0	31.065285987289453	18.122527887649436	18.5602862095018	32.25078885382872	0.0011110617305897517
37.0	29.093737845196422	19.496582763793967	19.238762015891535	32.169806078790906	0.0011112963271656387
38.0	31.245970162527513	18.37272383662761	19.344331547235253	31.035862774306867	0.0011116793027547414
39.0	30.3195453180438	18.704467850826948	19.198300503842773	31.775461855876497	0.0022244714099812035
40.0	29.361924802654286	19.377178039792025	19.28588129196032	31.97278911564626	0.002226749947114689
41.0	29.288222507106624	17.945487988406445	21.08466640655482	31.68162309793211	0.0
42.0	28.64873912073198	19.276947110020085	19.466636911403704	32.60767685784423	0.0
43.0	29.53616650662141	18.361285423971058	20.585542330110094	31.51700573929744	0.0
44.0	29.489643152414363	18.82443635063571	20.186356221929255	31.498447031483924	0.00111724353674614
45.0	29.468118404578785	18.592380611697372	20.118270434627078	31.821230549096764	0.0
46.0	29.899789737395427	17.24265199302107	19.87205296828166	32.985505301301835	0.0
47.0	30.266514500537056	19.115870032223413	19.481740064446832	31.134756534192626	0.0011188686000716077
48.0	30.192860900614516	18.231679333773602	19.156247551461288	32.4192122141506	0.0
49.0	28.08555910185341	19.09961364018142	20.195979618119715	32.618847639845455	0.0
50.0	29.62253154910004	18.886871539685743	19.105417703360004	32.38405845829691	0.0011207495573039249
51.0	30.526150357539766	18.120586881602136	18.925472322942042	32.42666786407876	0.001122573837294148
52.0	29.591400751085022	18.795115698576538	19.940857676133934	31.672625874204503	0.0
53.0	30.84857220070264	18.51297180434195	19.46108458697415	31.177371407981262	0.0
54.0	30.345628353699777	18.869774992108944	19.083960860350814	31.700635793840465	0.0
55.0	29.528345541347356	18.42488403327201	18.246560500208798	33.80020992517183	0.0
56.0	29.60929202539941	18.127584570537593	21.250536686778297	31.0125867172847	0.0
57.0	27.840973337253217	19.377416947466024	19.44865329383297	33.3329564214478	0.0
58.0	30.823476144660138	17.508630935536814	22.031807119814363	29.6338219480446	0.002263851944082857
59.0	28.637023264251056	21.167974241530995	21.184980273003493	29.01002222121446	0.0
60.0	31.11113636621927	18.99512450136946	20.007728063097364	29.886011069313906	0.0
61.0	28.92268058864432	21.188459653242443	19.542444173401574	30.345275684794874	0.001139899916787306
62.0	30.868108367736696	16.56850748487586	21.476847775122078	31.08653637226536	0.0
63.0	26.057827116228825	20.572755062171044	25.491277666689648	27.87814015491048	0.0
64.0	26.188085096558964	21.11022613152336	17.95200332444506	34.749685447472615	0.0
65.0	27.78589315525877	19.15113151548878	19.049109627156373	34.01386570209608	0.0
66.0	27.610019680683816	19.196236214787294	17.560061021765204	35.63368308276368	0.0
67.0	33.35711862622387	14.23608267923778	17.802706844315512	34.598243007708774	0.005848842514066466
68.0	34.12731297872592	15.91589814014609	23.122092128473167	26.834696752654818	0.0
69.0	32.16436629788059	16.840153654132788	20.602741054009186	30.392738993977435	0.0
70.0	32.28640916341954	16.79306467219331	22.841863019430424	28.078663144956717	0.0
71.0	25.881131671307816	20.22607062235331	24.940269241542946	28.950880719735046	0.00164774506088418
