#Read position (bp)	Clipping profile
0.0	10.325295355235475
1.0	8.884932837028646
2.0	7.75610940281599
3.0	6.744618870367374
4.0	4.972487457517397
5.0	4.203754652856449
6.0	3.2205858553163944
7.0	1.8409127690564817
8.0	1.383719048389707
9.0	1.0155364945784107
10.0	0.6918595241948535
11.0	0.4491017964071856
12.0	0.20229810648972327
13.0	0.0
14.0	0.0
15.0	0.0
16.0	0.0
17.0	0.0
18.0	0.0
19.0	0.0
20.0	0.0
21.0	0.0
22.0	0.0
23.0	0.0
24.0	0.0
25.0	0.0
26.0	0.0
27.0	0.0
28.0	0.0
29.0	0.004045962129794465
30.0	0.02832173490856126
31.0	0.044505583427739116
32.0	0.08091924259588931
33.0	0.14970059880239522
34.0	0.2548956141770513
35.0	0.07282731833630036
36.0	0.08901116685547823
37.0	0.1294707881534229
38.0	0.12137886389383394
39.0	0.11328693963424503
40.0	0.12137886389383394
41.0	0.11328693963424503
42.0	0.07687328046609485
43.0	0.08496520472568377
44.0	0.08091924259588931
45.0	0.08901116685547823
46.0	0.08091924259588931
47.0	0.09710309111506717
48.0	0.09710309111506717
49.0	0.10114905324486163
50.0	0.12137886389383394
51.0	0.13351675028321736
52.0	0.13756271241301182
53.0	0.1416086745428063
54.0	0.1416086745428063
55.0	0.173976371581162
56.0	0.1861142579705454
57.0	0.21443599287910664
58.0	0.3277229325133517
59.0	0.6594918271564978
60.0	0.9629389868910827
61.0	1.339213464961968
62.0	1.6588444732157308
63.0	2.2414630199061336
64.0	2.8645411878944813
65.0	3.4633435831040624
66.0	4.033824243405082
67.0	4.491017964071856
68.0	5.510600420780062
69.0	6.109402815989642
70.0	6.174138210066354
71.0	5.190969412526298
