#Read position (bp)	Clipping profile
0.0	9.758385558314611
1.0	0.014977730479681525
2.0	0.009459619250325174
3.0	0.00867131764613141
4.0	0.00867131764613141
5.0	0.00867131764613141
6.0	0.00867131764613141
7.0	0.007883016041937644
8.0	0.007883016041937644
9.0	0.007883016041937644
10.0	0.007883016041937644
11.0	0.007883016041937644
12.0	0.0070947144377438804
13.0	0.006306412833550117
14.0	0.005518111229356352
15.0	0.005518111229356352
16.0	0.005518111229356352
17.0	0.005518111229356352
18.0	0.005518111229356352
19.0	0.005518111229356352
20.0	0.005518111229356352
21.0	0.005518111229356352
22.0	0.005518111229356352
23.0	0.005518111229356352
24.0	0.004729809625162587
25.0	0.004729809625162587
26.0	0.004729809625162587
27.0	0.004729809625162587
28.0	0.004729809625162587
29.0	0.004729809625162587
30.0	0.004729809625162587
31.0	0.004729809625162587
32.0	0.004729809625162587
33.0	0.003941508020968822
34.0	0.0023649048125812936
35.0	0.0023649048125812936
36.0	0.0023649048125812936
37.0	0.0023649048125812936
38.0	0.11824524062906468
39.0	0.0023649048125812936
40.0	0.11824524062906468
41.0	0.10957392298293328
42.0	0.0023649048125812936
43.0	0.12297505025422727
44.0	1.2076780576248474
45.0	87.22951401206102
46.0	0.0015766032083875292
47.0	0.0015766032083875292
48.0	0.0015766032083875292
49.0	0.0015766032083875292
50.0	0.11745693902487091
51.0	0.0015766032083875292
52.0	0.0015766032083875292
53.0	0.11666863742067715
54.0	7.883016041937646E-4
55.0	7.883016041937646E-4
56.0	7.883016041937646E-4
57.0	7.883016041937646E-4
58.0	7.883016041937646E-4
59.0	7.883016041937646E-4
60.0	7.883016041937646E-4
61.0	7.883016041937646E-4
62.0	7.883016041937646E-4
63.0	7.883016041937646E-4
64.0	7.883016041937646E-4
65.0	7.883016041937646E-4
66.0	7.883016041937646E-4
67.0	7.883016041937646E-4
68.0	7.883016041937646E-4
69.0	7.883016041937646E-4
70.0	7.883016041937646E-4
71.0	7.883016041937646E-4
72.0	7.883016041937646E-4
73.0	7.883016041937646E-4
74.0	7.883016041937646E-4
75.0	7.883016041937646E-4
76.0	7.883016041937646E-4
77.0	7.883016041937646E-4
78.0	7.883016041937646E-4
79.0	7.883016041937646E-4
80.0	7.883016041937646E-4
81.0	7.883016041937646E-4
82.0	7.883016041937646E-4
83.0	7.883016041937646E-4
84.0	7.883016041937646E-4
85.0	7.883016041937646E-4
86.0	7.883016041937646E-4
87.0	7.883016041937646E-4
88.0	7.883016041937646E-4
89.0	7.883016041937646E-4
90.0	7.883016041937646E-4
91.0	7.883016041937646E-4
92.0	7.883016041937646E-4
93.0	7.883016041937646E-4
94.0	7.883016041937646E-4
95.0	7.883016041937646E-4
96.0	7.883016041937646E-4
97.0	7.883016041937646E-4
98.0	7.883016041937646E-4
99.0	7.883016041937646E-4
100.0	7.883016041937646E-4
101.0	0.0015766032083875292
102.0	0.0023649048125812936
103.0	0.0015766032083875292
104.0	7.883016041937646E-4
105.0	7.883016041937646E-4
106.0	7.883016041937646E-4
107.0	0.0015766032083875292
108.0	0.0015766032083875292
109.0	7.883016041937646E-4
110.0	0.6992235229198691
111.0	7.883016041937646E-4
112.0	7.883016041937646E-4
113.0	7.883016041937646E-4
114.0	7.883016041937646E-4
115.0	7.883016041937646E-4
116.0	7.883016041937646E-4
117.0	7.883016041937646E-4
118.0	7.883016041937646E-4
119.0	7.883016041937646E-4
120.0	7.883016041937646E-4
121.0	7.883016041937646E-4
122.0	7.883016041937646E-4
123.0	7.883016041937646E-4
124.0	7.883016041937646E-4
125.0	7.883016041937646E-4
126.0	7.883016041937646E-4
127.0	7.883016041937646E-4
128.0	7.883016041937646E-4
129.0	7.883016041937646E-4
130.0	7.883016041937646E-4
131.0	7.883016041937646E-4
132.0	0.0015766032083875292
133.0	0.0015766032083875292
134.0	0.0015766032083875292
135.0	0.0015766032083875292
136.0	0.0023649048125812936
137.0	0.0023649048125812936
138.0	0.0015766032083875292
139.0	0.0015766032083875292
140.0	0.0015766032083875292
141.0	0.0015766032083875292
142.0	0.0015766032083875292
143.0	0.0015766032083875292
144.0	0.0015766032083875292
145.0	0.0015766032083875292
146.0	0.0015766032083875292
147.0	0.0015766032083875292
148.0	0.0015766032083875292
149.0	0.0015766032083875292
150.0	0.0015766032083875292
151.0	0.0015766032083875292
152.0	0.0015766032083875292
153.0	0.0015766032083875292
154.0	0.0015766032083875292
155.0	7.883016041937646E-4
156.0	7.883016041937646E-4
157.0	7.883016041937646E-4
158.0	7.883016041937646E-4
159.0	7.883016041937646E-4
160.0	7.883016041937646E-4
161.0	7.883016041937646E-4
162.0	7.883016041937646E-4
163.0	7.883016041937646E-4
164.0	7.883016041937646E-4
165.0	7.883016041937646E-4
166.0	7.883016041937646E-4
167.0	7.883016041937646E-4
168.0	7.883016041937646E-4
169.0	7.883016041937646E-4
170.0	7.883016041937646E-4
171.0	7.883016041937646E-4
172.0	7.883016041937646E-4
173.0	7.883016041937646E-4
174.0	7.883016041937646E-4
175.0	7.883016041937646E-4
176.0	7.883016041937646E-4
177.0	7.883016041937646E-4
178.0	7.883016041937646E-4
179.0	7.883016041937646E-4
180.0	7.883016041937646E-4
181.0	7.883016041937646E-4
182.0	7.883016041937646E-4
183.0	7.883016041937646E-4
184.0	7.883016041937646E-4
185.0	7.883016041937646E-4
186.0	7.883016041937646E-4
187.0	7.883016041937646E-4
188.0	7.883016041937646E-4
189.0	7.883016041937646E-4
190.0	7.883016041937646E-4
191.0	0.0015766032083875292
192.0	0.0015766032083875292
193.0	0.0015766032083875292
194.0	0.0015766032083875292
195.0	0.0015766032083875292
196.0	0.0015766032083875292
197.0	0.0015766032083875292
198.0	0.0015766032083875292
199.0	0.0015766032083875292
200.0	0.0015766032083875292
201.0	0.0015766032083875292
202.0	0.0015766032083875292
203.0	7.883016041937646E-4
204.0	7.883016041937646E-4
205.0	7.883016041937646E-4
206.0	7.883016041937646E-4
207.0	7.883016041937646E-4
208.0	7.883016041937646E-4
209.0	7.883016041937646E-4
210.0	7.883016041937646E-4
211.0	7.883016041937646E-4
212.0	7.883016041937646E-4
213.0	7.883016041937646E-4
214.0	7.883016041937646E-4
215.0	7.883016041937646E-4
216.0	7.883016041937646E-4
217.0	7.883016041937646E-4
218.0	7.883016041937646E-4
219.0	7.883016041937646E-4
220.0	7.883016041937646E-4
