#Coverage	Number of genomic locations
0.0	1290.0
1.0	645.0
2.0	972.0
3.0	579.0
4.0	629.0
5.0	328.0
6.0	314.0
7.0	185.0
8.0	210.0
9.0	362.0
10.0	424.0
11.0	295.0
12.0	271.0
13.0	277.0
14.0	270.0
15.0	232.0
16.0	229.0
17.0	260.0
18.0	282.0
19.0	243.0
20.0	246.0
21.0	270.0
22.0	213.0
23.0	223.0
24.0	232.0
25.0	236.0
26.0	221.0
27.0	175.0
28.0	166.0
29.0	206.0
30.0	238.0
31.0	205.0
32.0	252.0
33.0	180.0
34.0	172.0
35.0	178.0
36.0	226.0
37.0	222.0
38.0	239.0
39.0	264.0
40.0	227.0
41.0	212.0
42.0	194.0
43.0	162.0
44.0	172.0
45.0	189.0
46.0	140.0
47.0	106.0
48.0	153.0
49.0	147.0
50.0	146.0
51.0	164.0
52.0	124.0
53.0	134.0
54.0	138.0
55.0	97.0
56.0	94.0
57.0	88.0
58.0	76.0
59.0	95.0
60.0	69.0
61.0	92.0
62.0	81.0
63.0	110.0
64.0	117.0
65.0	102.0
66.0	105.0
67.0	78.0
68.0	74.0
69.0	86.0
70.0	86.0
71.0	69.0
72.0	75.0
73.0	84.0
74.0	71.0
75.0	64.0
76.0	73.0
77.0	82.0
78.0	42.0
79.0	56.0
80.0	50.0
81.0	46.0
82.0	50.0
83.0	59.0
84.0	56.0
85.0	57.0
86.0	68.0
87.0	79.0
88.0	61.0
89.0	89.0
90.0	88.0
91.0	91.0
92.0	94.0
93.0	106.0
94.0	107.0
95.0	95.0
96.0	106.0
97.0	112.0
98.0	100.0
99.0	132.0
100.0	130.0
101.0	117.0
102.0	134.0
103.0	94.0
104.0	104.0
105.0	107.0
106.0	92.0
107.0	93.0
108.0	103.0
109.0	113.0
110.0	104.0
111.0	73.0
112.0	70.0
113.0	89.0
114.0	66.0
115.0	61.0
116.0	88.0
117.0	82.0
118.0	68.0
119.0	78.0
120.0	83.0
121.0	51.0
122.0	81.0
123.0	61.0
124.0	92.0
125.0	71.0
126.0	71.0
127.0	50.0
128.0	65.0
129.0	53.0
130.0	58.0
131.0	52.0
132.0	35.0
133.0	62.0
134.0	57.0
135.0	47.0
136.0	55.0
137.0	62.0
138.0	53.0
139.0	47.0
140.0	40.0
141.0	42.0
142.0	39.0
143.0	49.0
144.0	31.0
145.0	38.0
146.0	42.0
147.0	51.0
148.0	25.0
149.0	45.0
150.0	31.0
151.0	48.0
152.0	49.0
153.0	51.0
154.0	41.0
155.0	53.0
156.0	47.0
157.0	41.0
158.0	48.0
159.0	42.0
160.0	43.0
161.0	45.0
162.0	50.0
163.0	45.0
164.0	53.0
165.0	51.0
166.0	35.0
167.0	50.0
168.0	41.0
169.0	57.0
170.0	56.0
171.0	40.0
172.0	43.0
173.0	52.0
174.0	61.0
175.0	42.0
176.0	42.0
177.0	38.0
178.0	33.0
179.0	49.0
180.0	35.0
181.0	33.0
182.0	41.0
183.0	26.0
184.0	32.0
185.0	31.0
186.0	26.0
187.0	25.0
188.0	27.0
189.0	30.0
190.0	33.0
191.0	33.0
192.0	32.0
193.0	43.0
194.0	26.0
195.0	40.0
196.0	35.0
197.0	41.0
198.0	39.0
199.0	33.0
200.0	39.0
201.0	40.0
202.0	44.0
203.0	42.0
204.0	41.0
205.0	41.0
206.0	46.0
207.0	44.0
208.0	41.0
209.0	47.0
210.0	34.0
211.0	30.0
212.0	30.0
213.0	27.0
214.0	38.0
215.0	54.0
216.0	47.0
217.0	34.0
218.0	24.0
219.0	40.0
220.0	28.0
221.0	27.0
222.0	20.0
223.0	25.0
224.0	22.0
225.0	21.0
226.0	29.0
227.0	24.0
228.0	37.0
229.0	33.0
230.0	26.0
231.0	33.0
232.0	29.0
233.0	21.0
234.0	25.0
235.0	30.0
236.0	22.0
237.0	29.0
238.0	19.0
239.0	21.0
240.0	20.0
241.0	17.0
242.0	20.0
243.0	30.0
244.0	10.0
245.0	14.0
246.0	12.0
247.0	17.0
248.0	13.0
249.0	25.0
250.0	28.0
251.0	23.0
252.0	24.0
253.0	20.0
254.0	25.0
255.0	23.0
256.0	28.0
257.0	34.0
258.0	27.0
259.0	32.0
260.0	36.0
261.0	48.0
262.0	37.0
263.0	41.0
264.0	37.0
265.0	29.0
266.0	34.0
267.0	21.0
268.0	41.0
269.0	33.0
270.0	35.0
271.0	41.0
272.0	30.0
273.0	22.0
274.0	25.0
275.0	41.0
276.0	34.0
277.0	48.0
278.0	42.0
279.0	23.0
280.0	27.0
281.0	21.0
282.0	28.0
283.0	27.0
284.0	30.0
285.0	42.0
286.0	29.0
287.0	35.0
288.0	26.0
289.0	23.0
290.0	25.0
291.0	30.0
292.0	37.0
293.0	35.0
294.0	32.0
295.0	35.0
296.0	31.0
297.0	30.0
298.0	26.0
299.0	38.0
300.0	21.0
301.0	39.0
302.0	30.0
303.0	28.0
304.0	25.0
305.0	27.0
306.0	11.0
307.0	35.0
308.0	29.0
309.0	30.0
310.0	24.0
311.0	21.0
312.0	23.0
313.0	22.0
314.0	34.0
315.0	28.0
316.0	27.0
317.0	15.0
318.0	18.0
319.0	27.0
320.0	27.0
321.0	17.0
322.0	16.0
323.0	22.0
324.0	23.0
325.0	16.0
326.0	20.0
327.0	13.0
328.0	19.0
329.0	14.0
330.0	18.0
331.0	23.0
332.0	16.0
333.0	19.0
334.0	23.0
335.0	25.0
336.0	18.0
337.0	23.0
338.0	21.0
339.0	30.0
340.0	27.0
341.0	19.0
342.0	9.0
343.0	15.0
344.0	19.0
345.0	11.0
346.0	17.0
347.0	11.0
348.0	14.0
349.0	15.0
350.0	14.0
351.0	21.0
352.0	19.0
353.0	18.0
354.0	14.0
355.0	19.0
356.0	10.0
357.0	13.0
358.0	15.0
359.0	11.0
360.0	10.0
361.0	7.0
362.0	18.0
363.0	3.0
364.0	5.0
365.0	8.0
366.0	5.0
367.0	5.0
368.0	3.0
369.0	5.0
370.0	6.0
371.0	10.0
372.0	12.0
373.0	10.0
374.0	9.0
375.0	8.0
376.0	3.0
377.0	10.0
378.0	11.0
379.0	6.0
380.0	7.0
381.0	13.0
382.0	11.0
383.0	9.0
384.0	12.0
385.0	8.0
386.0	6.0
387.0	9.0
388.0	11.0
389.0	12.0
390.0	4.0
391.0	9.0
392.0	10.0
393.0	11.0
394.0	8.0
395.0	10.0
396.0	9.0
397.0	9.0
398.0	6.0
399.0	7.0
400.0	13.0
401.0	11.0
402.0	7.0
403.0	8.0
404.0	8.0
405.0	4.0
406.0	6.0
407.0	8.0
408.0	3.0
409.0	4.0
410.0	6.0
411.0	5.0
412.0	7.0
413.0	7.0
414.0	3.0
415.0	5.0
416.0	10.0
417.0	7.0
418.0	7.0
419.0	6.0
420.0	7.0
421.0	6.0
422.0	1.0
423.0	1.0
424.0	9.0
425.0	7.0
426.0	4.0
427.0	5.0
428.0	4.0
429.0	2.0
430.0	4.0
431.0	5.0
432.0	2.0
433.0	3.0
434.0	11.0
435.0	5.0
436.0	6.0
437.0	8.0
438.0	4.0
439.0	6.0
440.0	5.0
441.0	3.0
442.0	6.0
443.0	4.0
444.0	3.0
445.0	6.0
446.0	7.0
447.0	6.0
448.0	3.0
449.0	6.0
450.0	7.0
451.0	4.0
452.0	10.0
453.0	8.0
454.0	6.0
455.0	5.0
456.0	2.0
457.0	7.0
458.0	5.0
459.0	7.0
460.0	6.0
461.0	3.0
462.0	3.0
463.0	2.0
464.0	6.0
465.0	5.0
466.0	8.0
467.0	6.0
468.0	1.0
469.0	3.0
470.0	6.0
471.0	3.0
472.0	4.0
473.0	3.0
474.0	2.0
475.0	3.0
476.0	4.0
477.0	3.0
478.0	2.0
479.0	2.0
480.0	4.0
481.0	5.0
482.0	4.0
483.0	5.0
484.0	6.0
485.0	4.0
486.0	1.0
487.0	4.0
488.0	4.0
489.0	5.0
490.0	5.0
491.0	2.0
492.0	4.0
493.0	3.0
494.0	2.0
495.0	5.0
496.0	3.0
497.0	3.0
498.0	1.0
499.0	5.0
500.0	3.0
501.0	1.0
502.0	1.0
504.0	2.0
505.0	5.0
506.0	1.0
507.0	3.0
508.0	4.0
509.0	3.0
510.0	2.0
511.0	2.0
512.0	4.0
514.0	4.0
515.0	3.0
516.0	2.0
517.0	2.0
521.0	1.0
522.0	5.0
523.0	3.0
524.0	4.0
526.0	2.0
527.0	5.0
528.0	1.0
529.0	6.0
530.0	4.0
531.0	5.0
532.0	4.0
533.0	8.0
534.0	8.0
535.0	12.0
536.0	6.0
537.0	4.0
538.0	4.0
539.0	5.0
540.0	4.0
541.0	5.0
542.0	6.0
543.0	3.0
544.0	7.0
545.0	4.0
546.0	3.0
547.0	2.0
548.0	7.0
549.0	6.0
550.0	4.0
551.0	2.0
552.0	9.0
553.0	6.0
554.0	8.0
555.0	8.0
556.0	4.0
557.0	6.0
558.0	7.0
559.0	4.0
560.0	5.0
561.0	3.0
563.0	1.0
564.0	1.0
565.0	3.0
566.0	3.0
567.0	5.0
568.0	1.0
569.0	2.0
570.0	7.0
571.0	6.0
572.0	2.0
573.0	7.0
575.0	1.0
576.0	2.0
577.0	2.0
578.0	3.0
579.0	6.0
580.0	2.0
583.0	2.0
584.0	4.0
585.0	3.0
586.0	3.0
587.0	3.0
588.0	1.0
589.0	1.0
590.0	1.0
592.0	3.0
593.0	3.0
595.0	3.0
596.0	2.0
597.0	1.0
598.0	2.0
599.0	1.0
604.0	4.0
605.0	1.0
608.0	2.0
609.0	1.0
612.0	1.0
613.0	1.0
614.0	1.0
615.0	1.0
616.0	1.0
618.0	2.0
620.0	2.0
621.0	2.0
622.0	1.0
623.0	1.0
628.0	1.0
631.0	1.0
632.0	1.0
633.0	1.0
634.0	1.0
636.0	1.0
640.0	2.0
641.0	1.0
642.0	1.0
643.0	2.0
645.0	1.0
646.0	3.0
648.0	2.0
649.0	1.0
650.0	2.0
651.0	1.0
652.0	1.0
653.0	1.0
654.0	2.0
655.0	2.0
656.0	1.0
659.0	2.0
661.0	1.0
662.0	1.0
663.0	1.0
664.0	1.0
667.0	2.0
670.0	2.0
671.0	4.0
674.0	1.0
675.0	1.0
676.0	1.0
677.0	3.0
678.0	1.0
680.0	2.0
682.0	1.0
685.0	1.0
686.0	1.0
687.0	1.0
689.0	1.0
690.0	1.0
691.0	2.0
692.0	2.0
693.0	1.0
694.0	1.0
696.0	2.0
697.0	1.0
698.0	1.0
703.0	1.0
706.0	2.0
709.0	2.0
710.0	3.0
712.0	2.0
714.0	2.0
716.0	2.0
719.0	4.0
720.0	4.0
721.0	3.0
722.0	4.0
723.0	2.0
724.0	3.0
725.0	3.0
727.0	2.0
728.0	1.0
729.0	1.0
731.0	1.0
733.0	2.0
737.0	1.0
738.0	1.0
739.0	1.0
741.0	1.0
742.0	1.0
747.0	2.0
758.0	2.0
759.0	3.0
760.0	1.0
761.0	2.0
762.0	2.0
763.0	1.0
764.0	4.0
765.0	1.0
767.0	1.0
769.0	1.0
771.0	1.0
775.0	2.0
778.0	1.0
780.0	1.0
789.0	1.0
790.0	1.0
792.0	1.0
794.0	1.0
801.0	2.0
803.0	1.0
809.0	1.0
810.0	1.0
