#Position (bp)	mapping quality
38.0	58.71650821089023
113.0	57.97310924369748
188.0	58.19945983795139
263.0	57.99186946594643
338.0	58.36904815838354
413.0	51.60055996266915
488.0	40.16528925619835
563.0	41.31811105345096
638.0	52.820103709613086
713.0	58.374350869270714
788.0	58.57969987002245
863.0	58.34794181083934
938.0	58.16282861218667
1013.0	54.49793672627235
1088.0	42.60028999516675
1163.0	45.992217898832685
1238.0	42.37885462555066
1313.0	34.212034383954155
1388.0	32.093023255813954
1463.0	33.37278106508876
1538.0	37.90055248618785
1613.0	46.62207357859532
1688.0	39.56867196367764
1763.0	40.46663049376017
1838.0	39.322228604250434
1913.0	55.37098844672657
1988.0	54.371482176360225
2063.0	52.93286219081272
2138.0	51.792065663474695
2213.0	44.62852263023057
2288.0	37.927651747394236
2363.0	33.01349325337331
2438.0	42.07171314741036
2513.0	49.33649289099526
2588.0	54.492133801741254
2663.0	55.37453424129513
2738.0	55.68758984187829
2813.0	55.596330275229356
2888.0	54.39688715953307
2963.0	48.84066955982641
3038.0	46.461075592327944
3113.0	45.442782046097854
3188.0	51.295938104448744
3263.0	52.221261884183235
3338.0	51.49740198393954
3413.0	50.42043640234167
3488.0	50.69045771916214
3563.0	19.229898074745186
3638.0	14.081632653061224
3713.0	17.84543325526932
3788.0	43.455882352941174
3863.0	47.30728616684266
3938.0	51.70124481327801
4013.0	53.271028037383175
4088.0	55.63106796116505
4163.0	47.37097894006017
4238.0	39.479900538748446
4313.0	44.28696135227363
4388.0	47.6319570241739
4463.0	47.10349768774832
4538.0	43.0035184072771
4613.0	40.80093086395811
4688.0	22.54256526674234
4763.0	9.822605169792194
4838.0	3.103448275862069
4913.0	4.475602916432978
4988.0	6.916890080428955
5063.0	3.573667711598746
5138.0	2.441860465116279
5213.0	15.071477195371001
5288.0	18.663883089770355
5363.0	13.246753246753247
5438.0	13.235710911667454
5513.0	12.879581151832461
5588.0	47.45215698994486
5663.0	52.729519102832164
5738.0	53.64353967594516
5813.0	49.96128862935503
5888.0	45.03228331050675
5963.0	18.6821496084256
6038.0	2.394578313253012
6113.0	4.444444444444445
6188.0	53.87686522382686
6263.0	56.925172793749375
6338.0	56.52199600072714
6413.0	56.484698097601324
6488.0	55.39294089351212
6563.0	35.70271557884707
6638.0	24.77900552486188
6713.0	23.105859657583796
6788.0	14.177897574123989
6863.0	12.007528230865747
6938.0	6.2025316455696204
7013.0	4.864864864864865
7088.0	0.18764659890539484
7163.0	0.9266409266409267
7238.0	3.375277572168764
7313.0	17.699751175006913
7388.0	34.950884086444006
7463.0	35.07737416517348
7538.0	34.78160540629636
7613.0	37.14712471994025
7688.0	32.809667673716014
7763.0	31.962616822429908
7838.0	31.776425013835087
7913.0	30.48611111111111
7988.0	44.12112413149435
8063.0	41.6414686825054
8138.0	44.36861463015938
8213.0	45.27702962677953
8288.0	44.861976847729295
8363.0	20.829493087557605
8438.0	6.856547412295936
8513.0	12.172553923100969
8588.0	15.30236634531113
8663.0	25.258855585831064
8738.0	22.481608631682196
8813.0	26.381015161502965
8888.0	31.12117780294451
8963.0	52.04244031830239
9038.0	53.635607321131445
9113.0	54.154951100244496
9188.0	53.283287238245755
9263.0	43.93869410035692
9338.0	32.87234042553192
9413.0	36.65547757094904
9488.0	44.79880774962742
9563.0	50.13921113689095
9638.0	48.62538101256412
9713.0	46.59775753328662
9788.0	46.91860465116279
9863.0	26.03019538188277
9938.0	2.5675675675675675
10013.0	1.334355828220859
10088.0	36.74496644295302
10163.0	51.320357706470276
10238.0	51.661427929950605
10313.0	52.093493770631454
10388.0	52.785308264101445
10463.0	47.646618417768906
10538.0	44.30096164007186
10613.0	44.71278567016677
10688.0	48.483908491663435
10763.0	44.73007712082262
10838.0	40.545001965151314
10913.0	40.545001965151314
10988.0	45.24590163934426
11063.0	47.581885026737964
11138.0	45.77799043062201
11213.0	46.108863552776754
11288.0	48.34322227293473
11363.0	50.51221629666377
11438.0	36.05259038973235
11513.0	36.91959571579424
11588.0	46.93201229928254
11663.0	48.477180298237684
11738.0	48.05900257550925
11813.0	45.6981981981982
11888.0	50.89459807468269
11963.0	53.35629921259842
12038.0	53.01846891301283
12113.0	53.645187497327576
12188.0	55.145992553399964
12263.0	51.98986741403471
12338.0	49.77352516004681
12413.0	52.84992055467283
12488.0	41.1810923837283
12563.0	35.72736188296829
12638.0	31.714285714285715
12713.0	46.12149532710281
12788.0	53.86591763393779
12863.0	54.85643032801081
12938.0	54.11694794390302
13013.0	55.4344216934145
13088.0	55.426108374384235
13163.0	55.6423794438578
13238.0	55.256402069097646
13313.0	55.27955043337461
13388.0	42.82899819727015
13463.0	5.546950629235237
13538.0	6.581196581196581
13613.0	25.29919802590993
13688.0	40.65514573123549
13763.0	41.283533668843326
13838.0	41.008651614264615
13913.0	37.8575997638144
13988.0	44.38746834125525
14063.0	40.21018380089702
14138.0	43.91953694440475
14213.0	43.92340395127005
14288.0	31.266202669050507
14363.0	13.689410311824638
14438.0	12.0409250772674
14513.0	12.481520591341077
14588.0	38.99637243047158
14663.0	37.84439894706055
14738.0	37.89074281266722
14813.0	39.59412741884793
14888.0	33.71768923842017
14963.0	13.35112388381402
15038.0	12.960049679155455
15113.0	10.33329690744181
15188.0	32.71417422104821
15263.0	43.08963053912267
15338.0	43.43115453319238
15413.0	44.092818143637125
15488.0	46.01323280504693
15563.0	42.422554820744864
15638.0	32.82348720401818
15713.0	31.83992070375418
15788.0	30.40630290402396
15863.0	43.880120588756874
15938.0	45.3580748042911
16013.0	44.35725348477026
16088.0	45.21314993659155
16163.0	41.448549025947784
16238.0	1.9575113808801214
16313.0	0.6516679596586501
16388.0	1.2893323100537222
16463.0	7.434722858451672
16538.0	6.782608695652174
16613.0	3.136769078295342
16688.0	4.598672299336149
16763.0	12.107679465776293
16838.0	8.426966292134832
16913.0	9.393605292171996
16988.0	15.254435562487814
17063.0	29.854196768685142
17138.0	46.77309665148983
17213.0	50.03667455133352
17288.0	46.371329315003415
17363.0	47.39537308927248
17438.0	41.51244261899009
17513.0	29.397959863990934
17588.0	29.564583471403008
17663.0	30.68147013782542
17738.0	27.151360544217688
17813.0	20.11530849324499
17888.0	16.92779481460831
17963.0	14.03609678698929
18038.0	17.740700218818382
18113.0	16.554826616682288
18188.0	14.37543065262329
18263.0	21.197153620761824
18338.0	30.636680392777954
18413.0	33.173978469730294
18488.0	31.30030959752322
18563.0	31.914197418651153
18638.0	46.596501373427785
18713.0	45.19027382816245
18788.0	47.759484609878314
18863.0	45.388680206277456
18938.0	44.793981110933245
19013.0	37.72105908533539
19088.0	34.829373428439474
19163.0	36.111625188720595
19238.0	33.962204055632235
19313.0	5.584646106057244
19388.0	0.0
19463.0	0.0
19538.0	1.1023054755043227
19613.0	7.5344956679858806
19688.0	9.964296643884525
19763.0	12.16500877706261
19838.0	16.11916264090177
19913.0	10.57934508816121
19988.0	0.818050193050193
20063.0	0.6102433708681438
20138.0	1.1093768759755072
20213.0	1.6210426089026422
20288.0	0.28487947406866326
20363.0	0.0
20438.0	0.6964091403699674
20513.0	9.412128712871286
20588.0	8.422712933753942
20663.0	13.133957576915726
20738.0	9.650995688770273
20813.0	26.853628868766048
20888.0	33.0212859578681
20963.0	32.72727272727273
21038.0	32.96561604584527
21113.0	33.4376692299361
21188.0	1.4747643479298413
21263.0	0.0
21338.0	0.0
21413.0	1.2504491555874955
21488.0	1.3137114142139268
21563.0	3.320444659255679
21638.0	4.417534511988375
21713.0	8.28169014084507
21788.0	5.699751567490831
21863.0	5.5063516561795085
21938.0	6.997690531177829
22013.0	4.350562885849171
22088.0	10.893334759815984
22163.0	6.528424976700839
22238.0	11.621877963958267
22313.0	8.334083746060333
22388.0	0.0
22463.0	0.0
22538.0	9.582601054481547
22613.0	15.754771544245228
22688.0	21.84221464793416
22763.0	22.915084430799062
22838.0	21.46095717884131
22913.0	4.811831189130696
22988.0	1.817720877170744
23063.0	1.093429158110883
23138.0	27.083034561881544
23213.0	42.636714318130245
23288.0	44.44226010914144
23363.0	44.37340414666531
23438.0	44.231139205716644
23513.0	34.97777045941051
23588.0	15.393070958877221
23663.0	17.916666666666668
23738.0	18.12989405803777
23813.0	19.56045911557968
23888.0	18.496940918637566
23963.0	15.749196767598091
24038.0	14.640718562874252
24113.0	27.184115523465703
24188.0	29.822768005310323
24263.0	31.764925141330682
24338.0	29.80066445182724
24413.0	30.348382045929018
24488.0	24.30153121319199
24563.0	23.729949724682786
24638.0	23.52034673729834
24713.0	36.780423010115456
24788.0	39.52333753829519
24863.0	38.231970117804806
24938.0	38.61679604798871
25013.0	40.0
25088.0	27.050891692040018
25163.0	23.314230365646946
25238.0	19.039293439077145
25313.0	23.558370750481078
25388.0	17.936140675613142
25463.0	17.642124883504195
25538.0	18.235942668136715
25613.0	36.12256478153962
25688.0	39.318054779206264
25763.0	34.98685495380455
25838.0	35.19553072625698
25913.0	46.902492668621704
25988.0	56.45669291338583
26063.0	49.91031390134529
26138.0	41.963927855711425
26213.0	57.83393501805054
26288.0	59.21452260429394
26363.0	57.1107544141252
26438.0	58.36926979525276
26513.0	59.46050468916175
26588.0	58.87471867966992
26663.0	58.46206425153794
26738.0	58.598130841121495
26813.0	58.78771551724138
26888.0	59.21080322693792
26963.0	58.62637362637363
27038.0	58.53990914990266
27113.0	58.9067055393586
27188.0	59.44649446494465
27263.0	59.24089068825911
27338.0	58.53037230568256
27413.0	58.48331648129424
27488.0	57.422680412371136
27563.0	32.04968944099379
27638.0	33.68421052631579
27713.0	32.22222222222222
27788.0	49.84198645598194
27863.0	56.82672233820459
27938.0	57.49303621169916
28013.0	58.10046433094133
28088.0	59.63020790533322
28163.0	59.87362035554807
28238.0	59.43922784644276
28313.0	59.902261028213985
28388.0	59.91088650567086
28463.0	59.79462370498836
28538.0	59.54549412276883
28613.0	59.658754834306514
28688.0	59.674219937739814
28763.0	59.03079905233685
28838.0	27.153284671532848
28913.0	37.722772277227726
28988.0	58.88774459320288
29063.0	59.9917343986775
29138.0	60.0
29213.0	60.0
29288.0	60.0
29363.0	59.96222851746931
29438.0	60.0
29513.0	60.0
29588.0	60.0
29663.0	60.0
29738.0	60.0
29813.0	60.0
29877.0	60.0
