#Position (bp)	insert size
38.0	6942.368421052632
113.0	299.3333333333333
188.0	231.375
263.0	168.0
338.0	319.06363636363636
413.0	319.0
488.0	237.46376811594203
563.0	175.67241379310346
638.0	309.6293436293436
713.0	321.0263157894737
788.0	244.05263157894737
863.0	174.78181818181818
938.0	300.7907949790795
1013.0	323.5890410958904
1088.0	250.03174603174602
1163.0	181.4264705882353
1238.0	306.4635416666667
1313.0	336.6666666666667
1388.0	264.3333333333333
1463.0	186.06451612903226
1538.0	296.5562130177515
1613.0	366.8780487804878
1688.0	277.328125
1763.0	202.92753623188406
1838.0	286.7687296416938
1913.0	351.23943661971833
1988.0	279.3484848484849
2063.0	202.0597014925373
2138.0	157.92857142857142
2213.0	417.5302013422819
2288.0	303.53846153846155
2363.0	233.5909090909091
2438.0	168.57142857142858
2513.0	345.90909090909093
2588.0	305.0
2663.0	241.0
2738.0	185.0
2813.0	291.0844155844156
2888.0	322.7878787878788
2963.0	247.75
3038.0	178.375
3113.0	288.5037037037037
3188.0	343.8222222222222
3263.0	270.075
3338.0	194.11111111111111
3413.0	154.33333333333334
3488.0	308.0740740740741
3563.0	313.5
3638.0	216.33333333333334
3713.0	169.0
3788.0	297.03418803418805
3863.0	334.0
3938.0	228.33333333333334
4013.0	418.4022346368715
4088.0	335.94444444444446
4163.0	260.76785714285717
4238.0	188.03571428571428
4313.0	342.9581151832461
4388.0	299.66153846153844
4463.0	228.06349206349208
4538.0	170.54054054054055
4613.0	281.0057803468208
4688.0	320.4
4763.0	242.47058823529412
4838.0	179.22222222222223
4913.0	338.8695652173913
4988.0	349.5
5063.0	264.0
5138.0	172.42857142857142
5213.0	157.0
5288.0	325.6470588235294
5363.0	276.0
5438.0	230.5
5513.0	0.0
5588.0	327.225
5663.0	298.0
5738.0	218.4047619047619
5813.0	168.35294117647058
5888.0	332.0
5963.0	0.0
6038.0	504.0
6113.0	0.0
6188.0	333.10714285714283
6263.0	282.1162790697674
6338.0	208.6346153846154
6413.0	160.92307692307693
6488.0	306.93854748603354
6563.0	313.92105263157896
6638.0	239.66666666666666
6713.0	256.83076923076925
6788.0	320.85714285714283
6863.0	255.0
6938.0	189.5
7013.0	303.29411764705884
7088.0	327.5
7163.0	256.4
7238.0	183.4375
7313.0	292.3270142180095
7388.0	307.64516129032256
7463.0	234.42105263157896
7538.0	172.19148936170214
7613.0	318.0
7688.0	313.1666666666667
7763.0	252.76923076923077
7838.0	185.28571428571428
7913.0	305.39166666666665
7988.0	354.38775510204084
8063.0	276.25454545454545
8138.0	208.0612244897959
8213.0	265.0388349514563
8288.0	347.671875
8363.0	298.93939393939394
8438.0	222.46511627906978
8513.0	169.61111111111111
8588.0	351.12
8663.0	309.29411764705884
8738.0	250.34782608695653
8813.0	176.07142857142858
8888.0	283.1284403669725
8963.0	301.90909090909093
9038.0	231.45
9113.0	171.0909090909091
9188.0	361.5
9263.0	328.6666666666667
9338.0	0.0
9413.0	0.0
9488.0	302.3253968253968
9563.0	292.51428571428573
9638.0	220.73076923076923
9713.0	166.56521739130434
9788.0	303.0128205128205
9863.0	308.88709677419354
9938.0	236.20833333333334
10013.0	209.30188679245282
10088.0	294.2579185520362
10163.0	297.8510638297872
10238.0	226.47916666666666
10313.0	168.33333333333334
10388.0	314.698347107438
10463.0	301.22857142857146
10538.0	232.74
10613.0	170.32142857142858
10688.0	407.0
10763.0	327.55
10838.0	265.0
10913.0	221.6
10988.0	687.0
11063.0	331.3333333333333
11138.0	0.0
11213.0	0.0
11288.0	419.55882352941177
11363.0	586.25
11438.0	507.6666666666667
11513.0	424.0
11588.0	318.63380281690144
11663.0	280.8974358974359
11738.0	210.22641509433961
11813.0	160.13333333333333
11888.0	296.2111801242236
11963.0	293.53521126760563
12038.0	215.1038961038961
12113.0	257.9189189189189
12188.0	301.05882352941177
12263.0	228.0
12338.0	170.63636363636363
12413.0	292.1630434782609
12488.0	310.75
12563.0	235.58823529411765
12638.0	176.90697674418604
12713.0	354.9313725490196
12788.0	301.1
12863.0	240.0
12938.0	173.46153846153845
13013.0	339.5924657534247
13088.0	298.59016393442624
13163.0	221.90625
13238.0	175.21212121212122
13313.0	350.0975609756098
13388.0	296.2857142857143
13463.0	213.33333333333334
13538.0	178.75
13613.0	300.9939393939394
13688.0	296.22222222222223
13763.0	220.19298245614036
13838.0	187.14814814814815
13913.0	296.2287581699346
13988.0	311.4712643678161
14063.0	235.02247191011236
14138.0	173.08823529411765
14213.0	300.3956834532374
14288.0	308.8
14363.0	222.76923076923077
14438.0	203.3846153846154
14513.0	277.2238095238095
14588.0	387.46666666666664
14663.0	267.74074074074076
14738.0	196.26315789473685
14813.0	0.0
14888.0	364.6938775510204
14963.0	284.0869565217391
15038.0	209.45833333333334
15113.0	163.33333333333334
15188.0	292.2161520190024
15263.0	296.0625
15338.0	222.0
15413.0	165.17241379310346
15488.0	307.0598591549296
15563.0	304.2093023255814
15638.0	264.55
15713.0	180.375
15788.0	150.0
15863.0	290.3863636363636
15938.0	271.9824561403509
16013.0	198.56060606060606
16088.0	278.3333333333333
16163.0	359.38461538461536
16238.0	251.5
16313.0	211.0
16388.0	435.3333333333333
16463.0	0.0
16538.0	0.0
16613.0	0.0
16688.0	0.0
16763.0	368.0537634408602
16838.0	315.69642857142856
16913.0	242.9344262295082
16988.0	176.76923076923077
17063.0	344.6338797814208
17138.0	320.1666666666667
17213.0	247.27659574468086
17288.0	175.64406779661016
17363.0	294.55172413793105
17438.0	322.7121212121212
17513.0	246.79032258064515
17588.0	187.546875
17663.0	291.32323232323233
17738.0	314.0833333333333
17813.0	237.75
17888.0	182.125
17963.0	306.9429824561403
18038.0	313.3235294117647
18113.0	243.34285714285716
18188.0	190.22727272727272
18263.0	327.2809364548495
18338.0	343.2758620689655
18413.0	258.3076923076923
18488.0	187.74137931034483
18563.0	312.14736842105265
18638.0	371.29411764705884
18713.0	264.69565217391306
18788.0	206.65625
18863.0	290.8813559322034
18938.0	357.77
19013.0	281.8987341772152
19088.0	208.31884057971016
19163.0	162.7391304347826
19238.0	295.60869565217394
19313.0	296.5
19388.0	215.0
19463.0	186.0
19538.0	302.0
19613.0	315.9375
19688.0	245.44
19763.0	178.82142857142858
19838.0	387.1818181818182
19913.0	336.5
19988.0	277.3333333333333
20063.0	191.0
20138.0	349.2307692307692
20213.0	383.0
20288.0	0.0
20363.0	211.0
20438.0	353.9378881987578
20513.0	374.6666666666667
20588.0	297.13953488372096
20663.0	228.85416666666666
20738.0	169.44827586206895
20813.0	295.45985401459853
20888.0	280.4
20963.0	211.63333333333333
21038.0	159.0
21113.0	171.0
21188.0	271.5
21263.0	230.0
21338.0	405.3809523809524
21413.0	344.0
21488.0	221.5
21563.0	191.0
21638.0	270.45962732919253
21713.0	327.02702702702703
21788.0	248.28571428571428
21863.0	187.6341463414634
21938.0	298.5945945945946
22013.0	331.6470588235294
22088.0	254.77777777777777
22163.0	183.44444444444446
22238.0	311.3776223776224
22313.0	332.3333333333333
22388.0	256.46666666666664
22463.0	188.47058823529412
22538.0	280.4421052631579
22613.0	284.625
22688.0	220.6
22763.0	328.09090909090907
22838.0	386.6923076923077
22913.0	293.1875
22988.0	224.04761904761904
23063.0	162.71428571428572
23138.0	298.7804054054054
23213.0	308.70175438596493
23288.0	234.80555555555554
23363.0	173.33333333333334
23438.0	294.80116959064327
23513.0	328.08
23588.0	257.6585365853659
23663.0	185.71052631578948
23738.0	0.0
23813.0	375.13513513513516
23888.0	285.39130434782606
23963.0	208.78947368421052
24038.0	161.25
24113.0	283.52147239263803
24188.0	280.22222222222223
24263.0	202.4390243902439
24338.0	160.0
24413.0	300.472602739726
24488.0	296.25
24563.0	233.34782608695653
24638.0	172.72727272727272
24713.0	292.68
24788.0	284.45454545454544
24863.0	212.08510638297872
24938.0	183.23076923076923
25013.0	303.8119658119658
25088.0	281.24
25163.0	206.70689655172413
25238.0	159.46666666666667
25313.0	300.2463054187192
25388.0	284.74074074074076
25463.0	211.09803921568627
25538.0	159.71428571428572
25613.0	333.27868852459017
25688.0	305.3
25763.0	229.85
25838.0	175.2
25913.0	300.7511961722488
25988.0	334.92857142857144
26063.0	246.56521739130434
26138.0	186.46428571428572
26213.0	288.93203883495147
26288.0	305.60869565217394
26363.0	230.7037037037037
26438.0	171.9375
26513.0	296.94214876033055
26588.0	323.55172413793105
26663.0	251.07692307692307
26738.0	178.10714285714286
26813.0	290.70642201834863
26888.0	327.8196721311475
26963.0	252.86153846153846
27038.0	179.63492063492063
27113.0	303.1834319526627
27188.0	349.078431372549
27263.0	272.0
27338.0	196.64705882352942
27413.0	266.7142857142857
27488.0	401.3333333333333
27563.0	310.6666666666667
27638.0	220.14285714285714
27713.0	156.66666666666666
27788.0	300.08670520231215
27863.0	304.5769230769231
27938.0	230.25806451612902
28013.0	174.76
28088.0	299.05882352941177
28163.0	302.27777777777777
28238.0	230.49253731343285
28313.0	168.390243902439
28388.0	293.6335403726708
28463.0	314.88
28538.0	242.14285714285714
28613.0	178.32608695652175
28688.0	292.59842519685037
28763.0	299.54545454545456
28838.0	226.01754385964912
28913.0	170.5609756097561
28988.0	321.39166666666665
29063.0	314.6363636363636
29138.0	239.09375
29213.0	179.37209302325581
29288.0	305.2142857142857
29363.0	0.0
29438.0	0.0
29513.0	330.625
29588.0	0.0
29663.0	0.0
29738.0	0.0
29813.0	0.0
29877.0	0.0
