#Position (bp)	Coverage
38.0	1640.1733333333334
113.0	113.25333333333333
188.0	39.36
263.0	76.77333333333333
338.0	110.06666666666666
413.0	79.56
488.0	31.56
563.0	17.72
638.0	29.24
713.0	78.53333333333333
788.0	19.88
863.0	29.56
938.0	55.68
1013.0	63.026666666666664
1088.0	22.746666666666666
1163.0	16.773333333333333
1238.0	98.77333333333333
1313.0	119.33333333333333
1388.0	33.45333333333333
1463.0	18.333333333333332
1538.0	19.6
1613.0	42.68
1688.0	12.6
1763.0	13.68
1838.0	17.36
1913.0	47.18666666666667
1988.0	23.08
2063.0	18.493333333333332
2138.0	14.72
2213.0	38.24
2288.0	27.226666666666667
2363.0	24.666666666666668
2438.0	14.533333333333333
2513.0	28.826666666666668
2588.0	26.866666666666667
2663.0	12.533333333333333
2738.0	12.373333333333333
2813.0	24.186666666666667
2888.0	36.17333333333333
2963.0	16.0
3038.0	11.56
3113.0	9.746666666666666
3188.0	26.533333333333335
3263.0	22.36
3338.0	14.933333333333334
3413.0	9.613333333333333
3488.0	60.693333333333335
3563.0	44.84
3638.0	39.45333333333333
3713.0	20.2
3788.0	29.68
3863.0	17.573333333333334
3938.0	11.933333333333334
4013.0	14.32
4088.0	26.906666666666666
4163.0	17.76
4238.0	11.12
4313.0	22.12
4388.0	27.6
4463.0	15.04
4538.0	15.04
4613.0	27.946666666666665
4688.0	54.74666666666667
4763.0	19.386666666666667
4838.0	20.76
4913.0	17.573333333333334
4988.0	35.6
5063.0	23.4
5138.0	27.066666666666666
5213.0	25.573333333333334
5288.0	26.626666666666665
5363.0	8.573333333333334
5438.0	9.52
5513.0	24.72
5588.0	48.86666666666667
5663.0	25.88
5738.0	19.266666666666666
5813.0	13.253333333333334
5888.0	26.426666666666666
5963.0	20.08
6038.0	10.013333333333334
6113.0	8.133333333333333
6188.0	19.88
6263.0	19.69333333333333
6338.0	12.626666666666667
6413.0	10.84
6488.0	26.373333333333335
6563.0	26.586666666666666
6638.0	18.133333333333333
6713.0	41.586666666666666
6788.0	57.84
6863.0	37.49333333333333
6938.0	18.68
7013.0	20.186666666666667
7088.0	37.22666666666667
7163.0	11.586666666666666
7238.0	17.613333333333333
7313.0	29.52
7388.0	32.38666666666666
7463.0	14.306666666666667
7538.0	20.85333333333333
7613.0	34.96
7688.0	50.733333333333334
7763.0	16.453333333333333
7838.0	16.88
7913.0	19.293333333333333
7988.0	27.373333333333335
8063.0	11.28
8138.0	10.226666666666667
8213.0	10.92
8288.0	30.613333333333333
8363.0	14.706666666666667
8438.0	7.84
8513.0	11.426666666666666
8588.0	25.2
8663.0	31.573333333333334
8738.0	23.85333333333333
8813.0	18.346666666666668
8888.0	30.253333333333334
8963.0	37.413333333333334
9038.0	21.4
9113.0	26.4
9188.0	34.86666666666667
9263.0	41.89333333333333
9338.0	21.653333333333332
9413.0	18.30666666666667
9488.0	18.12
9563.0	22.426666666666666
9638.0	15.96
9713.0	16.85333333333333
9788.0	15.773333333333333
9863.0	11.053333333333333
9938.0	9.0
10013.0	22.573333333333334
10088.0	51.306666666666665
10163.0	36.13333333333333
10238.0	16.56
10313.0	18.72
10388.0	31.986666666666668
10463.0	26.386666666666667
10538.0	13.306666666666667
10613.0	18.586666666666666
10688.0	38.306666666666665
10763.0	28.333333333333332
10838.0	19.226666666666667
10913.0	18.973333333333333
10988.0	30.066666666666666
11063.0	31.333333333333332
11138.0	11.6
11213.0	12.093333333333334
11288.0	17.64
11363.0	28.933333333333334
11438.0	13.52
11513.0	19.506666666666668
11588.0	25.946666666666665
11663.0	32.28
11738.0	31.653333333333332
11813.0	43.29333333333334
11888.0	51.88
11963.0	26.666666666666668
12038.0	14.573333333333334
12113.0	28.986666666666668
12188.0	56.32
12263.0	39.6
12338.0	20.88
12413.0	23.493333333333332
12488.0	26.026666666666667
12563.0	19.066666666666666
12638.0	19.506666666666668
12713.0	23.56
12788.0	23.573333333333334
12863.0	7.72
12938.0	11.64
13013.0	32.973333333333336
13088.0	30.48
13163.0	13.413333333333334
13238.0	13.786666666666667
13313.0	42.64
13388.0	45.46666666666667
13463.0	20.453333333333333
13538.0	18.666666666666668
13613.0	21.69333333333333
13688.0	20.266666666666666
13763.0	11.346666666666666
13838.0	13.093333333333334
13913.0	17.68
13988.0	14.72
14063.0	8.613333333333333
14138.0	11.88
14213.0	20.813333333333333
14288.0	23.733333333333334
14363.0	11.866666666666667
14438.0	14.546666666666667
14513.0	13.72
14588.0	32.973333333333336
14663.0	18.76
14738.0	19.786666666666665
14813.0	21.733333333333334
14888.0	31.44
14963.0	13.28
15038.0	14.08
15113.0	23.626666666666665
15188.0	53.06666666666667
15263.0	31.333333333333332
15338.0	17.186666666666667
15413.0	23.266666666666666
15488.0	29.533333333333335
15563.0	24.266666666666666
15638.0	12.786666666666667
15713.0	12.466666666666667
15788.0	14.093333333333334
15863.0	30.36
15938.0	11.666666666666666
16013.0	13.626666666666667
16088.0	13.626666666666667
16163.0	33.42666666666667
16238.0	23.373333333333335
16313.0	17.12
16388.0	13.32
16463.0	35.53333333333333
16538.0	22.16
16613.0	12.826666666666666
16688.0	10.28
16763.0	22.653333333333332
16838.0	24.30666666666667
16913.0	18.133333333333333
16988.0	22.613333333333333
17063.0	37.013333333333335
17138.0	39.29333333333334
17213.0	13.066666666666666
17288.0	14.226666666666667
17363.0	26.613333333333333
17438.0	41.84
17513.0	15.813333333333333
17588.0	13.546666666666667
17663.0	20.213333333333335
17738.0	28.16
17813.0	12.04
17888.0	8.533333333333333
17963.0	15.453333333333333
18038.0	21.093333333333334
18113.0	16.413333333333334
18188.0	27.84
18263.0	36.22666666666667
18338.0	36.86666666666667
18413.0	10.88
18488.0	13.186666666666667
18563.0	18.026666666666667
18638.0	74.6
18713.0	41.38666666666666
18788.0	38.333333333333336
18863.0	32.56
18938.0	62.346666666666664
19013.0	23.506666666666668
19088.0	22.413333333333334
19163.0	31.92
19238.0	59.18666666666667
19313.0	33.093333333333334
19388.0	13.24
19463.0	13.8
19538.0	32.586666666666666
19613.0	34.29333333333334
19688.0	9.6
19763.0	10.413333333333334
19838.0	24.76
19913.0	52.14666666666667
19988.0	28.36
20063.0	13.466666666666667
20138.0	16.64
20213.0	47.22666666666667
20288.0	20.493333333333332
20363.0	16.64
20438.0	21.933333333333334
20513.0	39.46666666666667
20588.0	23.373333333333335
20663.0	13.733333333333333
20738.0	13.013333333333334
20813.0	30.52
20888.0	23.573333333333334
20963.0	16.213333333333335
21038.0	12.613333333333333
21113.0	15.853333333333333
21188.0	7.44
21263.0	11.96
21338.0	18.92
21413.0	35.653333333333336
21488.0	15.32
21563.0	20.64
21638.0	26.04
21713.0	44.45333333333333
21788.0	11.906666666666666
21863.0	10.573333333333334
21938.0	16.466666666666665
22013.0	31.213333333333335
22088.0	6.506666666666667
22163.0	11.36
22238.0	21.16
22313.0	55.84
22388.0	26.626666666666665
22463.0	17.986666666666668
22538.0	23.373333333333335
22613.0	26.826666666666668
22688.0	12.106666666666667
22763.0	23.453333333333333
22838.0	50.6
22913.0	26.546666666666667
22988.0	15.92
23063.0	12.693333333333333
23138.0	25.2
23213.0	21.373333333333335
23288.0	15.266666666666667
23363.0	15.773333333333333
23438.0	21.28
23513.0	24.746666666666666
23588.0	18.173333333333332
23663.0	25.4
23738.0	33.653333333333336
23813.0	40.14666666666667
23888.0	14.333333333333334
23963.0	17.453333333333333
24038.0	12.56
24113.0	34.22666666666667
24188.0	24.64
24263.0	26.84
24338.0	21.08
24413.0	41.78666666666667
24488.0	16.346666666666668
24563.0	8.986666666666666
24638.0	9.786666666666667
24713.0	22.493333333333332
24788.0	22.14666666666667
24863.0	15.64
24938.0	18.52
25013.0	36.413333333333334
25088.0	18.493333333333332
25163.0	9.773333333333333
25238.0	4.946666666666666
25313.0	27.066666666666666
25388.0	28.866666666666667
25463.0	29.066666666666666
25538.0	39.10666666666667
25613.0	83.22666666666667
25688.0	40.61333333333334
25763.0	13.24
25838.0	40.733333333333334
25913.0	78.4
25988.0	68.68
26063.0	41.49333333333333
26138.0	33.0
26213.0	90.33333333333333
26288.0	173.08
26363.0	33.86666666666667
26438.0	36.22666666666667
26513.0	137.68
26588.0	107.68
26663.0	58.25333333333333
26738.0	58.373333333333335
26813.0	56.666666666666664
26888.0	90.01333333333334
26963.0	36.733333333333334
27038.0	47.4
27113.0	74.05333333333333
27188.0	109.48
27263.0	25.373333333333335
27338.0	23.773333333333333
27413.0	42.22666666666667
27488.0	107.70666666666666
27563.0	52.733333333333334
27638.0	20.706666666666667
27713.0	26.173333333333332
27788.0	103.30666666666667
27863.0	85.24
27938.0	22.546666666666667
28013.0	36.89333333333333
28088.0	50.72
28163.0	49.29333333333334
28238.0	50.986666666666665
28313.0	128.01333333333332
28388.0	135.02666666666667
28463.0	103.10666666666667
28538.0	33.17333333333333
28613.0	55.666666666666664
28688.0	155.97333333333333
28763.0	183.30666666666667
28838.0	90.58666666666667
28913.0	49.22666666666667
28988.0	154.84
29063.0	159.56
29138.0	129.61333333333334
29213.0	66.78666666666666
29288.0	133.33333333333334
29363.0	235.17333333333335
29438.0	96.37333333333333
29513.0	179.01333333333332
29588.0	106.13333333333334
29663.0	78.28
29738.0	40.946666666666665
29813.0	45.946666666666665
29877.0	14.471698113207546
