#Position (bp)	Coverage
38.0	3476.8533333333335
113.0	45.81333333333333
188.0	2.2
263.0	2.3466666666666667
338.0	16.16
413.0	46.86666666666667
488.0	47.906666666666666
563.0	53.18666666666667
638.0	45.32
713.0	52.86666666666667
788.0	21.4
863.0	31.30666666666667
938.0	34.86666666666667
1013.0	48.053333333333335
1088.0	14.213333333333333
1163.0	11.453333333333333
1238.0	22.56
1313.0	34.88
1388.0	26.613333333333333
1463.0	20.786666666666665
1538.0	29.14666666666667
1613.0	19.893333333333334
1688.0	9.16
1763.0	15.053333333333333
1838.0	24.906666666666666
1913.0	34.346666666666664
1988.0	30.226666666666667
2063.0	29.133333333333333
2138.0	27.68
2213.0	31.08
2288.0	10.933333333333334
2363.0	4.16
2438.0	2.9466666666666668
2513.0	10.053333333333333
2588.0	15.426666666666666
2663.0	4.48
2738.0	9.693333333333333
2813.0	17.8
2888.0	17.506666666666668
2963.0	3.7466666666666666
3038.0	4.8
3113.0	5.426666666666667
3188.0	21.373333333333335
3263.0	20.733333333333334
3338.0	32.53333333333333
3413.0	19.16
3488.0	23.066666666666666
3563.0	12.693333333333333
3638.0	14.573333333333334
3713.0	15.426666666666666
3788.0	31.506666666666668
3863.0	18.4
3938.0	16.346666666666668
4013.0	18.453333333333333
4088.0	24.8
4163.0	22.813333333333333
4238.0	23.893333333333334
4313.0	26.173333333333332
4388.0	22.12
4463.0	11.56
4538.0	14.373333333333333
4613.0	23.6
4688.0	71.64
4763.0	9.76
4838.0	13.573333333333334
4913.0	11.946666666666667
4988.0	14.613333333333333
5063.0	7.0
5138.0	9.666666666666666
5213.0	10.506666666666666
5288.0	13.48
5363.0	1.2266666666666666
5438.0	2.8533333333333335
5513.0	4.96
5588.0	46.17333333333333
5663.0	26.413333333333334
5738.0	23.88
5813.0	20.026666666666667
5888.0	25.466666666666665
5963.0	18.266666666666666
6038.0	8.333333333333334
6113.0	8.426666666666666
6188.0	16.413333333333334
6263.0	16.586666666666666
6338.0	11.44
6413.0	17.906666666666666
6488.0	33.92
6563.0	21.64
6638.0	10.2
6713.0	14.333333333333334
6788.0	24.253333333333334
6863.0	20.573333333333334
6938.0	13.786666666666667
7013.0	14.88
7088.0	17.453333333333333
7163.0	6.306666666666667
7238.0	4.48
7313.0	13.72
7388.0	19.026666666666667
7463.0	20.066666666666666
7538.0	14.066666666666666
7613.0	34.333333333333336
7688.0	23.14666666666667
7763.0	6.4
7838.0	4.786666666666667
7913.0	5.693333333333333
7988.0	26.186666666666667
8063.0	25.826666666666668
8138.0	22.333333333333332
8213.0	19.16
8288.0	27.426666666666666
8363.0	11.8
8438.0	7.693333333333333
8513.0	10.88
8588.0	18.213333333333335
8663.0	20.266666666666666
8738.0	12.053333333333333
8813.0	14.173333333333334
8888.0	21.266666666666666
8963.0	26.04
9038.0	16.346666666666668
9113.0	17.333333333333332
9188.0	17.546666666666667
9263.0	11.266666666666667
9338.0	4.613333333333333
9413.0	4.306666666666667
9488.0	19.04
9563.0	27.373333333333335
9638.0	19.186666666666667
9713.0	16.346666666666668
9788.0	17.733333333333334
9863.0	33.026666666666664
9938.0	16.973333333333333
10013.0	20.24
10088.0	35.18666666666667
10163.0	40.10666666666667
10238.0	9.28
10313.0	8.6
10388.0	28.653333333333332
10463.0	28.6
10538.0	24.626666666666665
10613.0	33.986666666666665
10688.0	25.453333333333333
10763.0	20.973333333333333
10838.0	10.613333333333333
10913.0	12.906666666666666
10988.0	24.813333333333333
11063.0	41.04
11138.0	26.453333333333333
11213.0	14.973333333333333
11288.0	26.4
11363.0	38.93333333333333
11438.0	16.226666666666667
11513.0	18.626666666666665
11588.0	21.026666666666667
11663.0	31.56
11738.0	12.613333333333333
11813.0	17.24
11888.0	36.986666666666665
11963.0	27.546666666666667
12038.0	17.30666666666667
12113.0	28.04
12188.0	47.44
12263.0	31.0
12338.0	19.08
12413.0	28.786666666666665
12488.0	29.106666666666666
12563.0	13.506666666666666
12638.0	13.106666666666667
12713.0	24.866666666666667
12788.0	34.61333333333334
12863.0	23.293333333333333
12938.0	21.573333333333334
13013.0	32.18666666666667
13088.0	27.14666666666667
13163.0	10.32
13238.0	13.72
13313.0	29.52
13388.0	25.68
13463.0	17.0
13538.0	16.493333333333332
13613.0	18.173333333333332
13688.0	16.92
13763.0	10.306666666666667
13838.0	8.533333333333333
13913.0	20.373333333333335
13988.0	21.56
14063.0	10.653333333333334
14138.0	15.253333333333334
14213.0	19.666666666666668
14288.0	19.0
14363.0	8.586666666666666
14438.0	10.28
14513.0	10.0
14588.0	28.093333333333334
14663.0	26.133333333333333
14738.0	28.786666666666665
14813.0	22.573333333333334
14888.0	25.573333333333334
14963.0	8.573333333333334
15038.0	9.893333333333333
15113.0	15.653333333333334
15188.0	46.733333333333334
15263.0	28.253333333333334
15338.0	16.88
15413.0	16.346666666666668
15488.0	24.093333333333334
15563.0	24.826666666666668
15638.0	14.213333333333333
15713.0	17.506666666666668
15788.0	23.013333333333332
15863.0	30.893333333333334
15938.0	15.52
16013.0	21.453333333333333
16088.0	23.946666666666665
16163.0	27.453333333333333
16238.0	6.96
16313.0	5.466666666666667
16388.0	8.28
16463.0	25.426666666666666
16538.0	24.746666666666666
16613.0	34.733333333333334
16688.0	19.893333333333334
16763.0	20.12
16838.0	13.213333333333333
16913.0	9.253333333333334
16988.0	14.466666666666667
17063.0	30.2
17138.0	33.32
17213.0	18.706666666666667
17288.0	25.106666666666666
17363.0	29.44
17438.0	41.4
17513.0	13.68
17588.0	9.6
17663.0	12.906666666666666
17738.0	25.653333333333332
17813.0	10.2
17888.0	6.533333333333333
17963.0	7.8
18038.0	10.68
18113.0	7.68
18188.0	13.12
18263.0	25.586666666666666
18338.0	29.36
18413.0	21.413333333333334
18488.0	16.546666666666667
18563.0	28.413333333333334
18638.0	75.01333333333334
18713.0	15.493333333333334
18788.0	18.066666666666666
18863.0	13.546666666666667
18938.0	29.826666666666668
19013.0	15.493333333333334
19088.0	15.44
19163.0	23.72
19238.0	37.346666666666664
19313.0	17.0
19388.0	6.36
19463.0	5.8933333333333335
19538.0	21.56
19613.0	38.45333333333333
19688.0	17.026666666666667
19763.0	15.226666666666667
19838.0	27.24
19913.0	45.89333333333333
19988.0	19.4
20063.0	16.0
20138.0	17.106666666666666
20213.0	92.90666666666667
20288.0	22.933333333333334
20363.0	14.56
20438.0	15.226666666666667
20513.0	27.786666666666665
20588.0	21.173333333333332
20663.0	18.906666666666666
20738.0	14.146666666666667
20813.0	25.973333333333333
20888.0	20.586666666666666
20963.0	18.28
21038.0	19.426666666666666
21113.0	38.14666666666667
21188.0	13.24
21263.0	6.12
21338.0	10.866666666666667
21413.0	27.213333333333335
21488.0	16.44
21563.0	29.266666666666666
21638.0	49.42666666666667
21713.0	41.28
21788.0	4.0
21863.0	3.466666666666667
21938.0	3.0
22013.0	15.213333333333333
22088.0	14.213333333333333
22163.0	18.986666666666668
22238.0	22.573333333333334
22313.0	32.986666666666665
22388.0	7.32
22463.0	10.346666666666666
22538.0	26.28
22613.0	21.6
22688.0	13.12
22763.0	18.973333333333333
22838.0	26.0
22913.0	13.333333333333334
22988.0	8.093333333333334
23063.0	6.8
23138.0	20.866666666666667
23213.0	19.893333333333334
23288.0	20.173333333333332
23363.0	13.333333333333334
23438.0	17.16
23513.0	17.186666666666667
23588.0	6.32
23663.0	9.733333333333333
23738.0	10.88
23813.0	25.786666666666665
23888.0	18.986666666666668
23963.0	24.6
24038.0	16.04
24113.0	30.626666666666665
24188.0	14.186666666666667
24263.0	12.373333333333333
24338.0	12.693333333333333
24413.0	31.573333333333334
24488.0	21.066666666666666
24563.0	13.226666666666667
24638.0	12.0
24713.0	21.226666666666667
24788.0	21.666666666666668
24863.0	15.88
24938.0	18.72
25013.0	26.133333333333333
25088.0	12.586666666666666
25163.0	4.093333333333334
25238.0	3.1466666666666665
25313.0	31.186666666666667
25388.0	27.426666666666666
25463.0	37.22666666666667
25538.0	33.0
25613.0	42.093333333333334
25688.0	23.44
25763.0	19.533333333333335
25838.0	36.86666666666667
25913.0	52.48
25988.0	39.17333333333333
26063.0	12.8
26138.0	13.32
26213.0	32.52
26288.0	51.76
26363.0	25.666666666666668
26438.0	17.04
26513.0	48.8
26588.0	56.53333333333333
26663.0	34.78666666666667
26738.0	24.56
26813.0	31.76
26888.0	56.10666666666667
26963.0	25.333333333333332
27038.0	41.653333333333336
27113.0	57.74666666666667
27188.0	69.6
27263.0	15.906666666666666
27338.0	16.48
27413.0	28.32
27488.0	57.57333333333333
27563.0	28.173333333333332
27638.0	28.213333333333335
27713.0	18.386666666666667
27788.0	30.653333333333332
27863.0	24.52
27938.0	9.413333333333334
28013.0	9.44
28088.0	13.48
28163.0	16.16
28238.0	19.066666666666666
28313.0	41.24
28388.0	50.61333333333334
28463.0	48.61333333333334
28538.0	14.733333333333333
28613.0	11.32
28688.0	31.733333333333334
28763.0	38.77333333333333
28838.0	35.46666666666667
28913.0	31.013333333333332
28988.0	66.29333333333334
29063.0	82.89333333333333
29138.0	33.64
29213.0	33.973333333333336
29288.0	44.48
29363.0	78.18666666666667
29438.0	14.426666666666666
29513.0	37.733333333333334
29588.0	38.693333333333335
29663.0	35.70666666666666
29738.0	2.8266666666666667
29813.0	1.0
29877.0	0.3018867924528302
