#Position (bp)	mapping quality
38.0	59.53507853403141
113.0	59.3238844092753
188.0	59.32638091911581
263.0	59.2208691637329
338.0	59.3453910682248
413.0	57.486969471332834
488.0	55.746691871455575
563.0	55.3576341127923
638.0	58.3995257854179
713.0	59.62548894498849
788.0	59.67233805004733
863.0	59.66684683799322
938.0	59.655782450465026
1013.0	58.848191660907624
1088.0	53.44739716053877
1163.0	53.883792048929664
1238.0	50.54125065685759
1313.0	46.577181208053695
1388.0	41.48148148148148
1463.0	43.31788693234476
1538.0	46.32218844984803
1613.0	56.25546078635323
1688.0	55.225464190981434
1763.0	54.420334779913205
1838.0	54.876174210076854
1913.0	58.486886348352385
1988.0	57.40372133275638
2063.0	56.99097291875627
2138.0	56.1139896373057
2213.0	53.618374558303884
2288.0	51.73932996787517
2363.0	51.75824175824176
2438.0	54.943820224719104
2513.0	55.56643014436017
2588.0	56.76025917926566
2663.0	56.497373029772326
2738.0	55.348837209302324
2813.0	57.49930536260072
2888.0	58.49686847599165
2963.0	57.67981438515081
3038.0	57.498614958448755
3113.0	57.85100286532951
3188.0	57.88285109386027
3263.0	57.031662269129285
3338.0	57.45258986696858
3413.0	56.812003530450134
3488.0	56.537795729948066
3563.0	40.34934497816594
3638.0	37.63975155279503
3713.0	45.530546623794216
3788.0	53.40659340659341
3863.0	55.87619481110605
3938.0	56.78226671433679
4013.0	57.29689142513891
4088.0	59.052132701421804
4163.0	57.63328907833135
4238.0	55.62742920599667
4313.0	55.77982245836843
4388.0	55.351601423487544
4463.0	52.79642305144623
4538.0	51.413915559647506
4613.0	51.05176663927691
4688.0	36.92677455535972
4763.0	17.647058823529413
4838.0	18.786491127647395
4913.0	20.264900662251655
4988.0	15.348837209302326
5063.0	16.56108597285068
5138.0	10.684931506849315
5213.0	19.527824620573355
5288.0	21.18598382749326
5363.0	20.83763937992929
5438.0	19.686450167973124
5513.0	20.264900662251655
5588.0	53.64553588425662
5663.0	56.680001416079584
5738.0	57.61860028182245
5813.0	56.645823843637416
5888.0	55.48847053581375
5963.0	39.57639939485628
6038.0	14.263128176171655
6113.0	19.70149253731343
6188.0	57.83434040960376
6263.0	58.795001487652485
6338.0	58.579710661981125
6413.0	58.72437735098679
6488.0	58.47155831739962
6563.0	53.901952969310486
6638.0	51.93860386879731
6713.0	49.91696322657177
6788.0	46.72796668979875
6863.0	33.54771784232365
6938.0	7.638603696098563
7013.0	19.17822838847385
7088.0	16.059735784032167
7163.0	2.351168048229088
7238.0	3.8325991189427313
7313.0	32.72727272727273
7388.0	49.73016512283528
7463.0	48.3685570928995
7538.0	49.542036910457966
7613.0	50.96492264084091
7688.0	49.93288590604027
7763.0	48.02254579614843
7838.0	47.075519513431324
7913.0	49.57055214723926
7988.0	53.93125246937969
8063.0	50.910111098642126
8138.0	51.72877214416616
8213.0	53.46141427187601
8288.0	53.88078869834555
8363.0	44.04883812524616
8438.0	41.34070490670352
8513.0	38.49747809928325
8588.0	40.70050035739814
8663.0	35.92152199762188
8738.0	29.730941704035875
8813.0	30.04437869822485
8888.0	47.9535990481856
8963.0	57.39164036839055
9038.0	57.88024704281378
9113.0	58.05117117117117
9188.0	58.075598108859374
9263.0	54.955720440402104
9338.0	51.3304286148546
9413.0	52.30561555075594
9488.0	55.6972472447285
9563.0	56.823082451997124
9638.0	56.22454427579895
9713.0	55.62668314864686
9788.0	55.671993712339535
9863.0	42.34979497236584
9938.0	4.1309255079006775
10013.0	7.1718249733191035
10088.0	52.10526315789474
10163.0	57.52737795295233
10238.0	57.29123344642662
10313.0	57.46584040229593
10388.0	57.28001710681065
10463.0	53.80979178390546
10538.0	50.82058414464534
10613.0	51.3302390752255
10688.0	53.255259753523525
10763.0	51.220290883291945
10838.0	50.394877267876204
10913.0	50.300773978642106
10988.0	52.70449521002211
11063.0	52.97419903600794
11138.0	51.4211528474987
11213.0	51.502875289674705
11288.0	51.70020120724346
11363.0	56.55064283474444
11438.0	51.58377964804897
11513.0	50.257823263137176
11588.0	55.19534093666586
11663.0	55.6554537081707
11738.0	53.86617100371747
11813.0	52.25594493116395
11888.0	56.80056878777106
11963.0	57.73006416131989
12038.0	57.26084149359733
12113.0	57.43186608803472
12188.0	57.84127646261341
12263.0	55.38090990187333
12338.0	53.84807417974322
12413.0	55.80138736765243
12488.0	51.181732981170654
12563.0	46.39727105746523
12638.0	45.38135593220339
12713.0	53.33247439283644
12788.0	56.728824273072064
12863.0	57.096285489844014
12938.0	56.84739567468779
13013.0	57.13601179506082
13088.0	55.64382678462696
13163.0	55.406600884654644
13238.0	55.143815915628
13313.0	55.41385421773068
13388.0	37.50939696028763
13463.0	4.048734770384255
13538.0	3.9892419314485865
13613.0	23.40117704757234
13688.0	38.4055559574622
13763.0	39.56462212486309
13838.0	39.86147030382081
13913.0	36.205962059620596
13988.0	41.07471895866791
14063.0	39.796954314720814
14138.0	41.319231491332374
14213.0	42.278205458035664
14288.0	36.28376231331427
14363.0	27.62823988721397
14438.0	28.06120265354162
14513.0	28.8694987137593
14588.0	37.11942357810823
14663.0	35.83582935319355
14738.0	34.840558536790944
14813.0	36.421180125859024
14888.0	31.451150340959785
14963.0	14.452977976705153
15038.0	12.219613701846122
15113.0	12.521075234611102
15188.0	33.40854436956328
15263.0	43.1742512494833
15338.0	42.125748502994014
15413.0	42.986911840130695
15488.0	44.208354640193264
15563.0	40.69044333275832
15638.0	34.50606388430223
15713.0	33.36406900654372
15788.0	33.348214285714285
15863.0	42.90065181026361
15938.0	44.10279514858801
16013.0	43.089928470336226
16088.0	43.44321386549129
16163.0	39.73330288845759
16238.0	1.4820623407175064
16313.0	1.4131501472031402
16388.0	2.0575865415723067
16463.0	4.344313238036047
16538.0	5.299615173172072
16613.0	3.0669464047301163
16688.0	5.737138702054172
16763.0	11.23080274479904
16838.0	12.037919768625141
16913.0	16.038291605301914
16988.0	17.023563852761914
17063.0	36.874806321660984
17138.0	51.370841081872754
17213.0	52.21211541471729
17288.0	50.64435251347624
17363.0	51.3370349590822
17438.0	45.67076780314545
17513.0	35.874888870928636
17588.0	33.59497552633131
17663.0	37.279853870157545
17738.0	29.645096776380463
17813.0	16.579712955779673
17888.0	11.646868250539956
17963.0	15.841017801666748
18038.0	25.680450695588856
18113.0	26.406208991038955
18188.0	24.763516172188556
18263.0	30.554199379824503
18338.0	36.41229254347653
18413.0	32.25422725998817
18488.0	30.84704727629642
18563.0	33.317761207438686
18638.0	43.77067094048226
18713.0	41.52180675667268
18788.0	42.839644081506876
18863.0	42.762289848904025
18938.0	42.834851958159156
19013.0	36.32489305736377
19088.0	36.34345794392523
19163.0	31.194801836167326
19238.0	30.42127278159546
19313.0	3.7748469741906985
19388.0	0.0
19463.0	0.18528464017185822
19538.0	1.236786469344609
19613.0	10.078837706948981
19688.0	13.457237360214206
19763.0	14.594345421020282
19838.0	16.605805472612463
19913.0	9.759672745866713
19988.0	0.377205435003042
20063.0	0.9757076892190323
20138.0	1.2117576484703059
20213.0	1.597139451728248
20288.0	0.37317468902109246
20363.0	0.3409090909090909
20438.0	0.6180569581902646
20513.0	27.255113024757804
20588.0	26.217541171964765
20663.0	30.095612666983115
20738.0	29.02349099336353
20813.0	38.327640858048504
20888.0	37.45495437932885
20963.0	35.22164166526209
21038.0	34.23613951042823
21113.0	34.89714041826718
21188.0	2.7718660783804827
21263.0	0.11406844106463879
21338.0	0.06930760345179045
21413.0	2.0727702613949823
21488.0	1.0230692076228687
21563.0	1.617391304347826
21638.0	2.554715479506566
21713.0	3.941778127458694
21788.0	1.7495571603760731
21863.0	1.598360655737705
21938.0	1.04667999724195
22013.0	2.804975922953451
22088.0	10.500781566606843
22163.0	6.897708216880939
22238.0	6.374811841445058
22313.0	7.760738070507729
22388.0	0.0
22463.0	0.0
22538.0	14.17760866069993
22613.0	23.367609254498714
22688.0	26.638052130482286
22763.0	24.9633241814531
22838.0	25.20288144560661
22913.0	4.478654592496766
22988.0	0.0
23063.0	0.10870322625601003
23138.0	24.95780848722025
23213.0	39.676526920621406
23288.0	41.84640729945507
23363.0	42.32572486119679
23438.0	43.1334994799741
23513.0	35.058038305281485
23588.0	17.082938033654568
23663.0	19.2615413783297
23738.0	19.980444196116775
23813.0	16.33509449298923
23888.0	8.875802997858672
23963.0	6.371747675797092
24038.0	7.823711527954835
24113.0	23.983405967147167
24188.0	30.963818789905748
24263.0	31.42800159553251
24338.0	27.9721269935907
24413.0	29.516952759256633
24488.0	23.62520631427483
24563.0	20.92293703114344
24638.0	21.198140038824434
24713.0	34.43183853824566
24788.0	39.679627341001996
24863.0	37.46105385243957
24938.0	38.39448150394178
25013.0	38.72458967023039
25088.0	20.69138555896292
25163.0	16.42768850432633
25238.0	14.91366446386698
25313.0	19.695446056601064
25388.0	16.471135940409685
25463.0	18.370436331255565
25538.0	20.22968949383241
25613.0	28.594135379556043
25688.0	26.918794883780222
25763.0	23.442122563982156
25838.0	20.95395726752934
25913.0	38.21822748000793
25988.0	57.0995810505962
26063.0	51.674375578168366
26138.0	48.916256157635466
26213.0	58.09281627463446
26288.0	59.36251593710157
26363.0	58.06784027479605
26438.0	58.62364275883163
26513.0	59.37148803329865
26588.0	59.07767985242878
26663.0	58.979729729729726
26738.0	58.96551724137931
26813.0	58.66171003717472
26888.0	58.73096446700507
26963.0	54.285714285714285
27038.0	56.404314822213344
27113.0	57.83080260303688
27188.0	59.26948051948052
27263.0	59.39198711495873
27338.0	58.991370615263925
27413.0	58.85039969547012
27488.0	58.286367098248284
27563.0	5.783132530120482
27638.0	18.525345622119815
27713.0	19.821428571428573
27788.0	52.1875
27863.0	57.75393062141253
27938.0	57.87183731378577
28013.0	58.39228295819936
28088.0	59.56572090330052
28163.0	57.13024282560706
28238.0	54.24723771552181
28313.0	57.03642097238105
28388.0	57.90859464784108
28463.0	59.81362626511972
28538.0	59.682528484249886
28613.0	59.73267591409986
28688.0	59.7150726564726
28763.0	59.127315039270826
28838.0	6.745562130177515
28913.0	30.099667774086377
28988.0	57.76493256262042
29063.0	59.55126943515056
29138.0	59.619192688499616
29213.0	59.48033707865169
29288.0	60.0
29363.0	60.0
29438.0	60.0
29513.0	60.0
29588.0	60.0
29663.0	60.0
29738.0	60.0
29813.0	60.0
29877.0	60.0
