#Position (bp)	mapping quality
38.0	54.97933420551708
113.0	47.99617878647522
188.0	51.01388349743967
263.0	51.7767678031198
338.0	50.590947332403246
413.0	45.325707747253325
488.0	37.15737289605236
563.0	35.09205308077317
638.0	37.38058415447837
713.0	45.23321282882604
788.0	48.30555007149877
863.0	48.231884437233404
938.0	45.30202603361713
1013.0	38.46809694027484
1088.0	30.43703176217097
1163.0	29.2711326868252
1238.0	30.254357902742576
1313.0	24.384651851851853
1388.0	13.63046983472925
1463.0	12.56959437403719
1538.0	13.652510646394216
1613.0	37.453316865813456
1688.0	45.453109925229136
1763.0	46.586923715586174
1838.0	20.422502608442354
1913.0	8.691380980443956
1988.0	1.8318098615664462
2063.0	1.0377852956592175
2138.0	1.333639999718106
2213.0	2.9484688680743965
2288.0	3.5136168256259976
2363.0	3.217302329214543
2438.0	3.505711238099467
2513.0	7.923303636535139
2588.0	17.58602329517966
2663.0	22.172608288266325
2738.0	20.805047653963292
2813.0	14.831582102505472
2888.0	5.706899460188934
2963.0	0.6708024006441562
3038.0	0.5386099716910278
3113.0	0.5474690359055028
3188.0	0.42247455335228906
3263.0	0.22133200195246477
3338.0	0.1769265035893077
3413.0	0.2269142931612799
3488.0	0.28489962370784466
3563.0	0.19767565095160536
3638.0	0.11246266256360223
3713.0	0.06868762906239388
3788.0	1.1873800527239775
3863.0	2.305778086480409
3938.0	8.495454793555787
4013.0	10.942779739353531
4088.0	11.171314009044977
4163.0	10.493187814145546
4238.0	9.325513054823725
4313.0	8.492551973696605
4388.0	5.754835971855187
4463.0	2.92256491971781
4538.0	2.9166839581481776
4613.0	2.4792382180520507
4688.0	2.046854345559121
4763.0	2.1404182541618963
4838.0	2.3045541467773454
4913.0	2.647776086045442
4988.0	2.2282261083260013
5063.0	1.5400245428212247
5138.0	1.5034136473648088
5213.0	1.0975082067664466
5288.0	1.0746332320654108
5363.0	1.800071902362066
5438.0	1.81522293666064
5513.0	1.7974022484322305
5588.0	1.399024442804239
5663.0	0.7062341346235753
5738.0	0.5487981919709777
5813.0	0.530607269623475
5888.0	0.6567633228138546
5963.0	0.5723271746904338
6038.0	0.4391349651025843
6113.0	0.46216308805576867
6188.0	1.3964204517304977
6263.0	2.4193815944798462
6338.0	2.5517067124489516
6413.0	2.58911545210678
6488.0	2.1201769135867816
6563.0	1.1826099559468397
6638.0	1.00230380664816
6713.0	1.6610063105970474
6788.0	4.355656956853887
6863.0	5.660650207737645
6938.0	5.601272868695239
7013.0	5.169917558863316
7088.0	4.509894261062061
7163.0	4.274910840048227
7238.0	4.206754047657781
7313.0	3.488999961298863
7388.0	1.6717613435899812
7463.0	0.38600843063437
7538.0	0.43353467611201174
7613.0	0.7521408417144515
7688.0	2.5620255353133943
7763.0	3.7498090798545514
7838.0	3.735217830825011
7913.0	3.3446584641493424
7988.0	2.1902631954764504
8063.0	1.3163719496826212
8138.0	1.1838601470566548
8213.0	1.2689450575433943
8288.0	1.231937997738813
8363.0	0.7304878801080829
8438.0	0.5118983054072826
8513.0	0.6038128636129888
8588.0	0.7598819190664242
8663.0	1.3096097214782347
8738.0	1.5819341959186524
8813.0	1.5261393082178192
8888.0	1.9902587980723843
8963.0	3.3156051584195216
9038.0	3.9755633552799776
9113.0	4.063324115070506
9188.0	3.515671499858917
9263.0	2.7250096475090926
9338.0	2.6141126600432645
9413.0	2.645568921271445
9488.0	2.9562091646663786
9563.0	2.889907159013203
9638.0	2.4798853257572477
9713.0	2.6479395734265476
9788.0	2.077328224882096
9863.0	0.7597151887172614
9938.0	0.3058727434919407
10013.0	0.30668423657415367
10088.0	1.1272737173566916
10163.0	2.780791890200892
10238.0	3.5125633874403728
10313.0	3.3333814622313676
10388.0	2.476382652791717
10463.0	1.1978101054945482
10538.0	0.8326430529919427
10613.0	0.856853551331589
10688.0	1.3008555144601903
10763.0	1.5619866202948403
10838.0	1.3620057521711766
10913.0	1.448897419650398
10988.0	1.5154553656192955
11063.0	1.4852175431434393
11138.0	1.2674383654741395
11213.0	1.2340067575734652
11288.0	1.467389988671899
11363.0	3.308412649039877
11438.0	4.422154469579255
11513.0	4.14556257955413
11588.0	6.4610830989454815
11663.0	9.15629750108817
11738.0	9.43445579424959
11813.0	7.259460662497137
11888.0	4.9313592613132045
11963.0	3.3269867418488124
12038.0	3.2085054470475094
12113.0	3.1223036973680944
12188.0	2.2120543286607557
12263.0	0.8728943379447954
12338.0	0.5249738321150385
12413.0	0.8813257988034181
12488.0	2.558243953814075
12563.0	3.83398660953383
12638.0	3.79325231090945
12713.0	3.341144972505875
12788.0	2.5937102483275747
12863.0	2.2905548714066137
12938.0	2.2193616764764315
13013.0	3.157271908210271
13088.0	5.988056791234346
13163.0	8.204506937197921
13238.0	8.293466645960574
13313.0	5.8348831536950945
13388.0	2.4413694446113303
13463.0	1.4953883339109637
13538.0	1.4808156278974194
13613.0	2.2781817345316653
13688.0	3.9123429630256394
13763.0	4.982347389112185
13838.0	5.063434113491421
13913.0	3.5789803681152557
13988.0	2.126661665542317
14063.0	1.9403753018681005
14138.0	1.8143918239549117
14213.0	1.8435795216206188
14288.0	1.6999882931819967
14363.0	1.4973151021532138
14438.0	1.4829099170152393
14513.0	1.2517591230454226
14588.0	1.157740427050874
14663.0	1.0400125631551822
14738.0	0.844086949171106
14813.0	0.9128685455849865
14888.0	0.6627168225719838
14963.0	0.21925219142173952
15038.0	0.2265189240490864
15113.0	0.26524989565604773
15188.0	1.0828979097088722
15263.0	2.543222085575468
15338.0	3.307408518104961
15413.0	3.3819521475226435
15488.0	2.863240102640678
15563.0	2.729976571527327
15638.0	3.202092929182157
15713.0	3.1167973470333696
15788.0	2.4038102434003705
15863.0	1.5611740614190976
15938.0	1.0641204266676234
16013.0	1.0502278255702662
16088.0	1.0847970434195129
16163.0	1.1680316021725443
16238.0	1.0219949965270734
16313.0	0.8767295579768115
16388.0	0.8686296094302144
16463.0	3.1119006802156726
16538.0	5.609571107342667
16613.0	6.797870804009148
16688.0	6.781335921437206
16763.0	5.669055743532446
16838.0	4.78914751825742
16913.0	5.243427927553802
16988.0	5.448508514812959
17063.0	6.025629481238405
17138.0	9.137593631019925
17213.0	11.581887202571615
17288.0	11.032998689879113
17363.0	7.936319153172954
17438.0	4.316134797103342
17513.0	2.627992652865519
17588.0	2.298376238865504
17663.0	1.8832586563353577
17738.0	1.516284200666041
17813.0	1.2600365076699445
17888.0	1.2036141416075274
17963.0	1.4278723986540252
18038.0	1.6458756987560146
18113.0	1.5742932325614363
18188.0	1.6389673267297395
18263.0	2.1816197052591098
18338.0	3.4513166238748068
18413.0	4.6150874031805555
18488.0	4.916051212800038
18563.0	4.431424959978721
18638.0	4.01287525655129
18713.0	4.325505386304363
18788.0	4.329526743956292
18863.0	3.6060645891885774
18938.0	2.1871713158531025
19013.0	0.898161994926832
19088.0	0.835174752818886
19163.0	0.9210258739201489
19238.0	1.8781674043733898
19313.0	3.1203999029723604
19388.0	3.5320648261842256
19463.0	3.29358871091938
19538.0	2.1265383364030113
19613.0	0.6041622472663044
19688.0	0.11816251547544562
19763.0	0.11481068589139135
19838.0	0.33607493851475156
19913.0	1.2021052725467227
19988.0	1.7729857602218393
20063.0	1.6164243070291617
20138.0	1.5764270983036295
20213.0	2.030238152727389
20288.0	2.0129101162648015
20363.0	1.9350667586304797
20438.0	2.0146160590322433
20513.0	2.410562946665376
20588.0	2.2552350838726465
20663.0	1.9913337167040197
20738.0	1.9351033999933367
20813.0	1.363756512604807
20888.0	0.42431163055226206
20963.0	0.0385622620999611
21038.0	0.03376525059246906
21113.0	0.7130624846612041
21188.0	1.1984261198654738
21263.0	1.1807788319761214
21338.0	1.4880648596351616
21413.0	2.772720661058883
21488.0	3.7286659446664485
21563.0	3.9961317022885043
21638.0	3.6285970098376406
21713.0	2.609614910999466
21788.0	1.975156709951321
21863.0	1.767216364391914
21938.0	1.4665229287492678
22013.0	1.3854036995805448
22088.0	1.1614913818383532
22163.0	1.010495724989181
22238.0	1.0024933733044519
22313.0	0.583999135665862
22388.0	0.09563180744391453
22463.0	0.08394435323957675
22538.0	0.21453380447657333
22613.0	0.30584779781993343
22688.0	0.2668809541335068
22763.0	0.31476063242966024
22838.0	1.2752616879480387
22913.0	2.0093670097485465
22988.0	2.258803078318649
23063.0	2.693040088304974
23138.0	3.9156180844904194
23213.0	5.290870360080843
23288.0	6.3316205839213495
23363.0	5.892066160252103
23438.0	4.134304573500596
23513.0	1.9418806561172375
23588.0	1.2769918146083339
23663.0	1.1321928716045022
23738.0	0.9782121257639613
23813.0	1.2202694892046924
23888.0	1.7673637311321846
23963.0	2.0991816025449075
24038.0	2.3953674176995334
24113.0	3.503160004595449
24188.0	5.113191435576116
24263.0	5.605964106995326
24338.0	5.077052825232455
24413.0	3.6770330170643915
24488.0	2.5515921209782837
24563.0	2.993259992581552
24638.0	3.203429253884904
24713.0	3.685415771430422
24788.0	4.858395235448631
24863.0	7.775404576446719
24938.0	9.43703784863121
25013.0	6.270919704463086
25088.0	1.788985407427393
25163.0	0.9768434294112976
25238.0	0.9572596601418064
25313.0	3.3063222004401993
25388.0	6.380494694876514
25463.0	7.607019312503158
25538.0	7.265608647425804
25613.0	5.013230394535035
25688.0	2.558543940245576
25763.0	2.401955392168668
25838.0	2.3481674420543985
25913.0	3.5638605581237197
25988.0	6.011814881536219
26063.0	7.636568326500933
26138.0	8.022400650233429
26213.0	7.035473720404467
26288.0	4.067426677901286
26363.0	1.4367462607635975
26438.0	1.3911533595689674
26513.0	1.3789948645162529
26588.0	2.1490584141955225
26663.0	2.7700122506780955
26738.0	2.8627951374358434
26813.0	3.1081759785751712
26888.0	5.062628833934777
26963.0	6.806617070292091
27038.0	6.969242962734917
27113.0	6.546780955513199
27188.0	6.8391665000227935
27263.0	6.93835128303554
27338.0	7.168549790593955
27413.0	7.348508979382579
27488.0	7.767574329989388
27563.0	7.713632334202968
27638.0	7.438552053291663
27713.0	7.321173273236796
27788.0	5.585836089868555
27863.0	2.93766729646681
27938.0	2.883886815964936
28013.0	3.1958193952935194
28088.0	4.386165349304395
28163.0	8.534794524185044
28238.0	11.369743428750638
28313.0	12.312870597320355
28388.0	10.924451739298515
28463.0	11.266730668195956
28538.0	13.965575868108328
28613.0	15.478412351958323
28688.0	12.015105749266477
28763.0	5.923246288974644
28838.0	3.089970574582044
28913.0	3.0562930187996296
28988.0	6.75016508914814
29063.0	17.461641713707202
29138.0	23.377093735163758
29213.0	23.93155269813584
29288.0	19.45058042706298
29363.0	16.056717686444244
29438.0	16.338532340026724
29513.0	19.999536085097564
29588.0	25.272799229828212
29663.0	27.57005818007009
29738.0	31.79763806249462
29813.0	31.195547396742743
29877.0	32.585246147939166
