#Position (bp)	Coverage
38.0	258.06666666666666
113.0	38.42666666666667
188.0	39.49333333333333
263.0	41.68
338.0	62.4
413.0	51.77333333333333
488.0	34.18666666666667
563.0	28.386666666666667
638.0	39.44
713.0	52.85333333333333
788.0	35.13333333333333
863.0	45.373333333333335
938.0	56.346666666666664
1013.0	77.98666666666666
1088.0	52.38666666666666
1163.0	58.28
1238.0	61.44
1313.0	74.52
1388.0	36.946666666666665
1463.0	44.413333333333334
1538.0	47.04
1613.0	69.66666666666667
1688.0	23.4
1763.0	27.72
1838.0	26.973333333333333
1913.0	68.62666666666667
1988.0	49.17333333333333
2063.0	50.38666666666666
2138.0	46.36
2213.0	64.62666666666667
2288.0	28.733333333333334
2363.0	21.373333333333335
2438.0	21.373333333333335
2513.0	62.50666666666667
2588.0	78.12
2663.0	73.09333333333333
2738.0	73.16
2813.0	86.4
2888.0	103.04
2963.0	69.57333333333334
3038.0	79.88
3113.0	74.05333333333333
3188.0	89.6
3263.0	41.14666666666667
3338.0	47.8
3413.0	43.57333333333333
3488.0	92.70666666666666
3563.0	64.57333333333334
3638.0	69.98666666666666
3713.0	52.57333333333333
3788.0	68.72
3863.0	37.25333333333333
3938.0	20.0
4013.0	22.213333333333335
4088.0	45.93333333333333
4163.0	34.88
4238.0	25.746666666666666
4313.0	41.64
4388.0	52.413333333333334
4463.0	35.53333333333333
4538.0	31.066666666666666
4613.0	42.093333333333334
4688.0	62.12
4763.0	47.24
4838.0	64.10666666666667
4913.0	59.21333333333333
4988.0	94.36
5063.0	48.28
5138.0	58.54666666666667
5213.0	49.82666666666667
5288.0	73.52
5363.0	41.733333333333334
5438.0	48.64
5513.0	41.92
5588.0	66.65333333333334
5663.0	36.346666666666664
5738.0	30.0
5813.0	25.72
5888.0	44.16
5963.0	42.24
6038.0	34.026666666666664
6113.0	28.426666666666666
6188.0	52.093333333333334
6263.0	48.333333333333336
6338.0	38.70666666666666
6413.0	27.466666666666665
6488.0	57.333333333333336
6563.0	57.48
6638.0	50.22666666666667
6713.0	78.89333333333333
6788.0	131.74666666666667
6863.0	115.14666666666666
6938.0	82.84
7013.0	91.36
7088.0	147.05333333333334
7163.0	95.01333333333334
7238.0	118.81333333333333
7313.0	103.57333333333334
7388.0	100.56
7463.0	32.81333333333333
7538.0	39.38666666666666
7613.0	48.78666666666667
7688.0	56.57333333333333
7763.0	33.84
7838.0	35.693333333333335
7913.0	34.653333333333336
7988.0	69.2
8063.0	46.17333333333333
8138.0	52.093333333333334
8213.0	45.10666666666667
8288.0	107.38666666666667
8363.0	73.64
8438.0	64.54666666666667
8513.0	69.2
8588.0	90.32
8663.0	66.10666666666667
8738.0	40.973333333333336
8813.0	40.013333333333335
8888.0	47.29333333333334
8963.0	60.49333333333333
9038.0	42.50666666666667
9113.0	42.06666666666667
9188.0	56.45333333333333
9263.0	85.8
9338.0	63.10666666666667
9413.0	66.64
9488.0	77.41333333333333
9563.0	76.02666666666667
9638.0	43.17333333333333
9713.0	38.77333333333333
9788.0	57.72
9863.0	59.266666666666666
9938.0	45.026666666666664
10013.0	38.93333333333333
10088.0	68.44
10163.0	72.56
10238.0	56.57333333333333
10313.0	56.0
10388.0	77.94666666666667
10463.0	56.16
10538.0	35.733333333333334
10613.0	36.14666666666667
10688.0	63.053333333333335
10763.0	54.89333333333333
10838.0	36.373333333333335
10913.0	38.46666666666667
10988.0	53.72
11063.0	61.70666666666666
11138.0	34.48
11213.0	37.28
11288.0	49.78666666666667
11363.0	88.02666666666667
11438.0	64.12
11513.0	57.4
11588.0	62.48
11663.0	55.626666666666665
11738.0	30.88
11813.0	51.61333333333334
11888.0	75.41333333333333
11963.0	45.946666666666665
12038.0	38.70666666666666
12113.0	54.413333333333334
12188.0	71.21333333333334
12263.0	45.986666666666665
12338.0	26.733333333333334
12413.0	37.306666666666665
12488.0	47.92
12563.0	38.54666666666667
12638.0	48.2
12713.0	50.42666666666667
12788.0	48.56
12863.0	27.893333333333334
12938.0	29.346666666666668
13013.0	40.46666666666667
13088.0	40.38666666666666
13163.0	30.6
13238.0	26.28
13313.0	49.18666666666667
13388.0	58.08
13463.0	61.586666666666666
13538.0	57.733333333333334
13613.0	61.49333333333333
13688.0	42.653333333333336
13763.0	24.706666666666667
13838.0	21.08
13913.0	31.0
13988.0	39.81333333333333
14063.0	35.81333333333333
14138.0	36.76
14213.0	48.973333333333336
14288.0	52.72
14363.0	35.38666666666666
14438.0	42.56
14513.0	44.013333333333335
14588.0	74.90666666666667
14663.0	45.64
14738.0	54.61333333333334
14813.0	45.36
14888.0	75.98666666666666
14963.0	43.78666666666667
15038.0	51.08
15113.0	44.54666666666667
15188.0	59.906666666666666
15263.0	38.12
15338.0	28.573333333333334
15413.0	23.973333333333333
15488.0	42.693333333333335
15563.0	40.06666666666667
15638.0	25.226666666666667
15713.0	23.85333333333333
15788.0	24.093333333333334
15863.0	39.49333333333333
15938.0	22.613333333333333
16013.0	29.36
16088.0	26.48
16163.0	77.78666666666666
16238.0	57.373333333333335
16313.0	66.4
16388.0	62.46666666666667
16463.0	89.46666666666667
16538.0	36.06666666666667
16613.0	26.56
16688.0	29.013333333333332
16763.0	43.346666666666664
16838.0	32.64
16913.0	23.133333333333333
16988.0	21.786666666666665
17063.0	35.10666666666667
17138.0	43.86666666666667
17213.0	30.453333333333333
17288.0	30.586666666666666
17363.0	38.306666666666665
17438.0	65.52
17513.0	47.77333333333333
17588.0	50.89333333333333
17663.0	50.22666666666667
17738.0	61.306666666666665
17813.0	31.64
17888.0	36.026666666666664
17963.0	49.54666666666667
18038.0	67.68
18113.0	41.346666666666664
18188.0	41.96
18263.0	54.70666666666666
18338.0	51.4
18413.0	28.88
18488.0	28.92
18563.0	39.986666666666665
18638.0	63.52
18713.0	27.266666666666666
18788.0	33.346666666666664
18863.0	27.373333333333335
18938.0	76.64
19013.0	54.17333333333333
19088.0	60.45333333333333
19163.0	55.06666666666667
19238.0	106.64
19313.0	86.16
19388.0	80.12
19463.0	83.84
19538.0	95.48
19613.0	85.05333333333333
19688.0	46.306666666666665
19763.0	47.0
19838.0	54.10666666666667
19913.0	78.09333333333333
19988.0	53.28
20063.0	55.666666666666664
20138.0	57.17333333333333
20213.0	95.0
20288.0	43.18666666666667
20363.0	36.54666666666667
20438.0	42.08
20513.0	68.93333333333334
20588.0	38.17333333333333
20663.0	23.093333333333334
20738.0	23.466666666666665
20813.0	47.22666666666667
20888.0	43.54666666666667
20963.0	39.4
21038.0	31.533333333333335
21113.0	123.64
21188.0	106.76
21263.0	116.78666666666666
21338.0	106.69333333333333
21413.0	170.8
21488.0	109.21333333333334
21563.0	148.96
21638.0	124.88
21713.0	122.04
21788.0	36.4
21863.0	46.42666666666667
21938.0	46.70666666666666
22013.0	90.88
22088.0	63.14666666666667
22163.0	72.06666666666666
22238.0	69.74666666666667
22313.0	107.14666666666666
22388.0	68.68
22463.0	89.38666666666667
22538.0	74.53333333333333
22613.0	68.22666666666667
22688.0	2.44
22763.0	1.5733333333333333
22838.0	18.413333333333334
22913.0	18.88
22988.0	16.013333333333332
23063.0	15.28
23138.0	31.893333333333334
23213.0	29.533333333333335
23288.0	24.053333333333335
23363.0	19.453333333333333
23438.0	33.21333333333333
23513.0	46.53333333333333
23588.0	29.04
23663.0	31.706666666666667
23738.0	32.56
23813.0	56.85333333333333
23888.0	33.68
23963.0	34.96
24038.0	32.13333333333333
24113.0	54.61333333333334
24188.0	34.346666666666664
24263.0	32.093333333333334
24338.0	29.36
24413.0	48.04
24488.0	31.106666666666666
24563.0	22.6
24638.0	23.773333333333333
24713.0	39.46666666666667
24788.0	35.946666666666665
24863.0	33.81333333333333
24938.0	29.466666666666665
25013.0	41.89333333333333
25088.0	25.293333333333333
25163.0	15.826666666666666
25238.0	13.346666666666666
25313.0	34.84
25388.0	24.48
25463.0	26.946666666666665
25538.0	20.813333333333333
25613.0	38.29333333333334
25688.0	31.96
25763.0	27.426666666666666
25838.0	29.906666666666666
25913.0	46.8
25988.0	42.53333333333333
26063.0	28.96
26138.0	26.293333333333333
26213.0	56.013333333333335
26288.0	63.54666666666667
26363.0	37.96
26438.0	37.77333333333333
26513.0	60.06666666666667
26588.0	49.08
26663.0	29.466666666666665
26738.0	29.346666666666668
26813.0	40.44
26888.0	77.08
26963.0	57.56
27038.0	61.29333333333334
27113.0	48.81333333333333
27188.0	80.61333333333333
27263.0	34.14666666666667
27338.0	46.36
27413.0	47.84
27488.0	110.18666666666667
27563.0	74.2
27638.0	68.70666666666666
27713.0	67.93333333333334
27788.0	96.4
27863.0	66.36
27938.0	49.18666666666667
28013.0	49.693333333333335
28088.0	64.45333333333333
28163.0	63.026666666666664
28238.0	43.85333333333333
28313.0	74.32
28388.0	76.18666666666667
28463.0	50.4
28538.0	19.106666666666666
28613.0	20.413333333333334
28688.0	34.053333333333335
28763.0	39.093333333333334
28838.0	31.04
28913.0	28.14666666666667
28988.0	39.42666666666667
29063.0	40.6
29138.0	36.026666666666664
29213.0	36.49333333333333
29288.0	43.42666666666667
29363.0	44.306666666666665
29438.0	22.253333333333334
29513.0	51.8
29588.0	65.89333333333333
29663.0	69.82666666666667
29738.0	41.72
29813.0	38.986666666666665
29877.0	10.547169811320755
