#Read position (bp)	Clipping profile
0.0	10.796889110042203
1.0	9.023976705184204
2.0	7.449180811264075
3.0	5.958238882438584
4.0	4.37607121136728
5.0	3.5596468918744586
6.0	2.7404581559499457
7.0	2.178360148172721
8.0	1.6310056946978493
9.0	1.228322367814821
10.0	0.8892206188606918
11.0	0.5777630342234754
12.0	0.30961464034942227
13.0	0.0
14.0	0.0
15.0	0.0
16.0	0.0
17.0	0.0
18.0	0.0
19.0	0.0
20.0	0.0
21.0	0.0
22.0	0.0
23.0	0.0
24.0	0.0
25.0	0.0
26.0	0.0
27.0	0.0
28.0	0.0
29.0	0.0018429442877941802
30.0	0.01197913787066217
31.0	0.015665026446250528
32.0	0.025801220029118516
33.0	0.04238771861926614
34.0	0.06173863364110503
35.0	0.00552883286338254
36.0	0.00829324929507381
37.0	0.01658649859014762
38.0	0.023036803597427248
39.0	0.030408580748603968
40.0	0.0276441643169127
41.0	0.025801220029118516
42.0	0.02395827574132434
43.0	0.025801220029118516
44.0	0.025801220029118516
45.0	0.031330052892501056
46.0	0.04423066290706032
47.0	0.04515213505095741
48.0	0.05068096791433995
49.0	0.06358157792889921
50.0	0.09214721438970899
51.0	0.09306868653360609
52.0	0.08201102080684101
53.0	0.07279629936787012
54.0	0.0829324929507381
55.0	0.08477543723853229
56.0	0.09675457510919445
57.0	0.10504782440426827
58.0	0.19627356665008017
59.0	0.4745581541070013
60.0	0.7703507122979673
61.0	1.0523211883304766
62.0	1.3536425793848252
63.0	2.2686644182746356
64.0	2.760730543115682
65.0	3.442619929599528
66.0	4.1807191168610975
67.0	4.9188183041226665
68.0	6.009841322496821
69.0	6.8244226977018485
70.0	7.352426236154881
71.0	6.359079265033818
