#Position (bp)	mapping quality
38.0	59.99891479638381
113.0	59.99644219665853
188.0	59.99078535112676
263.0	59.95539387564283
338.0	59.998190147353846
413.0	59.99690896567944
488.0	59.99582307759064
563.0	59.997122761779
638.0	59.99719498813111
713.0	59.99662990276329
788.0	59.99923857688248
863.0	59.99805959332577
938.0	59.998883080833956
1013.0	59.99761859456246
1088.0	59.99833603654414
1163.0	59.998643149836866
1238.0	59.99768095737586
1313.0	59.99741237036383
1388.0	59.99512258567991
1463.0	59.99768196569309
1538.0	60.0
1613.0	59.99832699506898
1688.0	59.99599060734097
1763.0	59.99740530145896
1838.0	59.99788517525077
1913.0	59.995574234137386
1988.0	59.995142104572466
2063.0	59.99553079665668
2138.0	59.99875465352399
2213.0	59.99869928239133
2288.0	60.0
2363.0	60.0
2438.0	60.0
2513.0	59.998067058211284
2588.0	59.99261005875069
2663.0	59.99923616103523
2738.0	59.99916016376807
2813.0	59.99982930930008
2888.0	59.9943994524923
2963.0	59.99958627590586
3038.0	59.951451897264526
3113.0	59.99612591835533
3188.0	59.99702468572917
3263.0	59.99851934329914
3338.0	59.99954853990812
3413.0	59.998726213149716
3488.0	59.997041853858455
3563.0	59.994793416190795
3638.0	60.0
3713.0	59.997644159327315
3788.0	59.99829209216492
3863.0	59.99778044477862
3938.0	59.997998846452845
4013.0	59.99931579789553
4088.0	59.999065397612696
4163.0	59.99766712251629
4238.0	59.99906253865724
4313.0	59.99796917400573
4388.0	59.99874291473904
4463.0	59.99804538671949
4538.0	59.998945743680885
4613.0	59.99935963838403
4688.0	59.99765035436841
4763.0	59.99918965753681
4838.0	59.99616377193685
4913.0	59.99941228186384
4988.0	59.996621959604
5063.0	60.0
5138.0	60.0
5213.0	60.0
5288.0	59.995568811248404
5363.0	59.99710504290907
5438.0	59.998474546207056
5513.0	59.99872260170848
5588.0	59.99807348631067
5663.0	59.9983439435318
5738.0	59.982596108663195
5813.0	59.998460942800726
5888.0	59.999134349777336
5963.0	59.99851615791336
6038.0	60.0
6113.0	60.0
6188.0	59.98017087057781
6263.0	59.99504121846297
6338.0	59.99903885836855
6413.0	59.99766934451419
6488.0	59.997876252503296
6563.0	59.99839601202884
6638.0	59.99953542617389
6713.0	59.99927066987867
6788.0	59.99890272026186
6863.0	60.0
6938.0	60.0
7013.0	60.0
7088.0	59.99259533506109
7163.0	60.0
7238.0	60.0
7313.0	59.99492425425582
7388.0	59.997848655978125
7463.0	59.996008697992664
7538.0	59.9985041977268
7613.0	59.99923639875385
7688.0	59.99850984255255
7763.0	59.99986935385166
7838.0	59.998477464285976
7913.0	59.99790659511243
7988.0	59.99963365520216
8063.0	59.99983879964587
8138.0	59.99840185856542
8213.0	59.995767518039
8288.0	59.99855307345521
8363.0	59.99581295581296
8438.0	59.99781222652832
8513.0	59.99910721118282
8588.0	59.998936766610605
8663.0	59.99961484425265
8738.0	59.999069791478256
8813.0	59.998807079578725
8888.0	59.999142875980745
8963.0	59.99842653719469
9038.0	59.99865720235341
9113.0	59.998803703143636
9188.0	59.998032390939976
9263.0	59.998487489901414
9338.0	59.99913649321615
9413.0	59.99797113182213
9488.0	59.999320439455616
9563.0	59.99915491625583
9638.0	59.99721476737911
9713.0	59.99799937917243
9788.0	59.996706569410165
9863.0	59.998077590409665
9938.0	59.99365995175696
10013.0	59.88841097376246
10088.0	59.9988316691287
10163.0	59.99717396490772
10238.0	59.998748517412764
10313.0	59.99709200364775
10388.0	59.99869596206991
10463.0	59.99902949078198
10538.0	59.99858720820594
10613.0	59.996792774147565
10688.0	59.999675769657706
10763.0	59.99885933008517
10838.0	59.99930183701491
10913.0	59.99609348183551
10988.0	59.99951095235897
11063.0	59.98848544655476
11138.0	59.99667498778051
11213.0	59.99873881204231
11288.0	59.9943229265227
11363.0	59.99890888634138
11438.0	59.998876446857444
11513.0	59.997243060639235
11588.0	59.99494091989995
11663.0	59.99930605074572
11738.0	59.999472079298414
11813.0	59.999644773496364
11888.0	59.99828877289098
11963.0	59.9977571680752
12038.0	59.99696368847027
12113.0	59.98595534058475
12188.0	59.99913894993186
12263.0	59.99684764890933
12338.0	59.99947437879203
12413.0	59.99882311349709
12488.0	59.99845328694095
12563.0	59.99931163102821
12638.0	59.998779493075766
12713.0	59.99529359911682
12788.0	59.9985106709526
12863.0	59.998305476392204
12938.0	59.99775911262813
13013.0	59.99754751218065
13088.0	59.997690158729235
13163.0	59.99849513014493
13238.0	59.99549088888268
13313.0	59.99505170979637
13388.0	59.99294450935997
13463.0	59.997957983467835
13538.0	59.998926869750605
13613.0	59.997382373641926
13688.0	59.998592572648846
13763.0	59.99549378811359
13838.0	59.99738419226153
13913.0	59.99591698837986
13988.0	59.99512036696289
14063.0	59.99883029910923
14138.0	59.99852739409107
14213.0	59.99656525255286
14288.0	59.99941930593419
14363.0	59.98503504872793
14438.0	59.95177297308337
14513.0	59.99946566379179
14588.0	59.99744439960935
14663.0	59.99894031613902
14738.0	59.99909381303768
14813.0	59.99896190225842
14888.0	59.997733806955
14963.0	59.99953688615976
15038.0	59.99978074613776
15113.0	60.0
15188.0	59.999662435694624
15263.0	59.996315407712636
15338.0	59.99597170627078
15413.0	59.99887793957883
15488.0	59.99799582395863
15563.0	59.99850884084399
15638.0	59.998750240499234
15713.0	59.99904017176431
15788.0	59.998512404464805
15863.0	59.99775824336582
15938.0	59.996935283682454
16013.0	59.99915209216025
16088.0	59.99893191736092
16163.0	59.99717551910769
16238.0	59.998597976687925
16313.0	59.99941281908647
16388.0	60.0
16463.0	59.99923843509291
16538.0	59.99675565443085
16613.0	60.0
16688.0	60.0
16763.0	59.99936336752625
16838.0	59.99894353215349
16913.0	59.9987127181131
16988.0	59.99952119880279
17063.0	59.99610978952124
17138.0	59.9984151438773
17213.0	59.999023154424485
17288.0	59.99912308614314
17363.0	59.998364622444726
17438.0	59.99776328239625
17513.0	59.99861358684888
17588.0	59.99877308642379
17663.0	59.99690261965879
17738.0	59.99873837135211
17813.0	59.99695952907693
17888.0	59.99824347306426
17963.0	59.99891541926083
18038.0	59.998445799825156
18113.0	59.99912774887377
18188.0	59.997868459028126
18263.0	59.99875854189097
18338.0	59.99859970400614
18413.0	59.99864514792715
18488.0	59.998897676909166
18563.0	59.99893474032785
18638.0	59.99703664961619
18713.0	59.998866460763466
18788.0	59.99910666565644
18863.0	59.90400070347766
18938.0	59.99842524015877
19013.0	59.997107389305505
19088.0	59.998526105023956
19163.0	59.998857768277546
19238.0	59.99752023207941
19313.0	59.98985333456323
19388.0	60.0
19463.0	60.0
19538.0	60.0
19613.0	60.0
19688.0	59.99860588317301
19763.0	60.0
19838.0	59.99901250131316
19913.0	59.99419718618273
19988.0	60.0
20063.0	60.0
20138.0	60.0
20213.0	60.0
20288.0	60.0
20363.0	60.0
20438.0	60.0
20513.0	59.99975845494576
20588.0	59.99964116466375
20663.0	59.99762346913794
20738.0	59.9994960806271
20813.0	59.99639755516087
20888.0	59.99908301702432
20963.0	59.998764610353376
21038.0	59.99847182036758
21113.0	59.99878391884971
21188.0	59.990784564144946
21263.0	60.0
21338.0	60.0
21413.0	60.0
21488.0	60.0
21563.0	60.0
21638.0	59.99955146120139
21713.0	59.99850677780905
21788.0	59.999120949284844
21863.0	59.99739778471096
21938.0	59.98868035672311
22013.0	59.982732084975396
22088.0	60.0
22163.0	60.0
22238.0	60.0
22313.0	60.0
22388.0	60.0
22463.0	59.9789283564118
22538.0	59.99807121217664
22613.0	59.99394566608112
22688.0	59.99906565579522
22763.0	59.99963376235458
22838.0	59.99774985132436
22913.0	59.997700296941204
22988.0	59.99738506324802
23063.0	59.99759512584692
23138.0	59.998301167765945
23213.0	59.997850608053284
23288.0	59.99877374665115
23363.0	59.9676822120846
23438.0	59.94493304631406
23513.0	59.99163329543576
23588.0	59.99907373591417
23663.0	59.999907746713475
23738.0	59.99941566223296
23813.0	59.9978623562398
23888.0	59.999938321813644
23963.0	59.99941578121006
24038.0	59.998979591836736
24113.0	59.99869286608869
24188.0	59.99828335329543
24263.0	59.998404635819526
24338.0	59.99795516203485
24413.0	59.99843760103601
24488.0	59.99847961886595
24563.0	59.997716766872834
24638.0	59.99707551439613
24713.0	59.99440389455777
24788.0	59.995258972267536
24863.0	59.998040742158324
24938.0	59.998888606043764
25013.0	59.99882816231106
25088.0	59.99916249170037
25163.0	59.99946088737937
25238.0	59.99954239641417
25313.0	59.997769034157486
25388.0	59.99945801382183
25463.0	59.9980758833041
25538.0	59.96900299839132
25613.0	59.994230799135394
25688.0	59.993480419671
25763.0	59.99898286121141
25838.0	59.99779727403264
25913.0	59.99877935955127
25988.0	59.99844709987441
26063.0	59.998298770445935
26138.0	59.99853003657816
26213.0	59.998562718997476
26288.0	59.99804646221161
26363.0	59.99885581991088
26438.0	59.99865239336759
26513.0	59.99933919714701
26588.0	59.999028263374804
26663.0	59.9987148248019
26738.0	59.96568176985236
26813.0	59.99449577388731
26888.0	59.995599407021764
26963.0	59.9980035993199
27038.0	59.99847123847775
27113.0	59.99753042589425
27188.0	59.99766271364258
27263.0	59.997190128404824
27338.0	59.998584974499956
27413.0	59.99803819513953
27488.0	59.99624444056273
27563.0	60.0
27638.0	60.0
27713.0	60.0
27788.0	59.99829188302815
27863.0	59.99962386218311
27938.0	59.99956722446624
28013.0	59.99922084081439
28088.0	59.99531614443133
28163.0	59.99892647966527
28238.0	59.99846482340457
28313.0	59.997168445709676
28388.0	59.99582510121169
28463.0	59.99784736187142
28538.0	59.99238756635839
28613.0	59.998538863576634
28688.0	59.99428216769821
28763.0	59.99824427641105
28838.0	59.952372008157134
28913.0	59.999483233006046
28988.0	59.9970809764089
29063.0	59.997636932828925
29138.0	59.99735443043139
29213.0	59.99480485455085
29288.0	59.9965783191148
29363.0	59.99751277327539
29438.0	60.0
29513.0	59.99411566913248
29588.0	59.99508465319497
29663.0	59.99568806209191
29738.0	60.0
29813.0	60.0
29877.0	60.0
