#Position (bp)	Coverage
38.0	294.36
113.0	1151.32
188.0	1190.3866666666668
263.0	988.12
338.0	1759.6
413.0	2292.96
488.0	2025.92
563.0	1983.96
638.0	1922.7733333333333
713.0	2409.2
788.0	2169.733333333333
863.0	2116.24
938.0	2346.6133333333332
1013.0	2302.9466666666667
1088.0	1852.2266666666667
1163.0	2028.32
1238.0	1820.7866666666666
1313.0	1344.7066666666667
1388.0	903.4666666666667
1463.0	1064.2533333333333
1538.0	1127.0666666666666
1613.0	1386.88
1688.0	1190.4933333333333
1763.0	1049.0
1838.0	1203.7866666666666
1913.0	4085.6666666666665
1988.0	5595.28
2063.0	5789.7733333333335
2138.0	5317.12
2213.0	3778.16
2288.0	1568.4666666666667
2363.0	1550.6133333333332
2438.0	2024.2933333333333
2513.0	3368.52
2588.0	7547.613333333334
2663.0	7603.48
2738.0	7060.653333333334
2813.0	6991.12
2888.0	4100.253333333333
2963.0	2078.7066666666665
3038.0	2168.0533333333333
3113.0	2210.4266666666667
3188.0	2097.28
3263.0	1692.2533333333333
3338.0	1744.44
3413.0	1728.3066666666666
3488.0	1893.8933333333334
3563.0	1602.92
3638.0	1508.4266666666667
3713.0	1546.7066666666667
3788.0	1619.72
3863.0	1406.76
3938.0	1433.96
4013.0	1473.9333333333334
4088.0	4009.8133333333335
4163.0	5507.733333333334
4238.0	5610.8
4313.0	5625.1866666666665
4388.0	4938.493333333333
4463.0	2687.84
4538.0	2465.2533333333336
4613.0	2564.5333333333333
4688.0	3026.8933333333334
4763.0	2592.9866666666667
4838.0	2829.5066666666667
4913.0	2845.9333333333334
4988.0	2888.8933333333334
5063.0	2373.133333333333
5138.0	2339.693333333333
5213.0	2210.4266666666667
5288.0	2741.5333333333333
5363.0	3204.4533333333334
5438.0	2957.5866666666666
5513.0	3016.72
5588.0	3536.4666666666667
5663.0	2882.4133333333334
5738.0	2863.32
5813.0	2443.5733333333333
5888.0	2789.5066666666667
5963.0	1950.24
6038.0	1499.0266666666666
6113.0	1738.1333333333334
6188.0	3204.693333333333
6263.0	4457.866666666667
6338.0	3768.826666666667
6413.0	3497.76
6488.0	3509.04
6563.0	2043.4
6638.0	1948.5333333333333
6713.0	2274.0933333333332
6788.0	3662.4666666666667
6863.0	2476.1866666666665
6938.0	1718.7866666666666
7013.0	2242.4933333333333
7088.0	2859.7733333333335
7163.0	2924.4533333333334
7238.0	2728.4133333333334
7313.0	3251.9733333333334
7388.0	3548.36
7463.0	3020.9066666666668
7538.0	2996.72
7613.0	3284.3866666666668
7688.0	3482.346666666667
7763.0	3222.8533333333335
7838.0	3093.786666666667
7913.0	3414.6266666666666
7988.0	3962.04
8063.0	2854.9733333333334
8138.0	2893.7733333333335
8213.0	2950.7466666666664
8288.0	3385.4933333333333
8363.0	2490.68
8438.0	2257.24
8513.0	2294.64
8588.0	2543.173333333333
8663.0	3301.68
8738.0	3560.346666666667
8813.0	3537.9733333333334
8888.0	3597.7066666666665
8963.0	3505.786666666667
9038.0	2592.3333333333335
9113.0	2676.4
9188.0	2836.1866666666665
9263.0	3343.6266666666666
9338.0	3242.5866666666666
9413.0	3235.5066666666667
9488.0	4187.493333333333
9563.0	4454.84
9638.0	3457.48
9713.0	3323.5333333333333
9788.0	3331.28
9863.0	2638.3866666666668
9938.0	2395.96
10013.0	2229.9066666666668
10088.0	2880.8933333333334
10163.0	3400.48
10238.0	3004.56
10313.0	2986.52
10388.0	3549.2
10463.0	2924.6666666666665
10538.0	2668.346666666667
10613.0	2701.5466666666666
10688.0	3464.733333333333
10763.0	3239.16
10838.0	2889.306666666667
10913.0	2820.72
10988.0	3196.3333333333335
11063.0	4766.293333333333
11138.0	4331.88
11213.0	4345.506666666667
11288.0	2654.8533333333335
11363.0	5527.706666666667
11438.0	3530.56
11513.0	3506.08
11588.0	4923.2266666666665
11663.0	4797.346666666666
11738.0	3330.44
11813.0	3056.28
11888.0	3294.84
11963.0	2607.4266666666667
12038.0	2367.2533333333336
12113.0	2831.0266666666666
12188.0	4077.8533333333335
12263.0	2618.5466666666666
12338.0	2626.653333333333
12413.0	3427.693333333333
12488.0	4954.173333333333
12563.0	4369.32
12638.0	3911.4133333333334
12713.0	4872.2266666666665
12788.0	4964.2
12863.0	4379.92
12938.0	4529.946666666667
13013.0	7476.2266666666665
13088.0	14863.2
13163.0	18268.44
13238.0	18043.68
13313.0	17850.226666666666
13388.0	7662.733333333334
13463.0	4704.693333333334
13538.0	4307.266666666666
13613.0	5573.066666666667
13688.0	9121.04
13763.0	9424.053333333333
13838.0	9438.173333333334
13913.0	8038.32
13988.0	5022.2
14063.0	4221.6
14138.0	4422.026666666667
14213.0	4664.346666666666
14288.0	4877.506666666667
14363.0	4469.573333333334
14438.0	4423.733333333334
14513.0	4604.8133333333335
14588.0	4798.426666666666
14663.0	4487.7733333333335
14738.0	4509.346666666666
14813.0	4465.706666666667
14888.0	4678.52
14963.0	4173.1866666666665
15038.0	4060.56
15113.0	4163.6
15188.0	5299.613333333334
15263.0	6163.546666666667
15338.0	6165.2266666666665
15413.0	6217.746666666667
15488.0	6539.493333333333
15563.0	6573.373333333333
15638.0	6111.253333333333
15713.0	6131.8133333333335
15788.0	6120.866666666667
15863.0	5620.413333333333
15938.0	4759.373333333333
16013.0	4637.7733333333335
16088.0	4824.253333333333
16163.0	5444.2266666666665
16238.0	4616.84
16313.0	4499.213333333333
16388.0	4616.1866666666665
16463.0	4963.28
16538.0	3971.7733333333335
16613.0	3918.0266666666666
16688.0	4094.2933333333335
16763.0	5223.0
16838.0	7161.68
16913.0	7433.28
16988.0	7395.306666666666
17063.0	7908.746666666667
17138.0	7193.266666666666
17213.0	6470.053333333333
17288.0	5805.826666666667
17363.0	6130.693333333334
17438.0	5495.8133333333335
17513.0	4479.08
17588.0	4350.44
17663.0	4538.04
17738.0	4482.24
17813.0	3837.5066666666667
17888.0	3922.72
17963.0	4094.12
18038.0	4984.76
18113.0	5202.52
18188.0	5096.413333333333
18263.0	5440.56
18338.0	5273.1866666666665
18413.0	4654.386666666666
18488.0	4827.933333333333
18563.0	4707.84
18638.0	5587.56
18713.0	4825.96
18788.0	5035.36
18863.0	5047.906666666667
18938.0	5528.693333333334
19013.0	4629.306666666666
19088.0	4674.8533333333335
19163.0	4439.826666666667
19238.0	4619.693333333334
19313.0	3334.0933333333332
19388.0	3281.213333333333
19463.0	3343.5733333333333
19538.0	3385.2933333333335
19613.0	4132.84
19688.0	4136.76
19763.0	4237.733333333334
19838.0	4518.866666666667
19913.0	4666.68
19988.0	4080.36
20063.0	4088.9333333333334
20138.0	3926.68
20213.0	3946.52
20288.0	3471.4533333333334
20363.0	3518.8133333333335
20438.0	3579.5333333333333
20513.0	4840.2266666666665
20588.0	4082.64
20663.0	4190.8533333333335
20738.0	4208.666666666667
20813.0	4930.28
20888.0	4258.613333333334
20963.0	4034.7066666666665
21038.0	3996.2
21113.0	4071.1866666666665
21188.0	3227.5733333333333
21263.0	3212.7466666666664
21338.0	3205.4933333333333
21413.0	3627.6133333333332
21488.0	3636.0
21563.0	3680.4266666666667
21638.0	3893.52
21713.0	4357.0
21788.0	3359.6666666666665
21863.0	4133.04
21938.0	3882.7066666666665
22013.0	3710.64
22088.0	3855.9733333333334
22163.0	3748.64
22238.0	3817.8
22313.0	3401.826666666667
22388.0	2799.08
22463.0	2793.6266666666666
22538.0	3157.266666666667
22613.0	3620.44
22688.0	3788.96
22763.0	3616.5466666666666
22838.0	4061.68
22913.0	3633.306666666667
22988.0	3655.9466666666667
23063.0	3762.6666666666665
23138.0	4065.1866666666665
23213.0	4476.306666666666
23288.0	4530.906666666667
23363.0	4574.76
23438.0	4756.106666666667
23513.0	4909.12
23588.0	4824.28
23663.0	4684.826666666667
23738.0	4848.386666666666
23813.0	4585.64
23888.0	4881.36
23963.0	4487.066666666667
24038.0	4939.1866666666665
24113.0	5359.28
24188.0	4561.666666666667
24263.0	4472.533333333334
24338.0	4232.2266666666665
24413.0	4685.453333333333
24488.0	4057.76
24563.0	4016.56
24638.0	4091.306666666667
24713.0	4767.4
24788.0	4301.466666666666
24863.0	4047.8533333333335
24938.0	4106.2266666666665
25013.0	4984.08
25088.0	4457.68
25163.0	4381.28
25238.0	4398.666666666667
25313.0	5094.68
25388.0	5436.426666666666
25463.0	5230.84
25538.0	5311.76
25613.0	6037.2
25688.0	5514.893333333333
25763.0	5004.2
25838.0	5578.906666666667
25913.0	5304.133333333333
25988.0	5453.48
26063.0	5986.866666666667
26138.0	4417.32
26213.0	5354.613333333334
26288.0	3887.8533333333335
26363.0	1518.0266666666666
26438.0	1846.3466666666666
26513.0	2660.12
26588.0	3127.213333333333
26663.0	2728.16
26738.0	2734.6133333333332
26813.0	3143.1866666666665
26888.0	5371.44
26963.0	6034.426666666666
27038.0	6160.64
27113.0	6471.2
27188.0	6100.106666666667
27263.0	4080.2533333333336
27338.0	3405.8533333333335
27413.0	4094.5466666666666
27488.0	3265.9733333333334
27563.0	902.4533333333334
27638.0	924.08
27713.0	961.9733333333334
27788.0	1233.44
27863.0	1346.3333333333333
27938.0	1322.3866666666668
28013.0	1432.3733333333332
28088.0	1605.5066666666667
28163.0	1848.5866666666666
28238.0	1329.9333333333334
28313.0	1334.2933333333333
28388.0	2555.6266666666666
28463.0	2430.0933333333332
28538.0	1958.0666666666666
28613.0	2157.5466666666666
28688.0	2264.3333333333335
28763.0	1557.2533333333333
28838.0	949.5066666666667
28913.0	813.5866666666667
28988.0	1154.96
29063.0	2047.2266666666667
29138.0	2148.9066666666668
29213.0	2109.9733333333334
29288.0	2168.786666666667
29363.0	1626.6266666666668
29438.0	1191.64
29513.0	1839.6133333333332
29588.0	2441.64
29663.0	1805.2266666666667
29738.0	1185.0933333333332
29813.0	744.2666666666667
29877.0	7.886792452830188
