#GC Content (%)	Sample
1.0	0.0
2.0	0.0
3.0	0.0
4.0	0.0
5.0	0.0
6.0	0.0
7.0	0.0
8.0	0.0
9.0	0.0
10.0	0.0
11.0	0.0
12.0	0.0
13.0	0.0
14.0	0.0
15.0	0.0
16.0	0.0
17.0	9.07490425976006E-5
18.0	3.9929578742944265E-4
19.0	5.4449425558560355E-5
20.0	0.0010163892770931266
21.0	6.533931067027244E-4
22.0	8.348911918979254E-4
23.0	0.005916837577363558
24.0	0.0015245839156396899
25.0	0.009782746792021344
26.0	0.003611811895384503
27.0	0.002323175490498575
28.0	0.035628074123818
29.0	0.008022215365627893
30.0	0.006170934896636841
31.0	0.055611013303809645
32.0	0.02099932845708478
33.0	0.016970070965751313
34.0	0.07717298582499954
35.0	0.017405666370219793
36.0	0.02840445033304899
37.0	0.07376082182332976
38.0	0.02579087790623809
39.0	0.11699366571682669
40.0	0.030727625823547565
41.0	0.01397535256003049
42.0	0.08285387589160935
43.0	0.02125342577635806
44.0	0.00896600540864294
45.0	0.07935096284734196
46.0	0.023213605096466233
47.0	0.019402145307367006
48.0	0.06071110949779479
49.0	0.01961994300960125
50.0	0.031018022759859883
51.0	0.021416774053033744
52.0	0.011035083579868234
53.0	0.029475289035700673
54.0	0.001996478937147213
55.0	0.0034847632357478623
56.0	0.018567254115469084
57.0	0.0015790333411982503
58.0	0.0030673176397989005
59.0	0.0025228233842132966
60.0	7.259923407808048E-4
61.0	0.001379385447483529
62.0	0.0012523367878468881
63.0	0.001651632575276331
64.0	0.001415685064522569
65.0	1.0889885111712071E-4
66.0	0.0
67.0	3.629961703904024E-5
68.0	0.0
69.0	0.0
70.0	0.0
71.0	0.0
72.0	0.0
73.0	1.814980851952012E-5
74.0	0.0
75.0	1.814980851952012E-5
76.0	0.0
77.0	0.0
78.0	0.0
79.0	0.0
80.0	0.0
81.0	0.0
82.0	0.0
83.0	0.0
84.0	0.0
85.0	0.0
86.0	0.0
87.0	0.0
88.0	0.0
89.0	0.0
90.0	0.0
91.0	0.0
92.0	0.0
93.0	0.0
94.0	0.0
95.0	0.0
96.0	0.0
97.0	0.0
98.0	0.0
99.0	0.0
100.0	1.814980851952012E-5
