#Position (bp)	mapping quality
38.0	59.998220930548385
113.0	59.999119524543254
188.0	59.9908678402043
263.0	59.94492381793758
338.0	59.96821689211175
413.0	59.999255739394286
488.0	0.0
563.0	0.0
638.0	59.99782285239158
713.0	59.998329871974924
788.0	59.99966912594469
863.0	59.99898207776507
938.0	59.99942363512631
1013.0	59.99954905892066
1088.0	59.99936615345082
1163.0	59.99943699994405
1238.0	59.99944358877178
1313.0	59.99797495188419
1388.0	0.0
1463.0	0.0
1538.0	0.0
1613.0	59.997833707234996
1688.0	59.99957620063873
1763.0	59.99959207538447
1838.0	59.99930277470985
1913.0	59.99913837557686
1988.0	59.99661108851837
2063.0	0.0
2138.0	0.0
2213.0	60.0
2288.0	60.0
2363.0	60.0
2438.0	60.0
2513.0	60.0
2588.0	60.0
2663.0	0.0
2738.0	0.0
2813.0	60.0
2888.0	59.99622285174693
2963.0	59.99938088162457
3038.0	59.9483509186158
3113.0	60.0
3188.0	60.0
3263.0	0.0
3338.0	0.0
3413.0	0.0
3488.0	0.0
3563.0	0.0
3638.0	0.0
3713.0	0.0
3788.0	0.0
3863.0	0.0
3938.0	0.0
4013.0	0.0
4088.0	0.0
4163.0	0.0
4238.0	0.0
4313.0	59.99725865304944
4388.0	59.9990230222881
4463.0	59.99894600143582
4538.0	59.999699742734116
4613.0	59.999445763358516
4688.0	59.9995605444908
4763.0	0.0
4838.0	0.0
4913.0	0.0
4988.0	0.0
5063.0	0.0
5138.0	0.0
5213.0	60.0
5288.0	59.99665555921735
5363.0	59.99823709992807
5438.0	59.9987473787741
5513.0	59.9991995281429
5588.0	59.99897743754195
5663.0	59.98948755231722
5738.0	59.97735763327948
5813.0	59.99942585387459
5888.0	59.99939176206223
5963.0	59.99880771286437
6038.0	0.0
6113.0	0.0
6188.0	0.0
6263.0	0.0
6338.0	0.0
6413.0	0.0
6488.0	0.0
6563.0	0.0
6638.0	0.0
6713.0	60.0
6788.0	60.0
6863.0	60.0
6938.0	60.0
7013.0	60.0
7088.0	60.0
7163.0	0.0
7238.0	0.0
7313.0	59.99786666666667
7388.0	59.996555731347044
7463.0	59.999542526018836
7538.0	59.99956646477526
7613.0	60.0
7688.0	60.0
7763.0	0.0
7838.0	0.0
7913.0	0.0
7988.0	0.0
8063.0	0.0
8138.0	0.0
8213.0	0.0
8288.0	0.0
8363.0	0.0
8438.0	0.0
8513.0	0.0
8588.0	59.98732545649839
8663.0	59.998513405893284
8738.0	59.99835416201741
8813.0	60.0
8888.0	59.9974032965467
8963.0	59.99905820500083
9038.0	59.998694414706115
9113.0	59.9989069560416
9188.0	59.99903457737354
9263.0	59.996819787985864
9338.0	60.0
9413.0	60.0
9488.0	59.999651380677776
9563.0	59.99928097218658
9638.0	59.99975055658519
9713.0	59.99940516103913
9788.0	59.998270347573175
9863.0	59.997203313296886
9938.0	0.0
10013.0	0.0
10088.0	59.999058831299635
10163.0	59.99900707884308
10238.0	59.99824322872134
10313.0	59.996455514309666
10388.0	59.9983433440662
10463.0	59.99900973758046
10538.0	0.0
10613.0	0.0
10688.0	0.0
10763.0	0.0
10838.0	0.0
10913.0	0.0
10988.0	0.0
11063.0	0.0
11138.0	0.0
11213.0	0.0
11288.0	59.996837666900916
11363.0	59.99934153877324
11438.0	60.0
11513.0	59.999832948186096
11588.0	59.997418259317655
11663.0	60.0
11738.0	60.0
11813.0	60.0
11888.0	59.99823023376304
11963.0	59.999339125960816
12038.0	59.987663364822275
12113.0	59.90333579445998
12188.0	59.9994565949403
12263.0	59.99841575792781
12338.0	0.0
12413.0	0.0
12488.0	0.0
12563.0	0.0
12638.0	0.0
12713.0	59.997914755320764
12788.0	59.999536425203324
12863.0	59.99927798952283
12938.0	59.99890543726378
13013.0	59.99908508018426
13088.0	59.99851320124342
13163.0	0.0
13238.0	0.0
13313.0	60.0
13388.0	0.0
13463.0	0.0
13538.0	0.0
13613.0	59.99881980902897
13688.0	59.99948712995474
13763.0	59.99704580823426
13838.0	59.9994136292347
13913.0	59.99909995787703
13988.0	59.99614417355789
14063.0	59.99957650341288
14138.0	59.99835210327891
14213.0	59.99996565344324
14288.0	59.9980460799479
14363.0	0.0
14438.0	0.0
14513.0	0.0
14588.0	60.0
14663.0	60.0
14738.0	60.0
14813.0	60.0
14888.0	60.0
14963.0	0.0
15038.0	0.0
15113.0	0.0
15188.0	0.0
15263.0	0.0
15338.0	0.0
15413.0	0.0
15488.0	0.0
15563.0	0.0
15638.0	0.0
15713.0	0.0
15788.0	0.0
15863.0	0.0
15938.0	0.0
16013.0	0.0
16088.0	60.0
16163.0	60.0
16238.0	0.0
16313.0	0.0
16388.0	0.0
16463.0	0.0
16538.0	0.0
16613.0	0.0
16688.0	0.0
16763.0	60.0
16838.0	59.99964346385352
16913.0	59.996340437190554
16988.0	59.99989294126044
17063.0	59.99836547891468
17138.0	60.0
17213.0	0.0
17288.0	0.0
17363.0	0.0
17438.0	0.0
17513.0	0.0
17588.0	0.0
17663.0	60.0
17738.0	59.99805303531794
17813.0	59.999672793224015
17888.0	60.0
17963.0	59.99916062435261
18038.0	59.99818709209572
18113.0	0.0
18188.0	0.0
18263.0	0.0
18338.0	0.0
18413.0	0.0
18488.0	0.0
18563.0	0.0
18638.0	59.99864141323975
18713.0	59.9993261187631
18788.0	59.915628873251435
18863.0	59.99941346695043
18938.0	59.99877033947533
19013.0	59.999022830813836
19088.0	59.99965670961066
19163.0	59.99877664697155
19238.0	59.99892797681076
19313.0	59.99442187923098
19388.0	0.0
19463.0	0.0
19538.0	60.0
19613.0	59.99996403653888
19688.0	59.99714294217434
19763.0	59.999724479955916
19838.0	59.99587622063869
19913.0	59.99849455724542
19988.0	0.0
20063.0	0.0
20138.0	0.0
20213.0	0.0
20288.0	0.0
20363.0	0.0
20438.0	0.0
20513.0	0.0
20588.0	0.0
20663.0	0.0
20738.0	0.0
20813.0	0.0
20888.0	0.0
20963.0	0.0
21038.0	0.0
21113.0	0.0
21188.0	0.0
21263.0	0.0
21338.0	0.0
21413.0	0.0
21488.0	0.0
21563.0	0.0
21638.0	0.0
21713.0	0.0
21788.0	0.0
21863.0	0.0
21938.0	0.0
22013.0	0.0
22088.0	0.0
22163.0	0.0
22238.0	0.0
22313.0	0.0
22388.0	0.0
22463.0	0.0
22538.0	0.0
22613.0	0.0
22688.0	0.0
22763.0	0.0
22838.0	0.0
22913.0	0.0
22988.0	0.0
23063.0	0.0
23138.0	0.0
23213.0	0.0
23288.0	0.0
23363.0	0.0
23438.0	0.0
23513.0	0.0
23588.0	0.0
23663.0	0.0
23738.0	0.0
23813.0	0.0
23888.0	0.0
23963.0	0.0
24038.0	0.0
24113.0	0.0
24188.0	0.0
24263.0	0.0
24338.0	0.0
24413.0	0.0
24488.0	0.0
24563.0	0.0
24638.0	0.0
24713.0	0.0
24788.0	0.0
24863.0	0.0
24938.0	0.0
25013.0	0.0
25088.0	0.0
25163.0	0.0
25238.0	0.0
25313.0	59.99952744573681
25388.0	59.999775312456116
25463.0	59.99840132318819
25538.0	59.99873739915731
25613.0	59.9995514317483
25688.0	59.987223349177995
25763.0	0.0
25838.0	0.0
25913.0	60.0
25988.0	60.0
26063.0	60.0
26138.0	59.99946671406986
26213.0	59.99238121623493
26288.0	59.99884343803263
26363.0	0.0
26438.0	60.0
26513.0	60.0
26588.0	60.0
26663.0	0.0
26738.0	0.0
26813.0	0.0
26888.0	0.0
26963.0	0.0
27038.0	0.0
27113.0	59.98148148148148
27188.0	59.998325051644244
27263.0	59.99935271930014
27338.0	59.999470811253595
27413.0	59.99963919948045
27488.0	59.99829450136081
27563.0	59.99179487179487
27638.0	0.0
27713.0	0.0
27788.0	0.0
27863.0	0.0
27938.0	0.0
28013.0	0.0
28088.0	0.0
28163.0	0.0
28238.0	59.9766779419619
28313.0	59.999018021040996
28388.0	59.99939993175695
28463.0	59.99929102317173
28538.0	0.0
28613.0	0.0
28688.0	0.0
28763.0	0.0
28838.0	0.0
28913.0	0.0
28988.0	0.0
29063.0	0.0
29138.0	0.0
29213.0	0.0
29288.0	0.0
29363.0	0.0
29438.0	0.0
29513.0	0.0
29588.0	0.0
29663.0	0.0
29738.0	0.0
29813.0	0.0
29877.0	0.0
