#Position (bp)	insert size
38.0	482.1683673469388
113.0	242.41739130434783
188.0	196.00934579439252
263.0	320.8363636363636
338.0	249.98595505617976
413.0	233.1673387096774
488.0	187.9140401146132
563.0	158.72262773722628
638.0	254.08133971291866
713.0	239.52197802197801
788.0	192.90384615384616
863.0	147.48387096774192
938.0	260.42198581560285
1013.0	246.5149863760218
1088.0	191.08275862068965
1163.0	150.72093023255815
1238.0	246.35294117647058
1313.0	269.9259259259259
1388.0	252.73333333333332
1463.0	233.0
1538.0	226.64285714285714
1613.0	262.0873108265425
1688.0	226.35315985130111
1763.0	183.59027777777777
1838.0	151.1315789473684
1913.0	243.95238095238096
1988.0	198.1153846153846
2063.0	149.6315789473684
2138.0	0.0
2213.0	292.59090909090907
2288.0	246.4
2363.0	191.57142857142858
2438.0	148.16666666666666
2513.0	338.0
2588.0	280.5
2663.0	200.5
2738.0	186.0
2813.0	265.0530303030303
2888.0	255.5034965034965
2963.0	198.8910891089109
3038.0	149.33333333333334
3113.0	209.88888888888889
3188.0	268.81360946745565
3263.0	214.86466165413535
3338.0	170.05797101449275
3413.0	141.5
3488.0	264.0857142857143
3563.0	222.84070796460176
3638.0	193.1891891891892
3713.0	205.57142857142858
3788.0	291.93918918918916
3863.0	246.7659574468085
3938.0	227.94444444444446
4013.0	197.91666666666666
4088.0	241.6008174386921
4163.0	217.98086124401914
4238.0	196.13548387096773
4313.0	266.9137168141593
4388.0	237.89908256880733
4463.0	200.23529411764707
4538.0	206.5686274509804
4613.0	279.125
4688.0	241.82708585247883
4763.0	202.60084033613447
4838.0	156.93427230046947
4913.0	133.35714285714286
4988.0	269.6190476190476
5063.0	223.5
5138.0	192.33333333333334
5213.0	0.0
5288.0	257.792436235708
5363.0	224.8850987432675
5438.0	172.92757660167132
5513.0	328.42857142857144
5588.0	263.9187279151943
5663.0	225.54782608695652
5738.0	194.65811965811966
5813.0	193.70833333333334
5888.0	297.8872180451128
5963.0	261.57377049180326
6038.0	197.4
6113.0	181.5625
6188.0	262.2406779661017
6263.0	231.7032967032967
6338.0	188.17948717948718
6413.0	176.92105263157896
6488.0	277.42247191011234
6563.0	250.86776859504133
6638.0	196.32773109243698
6713.0	196.82456140350877
6788.0	212.7037037037037
6863.0	250.53333333333333
6938.0	0.0
7013.0	289.2413793103448
7088.0	293.3577235772358
7163.0	263.88461538461536
7238.0	236.53846153846155
7313.0	293.77777777777777
7388.0	230.9404761904762
7463.0	188.94736842105263
7538.0	145.8125
7613.0	285.62702702702705
7688.0	271.996015936255
7763.0	214.34177215189874
7838.0	157.296875
7913.0	257.0833333333333
7988.0	279.4884488448845
8063.0	224.87012987012986
8138.0	176.4
8213.0	147.18421052631578
8288.0	295.9375
8363.0	269.1666666666667
8438.0	344.0
8513.0	287.0
8588.0	311.7647058823529
8663.0	266.25
8738.0	225.57142857142858
8813.0	144.92307692307693
8888.0	261.6054421768707
8963.0	236.39909297052154
9038.0	184.6231884057971
9113.0	160.42028985507247
9188.0	280.27659574468083
9263.0	273.7536231884058
9338.0	250.34545454545454
9413.0	258.462962962963
9488.0	278.10732538330495
9563.0	235.75
9638.0	177.07734806629836
9713.0	150.73469387755102
9788.0	275.5596330275229
9863.0	248.95238095238096
9938.0	205.2089552238806
10013.0	155.74074074074073
10088.0	268.4256505576208
10163.0	227.5586034912718
10238.0	176.52554744525548
10313.0	150.2394366197183
10388.0	276.0030120481928
10463.0	267.19083969465646
10538.0	201.367816091954
10613.0	166.0487804878049
10688.0	277.68380062305295
10763.0	245.61331220285263
10838.0	204.58333333333334
10913.0	195.3469387755102
10988.0	295.934
11063.0	254.8649386084584
11138.0	209.35466666666667
11213.0	160.09944751381215
11288.0	223.6241134751773
11363.0	244.16417910447763
11438.0	197.61764705882354
11513.0	185.2972972972973
11588.0	255.2054794520548
11663.0	219.23529411764707
11738.0	198.5
11813.0	108.0
11888.0	257.0853658536585
11963.0	222.57565789473685
12038.0	174.4814814814815
12113.0	241.59278350515464
12188.0	417.95726495726495
12263.0	187.22222222222223
12338.0	174.52941176470588
12413.0	282.8738574040219
12488.0	259.4921985815603
12563.0	210.80427046263344
12638.0	197.2258064516129
12713.0	258.7766497461929
12788.0	235.4
12863.0	192.53488372093022
12938.0	183.04225352112675
13013.0	257.80676328502415
13088.0	255.5909694555113
13163.0	209.72156862745098
13238.0	150.6216216216216
13313.0	274.3817204301075
13388.0	244.86363636363637
13463.0	233.25333333333333
13538.0	176.2941176470588
13613.0	264.2051649928264
13688.0	243.18157181571814
13763.0	201.84317718940937
13838.0	156.56571428571428
13913.0	318.47196261682245
13988.0	245.6715976331361
14063.0	194.4051724137931
14138.0	172.35593220338984
14213.0	271.0518053375196
14288.0	241.34980988593156
14363.0	186.9863387978142
14438.0	138.91666666666666
14513.0	858.4705882352941
14588.0	273.85227272727275
14663.0	217.5090909090909
14738.0	160.05555555555554
14813.0	174.5
14888.0	208.8421052631579
14963.0	174.55555555555554
15038.0	142.0
15113.0	145.0
15188.0	289.9222222222222
15263.0	263.0869565217391
15338.0	253.4814814814815
15413.0	178.0
15488.0	270.8828996282528
15563.0	253.32700421940928
15638.0	201.45182724252493
15713.0	144.53846153846155
15788.0	167.11764705882354
15863.0	263.24421593830334
15938.0	210.95857988165682
16013.0	161.72727272727272
16088.0	182.95
16163.0	275.13513513513516
16238.0	239.125
16313.0	163.57142857142858
16388.0	110.5
16463.0	308.1666666666667
16538.0	345.6
16613.0	0.0
16688.0	263.0
16763.0	270.3365758754864
16838.0	239.00187265917603
16913.0	191.448
16988.0	175.71621621621622
17063.0	272.73225152129817
17138.0	245.34493670886076
17213.0	208.21021021021022
17288.0	155.62328767123287
17363.0	274.1748251748252
17438.0	251.85778443113773
17513.0	198.58744394618833
17588.0	151.51111111111112
17663.0	231.40322580645162
17738.0	251.1267605633803
17813.0	204.7037037037037
17888.0	162.07142857142858
17963.0	255.72018348623854
18038.0	230.481981981982
18113.0	194.25
18188.0	162.5125
18263.0	277.5527638190955
18338.0	268.2613636363636
18413.0	218.43650793650792
18488.0	180.19101123595505
18563.0	209.0
18638.0	251.78326359832636
18713.0	206.6927374301676
18788.0	225.13780918727915
18863.0	177.05434782608697
18938.0	266.0752532561505
19013.0	223.8880866425993
19088.0	173.8841463414634
19163.0	128.5625
19238.0	0.0
19313.0	0.0
19388.0	0.0
19463.0	0.0
19538.0	306.2142857142857
19613.0	272.32530120481925
19688.0	187.9655172413793
19763.0	148.77777777777777
19838.0	259.5833333333333
19913.0	284.5882352941176
19988.0	176.66666666666666
20063.0	206.0
20138.0	490.0
20213.0	276.5
20288.0	0.0
20363.0	0.0
20438.0	234.0
20513.0	285.3612040133779
20588.0	237.3284023668639
20663.0	179.87586206896552
20738.0	130.05882352941177
20813.0	269.7299270072993
20888.0	223.93617021276594
20963.0	183.35294117647058
21038.0	131.55555555555554
21113.0	0.0
21188.0	0.0
21263.0	0.0
21338.0	329.0
21413.0	224.0
21488.0	256.0
21563.0	193.0
21638.0	242.92424242424244
21713.0	279.5833333333333
21788.0	211.84313725490196
21863.0	167.31578947368422
21938.0	227.77777777777777
22013.0	262.1666666666667
22088.0	184.33333333333334
22163.0	133.0
22238.0	227.83333333333334
22313.0	284.6666666666667
22388.0	152.25
22463.0	183.0
22538.0	266.14666666666665
22613.0	225.7843137254902
22688.0	179.67741935483872
22763.0	153.54545454545453
22838.0	286.7837837837838
22913.0	248.53370786516854
22988.0	221.54945054945054
23063.0	250.46575342465752
23138.0	265.61436170212767
23213.0	238.35258358662614
23288.0	188.45263157894738
23363.0	143.6818181818182
23438.0	258.55
23513.0	259.4855769230769
23588.0	201.18421052631578
23663.0	173.135593220339
23738.0	226.5
23813.0	291.0
23888.0	208.83333333333334
23963.0	131.0
24038.0	159.0
24113.0	263.1246819338422
24188.0	217.54121863799284
24263.0	179.6043165467626
24338.0	125.70833333333333
24413.0	279.718954248366
24488.0	244.0
24563.0	197.03030303030303
24638.0	178.4375
24713.0	264.6657681940701
24788.0	235.41246290801186
24863.0	185.1304347826087
24938.0	215.2037037037037
25013.0	276.8776758409786
25088.0	232.9777777777778
25163.0	183.70491803278688
25238.0	172.5
25313.0	258.7618025751073
25388.0	226.10729613733906
25463.0	207.94285714285715
25538.0	130.85365853658536
25613.0	293.22222222222223
25688.0	234.0
25763.0	165.5
25838.0	0.0
25913.0	280.5308056872038
25988.0	261.3065326633166
26063.0	228.1744966442953
26138.0	173.0204081632653
26213.0	279.3222222222222
26288.0	267.6111111111111
26363.0	207.0
26438.0	188.42857142857142
26513.0	281.7785547785548
26588.0	260.21153846153845
26663.0	225.0222222222222
26738.0	174.5581395348837
26813.0	248.4867256637168
26888.0	256.9344978165939
26963.0	208.2116402116402
27038.0	167.69565217391303
27113.0	254.875
27188.0	264.253663003663
27263.0	215.9431279620853
27338.0	154.21323529411765
27413.0	116.80952380952381
27488.0	0.0
27563.0	0.0
27638.0	0.0
27713.0	0.0
27788.0	249.7
27863.0	269.6666666666667
27938.0	214.66666666666666
28013.0	235.0
28088.0	273.9176029962547
28163.0	239.38983050847457
28238.0	191.7191011235955
28313.0	143.82857142857142
28388.0	258.36607142857144
28463.0	240.9949494949495
28538.0	184.4814814814815
28613.0	138.63888888888889
28688.0	255.6818181818182
28763.0	232.375
28838.0	0.0
28913.0	0.0
28988.0	267.421875
29063.0	245.72522522522522
29138.0	205.67469879518072
29213.0	143.83333333333334
29288.0	102.6
29363.0	213.0
29438.0	275.5
29513.0	243.20454545454547
29588.0	217.3846153846154
29663.0	156.1
29738.0	118.0
29813.0	0.0
29877.0	0.0
