# Position (bp)	A	C	G	T	N
0.0	24.34658527279664	25.85402518122854	23.32231972529569	26.477069820679127	0.0
1.0	23.52064097672644	22.784509729111026	14.44418161007249	39.25066768409004	0.0
2.0	27.221992038438913	23.43433696006324	16.00255465847467	33.34111634302318	0.0
3.0	25.085949981917317	22.42123349859535	13.207380177408698	39.28543634207864	0.0
4.0	31.464174217154994	16.168675213544798	12.680242795628702	39.68690777367151	0.0
5.0	36.093824504384905	17.246604030532254	22.87416698137319	23.785404483709645	0.0
6.0	29.36461677428805	17.432146649902958	20.02749533098153	33.175741244827464	0.0
7.0	31.78075754061741	17.850145868681565	19.93602224039647	30.433074350304558	0.0
8.0	21.796076803827987	23.76538029613173	25.699818732224163	28.73872416781612	0.0
9.0	22.720191521306592	19.398169622694482	16.697386570316027	41.1842522856829	0.0
10.0	24.152100142817034	17.45404221036827	25.591866752926528	32.80199089388816	0.0
11.0	23.18884806464607	22.059433858623343	19.27450166619875	35.477216410531845	0.0
12.0	26.669021520208002	23.06159442403232	21.4220212882829	28.847362767476774	0.0
13.0	26.607454560990195	23.58685900174554	16.380091671447577	33.42559476581668	0.0
14.0	28.777632655054138	18.582846087179426	20.25827606410898	32.38124519365746	0.0
15.0	29.129334863225225	20.91537175152277	21.269133820782933	28.686159564469076	0.0
16.0	28.627949415914944	17.72472321570255	16.89139496844598	36.755932399936526	0.0
17.0	29.524751901175495	19.327524016454475	19.850957606532965	31.296766475837067	0.0
18.0	30.81132587917923	17.58099068637623	19.74720164056492	31.860481793879618	0.0
19.0	25.857207377659506	17.64240506329114	21.93782576321668	34.56256179583267	0.0
20.0	26.050300281972095	19.27465424850164	21.68919290065061	32.98585256887565	0.0
21.0	24.484653271974903	23.36187639612807	16.665191704405355	35.488278627491674	0.0
22.0	28.56249160797334	19.61498907510711	21.59062473298097	30.23189458393858	0.0
23.0	25.794419760018556	21.045066708982826	21.541111775691807	31.619401755306814	0.0
24.0	34.89786140644264	20.525066220719456	16.853478266176776	27.72359410666113	0.0
25.0	27.028658008129586	22.640238394590043	19.38115669592178	30.949946901358594	0.0
26.0	30.565058042308017	17.719382835101253	22.238794355675452	29.476764766915274	0.0
27.0	24.960328601247515	24.603972632838154	21.6357128034862	28.79998596242813	0.0
28.0	27.59077121199175	19.49681408151557	17.756612917007434	35.155801789485245	0.0
29.0	25.21681945241263	22.542280556131978	17.143994970887295	35.096905020568094	0.0
30.0	26.41156721237305	20.652799442396656	15.755580810068654	37.18005253516164	0.0
31.0	31.73215176276518	17.017761921203054	15.52023631411363	35.72985000191814	0.0
32.0	34.306749740072796	16.018720956718052	22.587402943724015	27.087126359485136	0.0
33.0	30.843217773483456	16.196940084764105	18.67288646566301	34.286955676089434	0.0
34.0	29.702979307834234	17.105247917132054	23.53495991461689	29.65681286041682	0.0
35.0	28.308170444877618	18.65968480411743	23.7101142477015	29.322030503303452	0.0
