#GC Content (%)	Sample
1.0	0.0
2.0	0.0
3.0	0.0
4.0	0.0
5.0	0.0
6.0	0.0
7.0	0.0
8.0	0.0
9.0	0.0
10.0	0.0
11.0	0.0
12.0	0.0
13.0	0.0
14.0	1.2597552295588967E-5
15.0	3.77926568867669E-5
16.0	6.298776147794484E-6
17.0	2.330547174683959E-4
18.0	3.0234125509413524E-4
19.0	1.3227429910368416E-4
20.0	0.0038548510024502235
21.0	5.542923010059146E-4
22.0	0.0014487185139927313
23.0	0.008572634337148293
24.0	0.0012408589011155132
25.0	0.014008478152694931
26.0	0.008056134693029144
27.0	0.0032375709399663647
28.0	0.03329533071724164
29.0	0.01219443062213012
30.0	0.009202511951927742
31.0	0.06516713802508174
32.0	0.015595769741939143
33.0	0.010877986407241073
34.0	0.07309099841900718
35.0	0.018549895755254755
36.0	0.03373624504758725
37.0	0.0769458494214574
38.0	0.019608090148084224
39.0	0.09618231177682177
40.0	0.03202297793538716
41.0	0.014134453675650822
42.0	0.1026448561044589
43.0	0.0264863537014758
44.0	0.00988907855203734
45.0	0.07768280623074937
46.0	0.023305471746839588
47.0	0.014336014512380243
48.0	0.05520877293541865
49.0	0.017227152764217914
50.0	0.028942876399115653
51.0	0.019935626507769543
52.0	0.010714218227398417
53.0	0.022555917385252044
54.0	0.002569900668300149
55.0	0.00823250042516739
56.0	0.015520184428165607
57.0	0.001379431976366992
58.0	0.002834449266507518
59.0	0.0025824982205957386
60.0	9.133225414302001E-4
61.0	0.0014424197378449365
62.0	0.0018455414113037836
63.0	7.369568092919546E-4
64.0	5.227984202669421E-4
65.0	6.298776147794484E-5
66.0	8.18840899213283E-5
67.0	1.889632844338345E-5
68.0	0.0
69.0	0.0
70.0	0.0
71.0	0.0
72.0	0.0
73.0	0.0
74.0	0.0
75.0	0.0
76.0	0.0
77.0	0.0
78.0	0.0
79.0	0.0
80.0	0.0
81.0	0.0
82.0	0.0
83.0	0.0
84.0	0.0
85.0	0.0
86.0	0.0
87.0	0.0
88.0	0.0
89.0	0.0
90.0	0.0
91.0	0.0
92.0	0.0
93.0	0.0
94.0	0.0
95.0	0.0
96.0	0.0
97.0	0.0
98.0	0.0
99.0	0.0
100.0	2.5195104591177934E-5
