#Position (bp)	insert size
38.0	14765.203389830509
113.0	322.0
188.0	0.0
263.0	0.0
338.0	396.06976744186045
413.0	349.0
488.0	0.0
563.0	0.0
638.0	376.5
713.0	345.0
788.0	0.0
863.0	0.0
938.0	384.3421052631579
1013.0	357.0
1088.0	0.0
1163.0	0.0
1238.0	399.3333333333333
1313.0	367.25
1388.0	0.0
1463.0	0.0
1538.0	385.44444444444446
1613.0	376.85714285714283
1688.0	0.0
1763.0	0.0
1838.0	396.0
1913.0	0.0
1988.0	0.0
2063.0	166.0
2138.0	0.0
2213.0	0.0
2288.0	0.0
2363.0	0.0
2438.0	0.0
2513.0	398.0
2588.0	0.0
2663.0	0.0
2738.0	0.0
2813.0	366.56
2888.0	305.5
2963.0	0.0
3038.0	0.0
3113.0	383.6666666666667
3188.0	376.0
3263.0	0.0
3338.0	0.0
3413.0	0.0
3488.0	383.8181818181818
3563.0	0.0
3638.0	0.0
3713.0	0.0
3788.0	393.0
3863.0	0.0
3938.0	0.0
4013.0	0.0
4088.0	0.0
4163.0	0.0
4238.0	0.0
4313.0	389.0
4388.0	0.0
4463.0	0.0
4538.0	0.0
4613.0	379.57142857142856
4688.0	0.0
4763.0	0.0
4838.0	0.0
4913.0	380.14285714285717
4988.0	0.0
5063.0	0.0
5138.0	0.0
5213.0	0.0
5288.0	377.3076923076923
5363.0	0.0
5438.0	0.0
5513.0	0.0
5588.0	384.6
5663.0	0.0
5738.0	0.0
5813.0	0.0
5888.0	403.2826086956522
5963.0	0.0
6038.0	0.0
6113.0	0.0
6188.0	374.59375
6263.0	0.0
6338.0	0.0
6413.0	0.0
6488.0	392.27027027027026
6563.0	0.0
6638.0	0.0
6713.0	372.8727272727273
6788.0	341.625
6863.0	0.0
6938.0	0.0
7013.0	793.9318181818181
7088.0	971.8285714285714
7163.0	0.0
7238.0	0.0
7313.0	383.44444444444446
7388.0	0.0
7463.0	0.0
7538.0	0.0
7613.0	1530.2777777777778
7688.0	0.0
7763.0	0.0
7838.0	0.0
7913.0	389.8085106382979
7988.0	381.27272727272725
8063.0	0.0
8138.0	0.0
8213.0	391.57142857142856
8288.0	396.80555555555554
8363.0	0.0
8438.0	0.0
8513.0	0.0
8588.0	376.79245283018867
8663.0	356.5
8738.0	0.0
8813.0	0.0
8888.0	362.75
8963.0	345.0
9038.0	388.0
9113.0	0.0
9188.0	378.3157894736842
9263.0	0.0
9338.0	218.0
9413.0	0.0
9488.0	379.05555555555554
9563.0	285.0
9638.0	0.0
9713.0	0.0
9788.0	383.23809523809524
9863.0	0.0
9938.0	0.0
10013.0	0.0
10088.0	377.09090909090907
10163.0	0.0
10238.0	0.0
10313.0	0.0
10388.0	391.0
10463.0	0.0
10538.0	0.0
10613.0	0.0
10688.0	395.7118644067797
10763.0	0.0
10838.0	0.0
10913.0	0.0
10988.0	387.85714285714283
11063.0	0.0
11138.0	0.0
11213.0	0.0
11288.0	385.3448275862069
11363.0	366.75
11438.0	0.0
11513.0	0.0
11588.0	384.6666666666667
11663.0	397.0
11738.0	0.0
11813.0	0.0
11888.0	384.38461538461536
11963.0	0.0
12038.0	0.0
12113.0	377.15384615384613
12188.0	163.0
12263.0	0.0
12338.0	356.0
12413.0	379.0
12488.0	0.0
12563.0	0.0
12638.0	0.0
12713.0	381.0
12788.0	0.0
12863.0	0.0
12938.0	0.0
13013.0	0.0
13088.0	0.0
13163.0	0.0
13238.0	0.0
13313.0	382.0
13388.0	0.0
13463.0	0.0
13538.0	0.0
13613.0	382.0
13688.0	0.0
13763.0	0.0
13838.0	0.0
13913.0	381.0
13988.0	0.0
14063.0	0.0
14138.0	159.0
14213.0	0.0
14288.0	0.0
14363.0	0.0
14438.0	0.0
14513.0	381.0
14588.0	0.0
14663.0	0.0
14738.0	0.0
14813.0	0.0
14888.0	372.3125
14963.0	0.0
15038.0	0.0
15113.0	0.0
15188.0	377.7111111111111
15263.0	0.0
15338.0	0.0
15413.0	0.0
15488.0	394.6666666666667
15563.0	0.0
15638.0	0.0
15713.0	0.0
15788.0	0.0
15863.0	375.19354838709677
15938.0	0.0
16013.0	0.0
16088.0	381.5952380952381
16163.0	374.625
16238.0	0.0
16313.0	0.0
16388.0	397.0967741935484
16463.0	395.3333333333333
16538.0	0.0
16613.0	0.0
16688.0	0.0
16763.0	391.5
16838.0	0.0
16913.0	212.0
16988.0	457.0
17063.0	378.2307692307692
17138.0	0.0
17213.0	0.0
17288.0	458.0
17363.0	374.030303030303
17438.0	346.0
17513.0	0.0
17588.0	0.0
17663.0	379.741935483871
17738.0	345.75
17813.0	0.0
17888.0	494.0
17963.0	386.7142857142857
18038.0	327.0
18113.0	0.0
18188.0	286.6666666666667
18263.0	404.3125
18338.0	355.6666666666667
18413.0	0.0
18488.0	0.0
18563.0	373.4074074074074
18638.0	365.0
18713.0	0.0
18788.0	0.0
18863.0	386.93548387096774
18938.0	389.2142857142857
19013.0	0.0
19088.0	0.0
19163.0	0.0
19238.0	393.2077922077922
19313.0	0.0
19388.0	0.0
19463.0	0.0
19538.0	377.84
19613.0	364.0
19688.0	0.0
19763.0	0.0
19838.0	399.0
19913.0	370.25
19988.0	0.0
20063.0	0.0
20138.0	391.6363636363636
20213.0	380.1666666666667
20288.0	0.0
20363.0	227.36363636363637
20438.0	417.3529411764706
20513.0	392.07142857142856
20588.0	0.0
20663.0	0.0
20738.0	0.0
20813.0	371.5
20888.0	0.0
20963.0	0.0
21038.0	384.0
21113.0	359.7191011235955
21188.0	0.0
21263.0	0.0
21338.0	379.9756097560976
21413.0	365.3333333333333
21488.0	0.0
21563.0	192.0
21638.0	376.4736842105263
21713.0	0.0
21788.0	259.0
21863.0	0.0
21938.0	377.6470588235294
22013.0	329.5
22088.0	0.0
22163.0	0.0
22238.0	463.0487804878049
22313.0	364.25
22388.0	0.0
22463.0	435.0
22538.0	375.7586206896552
22613.0	409.0
22688.0	0.0
22763.0	404.90909090909093
22838.0	395.3333333333333
22913.0	0.0
22988.0	0.0
23063.0	0.0
23138.0	386.8125
23213.0	0.0
23288.0	0.0
23363.0	0.0
23438.0	395.82142857142856
23513.0	363.0
23588.0	0.0
23663.0	414.0
23738.0	0.0
23813.0	372.7142857142857
23888.0	0.0
23963.0	0.0
24038.0	0.0
24113.0	377.1304347826087
24188.0	0.0
24263.0	0.0
24338.0	0.0
24413.0	383.43333333333334
24488.0	0.0
24563.0	0.0
24638.0	0.0
24713.0	371.0416666666667
24788.0	0.0
24863.0	0.0
24938.0	407.0
25013.0	387.625
25088.0	0.0
25163.0	0.0
25238.0	460.6666666666667
25313.0	377.075
25388.0	695.0
25463.0	0.0
25538.0	424.0
25613.0	444.98039215686276
25688.0	334.0
25763.0	0.0
25838.0	0.0
25913.0	393.75384615384615
25988.0	343.0
26063.0	0.0
26138.0	0.0
26213.0	381.86842105263156
26288.0	0.0
26363.0	0.0
26438.0	186.0
26513.0	387.22222222222223
26588.0	341.0
26663.0	0.0
26738.0	0.0
26813.0	366.4736842105263
26888.0	353.3333333333333
26963.0	0.0
27038.0	169.33333333333334
27113.0	401.6060606060606
27188.0	356.5
27263.0	0.0
27338.0	0.0
27413.0	435.77272727272725
27488.0	379.12
27563.0	0.0
27638.0	218.75
27713.0	167.5
27788.0	393.9555555555556
27863.0	0.0
27938.0	0.0
28013.0	425.0
28088.0	373.60869565217394
28163.0	330.0
28238.0	305.25
28313.0	0.0
28388.0	368.42857142857144
28463.0	215.0
28538.0	0.0
28613.0	0.0
28688.0	372.30232558139534
28763.0	403.0
28838.0	334.0
28913.0	473.0
28988.0	393.5238095238095
29063.0	362.0
29138.0	0.0
29213.0	322.0
29288.0	408.0869565217391
29363.0	399.85714285714283
29438.0	248.0
29513.0	369.19354838709677
29588.0	0.0
29663.0	0.0
29738.0	0.0
29813.0	0.0
29877.0	0.0
