#Read position (bp)	Clipping profile
0.0	23.677078822809193
1.0	0.229943410030908
2.0	0.20754632463828707
3.0	0.20045391426395712
4.0	0.19672106669852027
5.0	0.19410807340271452
6.0	0.19298821913308348
7.0	0.19186836486345243
8.0	0.1885088020545593
9.0	0.18552252400220984
10.0	0.1802965374105983
11.0	0.17544383557553045
12.0	0.1683514252012005
13.0	0.1616322995834142
14.0	0.15640631299180266
15.0	0.14371463126931747
16.0	0.13998178370388067
17.0	0.13475579711226912
18.0	0.1310229495468323
19.0	0.12952981052065757
20.0	0.12355725441595866
21.0	0.12094426112015288
22.0	0.11907783733743449
23.0	0.11758469831125976
24.0	0.11422513550236663
25.0	0.11273199647619189
26.0	0.1108655726934735
27.0	0.10787929464112403
28.0	0.10414644707568722
29.0	0.10078688426679407
30.0	2.0265629432756485
31.0	0.986591611544951
32.0	0.5360369103967271
33.0	1.6708225702895196
34.0	1.3800337449419915
35.0	1.6547713257581413
36.0	0.5326773475878339
37.0	0.5673928299463963
38.0	0.9910710286234751
39.0	0.9421707255162528
40.0	0.7230525734251116
41.0	0.9123079449927582
42.0	1.1467307721021904
43.0	1.5898197781195407
44.0	1.9911008914039987
45.0	30.591805653024352
46.0	3.2569095008436237
47.0	3.859391097905126
48.0	0.3770176041091186
49.0	0.34715482358562405
50.0	0.28332313021665445
51.0	0.2172517283084228
52.0	0.6775118331267824
53.0	0.47145864751467015
54.0	0.2359159661356069
55.0	0.23255640332671373
56.0	0.3139324802532364
57.0	0.1455810550520359
58.0	0.12281068490287131
59.0	0.18365610021949144
60.0	0.3535006644468667
61.0	0.131396234303376
62.0	0.6480223373598316
63.0	0.23964881370104368
64.0	0.2612993295805772
65.0	0.13774207516461856
66.0	0.33147686381078945
67.0	0.2026936228032192
68.0	0.07204395801293058
69.0	0.24338166126648053
70.0	0.23964881370104368
71.0	0.19112179535036508
72.0	0.16275215385304526
73.0	0.43972944320845714
74.0	0.2086661789079181
75.0	0.24300837650993684
76.0	0.12094426112015288
77.0	0.17096441849700628
78.0	0.1761904050886178
79.0	0.1761904050886178
80.0	0.39082914010123476
81.0	0.21650515879533544
82.0	0.25346034969315995
83.0	0.02501007868842668
84.0	0.12542367819867709
85.0	0.19821420572469503
86.0	0.15827273677452108
87.0	0.10265330804951249
88.0	0.1575261672614337
89.0	0.061965269586251176
90.0	0.11833126782434714
91.0	0.14259477699968642
92.0	0.0675645409344064
93.0	0.10339987756259984
94.0	0.0205306616099025
95.0	0.02015737685335882
96.0	0.09742732145790094
97.0	0.1369955056515312
98.0	0.02239708539262091
99.0	0.11123885745001717
100.0	0.15080704164364744
101.0	0.02724978722768877
102.0	0.026503217714601405
103.0	0.02762307198423245
104.0	0.11571827452854136
105.0	0.07204395801293058
106.0	0.07017753423021217
107.0	0.02948949576695086
108.0	0.02948949576695086
109.0	0.029862780523494545
110.0	0.029862780523494545
111.0	0.029862780523494545
112.0	0.07055081898675586
113.0	0.030982634793125588
114.0	0.032849058575844
115.0	0.03210248906275663
116.0	0.03172920430621295
117.0	0.032849058575844
118.0	0.033222343332387674
119.0	0.03396891284547504
120.0	0.034342197602018724
121.0	0.0347154823585624
122.0	0.03546205187164977
123.0	0.03658190614128081
124.0	0.036955190897824494
125.0	0.03546205187164977
126.0	0.03546205187164977
127.0	0.03583533662819345
128.0	0.03658190614128081
129.0	0.036955190897824494
130.0	0.036955190897824494
131.0	0.036955190897824494
132.0	0.03844832992399922
133.0	0.038821614680542904
134.0	0.03956818419363027
135.0	0.041807892732892364
136.0	0.04218117748943604
137.0	0.04330103175906709
138.0	0.04367431651561077
139.0	0.04404760127215445
140.0	0.04404760127215445
141.0	0.04367431651561077
142.0	0.045167455541785494
143.0	0.045167455541785494
144.0	0.045167455541785494
145.0	0.04554074029832918
146.0	0.04554074029832918
147.0	0.04591402505487286
148.0	0.047033879324503904
149.0	0.04778044883759127
150.0	0.04815373359413495
151.0	0.04815373359413495
152.0	0.04927358786376599
153.0	0.048900303107222313
154.0	0.04927358786376599
155.0	0.048900303107222313
156.0	0.04815373359413495
157.0	0.04852701835067863
158.0	0.048900303107222313
159.0	0.04964687262030968
160.0	0.05076672688994072
161.0	0.05188658115957177
162.0	0.05225986591611545
163.0	0.05300643542920281
164.0	0.05225986591611545
165.0	0.05225986591611545
166.0	0.05225986591611545
167.0	0.05300643542920281
168.0	0.05337972018574649
169.0	0.05449957445537754
170.0	0.055619428725008586
171.0	0.056365998238095946
172.0	0.05785913726427068
173.0	0.05785913726427068
174.0	0.058232422020814356
175.0	0.057485852507727
176.0	0.05711256775118331
177.0	0.057485852507727
178.0	0.05897899153390172
179.0	0.058605706777358046
180.0	0.060098845803532766
181.0	0.0615919848297075
182.0	0.06084541531662013
183.0	0.06084541531662013
184.0	0.06084541531662013
185.0	0.06047213056007644
186.0	0.060098845803532766
187.0	0.06121870007316381
188.0	0.0615919848297075
189.0	0.06084541531662013
190.0	0.060098845803532766
191.0	0.05972556104698909
192.0	0.0593522762904454
193.0	0.058232422020814356
194.0	0.05785913726427068
195.0	0.058605706777358046
196.0	0.05785913726427068
197.0	0.05897899153390172
198.0	0.06233855434279485
199.0	0.06420497812551326
200.0	0.053753004942290177
201.0	0.033222343332387674
202.0	0.033222343332387674
203.0	0.03359562808893136
204.0	0.032849058575844
205.0	0.03210248906275663
206.0	0.032475773819300315
207.0	0.032475773819300315
208.0	0.03135591954966927
209.0	0.03135591954966927
210.0	0.03023606528003822
211.0	0.029862780523494545
212.0	0.0287429262538635
213.0	0.02836964149731982
214.0	0.02836964149731982
215.0	0.029116211010407178
216.0	0.029116211010407178
217.0	0.029862780523494545
218.0	0.0347154823585624
219.0	0.04031475370671764
220.0	0.027996356740776135
