#Read position (bp)	Clipping profile
0.0	15.056252939261297
1.0	15.052635386897226
2.0	10.729660311833014
3.0	6.026842238541403
4.0	3.096624823644322
5.0	0.6909525015374597
6.0	0.0
7.0	0.0
8.0	0.0
9.0	0.0
10.0	0.0
11.0	0.0
12.0	0.0
13.0	0.0
14.0	0.0
15.0	0.0
16.0	0.0
17.0	0.0
18.0	0.0
19.0	0.0
20.0	0.0
21.0	0.0
22.0	0.0
23.0	0.0
24.0	0.0
25.0	0.0
26.0	0.0
27.0	0.0
28.0	0.0
29.0	0.0
30.0	1.8377166009477988
31.0	4.2759468943312955
32.0	7.907969467858048
33.0	11.31570379481243
34.0	13.641789964909742
35.0	10.367905075425966
