#Coverage	Number of genomic locations
0.0	444.0
1.0	312.0
2.0	162.0
3.0	142.0
4.0	89.0
5.0	162.0
6.0	107.0
7.0	44.0
8.0	20.0
9.0	22.0
10.0	70.0
11.0	63.0
12.0	77.0
13.0	137.0
14.0	107.0
15.0	124.0
16.0	103.0
17.0	115.0
18.0	126.0
19.0	76.0
20.0	159.0
21.0	55.0
22.0	88.0
23.0	66.0
24.0	90.0
25.0	166.0
26.0	143.0
27.0	184.0
28.0	145.0
29.0	132.0
30.0	122.0
31.0	121.0
32.0	64.0
33.0	38.0
34.0	57.0
35.0	26.0
36.0	14.0
37.0	21.0
38.0	33.0
39.0	20.0
40.0	36.0
41.0	25.0
42.0	36.0
43.0	40.0
44.0	48.0
45.0	32.0
46.0	28.0
47.0	37.0
48.0	27.0
49.0	37.0
50.0	39.0
51.0	49.0
52.0	50.0
53.0	55.0
54.0	35.0
55.0	19.0
56.0	23.0
57.0	22.0
58.0	37.0
59.0	38.0
60.0	30.0
61.0	36.0
62.0	40.0
63.0	27.0
64.0	22.0
65.0	19.0
66.0	8.0
67.0	31.0
68.0	15.0
69.0	21.0
70.0	13.0
71.0	36.0
72.0	29.0
73.0	13.0
74.0	19.0
75.0	9.0
76.0	25.0
77.0	8.0
78.0	14.0
79.0	20.0
80.0	18.0
81.0	28.0
82.0	16.0
83.0	36.0
84.0	32.0
85.0	19.0
86.0	28.0
87.0	12.0
88.0	28.0
89.0	25.0
90.0	18.0
91.0	25.0
92.0	21.0
93.0	24.0
94.0	30.0
95.0	28.0
96.0	29.0
97.0	28.0
98.0	31.0
99.0	22.0
100.0	26.0
101.0	40.0
102.0	29.0
103.0	28.0
104.0	17.0
105.0	24.0
106.0	23.0
107.0	49.0
108.0	26.0
109.0	13.0
110.0	19.0
111.0	23.0
112.0	41.0
113.0	14.0
114.0	18.0
115.0	11.0
116.0	19.0
117.0	12.0
118.0	15.0
119.0	26.0
120.0	14.0
121.0	7.0
122.0	14.0
123.0	32.0
124.0	17.0
125.0	19.0
126.0	17.0
127.0	17.0
128.0	31.0
129.0	32.0
130.0	9.0
131.0	17.0
132.0	12.0
133.0	6.0
134.0	3.0
135.0	16.0
136.0	19.0
137.0	9.0
138.0	14.0
139.0	13.0
140.0	12.0
141.0	17.0
142.0	26.0
143.0	18.0
144.0	24.0
145.0	28.0
146.0	33.0
147.0	23.0
148.0	24.0
149.0	26.0
150.0	16.0
151.0	16.0
152.0	22.0
153.0	20.0
154.0	21.0
155.0	22.0
156.0	18.0
157.0	21.0
158.0	21.0
159.0	7.0
160.0	10.0
161.0	11.0
162.0	11.0
163.0	10.0
164.0	16.0
165.0	8.0
166.0	28.0
167.0	16.0
168.0	19.0
169.0	4.0
170.0	22.0
171.0	11.0
172.0	8.0
173.0	7.0
174.0	6.0
175.0	12.0
176.0	9.0
177.0	12.0
178.0	11.0
179.0	14.0
180.0	16.0
181.0	8.0
182.0	12.0
183.0	9.0
184.0	7.0
185.0	12.0
186.0	13.0
187.0	14.0
188.0	6.0
189.0	8.0
190.0	12.0
191.0	25.0
192.0	20.0
193.0	26.0
194.0	20.0
195.0	6.0
196.0	15.0
197.0	14.0
198.0	20.0
199.0	8.0
200.0	15.0
201.0	12.0
202.0	14.0
203.0	14.0
204.0	12.0
205.0	10.0
206.0	18.0
207.0	16.0
208.0	13.0
209.0	17.0
210.0	17.0
211.0	16.0
212.0	16.0
213.0	9.0
214.0	20.0
215.0	15.0
216.0	22.0
217.0	24.0
218.0	17.0
219.0	19.0
220.0	17.0
221.0	13.0
222.0	12.0
223.0	17.0
224.0	35.0
225.0	12.0
226.0	15.0
227.0	15.0
228.0	34.0
229.0	16.0
230.0	16.0
231.0	16.0
232.0	13.0
233.0	14.0
234.0	22.0
235.0	16.0
236.0	25.0
237.0	17.0
238.0	14.0
239.0	22.0
240.0	15.0
241.0	12.0
242.0	12.0
243.0	13.0
244.0	18.0
245.0	38.0
246.0	24.0
247.0	10.0
248.0	16.0
249.0	13.0
250.0	11.0
251.0	20.0
252.0	16.0
253.0	12.0
254.0	15.0
255.0	16.0
256.0	14.0
257.0	23.0
258.0	22.0
259.0	23.0
260.0	34.0
261.0	15.0
262.0	16.0
263.0	26.0
264.0	16.0
265.0	18.0
266.0	13.0
267.0	19.0
268.0	13.0
269.0	10.0
270.0	11.0
271.0	11.0
272.0	20.0
273.0	16.0
274.0	13.0
275.0	22.0
276.0	24.0
277.0	16.0
278.0	14.0
279.0	15.0
280.0	11.0
281.0	10.0
282.0	24.0
283.0	14.0
284.0	22.0
285.0	17.0
286.0	21.0
287.0	19.0
288.0	17.0
289.0	17.0
290.0	8.0
291.0	14.0
292.0	8.0
293.0	13.0
294.0	17.0
295.0	10.0
296.0	9.0
297.0	18.0
298.0	19.0
299.0	16.0
300.0	20.0
301.0	18.0
302.0	18.0
303.0	22.0
304.0	14.0
305.0	25.0
306.0	20.0
307.0	12.0
308.0	13.0
309.0	9.0
310.0	13.0
311.0	4.0
312.0	12.0
313.0	19.0
314.0	14.0
315.0	20.0
316.0	23.0
317.0	17.0
318.0	14.0
319.0	18.0
320.0	9.0
321.0	13.0
322.0	23.0
323.0	21.0
324.0	11.0
325.0	19.0
326.0	21.0
327.0	15.0
328.0	12.0
329.0	17.0
330.0	17.0
331.0	20.0
332.0	7.0
333.0	13.0
334.0	18.0
335.0	13.0
336.0	16.0
337.0	18.0
338.0	17.0
339.0	16.0
340.0	18.0
341.0	26.0
342.0	24.0
343.0	23.0
344.0	17.0
345.0	17.0
346.0	25.0
347.0	30.0
348.0	23.0
349.0	9.0
350.0	18.0
351.0	21.0
352.0	18.0
353.0	20.0
354.0	21.0
355.0	13.0
356.0	21.0
357.0	26.0
358.0	24.0
359.0	17.0
360.0	25.0
361.0	16.0
362.0	20.0
363.0	11.0
364.0	22.0
365.0	14.0
366.0	16.0
367.0	14.0
368.0	20.0
369.0	16.0
370.0	26.0
371.0	21.0
372.0	24.0
373.0	17.0
374.0	27.0
375.0	26.0
376.0	12.0
377.0	16.0
378.0	17.0
379.0	20.0
380.0	13.0
381.0	13.0
382.0	24.0
383.0	18.0
384.0	25.0
385.0	24.0
386.0	18.0
387.0	3.0
388.0	18.0
389.0	18.0
390.0	20.0
391.0	19.0
392.0	21.0
393.0	15.0
394.0	19.0
395.0	21.0
396.0	19.0
397.0	26.0
398.0	27.0
399.0	20.0
400.0	28.0
401.0	21.0
402.0	27.0
403.0	22.0
404.0	18.0
405.0	28.0
406.0	16.0
407.0	24.0
408.0	14.0
409.0	11.0
410.0	11.0
411.0	25.0
412.0	15.0
413.0	12.0
414.0	15.0
415.0	20.0
416.0	18.0
417.0	19.0
418.0	13.0
419.0	11.0
420.0	11.0
421.0	11.0
422.0	18.0
423.0	14.0
424.0	20.0
425.0	19.0
426.0	19.0
427.0	26.0
428.0	33.0
429.0	18.0
430.0	22.0
431.0	16.0
432.0	14.0
433.0	18.0
434.0	18.0
435.0	24.0
436.0	26.0
437.0	9.0
438.0	11.0
439.0	22.0
440.0	21.0
441.0	22.0
442.0	21.0
443.0	14.0
444.0	22.0
445.0	25.0
446.0	23.0
447.0	15.0
448.0	16.0
449.0	17.0
450.0	12.0
451.0	22.0
452.0	17.0
453.0	11.0
454.0	16.0
455.0	14.0
456.0	8.0
457.0	23.0
458.0	11.0
459.0	19.0
460.0	14.0
461.0	11.0
462.0	17.0
463.0	14.0
464.0	17.0
465.0	19.0
466.0	16.0
467.0	20.0
468.0	19.0
469.0	18.0
470.0	9.0
471.0	19.0
472.0	15.0
473.0	24.0
474.0	17.0
475.0	17.0
476.0	14.0
477.0	13.0
478.0	8.0
479.0	7.0
480.0	17.0
481.0	18.0
482.0	11.0
483.0	26.0
484.0	20.0
485.0	13.0
486.0	14.0
487.0	25.0
488.0	17.0
489.0	12.0
490.0	16.0
491.0	17.0
492.0	10.0
493.0	14.0
494.0	16.0
495.0	16.0
496.0	17.0
497.0	16.0
498.0	11.0
499.0	12.0
500.0	13.0
501.0	21.0
502.0	13.0
503.0	6.0
504.0	18.0
505.0	13.0
506.0	8.0
507.0	7.0
508.0	11.0
509.0	14.0
510.0	15.0
511.0	11.0
512.0	13.0
513.0	12.0
514.0	15.0
515.0	23.0
516.0	17.0
517.0	22.0
518.0	17.0
519.0	15.0
520.0	26.0
521.0	18.0
522.0	26.0
523.0	17.0
524.0	26.0
525.0	17.0
526.0	12.0
527.0	14.0
528.0	11.0
529.0	13.0
530.0	4.0
531.0	11.0
532.0	16.0
533.0	14.0
534.0	12.0
535.0	16.0
536.0	12.0
537.0	5.0
538.0	25.0
539.0	5.0
540.0	16.0
541.0	6.0
542.0	12.0
543.0	12.0
544.0	11.0
545.0	19.0
546.0	13.0
547.0	16.0
548.0	19.0
549.0	6.0
550.0	12.0
551.0	14.0
552.0	9.0
553.0	12.0
554.0	16.0
555.0	15.0
556.0	6.0
557.0	11.0
558.0	16.0
559.0	14.0
560.0	13.0
561.0	17.0
562.0	13.0
563.0	18.0
564.0	10.0
565.0	18.0
566.0	16.0
567.0	16.0
568.0	21.0
569.0	7.0
570.0	9.0
571.0	12.0
572.0	9.0
573.0	11.0
574.0	21.0
575.0	9.0
576.0	13.0
577.0	15.0
578.0	16.0
579.0	13.0
580.0	19.0
581.0	19.0
582.0	13.0
583.0	21.0
584.0	14.0
585.0	16.0
586.0	14.0
587.0	13.0
588.0	15.0
589.0	13.0
590.0	22.0
591.0	13.0
592.0	17.0
593.0	9.0
594.0	13.0
595.0	15.0
596.0	16.0
597.0	17.0
598.0	5.0
599.0	5.0
600.0	5.0
601.0	14.0
602.0	13.0
603.0	7.0
604.0	11.0
605.0	14.0
606.0	17.0
607.0	16.0
608.0	4.0
609.0	14.0
610.0	11.0
611.0	14.0
612.0	15.0
613.0	18.0
614.0	12.0
615.0	14.0
616.0	17.0
617.0	14.0
618.0	16.0
619.0	8.0
620.0	9.0
621.0	13.0
622.0	20.0
623.0	15.0
624.0	10.0
625.0	7.0
626.0	14.0
627.0	13.0
628.0	13.0
629.0	13.0
630.0	12.0
631.0	6.0
632.0	14.0
633.0	13.0
634.0	18.0
635.0	10.0
636.0	6.0
637.0	10.0
638.0	18.0
639.0	6.0
640.0	6.0
641.0	12.0
642.0	4.0
643.0	13.0
644.0	11.0
645.0	8.0
646.0	11.0
647.0	17.0
648.0	10.0
649.0	10.0
650.0	11.0
651.0	13.0
652.0	9.0
653.0	12.0
654.0	10.0
655.0	12.0
656.0	9.0
657.0	12.0
658.0	16.0
659.0	16.0
660.0	13.0
661.0	17.0
662.0	15.0
663.0	7.0
664.0	16.0
665.0	11.0
666.0	9.0
667.0	13.0
668.0	9.0
669.0	9.0
670.0	18.0
671.0	9.0
672.0	10.0
673.0	14.0
674.0	12.0
675.0	6.0
676.0	17.0
677.0	4.0
678.0	13.0
679.0	11.0
680.0	12.0
681.0	19.0
682.0	16.0
683.0	6.0
684.0	15.0
685.0	11.0
686.0	7.0
687.0	15.0
688.0	8.0
689.0	19.0
690.0	16.0
691.0	11.0
692.0	11.0
693.0	17.0
694.0	7.0
695.0	25.0
696.0	17.0
697.0	15.0
698.0	23.0
699.0	16.0
700.0	13.0
701.0	17.0
702.0	7.0
703.0	13.0
704.0	10.0
705.0	20.0
706.0	15.0
707.0	11.0
708.0	9.0
709.0	23.0
710.0	15.0
711.0	19.0
712.0	15.0
713.0	6.0
714.0	17.0
715.0	11.0
716.0	15.0
717.0	9.0
718.0	17.0
719.0	13.0
720.0	10.0
721.0	11.0
722.0	14.0
723.0	6.0
724.0	13.0
725.0	10.0
726.0	22.0
727.0	14.0
728.0	14.0
729.0	14.0
730.0	13.0
731.0	15.0
732.0	10.0
733.0	9.0
734.0	11.0
735.0	7.0
736.0	12.0
737.0	14.0
738.0	11.0
739.0	17.0
740.0	21.0
741.0	12.0
742.0	7.0
743.0	15.0
744.0	26.0
745.0	25.0
746.0	8.0
747.0	22.0
748.0	17.0
749.0	13.0
750.0	9.0
751.0	20.0
752.0	12.0
753.0	22.0
754.0	13.0
755.0	10.0
756.0	23.0
757.0	27.0
758.0	14.0
759.0	19.0
760.0	15.0
761.0	20.0
762.0	19.0
763.0	10.0
764.0	22.0
765.0	17.0
766.0	22.0
767.0	21.0
768.0	15.0
769.0	29.0
770.0	15.0
771.0	17.0
772.0	18.0
773.0	18.0
774.0	12.0
775.0	10.0
776.0	26.0
777.0	14.0
778.0	15.0
779.0	25.0
780.0	19.0
781.0	16.0
782.0	22.0
783.0	22.0
784.0	21.0
785.0	20.0
786.0	27.0
787.0	19.0
788.0	18.0
789.0	14.0
790.0	19.0
791.0	24.0
792.0	27.0
793.0	22.0
794.0	20.0
795.0	20.0
796.0	13.0
797.0	17.0
798.0	15.0
799.0	20.0
800.0	22.0
801.0	15.0
802.0	18.0
803.0	24.0
804.0	19.0
805.0	15.0
806.0	16.0
807.0	12.0
808.0	13.0
809.0	11.0
810.0	13.0
811.0	23.0
812.0	16.0
813.0	21.0
814.0	10.0
815.0	21.0
816.0	21.0
817.0	24.0
818.0	11.0
819.0	19.0
820.0	10.0
821.0	26.0
822.0	13.0
823.0	19.0
824.0	14.0
825.0	15.0
826.0	11.0
827.0	23.0
828.0	18.0
829.0	16.0
830.0	18.0
831.0	25.0
832.0	17.0
833.0	29.0
834.0	14.0
835.0	16.0
836.0	8.0
837.0	16.0
838.0	9.0
839.0	12.0
840.0	23.0
841.0	11.0
842.0	12.0
843.0	12.0
844.0	14.0
845.0	15.0
846.0	10.0
847.0	18.0
848.0	13.0
849.0	7.0
850.0	19.0
851.0	17.0
852.0	17.0
853.0	13.0
854.0	16.0
855.0	11.0
856.0	11.0
857.0	7.0
858.0	18.0
859.0	11.0
860.0	9.0
861.0	9.0
862.0	12.0
863.0	13.0
864.0	15.0
865.0	11.0
866.0	11.0
867.0	18.0
868.0	19.0
869.0	12.0
870.0	14.0
871.0	16.0
872.0	15.0
873.0	22.0
874.0	11.0
875.0	12.0
876.0	12.0
877.0	18.0
878.0	15.0
879.0	15.0
880.0	19.0
881.0	19.0
882.0	14.0
883.0	15.0
884.0	13.0
885.0	13.0
886.0	19.0
887.0	15.0
888.0	12.0
889.0	16.0
890.0	14.0
891.0	8.0
892.0	10.0
893.0	12.0
894.0	13.0
895.0	6.0
896.0	22.0
897.0	11.0
898.0	11.0
899.0	10.0
900.0	14.0
901.0	9.0
902.0	12.0
903.0	16.0
904.0	9.0
905.0	21.0
906.0	11.0
907.0	13.0
908.0	15.0
909.0	10.0
910.0	15.0
911.0	10.0
912.0	15.0
913.0	10.0
914.0	14.0
915.0	13.0
916.0	16.0
917.0	10.0
918.0	7.0
919.0	11.0
920.0	10.0
921.0	13.0
922.0	18.0
923.0	12.0
924.0	17.0
925.0	14.0
926.0	16.0
927.0	20.0
928.0	19.0
929.0	5.0
930.0	15.0
931.0	7.0
932.0	12.0
933.0	14.0
934.0	18.0
935.0	7.0
936.0	17.0
937.0	16.0
938.0	15.0
939.0	19.0
940.0	21.0
941.0	14.0
942.0	21.0
943.0	14.0
944.0	19.0
945.0	20.0
946.0	23.0
947.0	16.0
948.0	15.0
949.0	28.0
950.0	10.0
951.0	11.0
952.0	9.0
953.0	9.0
954.0	14.0
955.0	7.0
956.0	14.0
957.0	18.0
958.0	22.0
959.0	17.0
960.0	14.0
961.0	14.0
962.0	12.0
963.0	11.0
964.0	14.0
965.0	17.0
966.0	16.0
967.0	9.0
968.0	12.0
969.0	12.0
970.0	14.0
971.0	13.0
972.0	11.0
973.0	13.0
974.0	11.0
975.0	12.0
976.0	14.0
977.0	15.0
978.0	19.0
979.0	12.0
980.0	9.0
981.0	22.0
982.0	14.0
983.0	24.0
984.0	23.0
985.0	11.0
986.0	17.0
987.0	16.0
988.0	14.0
989.0	22.0
990.0	23.0
991.0	25.0
992.0	17.0
993.0	9.0
994.0	14.0
995.0	11.0
996.0	12.0
997.0	11.0
998.0	14.0
999.0	10.0
1000.0	12.0
1001.0	11.0
1002.0	11.0
1003.0	11.0
1004.0	8.0
1005.0	20.0
1006.0	15.0
1007.0	15.0
1008.0	15.0
1009.0	23.0
1010.0	10.0
1011.0	7.0
1012.0	12.0
1013.0	19.0
1014.0	21.0
1015.0	14.0
1016.0	11.0
1017.0	15.0
1018.0	18.0
1019.0	13.0
1020.0	7.0
1021.0	15.0
1022.0	19.0
1023.0	11.0
1024.0	9.0
1025.0	14.0
1026.0	11.0
1027.0	2.0
1028.0	7.0
1029.0	10.0
1030.0	13.0
1031.0	11.0
1032.0	12.0
1033.0	9.0
1034.0	27.0
1035.0	14.0
1036.0	17.0
1037.0	11.0
1038.0	13.0
1039.0	13.0
1040.0	9.0
1041.0	10.0
1042.0	9.0
1043.0	12.0
1044.0	10.0
1045.0	15.0
1046.0	11.0
1047.0	10.0
1048.0	16.0
1049.0	19.0
1050.0	15.0
1051.0	5.0
1052.0	9.0
1053.0	12.0
1054.0	17.0
1055.0	13.0
1056.0	22.0
1057.0	12.0
1058.0	15.0
1059.0	12.0
1060.0	16.0
1061.0	17.0
1062.0	19.0
1063.0	10.0
1064.0	11.0
1065.0	12.0
1066.0	16.0
1067.0	11.0
1068.0	9.0
1069.0	13.0
1070.0	15.0
1071.0	15.0
1072.0	22.0
1073.0	18.0
1074.0	18.0
1075.0	21.0
1076.0	18.0
1077.0	10.0
1078.0	11.0
1079.0	17.0
1080.0	10.0
1081.0	13.0
1082.0	11.0
1083.0	23.0
1084.0	19.0
1085.0	19.0
1086.0	22.0
1087.0	20.0
1088.0	11.0
1089.0	11.0
1090.0	15.0
1091.0	13.0
1092.0	11.0
1093.0	7.0
1094.0	13.0
1095.0	10.0
1096.0	15.0
1097.0	22.0
1098.0	16.0
1099.0	12.0
1100.0	21.0
1101.0	13.0
1102.0	15.0
1103.0	15.0
1104.0	15.0
1105.0	11.0
1106.0	14.0
1107.0	7.0
1108.0	12.0
1109.0	13.0
1110.0	13.0
1111.0	13.0
1112.0	13.0
1113.0	18.0
1114.0	15.0
1115.0	9.0
1116.0	6.0
1117.0	10.0
1118.0	16.0
1119.0	16.0
1120.0	15.0
1121.0	15.0
1122.0	15.0
1123.0	19.0
1124.0	9.0
1125.0	11.0
1126.0	16.0
1127.0	20.0
1128.0	24.0
1129.0	14.0
1130.0	16.0
1131.0	17.0
1132.0	10.0
1133.0	17.0
1134.0	17.0
1135.0	16.0
1136.0	14.0
1137.0	19.0
1138.0	15.0
1139.0	28.0
1140.0	13.0
1141.0	16.0
1142.0	13.0
1143.0	23.0
1144.0	13.0
1145.0	10.0
1146.0	19.0
1147.0	15.0
1148.0	20.0
1149.0	7.0
1150.0	12.0
1151.0	16.0
1152.0	15.0
1153.0	6.0
1154.0	14.0
1155.0	9.0
1156.0	16.0
1157.0	6.0
1158.0	19.0
1159.0	23.0
1160.0	15.0
1161.0	15.0
1162.0	16.0
1163.0	16.0
1164.0	18.0
1165.0	11.0
1166.0	17.0
1167.0	13.0
1168.0	14.0
1169.0	21.0
1170.0	12.0
1171.0	13.0
1172.0	16.0
1173.0	11.0
1174.0	18.0
1175.0	3.0
1176.0	12.0
1177.0	14.0
1178.0	9.0
1179.0	17.0
1180.0	12.0
1181.0	12.0
1182.0	18.0
1183.0	16.0
1184.0	8.0
1185.0	12.0
1186.0	14.0
1187.0	13.0
1188.0	12.0
1189.0	15.0
1190.0	14.0
1191.0	11.0
1192.0	13.0
1193.0	21.0
1194.0	18.0
1195.0	24.0
1196.0	11.0
1197.0	11.0
1198.0	14.0
1199.0	18.0
1200.0	20.0
1201.0	18.0
1202.0	16.0
1203.0	17.0
1204.0	17.0
1205.0	20.0
1206.0	18.0
1207.0	19.0
1208.0	12.0
1209.0	18.0
1210.0	14.0
1211.0	16.0
1212.0	20.0
1213.0	14.0
1214.0	18.0
1215.0	14.0
1216.0	16.0
1217.0	20.0
1218.0	22.0
1219.0	11.0
1220.0	21.0
1221.0	13.0
1222.0	21.0
1223.0	16.0
1224.0	16.0
1225.0	17.0
1226.0	12.0
1227.0	21.0
1228.0	12.0
1229.0	5.0
1230.0	15.0
1231.0	13.0
1232.0	18.0
1233.0	10.0
1234.0	15.0
1235.0	13.0
1236.0	21.0
1237.0	17.0
1238.0	14.0
1239.0	12.0
1240.0	11.0
1241.0	11.0
1242.0	14.0
1243.0	15.0
1244.0	19.0
1245.0	14.0
1246.0	22.0
1247.0	7.0
1248.0	15.0
1249.0	15.0
1250.0	13.0
1251.0	16.0
1252.0	17.0
1253.0	15.0
1254.0	12.0
1255.0	13.0
1256.0	10.0
1257.0	13.0
1258.0	20.0
1259.0	10.0
1260.0	13.0
1261.0	8.0
1262.0	20.0
1263.0	9.0
1264.0	10.0
1265.0	9.0
1266.0	14.0
1267.0	8.0
1268.0	17.0
1269.0	12.0
1270.0	13.0
1271.0	11.0
1272.0	14.0
1273.0	10.0
1274.0	14.0
1275.0	17.0
1276.0	6.0
1277.0	18.0
1278.0	13.0
1279.0	13.0
1280.0	8.0
1281.0	11.0
1282.0	9.0
1283.0	4.0
1284.0	12.0
1285.0	7.0
1286.0	20.0
1287.0	7.0
1288.0	9.0
1289.0	7.0
1290.0	10.0
1291.0	13.0
1292.0	19.0
1293.0	13.0
1294.0	13.0
1295.0	6.0
1296.0	6.0
1297.0	15.0
1298.0	9.0
1299.0	9.0
1300.0	13.0
1301.0	15.0
1302.0	18.0
1303.0	8.0
1304.0	15.0
1305.0	8.0
1306.0	14.0
1307.0	9.0
1308.0	17.0
1309.0	5.0
1310.0	12.0
1311.0	17.0
1312.0	19.0
1313.0	14.0
1314.0	9.0
1315.0	15.0
1316.0	10.0
1317.0	11.0
1318.0	8.0
1319.0	11.0
1320.0	8.0
1321.0	16.0
1322.0	10.0
1323.0	5.0
1324.0	10.0
1325.0	11.0
1326.0	15.0
1327.0	9.0
1328.0	11.0
1329.0	14.0
1330.0	14.0
1331.0	17.0
1332.0	15.0
1333.0	16.0
1334.0	13.0
1335.0	12.0
1336.0	11.0
1337.0	5.0
1338.0	6.0
1339.0	9.0
1340.0	15.0
1341.0	19.0
1342.0	8.0
1343.0	11.0
1344.0	12.0
1345.0	22.0
1346.0	15.0
1347.0	16.0
1348.0	9.0
1349.0	16.0
1350.0	18.0
1351.0	9.0
1352.0	7.0
1353.0	6.0
1354.0	11.0
1355.0	22.0
1356.0	11.0
1357.0	7.0
1358.0	16.0
1359.0	7.0
1360.0	12.0
1361.0	10.0
1362.0	13.0
1363.0	8.0
1364.0	18.0
1365.0	13.0
1366.0	3.0
1367.0	6.0
1368.0	10.0
1369.0	11.0
1370.0	18.0
1371.0	16.0
1372.0	8.0
1373.0	7.0
1374.0	10.0
1375.0	12.0
1376.0	8.0
1377.0	12.0
1378.0	10.0
1379.0	10.0
1380.0	9.0
1381.0	11.0
1382.0	16.0
1383.0	9.0
1384.0	9.0
1385.0	8.0
1386.0	10.0
1387.0	13.0
1388.0	11.0
1389.0	9.0
1390.0	11.0
1391.0	19.0
1392.0	13.0
1393.0	9.0
1394.0	15.0
1395.0	20.0
1396.0	10.0
1397.0	7.0
1398.0	15.0
1399.0	12.0
1400.0	11.0
1401.0	12.0
1402.0	11.0
1403.0	13.0
1404.0	9.0
1405.0	12.0
1406.0	14.0
1407.0	16.0
1408.0	7.0
1409.0	13.0
1410.0	7.0
1411.0	9.0
1412.0	7.0
1413.0	14.0
1414.0	13.0
1415.0	8.0
1416.0	12.0
1417.0	16.0
1418.0	5.0
1419.0	9.0
1420.0	14.0
1421.0	6.0
1422.0	12.0
1423.0	12.0
1424.0	5.0
1425.0	13.0
1426.0	10.0
1427.0	7.0
1428.0	6.0
1429.0	15.0
1430.0	6.0
1431.0	18.0
1432.0	12.0
1433.0	13.0
1434.0	10.0
1435.0	10.0
1436.0	14.0
1437.0	8.0
1438.0	16.0
1439.0	12.0
1440.0	9.0
1441.0	17.0
1442.0	12.0
1443.0	13.0
1444.0	10.0
1445.0	11.0
1446.0	6.0
1447.0	13.0
1448.0	9.0
1449.0	13.0
1450.0	11.0
1451.0	9.0
1452.0	13.0
1453.0	10.0
1454.0	6.0
1455.0	15.0
1456.0	5.0
1457.0	17.0
1458.0	12.0
1459.0	16.0
1460.0	7.0
1461.0	12.0
1462.0	18.0
1463.0	14.0
1464.0	6.0
1465.0	9.0
1466.0	4.0
1467.0	12.0
1468.0	10.0
1469.0	10.0
1470.0	17.0
1471.0	9.0
1472.0	15.0
1473.0	11.0
1474.0	13.0
1475.0	7.0
1476.0	10.0
1477.0	2.0
1478.0	6.0
1479.0	11.0
1480.0	9.0
1481.0	7.0
1482.0	11.0
1483.0	7.0
1484.0	8.0
1485.0	11.0
1486.0	13.0
1487.0	11.0
1488.0	9.0
1489.0	12.0
1490.0	2.0
1491.0	10.0
1492.0	6.0
1493.0	6.0
1494.0	7.0
1495.0	14.0
1496.0	11.0
1497.0	16.0
1498.0	6.0
1499.0	3.0
1500.0	14.0
1501.0	7.0
1502.0	7.0
1503.0	8.0
1504.0	5.0
1505.0	9.0
1506.0	7.0
1507.0	16.0
1508.0	6.0
1509.0	9.0
1510.0	9.0
1511.0	12.0
1512.0	7.0
1513.0	14.0
1514.0	21.0
1515.0	9.0
1516.0	11.0
1517.0	15.0
1518.0	6.0
1519.0	5.0
1520.0	10.0
1521.0	9.0
1522.0	14.0
1523.0	9.0
1524.0	8.0
1525.0	7.0
1526.0	2.0
1527.0	5.0
1528.0	10.0
1529.0	9.0
1530.0	11.0
1531.0	8.0
1532.0	14.0
1533.0	9.0
1534.0	15.0
1535.0	12.0
1536.0	6.0
1537.0	12.0
1538.0	8.0
1539.0	9.0
1540.0	2.0
1541.0	8.0
1542.0	8.0
1543.0	7.0
1544.0	7.0
1545.0	12.0
1546.0	5.0
1547.0	4.0
1548.0	6.0
1549.0	5.0
1550.0	6.0
1551.0	6.0
1552.0	3.0
1553.0	5.0
1554.0	4.0
1555.0	8.0
1557.0	6.0
1558.0	8.0
1559.0	5.0
1560.0	8.0
1561.0	6.0
1562.0	6.0
1563.0	5.0
1564.0	8.0
1565.0	7.0
1566.0	5.0
1567.0	9.0
1568.0	10.0
1569.0	8.0
1570.0	6.0
1571.0	9.0
1572.0	9.0
1573.0	13.0
1574.0	8.0
1575.0	6.0
1576.0	11.0
1577.0	13.0
1578.0	6.0
1579.0	10.0
1580.0	9.0
1581.0	7.0
1582.0	12.0
1583.0	14.0
1584.0	4.0
1585.0	9.0
1586.0	6.0
1587.0	6.0
1588.0	10.0
1589.0	11.0
1590.0	8.0
1591.0	14.0
1592.0	6.0
1593.0	8.0
1594.0	3.0
1595.0	5.0
1596.0	5.0
1597.0	6.0
1598.0	3.0
1599.0	13.0
1600.0	5.0
1601.0	4.0
1602.0	8.0
1603.0	6.0
1604.0	5.0
1606.0	8.0
1607.0	5.0
1608.0	6.0
1609.0	9.0
1610.0	12.0
1611.0	5.0
1612.0	6.0
1613.0	1.0
1614.0	13.0
1615.0	5.0
1616.0	8.0
1617.0	6.0
1618.0	11.0
1619.0	10.0
1620.0	3.0
1621.0	5.0
1622.0	3.0
1623.0	5.0
1624.0	5.0
1625.0	7.0
1626.0	9.0
1627.0	9.0
1628.0	5.0
1629.0	7.0
1630.0	12.0
1631.0	4.0
1632.0	5.0
1633.0	7.0
1634.0	9.0
1635.0	6.0
1636.0	9.0
1637.0	2.0
1638.0	7.0
1639.0	9.0
1640.0	4.0
1641.0	8.0
1642.0	5.0
1643.0	5.0
1644.0	9.0
1645.0	6.0
1646.0	8.0
1647.0	8.0
1648.0	10.0
1649.0	8.0
1650.0	5.0
1651.0	4.0
1652.0	8.0
1653.0	6.0
1654.0	2.0
1655.0	6.0
1656.0	7.0
1657.0	13.0
1658.0	9.0
1659.0	3.0
1660.0	9.0
1661.0	5.0
1662.0	4.0
1663.0	4.0
1664.0	2.0
1665.0	4.0
1666.0	9.0
1667.0	6.0
1668.0	4.0
1669.0	7.0
1670.0	4.0
1671.0	5.0
1672.0	6.0
1673.0	4.0
1674.0	5.0
1675.0	1.0
1676.0	1.0
1677.0	7.0
1678.0	8.0
1679.0	7.0
1680.0	5.0
1681.0	4.0
1682.0	2.0
1683.0	3.0
1684.0	5.0
1685.0	3.0
1686.0	6.0
1687.0	2.0
1688.0	2.0
1689.0	7.0
1690.0	7.0
1691.0	6.0
1692.0	3.0
1693.0	5.0
1694.0	7.0
1695.0	6.0
1696.0	1.0
1697.0	3.0
1698.0	6.0
1699.0	4.0
1700.0	2.0
1701.0	6.0
1702.0	6.0
1703.0	2.0
1704.0	4.0
1705.0	4.0
1706.0	2.0
1707.0	3.0
1709.0	3.0
1710.0	3.0
1711.0	11.0
1712.0	3.0
1713.0	3.0
1714.0	7.0
1715.0	4.0
1716.0	11.0
1717.0	8.0
1718.0	10.0
1719.0	5.0
1720.0	9.0
1721.0	3.0
1722.0	6.0
1723.0	3.0
1724.0	7.0
1725.0	4.0
1726.0	4.0
1727.0	5.0
1728.0	5.0
1729.0	5.0
1730.0	5.0
1731.0	2.0
1732.0	5.0
1733.0	2.0
1734.0	7.0
1735.0	1.0
1736.0	5.0
1737.0	3.0
1738.0	4.0
1739.0	7.0
1740.0	9.0
1741.0	6.0
1742.0	2.0
1743.0	4.0
1744.0	4.0
1745.0	4.0
1746.0	10.0
1747.0	6.0
1748.0	8.0
1749.0	5.0
1750.0	7.0
1751.0	7.0
1752.0	2.0
1753.0	5.0
1754.0	7.0
1755.0	5.0
1756.0	2.0
1757.0	3.0
1758.0	1.0
1759.0	8.0
1760.0	4.0
1761.0	5.0
1762.0	5.0
1763.0	6.0
1764.0	4.0
1765.0	3.0
1766.0	3.0
1767.0	7.0
1768.0	2.0
1769.0	5.0
1770.0	8.0
1771.0	5.0
1772.0	3.0
1773.0	2.0
1774.0	4.0
1777.0	2.0
1778.0	3.0
1779.0	5.0
1780.0	2.0
1781.0	3.0
1782.0	6.0
1783.0	4.0
1784.0	5.0
1785.0	9.0
1786.0	4.0
1787.0	2.0
1788.0	1.0
1789.0	6.0
1790.0	4.0
1791.0	3.0
1792.0	5.0
1793.0	5.0
1794.0	3.0
1795.0	3.0
1796.0	5.0
1797.0	2.0
1798.0	5.0
1799.0	6.0
1800.0	2.0
1801.0	3.0
1802.0	6.0
1803.0	8.0
1804.0	2.0
1805.0	6.0
1806.0	3.0
1807.0	3.0
1808.0	3.0
1809.0	3.0
1810.0	3.0
1811.0	3.0
1812.0	5.0
1813.0	8.0
1814.0	4.0
1815.0	5.0
1816.0	6.0
1817.0	3.0
1818.0	8.0
1819.0	1.0
1820.0	5.0
1821.0	4.0
1822.0	7.0
1823.0	5.0
1824.0	3.0
1825.0	4.0
1826.0	1.0
1827.0	4.0
1829.0	3.0
1830.0	2.0
1831.0	3.0
1832.0	1.0
1833.0	1.0
1835.0	5.0
1836.0	3.0
1837.0	5.0
1838.0	4.0
1839.0	4.0
1840.0	2.0
1841.0	1.0
1842.0	5.0
1843.0	2.0
1844.0	3.0
1845.0	1.0
1846.0	4.0
1847.0	4.0
1848.0	1.0
1849.0	2.0
1850.0	4.0
1851.0	1.0
1852.0	4.0
1853.0	1.0
1854.0	4.0
1855.0	8.0
1856.0	5.0
1857.0	3.0
1858.0	4.0
1859.0	4.0
1860.0	5.0
1861.0	5.0
1862.0	4.0
1863.0	1.0
1864.0	2.0
1865.0	3.0
1866.0	5.0
1867.0	6.0
1868.0	3.0
1869.0	3.0
1870.0	6.0
1871.0	1.0
1872.0	2.0
1873.0	3.0
1874.0	5.0
1875.0	4.0
1876.0	3.0
1877.0	9.0
1878.0	2.0
1879.0	4.0
1880.0	5.0
1881.0	4.0
1882.0	6.0
1883.0	6.0
1884.0	3.0
1885.0	5.0
1886.0	1.0
1887.0	8.0
1888.0	4.0
1889.0	3.0
1890.0	5.0
1891.0	2.0
1892.0	5.0
1893.0	1.0
1894.0	2.0
1895.0	2.0
1896.0	1.0
1897.0	1.0
1898.0	4.0
1899.0	2.0
1900.0	2.0
1901.0	3.0
1902.0	2.0
1903.0	1.0
1904.0	4.0
1905.0	1.0
1906.0	5.0
1907.0	1.0
1908.0	2.0
1909.0	1.0
1910.0	1.0
1911.0	3.0
1913.0	2.0
1914.0	4.0
1915.0	2.0
1916.0	1.0
1917.0	5.0
1918.0	4.0
1919.0	7.0
1920.0	4.0
1921.0	4.0
1922.0	4.0
1923.0	6.0
1924.0	4.0
1925.0	5.0
1926.0	5.0
1927.0	6.0
1928.0	7.0
1929.0	3.0
1930.0	3.0
1931.0	6.0
1932.0	2.0
1933.0	4.0
1934.0	6.0
1935.0	2.0
1936.0	2.0
1937.0	3.0
1938.0	2.0
1939.0	4.0
1940.0	2.0
1941.0	6.0
1942.0	6.0
1943.0	2.0
1944.0	4.0
1945.0	2.0
1946.0	3.0
1947.0	2.0
1949.0	3.0
1951.0	1.0
1952.0	7.0
1953.0	1.0
1954.0	2.0
1955.0	4.0
1956.0	3.0
1957.0	2.0
1959.0	2.0
1960.0	2.0
1961.0	1.0
1962.0	1.0
1963.0	4.0
1964.0	1.0
1965.0	2.0
1966.0	6.0
1967.0	2.0
1968.0	3.0
1969.0	2.0
1970.0	3.0
1971.0	3.0
1972.0	4.0
1974.0	1.0
1975.0	3.0
1976.0	6.0
1977.0	3.0
1978.0	1.0
1979.0	2.0
1980.0	3.0
1981.0	2.0
1982.0	2.0
1983.0	1.0
1984.0	2.0
1985.0	2.0
1987.0	3.0
1988.0	4.0
1989.0	1.0
1990.0	5.0
1992.0	3.0
1993.0	4.0
1994.0	4.0
1995.0	2.0
1998.0	1.0
1999.0	1.0
2000.0	2.0
2001.0	1.0
2002.0	3.0
2003.0	4.0
2004.0	1.0
2005.0	2.0
2006.0	2.0
2009.0	1.0
2010.0	4.0
2011.0	2.0
2012.0	1.0
2013.0	2.0
2014.0	3.0
2015.0	4.0
2016.0	2.0
2017.0	3.0
2018.0	2.0
2019.0	3.0
2020.0	3.0
2021.0	3.0
2022.0	2.0
2025.0	1.0
2026.0	4.0
2027.0	1.0
2028.0	4.0
2030.0	4.0
2031.0	2.0
2032.0	3.0
2033.0	3.0
2034.0	1.0
2035.0	3.0
2036.0	1.0
2037.0	1.0
2039.0	2.0
2040.0	4.0
2042.0	2.0
2044.0	1.0
2046.0	3.0
2047.0	1.0
2048.0	1.0
2049.0	3.0
2050.0	1.0
2053.0	1.0
2054.0	3.0
2055.0	2.0
2056.0	2.0
2058.0	1.0
2059.0	2.0
2060.0	1.0
2061.0	2.0
2062.0	3.0
2063.0	2.0
2064.0	1.0
2065.0	4.0
2066.0	3.0
2067.0	2.0
2068.0	5.0
2069.0	4.0
2070.0	3.0
2071.0	2.0
2072.0	1.0
2073.0	1.0
2074.0	1.0
2075.0	2.0
2076.0	4.0
2077.0	1.0
2078.0	2.0
2079.0	1.0
2080.0	1.0
2081.0	1.0
2082.0	2.0
2083.0	1.0
2085.0	1.0
2089.0	1.0
2090.0	2.0
2092.0	2.0
2093.0	2.0
2094.0	2.0
2096.0	8.0
2097.0	2.0
2098.0	1.0
2099.0	3.0
2100.0	3.0
2101.0	1.0
2102.0	2.0
2103.0	2.0
2105.0	1.0
2106.0	3.0
2107.0	1.0
2109.0	1.0
2110.0	1.0
2112.0	1.0
2113.0	1.0
2114.0	1.0
2115.0	2.0
2116.0	3.0
2117.0	1.0
2118.0	2.0
2121.0	1.0
2124.0	1.0
2125.0	1.0
2126.0	2.0
2127.0	1.0
2131.0	2.0
2133.0	1.0
2134.0	1.0
2135.0	2.0
2136.0	1.0
2137.0	1.0
2139.0	2.0
2140.0	1.0
2141.0	1.0
2143.0	3.0
2144.0	1.0
2147.0	2.0
2153.0	1.0
2159.0	1.0
2160.0	3.0
2161.0	3.0
2162.0	2.0
2163.0	1.0
2164.0	4.0
2165.0	3.0
2166.0	3.0
2167.0	2.0
2169.0	1.0
2172.0	1.0
2173.0	1.0
2176.0	2.0
2177.0	1.0
2182.0	3.0
2184.0	1.0
2185.0	2.0
2186.0	1.0
2187.0	1.0
2188.0	1.0
2189.0	3.0
2190.0	2.0
2191.0	1.0
2194.0	3.0
2195.0	1.0
2196.0	3.0
2197.0	3.0
2199.0	1.0
2200.0	1.0
2201.0	1.0
2202.0	2.0
2204.0	2.0
2205.0	4.0
2206.0	2.0
2207.0	1.0
2208.0	2.0
2209.0	1.0
2211.0	1.0
2214.0	1.0
2219.0	2.0
2220.0	2.0
2222.0	1.0
2224.0	1.0
2225.0	1.0
2226.0	1.0
2227.0	2.0
2230.0	1.0
2231.0	1.0
2232.0	2.0
2233.0	2.0
2234.0	2.0
2235.0	2.0
2236.0	2.0
2238.0	1.0
2240.0	2.0
2245.0	3.0
2246.0	1.0
2247.0	2.0
2248.0	4.0
2249.0	2.0
2250.0	1.0
2252.0	3.0
2253.0	1.0
2259.0	1.0
2261.0	1.0
2264.0	1.0
2265.0	1.0
2266.0	2.0
2268.0	1.0
2269.0	1.0
2270.0	1.0
2272.0	1.0
2273.0	1.0
2274.0	1.0
2275.0	3.0
2276.0	1.0
2278.0	1.0
2279.0	1.0
2284.0	1.0
2286.0	1.0
2287.0	4.0
2288.0	1.0
2290.0	1.0
2291.0	1.0
2293.0	4.0
2295.0	1.0
2298.0	1.0
2300.0	1.0
2301.0	1.0
2303.0	6.0
2306.0	1.0
2307.0	1.0
2308.0	2.0
2309.0	1.0
2310.0	1.0
2311.0	1.0
2312.0	1.0
2313.0	2.0
2315.0	3.0
2317.0	2.0
2319.0	2.0
2324.0	2.0
2325.0	1.0
2326.0	5.0
2327.0	1.0
2329.0	1.0
2331.0	1.0
2332.0	1.0
2333.0	3.0
2335.0	1.0
2336.0	2.0
2337.0	1.0
2339.0	1.0
2340.0	4.0
2341.0	1.0
2342.0	1.0
2344.0	3.0
2346.0	1.0
2347.0	1.0
2349.0	1.0
2350.0	1.0
2351.0	2.0
2352.0	2.0
2354.0	2.0
2355.0	2.0
2357.0	2.0
2358.0	3.0
2359.0	4.0
2360.0	1.0
2364.0	4.0
2366.0	1.0
2367.0	1.0
2372.0	1.0
2373.0	1.0
2374.0	3.0
2375.0	3.0
2376.0	2.0
2378.0	1.0
2380.0	4.0
2382.0	1.0
2383.0	3.0
2384.0	1.0
2385.0	2.0
2386.0	3.0
2387.0	1.0
2392.0	1.0
2395.0	1.0
2396.0	1.0
2397.0	3.0
2398.0	1.0
2401.0	1.0
2403.0	1.0
2405.0	3.0
2406.0	1.0
2407.0	2.0
2408.0	3.0
2409.0	3.0
2413.0	1.0
2415.0	2.0
2416.0	2.0
2418.0	1.0
2419.0	2.0
2421.0	2.0
2422.0	2.0
2423.0	1.0
2424.0	1.0
2425.0	2.0
2429.0	1.0
2430.0	1.0
2431.0	1.0
2432.0	1.0
2433.0	1.0
2435.0	1.0
2436.0	2.0
2439.0	2.0
2440.0	1.0
2441.0	3.0
2442.0	2.0
2443.0	1.0
2446.0	2.0
2447.0	1.0
2448.0	1.0
2449.0	1.0
2450.0	3.0
2451.0	1.0
2452.0	1.0
2461.0	1.0
2463.0	2.0
2464.0	1.0
2465.0	1.0
2466.0	1.0
2468.0	1.0
2474.0	1.0
2475.0	1.0
2476.0	3.0
2477.0	2.0
2479.0	1.0
2483.0	2.0
2484.0	3.0
2485.0	3.0
2486.0	2.0
2487.0	2.0
2488.0	2.0
2489.0	1.0
2490.0	1.0
2491.0	1.0
2492.0	2.0
2493.0	1.0
2494.0	1.0
2495.0	2.0
2496.0	1.0
2498.0	1.0
2499.0	3.0
2502.0	1.0
2503.0	1.0
2504.0	1.0
2505.0	4.0
2507.0	1.0
2508.0	2.0
2509.0	4.0
2510.0	2.0
2511.0	3.0
2516.0	1.0
2517.0	2.0
2518.0	1.0
2519.0	2.0
2520.0	2.0
2521.0	1.0
2522.0	1.0
2524.0	1.0
2525.0	3.0
2526.0	3.0
2527.0	2.0
2531.0	2.0
2532.0	2.0
2533.0	3.0
2535.0	3.0
2538.0	1.0
2540.0	1.0
2541.0	1.0
2542.0	2.0
2543.0	3.0
2544.0	2.0
2545.0	1.0
2546.0	1.0
2549.0	1.0
2550.0	2.0
2551.0	2.0
2553.0	3.0
2554.0	2.0
2555.0	1.0
2556.0	2.0
2557.0	3.0
2558.0	1.0
2559.0	2.0
2560.0	4.0
2561.0	2.0
2562.0	1.0
2563.0	2.0
2564.0	3.0
2566.0	1.0
2568.0	1.0
2569.0	1.0
2570.0	1.0
2573.0	2.0
2574.0	1.0
2576.0	1.0
2577.0	1.0
2579.0	1.0
2582.0	1.0
2583.0	2.0
2584.0	1.0
2585.0	2.0
2587.0	1.0
2588.0	2.0
2589.0	2.0
2590.0	1.0
2591.0	1.0
2592.0	1.0
2593.0	3.0
2595.0	1.0
2598.0	1.0
2600.0	2.0
2601.0	1.0
2602.0	2.0
2603.0	2.0
2605.0	1.0
2606.0	1.0
2607.0	3.0
2608.0	1.0
2609.0	2.0
2610.0	1.0
2611.0	2.0
2612.0	3.0
2614.0	1.0
2615.0	1.0
2616.0	1.0
2617.0	1.0
2618.0	1.0
2620.0	1.0
2621.0	1.0
2622.0	3.0
2624.0	1.0
2625.0	1.0
2627.0	1.0
2629.0	1.0
2631.0	1.0
2634.0	1.0
2636.0	3.0
2638.0	1.0
2639.0	2.0
2641.0	1.0
2642.0	2.0
2643.0	1.0
2645.0	1.0
2646.0	1.0
2647.0	3.0
2648.0	2.0
2649.0	1.0
2652.0	2.0
2654.0	1.0
2657.0	1.0
2658.0	1.0
2660.0	1.0
2661.0	3.0
2663.0	3.0
2664.0	1.0
2665.0	1.0
2666.0	2.0
2667.0	3.0
2668.0	1.0
2670.0	1.0
2672.0	1.0
2673.0	1.0
2675.0	1.0
2676.0	3.0
2677.0	2.0
2681.0	1.0
2682.0	4.0
2684.0	1.0
2685.0	1.0
2686.0	1.0
2687.0	2.0
2689.0	1.0
2690.0	1.0
2691.0	2.0
2692.0	3.0
2693.0	1.0
2694.0	1.0
2696.0	1.0
2700.0	1.0
2704.0	1.0
2714.0	2.0
2715.0	1.0
2717.0	1.0
2719.0	1.0
2721.0	1.0
2727.0	1.0
2728.0	1.0
2729.0	1.0
2731.0	2.0
2732.0	1.0
2733.0	1.0
2734.0	1.0
2736.0	1.0
2738.0	2.0
2742.0	1.0
2743.0	1.0
2744.0	1.0
2748.0	1.0
2749.0	1.0
2750.0	1.0
2752.0	3.0
2753.0	2.0
2757.0	1.0
2758.0	1.0
2759.0	2.0
2760.0	1.0
2761.0	1.0
2763.0	1.0
2765.0	1.0
2767.0	1.0
2770.0	2.0
2771.0	1.0
2773.0	2.0
2775.0	1.0
2777.0	1.0
2778.0	1.0
2784.0	2.0
2786.0	2.0
2791.0	1.0
2794.0	1.0
2795.0	1.0
2812.0	1.0
2820.0	1.0
2824.0	1.0
2826.0	1.0
2830.0	1.0
2831.0	1.0
2835.0	1.0
2836.0	1.0
2837.0	1.0
2839.0	1.0
2841.0	1.0
2849.0	1.0
2850.0	2.0
2859.0	1.0
2860.0	1.0
2862.0	1.0
2865.0	1.0
2866.0	2.0
2868.0	1.0
2876.0	1.0
2882.0	2.0
2884.0	1.0
2886.0	1.0
2889.0	1.0
2890.0	1.0
2894.0	2.0
2896.0	1.0
2897.0	1.0
2898.0	2.0
2901.0	1.0
2902.0	1.0
2905.0	1.0
2906.0	1.0
2910.0	2.0
2911.0	1.0
2913.0	1.0
2916.0	1.0
2918.0	1.0
2919.0	2.0
2922.0	1.0
2928.0	1.0
2931.0	1.0
2933.0	1.0
2936.0	1.0
2939.0	1.0
2941.0	1.0
2942.0	6.0
2945.0	1.0
2947.0	1.0
2948.0	2.0
2950.0	1.0
2951.0	1.0
2952.0	1.0
2955.0	2.0
2956.0	1.0
2957.0	1.0
2962.0	3.0
2965.0	2.0
2968.0	1.0
2969.0	1.0
2970.0	1.0
2972.0	1.0
2980.0	2.0
2981.0	1.0
2982.0	2.0
2983.0	2.0
2984.0	1.0
2985.0	4.0
2986.0	1.0
2988.0	2.0
2989.0	1.0
2991.0	1.0
2992.0	1.0
2994.0	1.0
3000.0	1.0
3005.0	1.0
3009.0	2.0
3010.0	1.0
3013.0	1.0
3014.0	1.0
3017.0	2.0
3018.0	1.0
3019.0	3.0
3021.0	2.0
3028.0	1.0
3031.0	1.0
3043.0	2.0
3051.0	1.0
3053.0	1.0
