#GC Content (%)	Sample
1.0	0.0
2.0	0.0
3.0	0.0
4.0	0.0
5.0	0.0
6.0	0.0
7.0	0.0
8.0	0.0
9.0	0.0
10.0	0.0
11.0	0.0
12.0	0.0
13.0	3.5090674302397393E-6
14.0	6.316321374431532E-5
15.0	6.31632137443153E-5
16.0	1.0527202290719218E-5
17.0	3.7547021503565213E-4
18.0	3.087979338610971E-4
19.0	6.667228117455505E-5
20.0	0.00363188479029813
21.0	5.544326539778788E-4
22.0	9.755207456066476E-4
23.0	0.009779770928078154
24.0	0.0014036269720958958
25.0	0.0162118915277076
26.0	0.00848492504631969
27.0	0.0037020661389029256
28.0	0.03687328055695918
29.0	0.013443237325248441
30.0	0.008260344730784349
31.0	0.0713919768682275
32.0	0.017204957610465442
33.0	0.010881618101173433
34.0	0.0811050755151311
35.0	0.021184240076357302
36.0	0.03683818988265679
37.0	0.08574406265790804
38.0	0.022412413676941217
39.0	0.09737311212172253
40.0	0.033651956655999106
41.0	0.013938015832912246
42.0	0.10142257593621917
43.0	0.026932092527089998
44.0	0.009456936724496098
45.0	0.07660645106956376
46.0	0.020826315198472854
47.0	0.011790466565605524
48.0	0.04462481051035877
49.0	0.014439812475436527
50.0	0.02384060412104879
51.0	0.016762815114255234
52.0	0.009218320139239797
53.0	0.019054236146201785
54.0	0.0019370052214923363
55.0	0.005365364100836561
56.0	0.013036185503340634
57.0	9.790298130368873E-4
58.0	0.0017580427825501094
59.0	0.0023054573016675095
60.0	5.158329122452417E-4
61.0	0.0011755375891303126
62.0	0.0011650103868395935
63.0	3.9301555218685085E-4
64.0	3.263432710122957E-4
65.0	4.912694402335636E-5
66.0	4.912694402335636E-5
67.0	0.0
68.0	0.0
69.0	0.0
70.0	0.0
71.0	0.0
72.0	0.0
73.0	0.0
74.0	0.0
75.0	3.5090674302397393E-6
76.0	0.0
77.0	0.0
78.0	0.0
79.0	0.0
80.0	0.0
81.0	0.0
82.0	0.0
83.0	0.0
84.0	0.0
85.0	0.0
86.0	0.0
87.0	0.0
88.0	0.0
89.0	0.0
90.0	0.0
91.0	0.0
92.0	0.0
93.0	0.0
94.0	0.0
95.0	0.0
96.0	0.0
97.0	0.0
98.0	0.0
99.0	0.0
100.0	2.8072539441917915E-5
