#Position (bp)	insert size
38.0	709.3271889400921
113.0	244.7766393442623
188.0	212.60071942446044
263.0	164.8256880733945
338.0	254.72993389990557
413.0	239.91899441340783
488.0	199.79885057471265
563.0	159.3302752293578
638.0	247.24663677130044
713.0	229.77272727272728
788.0	193.71929824561403
863.0	147.21656050955414
938.0	268.17954545454546
1013.0	248.5094936708861
1088.0	202.18269230769232
1163.0	197.41666666666666
1238.0	250.98823529411766
1313.0	294.53125
1388.0	328.0377358490566
1463.0	314.0
1538.0	303.6271186440678
1613.0	276.5395799676898
1688.0	225.7288503253796
1763.0	208.0
1838.0	245.16470588235293
1913.0	246.425068119891
1988.0	204.25396825396825
2063.0	158.14473684210526
2138.0	122.05263157894737
2213.0	304.3246753246753
2288.0	261.7042253521127
2363.0	230.5
2438.0	142.86666666666667
2513.0	297.93023255813955
2588.0	256.9263157894737
2663.0	203.88372093023256
2738.0	166.70833333333334
2813.0	269.7837837837838
2888.0	251.65495207667732
2963.0	202.01463414634145
3038.0	167.09375
3113.0	1067.8333333333333
3188.0	261.5546875
3263.0	224.215859030837
3338.0	178.8068669527897
3413.0	173.73684210526315
3488.0	348.0513833992095
3563.0	220.5
3638.0	182.25
3713.0	269.8666666666667
3788.0	362.36624203821657
3863.0	253.7593984962406
3938.0	229.21238938053096
4013.0	175.13636363636363
4088.0	248.80088495575222
4163.0	231.75978647686833
4238.0	205.29767441860466
4313.0	276.3410087719298
4388.0	367.3045112781955
4463.0	194.38493723849373
4538.0	184.72649572649573
4613.0	364.0229007633588
4688.0	245.8020725388601
4763.0	198.78040540540542
4838.0	161.96218487394958
4913.0	177.3111111111111
4988.0	290.4117647058824
5063.0	211.47368421052633
5138.0	229.85
5213.0	247.75
5288.0	260.2154065620542
5363.0	247.62697274031564
5438.0	180.58282208588957
5513.0	219.17021276595744
5588.0	300.32504440497337
5663.0	549.1597222222222
5738.0	192.96774193548387
5813.0	200.25
5888.0	287.76011560693644
5963.0	265.54696132596683
6038.0	202.0
6113.0	182.4
6188.0	258.4944071588367
6263.0	219.95166666666665
6338.0	179.6206896551724
6413.0	242.010101010101
6488.0	283.0988805970149
6563.0	250.47712418300654
6638.0	205.83552631578948
6713.0	262.44117647058823
6788.0	251.0375
6863.0	234.140625
6938.0	0.0
7013.0	300.3255813953488
7088.0	304.58953168044076
7163.0	274.94736842105266
7238.0	260.2037037037037
7313.0	273.15503875968994
7388.0	312.06734006734007
7463.0	206.47058823529412
7538.0	298.82191780821915
7613.0	282.9146341463415
7688.0	263.77148846960165
7763.0	220.51438848920864
7838.0	159.78571428571428
7913.0	657.3555555555556
7988.0	289.7235772357724
8063.0	230.70710059171597
8138.0	188.1
8213.0	171.4125
8288.0	294.03592814371257
8363.0	295.0674157303371
8438.0	284.3170731707317
8513.0	315.8292682926829
8588.0	434.44444444444446
8663.0	259.625
8738.0	219.3008130081301
8813.0	150.47272727272727
8888.0	275.11698113207547
8963.0	240.92597968069666
9038.0	212.37899543378995
9113.0	202.38181818181818
9188.0	284.036303630363
9263.0	277.1951219512195
9338.0	267.8943661971831
9413.0	262.5487179487179
9488.0	289.2026862026862
9563.0	266.2068595927117
9638.0	229.3312101910828
9713.0	253.94771241830065
9788.0	294.69268292682926
9863.0	248.421875
9938.0	222.27450980392157
10013.0	168.5185185185185
10088.0	267.8569553805774
10163.0	237.8081494057725
10238.0	185.5353982300885
10313.0	154.43859649122808
10388.0	281.95361990950227
10463.0	281.2102496714849
10538.0	220.5740072202166
10613.0	225.6904761904762
10688.0	291.91435768261965
10763.0	257.44195804195806
10838.0	227.77433628318585
10913.0	302.5945945945946
10988.0	276.7663782447466
11063.0	254.91800356506238
11138.0	208.1548872180451
11213.0	173.6769230769231
11288.0	314.44444444444446
11363.0	271.66147859922177
11438.0	239.8671875
11513.0	245.76190476190476
11588.0	270.09328358208955
11663.0	259.5339805825243
11738.0	203.175
11813.0	273.4166666666667
11888.0	257.36516853932585
11963.0	220.10282258064515
12038.0	185.16744186046512
12113.0	259.46854663774405
12188.0	242.19375
12263.0	188.21527777777777
12338.0	265.56410256410254
12413.0	295.6474530831099
12488.0	279.4805615550756
12563.0	224.54892601431982
12638.0	178.86559139784947
12713.0	266.60277777777776
12788.0	241.14809782608697
12863.0	197.00842696629215
12938.0	204.93491124260356
13013.0	268.80257856567283
13088.0	276.1554404145078
13163.0	239.3173184357542
13238.0	161.85140562248995
13313.0	276.54323725055434
13388.0	242.73963133640552
13463.0	216.39285714285714
13538.0	177.21167883211677
13613.0	292.7748049052397
13688.0	268.8131455399061
13763.0	226.31104199066874
13838.0	170.1409691629956
13913.0	262.71830985915494
13988.0	240.02866242038218
14063.0	216.83214285714286
14138.0	188.5042735042735
14213.0	270.2461197339246
14288.0	238.73492286115007
14363.0	186.58924731182796
14438.0	142.30172413793105
14513.0	212.0
14588.0	265.3333333333333
14663.0	215.9746192893401
14738.0	164.58260869565217
14813.0	126.85185185185185
14888.0	232.79674796747966
14963.0	176.1904761904762
15038.0	206.36363636363637
15113.0	106.0
15188.0	294.4246031746032
15263.0	273.04477611940297
15338.0	276.64220183486236
15413.0	253.75
15488.0	279.1589861751152
15563.0	256.7608695652174
15638.0	205.02059496567506
15713.0	186.4245283018868
15788.0	247.71666666666667
15863.0	289.8231707317073
15938.0	218.4865470852018
16013.0	192.34586466165413
16088.0	213.83516483516485
16163.0	285.2072072072072
16238.0	243.22321428571428
16313.0	173.8235294117647
16388.0	214.8
16463.0	357.78688524590166
16538.0	375.89285714285717
16613.0	365.54545454545456
16688.0	291.2857142857143
16763.0	285.3076923076923
16838.0	236.78059701492538
16913.0	196.27241379310345
16988.0	178.3876404494382
17063.0	339.30867346938777
17138.0	245.81200787401573
17213.0	208.26324786324787
17288.0	160.51672862453532
17363.0	262.61187214611874
17438.0	252.71638418079095
17513.0	203.22185430463577
17588.0	161.04918032786884
17663.0	270.1732673267327
17738.0	266.6212121212121
17813.0	207.44666666666666
17888.0	219.95081967213116
17963.0	251.75988700564972
18038.0	243.9298245614035
18113.0	215.2185628742515
18188.0	171.184
18263.0	281.4920814479638
18338.0	256.4613297150611
18413.0	224.1704347826087
18488.0	189.01709401709402
18563.0	216.75324675324674
18638.0	257.0209102091021
18713.0	213.7477243172952
18788.0	213.17315175097275
18863.0	190.31034482758622
18938.0	260.93957258658804
19013.0	219.99435028248587
19088.0	173.51014492753623
19163.0	267.26666666666665
19238.0	0.0
19313.0	0.0
19388.0	0.0
19463.0	0.0
19538.0	302.8024691358025
19613.0	264.7708333333333
19688.0	202.7948717948718
19763.0	144.6046511627907
19838.0	277.83505154639175
19913.0	287.908256880734
19988.0	267.5111111111111
20063.0	614.6481481481482
20138.0	344.3333333333333
20213.0	331.2857142857143
20288.0	387.71875
20363.0	335.84615384615387
20438.0	326.92857142857144
20513.0	292.8045714285714
20588.0	240.60843373493975
20663.0	188.72540983606558
20738.0	170.87301587301587
20813.0	261.9747126436782
20888.0	221.01923076923077
20963.0	192.77777777777777
21038.0	162.13114754098362
21113.0	377.6666666666667
21188.0	368.4
21263.0	354.3333333333333
21338.0	319.55555555555554
21413.0	304.8139534883721
21488.0	275.0
21563.0	263.3
21638.0	258.2295081967213
21713.0	266.62
21788.0	219.03191489361703
21863.0	193.2972972972973
21938.0	246.96428571428572
22013.0	254.14754098360655
22088.0	218.93333333333334
22163.0	162.0
22238.0	320.5
22313.0	364.7826086956522
22388.0	232.10344827586206
22463.0	202.33333333333334
22538.0	267.2675438596491
22613.0	227.6953642384106
22688.0	192.31632653061226
22763.0	170.0
22838.0	299.86764705882354
22913.0	279.11003236245955
22988.0	277.7987012987013
23063.0	284.0131578947368
23138.0	270.0790568654646
23213.0	232.24881141045958
23288.0	190.1161616161616
23363.0	151.75539568345323
23438.0	252.94208494208493
23513.0	255.90529247910862
23588.0	222.76969696969698
23663.0	191.83760683760684
23738.0	244.5
23813.0	279.7567567567568
23888.0	254.4
23963.0	187.5
24038.0	196.6
24113.0	257.6519230769231
24188.0	218.9556786703601
24263.0	176.15897435897435
24338.0	187.525
24413.0	284.7529411764706
24488.0	262.70175438596493
24563.0	232.95294117647057
24638.0	199.375
24713.0	262.5854579792257
24788.0	227.60919540229884
24863.0	190.37716262975778
24938.0	207.05583756345177
25013.0	271.3745819397993
25088.0	234.05860805860806
25163.0	198.5359477124183
25238.0	180.14285714285714
25313.0	259.8115727002967
25388.0	222.44307692307692
25463.0	169.13698630136986
25538.0	154.3108108108108
25613.0	262.9655172413793
25688.0	246.625
25763.0	215.66666666666666
25838.0	115.66666666666667
25913.0	314.2269503546099
25988.0	273.02994011976045
26063.0	283.0059880239521
26138.0	273.88709677419354
26213.0	275.6920634920635
26288.0	258.98342541436466
26363.0	204.28787878787878
26438.0	201.10256410256412
26513.0	292.46486486486486
26588.0	262.4741379310345
26663.0	243.67988668555242
26738.0	200.74675324675326
26813.0	248.38388625592418
26888.0	252.6221198156682
26963.0	203.67881548974944
27038.0	165.5873786407767
27113.0	247.29145728643215
27188.0	264.0200772200772
27263.0	207.59849906191369
27338.0	150.54187192118226
27413.0	119.55882352941177
27488.0	379.75
27563.0	429.0
27638.0	433.0
27713.0	0.0
27788.0	302.3188405797101
27863.0	235.79591836734693
27938.0	209.0
28013.0	188.35294117647058
28088.0	266.1955719557196
28163.0	238.64739884393063
28238.0	190.13307984790873
28313.0	148.53174603174602
28388.0	265.06626506024094
28463.0	243.92359550561798
28538.0	195.4125874125874
28613.0	164.2
28688.0	270.2236842105263
28763.0	246.03773584905662
28838.0	218.45454545454547
28913.0	241.6
28988.0	275.0557768924303
29063.0	238.52197802197801
29138.0	197.29655172413794
29213.0	153.05172413793105
29288.0	141.66666666666666
29363.0	251.0
29438.0	285.0
29513.0	250.7669172932331
29588.0	208.15217391304347
29663.0	159.56521739130434
29738.0	109.66666666666667
29813.0	0.0
29877.0	0.0
