#GC Content (%)	Sample
1.0	0.0
2.0	0.0
3.0	0.0
4.0	0.0
5.0	0.0
6.0	0.0
7.0	0.0
8.0	0.0
9.0	0.0
10.0	0.0
11.0	0.0
12.0	3.843566830018257E-6
13.0	0.0
14.0	3.0748534640146056E-5
15.0	1.9217834150091284E-5
16.0	7.687133660036514E-6
17.0	2.844239454213511E-4
18.0	2.5751897761122324E-4
19.0	8.840203709041991E-5
20.0	0.0035822042855770155
21.0	5.611607571826654E-4
22.0	0.0011338522148553857
23.0	0.008963197847602576
24.0	0.0013567790909964448
25.0	0.015428077255693284
26.0	0.008286730085519363
27.0	0.003270875372345536
28.0	0.03666378399154416
29.0	0.013560103776304412
30.0	0.008021523974248101
31.0	0.06877294128951668
32.0	0.016277505525127318
33.0	0.012272508888248294
34.0	0.07520707216296724
35.0	0.019663687902373404
36.0	0.038869991351974637
37.0	0.07764389353319881
38.0	0.021178053233400596
39.0	0.09578552897088498
40.0	0.03419237051984242
41.0	0.01387143268953589
42.0	0.10308830594791968
43.0	0.027339290861919864
44.0	0.011492264821754588
45.0	0.07708657634284616
46.0	0.021881425963293937
47.0	0.015539540693763813
48.0	0.04594984145286826
49.0	0.015331988084942828
50.0	0.02738541366388008
51.0	0.01710771596041126
52.0	0.009728067646776209
53.0	0.01924473911790141
54.0	0.002713558181992889
55.0	0.006165081195349284
56.0	0.01356010377630441
57.0	0.0010454501777649658
58.0	0.0019410012491592197
59.0	0.0034630537138464496
60.0	8.033054674738158E-4
61.0	0.0016796387047179782
62.0	0.0012030364177957142
63.0	4.1894878447198996E-4
64.0	3.651388488517344E-4
65.0	1.0761987124051121E-4
66.0	4.996636879023734E-5
67.0	3.843566830018257E-6
68.0	0.0
69.0	0.0
70.0	0.0
71.0	0.0
72.0	0.0
73.0	0.0
74.0	0.0
75.0	1.5374267320073028E-5
76.0	0.0
77.0	0.0
78.0	0.0
79.0	0.0
80.0	0.0
81.0	0.0
82.0	0.0
83.0	0.0
84.0	0.0
85.0	0.0
86.0	0.0
87.0	0.0
88.0	0.0
89.0	0.0
90.0	0.0
91.0	0.0
92.0	0.0
93.0	0.0
94.0	0.0
95.0	0.0
96.0	0.0
97.0	0.0
98.0	0.0
99.0	0.0
100.0	3.459210147016431E-5
