# Position (bp)	A	C	G	T	N
0.0	26.111703437618345	24.02155142588656	24.472008914410598	25.394736222084497	0.0
1.0	26.551595772251986	20.37954943338782	16.08038742865731	36.98846736570288	0.0
2.0	28.304252308751977	19.5351416392824	18.279099733944793	33.88150631802083	0.0
3.0	22.905836273830168	22.522677371008704	15.657281283172757	38.91420507198837	0.0
4.0	33.73805165801868	13.444199938996151	15.215640672965112	37.602107730020066	0.0
5.0	34.41005956274413	15.146307051649737	23.38566929467401	27.057964090932117	0.0
6.0	30.88944479472374	17.58606003163784	21.593932213091843	29.93056296054658	0.0
7.0	35.14083642732951	17.183992240271202	20.353027038548102	27.32214429385118	0.0
8.0	23.089143872401404	26.814101018402482	22.341928159346903	27.75482694984921	0.0
9.0	27.718329374578687	18.772559421260166	15.987498434889352	37.52161276927179	0.0
10.0	26.48890477427172	16.742144940330117	25.379598932888676	31.389351352509482	0.0
11.0	28.302835503682022	18.23552367085107	19.860613196418505	33.6010276290484	0.0
12.0	25.969802002821474	19.755987639619946	21.231210467410463	33.04299989014812	0.0
13.0	26.902725602262628	20.906732533210377	19.094448962779037	33.09609290174796	0.0
14.0	30.925112598177794	18.348595561662016	20.28371013023826	30.442581709921928	0.0
15.0	29.67235530977797	18.49847464409291	20.29434854800459	31.534821498124533	0.0
16.0	30.04788278767167	17.57856731598169	18.980844531847076	33.39270536449956	0.0
17.0	30.545981185976757	17.949983088754994	19.659003414325255	31.845032310942994	0.0
18.0	31.83630112988914	17.61549835414141	19.133002390609757	31.415198125359694	0.0
19.0	30.205601356070073	18.30635150694612	20.14724362806457	31.34080350891924	0.0
20.0	29.673259389518297	17.971742925792764	20.173449555880115	32.18154812880882	0.0
21.0	29.26504880977902	18.418828934366164	20.344865551577193	31.97125670427762	0.0
22.0	29.58940289743934	19.24908375233714	22.5460024875816	28.615510862641923	0.0
23.0	29.82498378539178	20.208374280095544	21.45344069837559	28.513201236137082	0.0
24.0	32.409995456070455	19.486014567573086	18.273073941709644	29.830916034646815	0.0
25.0	28.85267698630344	21.358438017717237	19.985202815428156	29.803682180551167	0.0
26.0	31.97891042043547	16.709721916218065	22.219072391894045	29.092295271452418	0.0
27.0	26.088855681503357	20.834926309451138	25.25362223263359	27.82259577641192	0.0
28.0	26.535446303917677	19.781883951086066	19.22031420114833	34.46235554384793	0.0
29.0	27.554876711388893	20.483152597885518	17.87879609769461	34.08317459303098	0.0
30.0	26.467186235870127	19.130091925213698	16.56122803837502	37.84149380054116	0.0
31.0	34.26488535557078	14.687671288495505	18.619486806745915	32.4279565491878	0.0
32.0	34.337894998506385	15.769829730119689	22.71725051041853	27.175024760955395	0.0
33.0	31.455804403283793	18.15211688893817	20.842315194948355	29.54976351282968	0.0
34.0	33.68887214308921	17.0214682971979	21.636838211002537	27.652821348710344	0.0
35.0	26.36951934308141	20.57750196212505	25.495760667324664	27.55721802746887	0.0
