# Position (bp)	A	C	G	T	N
0.0	26.942646431830752	24.041846223233886	23.016656037152792	25.998851307782566	0.0
1.0	27.46130894433014	19.932888142811787	15.141564621912565	37.46423829094551	0.0
2.0	28.01021451530866	20.100082673951764	17.853029135139575	34.03649888923263	1.747863673624912E-4
3.0	23.86112486143163	21.967182826585603	15.077633147645905	39.093710564661755	3.485996751051028E-4
4.0	34.10168195718655	14.257888518209619	14.539546844592715	37.09966638865721	0.001216291353906033
5.0	36.03631896560699	14.85794794027116	22.1481144744924	26.948249117705238	0.009369501924218081
6.0	32.61802426403203	17.49709389449321	20.016527121630258	29.86159834936672	0.006756370477779336
7.0	35.14072239050744	16.984428763452485	20.496044480350417	27.378631371171846	1.729945178037308E-4
8.0	23.537106283565688	26.32189191244064	22.028939929084387	28.111197893267164	8.639816421180682E-4
9.0	28.878181501155808	18.3909454861225	16.103320345206797	36.62738002959014	1.7263792475403413E-4
10.0	27.14631217957122	17.26089026586532	24.399853715421294	31.192598828343325	3.450107988380036E-4
11.0	28.263387593852773	18.59974076295668	19.606352686481753	33.52827821098862	0.0022407457201756745
12.0	26.62690710694954	19.7705357896314	21.105058580194505	32.48992089994609	0.007577623278458711
13.0	27.71531326897596	20.966048904720115	18.316383597473887	33.0020821502934	1.720785366441244E-4
14.0	31.523927520520367	18.343399927727013	20.40730989623664	29.7246743413694	6.883141465764976E-4
15.0	29.987782423898267	18.84225560545833	19.068538881145354	32.10021853974154	0.0012045497565088706
16.0	30.50160893431762	17.87345344415191	18.924164988900934	32.69801937604323	0.0027532565863059902
17.0	30.170873986887614	18.43202037409874	20.40008259769759	30.993065234973244	0.00395780634281486
18.0	31.829883158673617	18.195756543286357	18.247035947206307	31.720097052294665	0.007227298539053223
19.0	30.461170478206252	18.38074097017879	19.811574002374684	31.346514549240272	0.0
20.0	30.188770154698602	18.26114638721112	19.685440435014538	31.864643023075732	0.0
21.0	30.172938929327348	17.41658492936176	19.25403954364772	33.15626451912653	1.720785366441244E-4
22.0	28.900073993770757	18.810593154715814	19.83273966238191	32.455904874984945	6.883141465764976E-4
23.0	29.994149329754098	17.491783249875244	20.007743534148986	32.50529141500181	0.0010324712198647463
24.0	30.988247035947207	17.84919037048509	18.43425739507511	32.727100648736084	0.0012045497565088706
25.0	29.297575413418684	18.050694336895358	19.372257498322234	33.27878443721715	6.883141465764976E-4
26.0	31.620807736651006	17.655774095297094	20.32264725620773	30.400598833307523	1.720785366441244E-4
27.0	28.83382375716277	18.262006779894342	19.820005850670245	33.083991533736	1.720785366441244E-4
28.0	29.998451293170202	17.929206890024606	20.143169342487912	31.92555882504775	0.0036136492695266116
29.0	29.39617641491577	18.32154595357321	19.31495534561974	32.9654294219882	0.001892863903085368
30.0	29.99108627044737	18.3498931384932	19.35690366633054	32.30091236668123	0.0012045580476523164
31.0	30.60408690040869	18.126736932673694	19.24835448483545	32.01789632178963	0.0029253602925360294
32.0	29.18986169881419	18.382683184110764	19.60720880089069	32.82024631618435	0.0
33.0	29.647315935744217	17.999191210001463	19.437288660592138	32.914311280899646	0.001892912762534094
34.0	29.846603385257133	18.006291429476104	19.508249757360076	32.63885542790669	0.0
35.0	30.337515839347695	17.569796429948763	19.553674728665086	32.538840835215694	1.7216682276458597E-4
36.0	30.89041296385899	17.454236138254988	18.966755229848147	32.688079097309874	5.165707280031269E-4
37.0	29.094181060462553	19.04355163684582	19.190618057827756	32.67113261809227	5.166267715993043E-4
38.0	30.708217932288868	18.36547338541882	19.110585203863696	31.815206757333996	5.167210946219669E-4
39.0	29.806116805450024	18.83852715622475	19.55423922426047	31.800772224720497	3.4458934426370735E-4
40.0	29.835627966008165	18.45408895265423	19.615315638450504	32.09203592318728	0.0029315196998123826
41.0	29.553633534529926	18.033301862204787	20.67049038001819	31.74119340590679	0.0013808173403041595
42.0	29.314049244203723	18.355175891894877	19.528767236853014	32.80028048746787	0.0017271395805123389
43.0	29.62941842280343	18.41416314575287	20.249704070435556	31.704813499572303	0.0019008614358416063
44.0	29.5833304520403	18.879442089467606	19.782900332616467	31.75398137071177	3.4575516385337217E-4
45.0	29.322126235504708	18.32585328732889	20.051365865047863	32.30065461211854	0.0
46.0	30.078476422471663	17.596469253020718	19.513916762397752	32.810964554123814	1.73007986048636E-4
47.0	29.8548146199549	18.472412354862215	19.536251347754376	32.13531021281972	0.0012114646087921178
48.0	30.362073591911987	17.796224324628447	18.804975374148484	33.03534177565806	0.0013849336530221848
49.0	28.97918257716266	18.05319603982343	20.240748533636737	32.726353322977445	5.195263997340025E-4
50.0	29.692516959652053	18.356278320236353	19.595047694960186	32.355810467765835	3.4655738557108325E-4
51.0	30.240758438513026	18.196245618355988	19.430997670639126	32.13199827249186	0.0
52.0	29.80891786107474	18.02169904042176	19.751752975456608	32.4174564751562	1.7364789069907168E-4
53.0	31.2684360654199	17.718090940537007	19.360715036876478	31.64198095251339	0.010777004653232492
54.0	30.089337752376977	18.42654209834982	19.274337360926257	32.20786902928921	0.001913759057734631
55.0	28.95364123101032	18.241065598746353	18.177860967222394	34.62586514604101	0.001567056979932965
56.0	29.289539213789954	18.09286820813882	20.48174925548951	32.13479778415556	0.0010455384261510072
57.0	28.20795380044358	18.81338141137413	19.49218150622829	33.48578582488248	6.974570715172481E-4
58.0	30.72851957841837	17.682522509946256	21.867278564947302	29.721155859565858	5.234871222167935E-4
59.0	29.49968816766622	20.357148472370955	21.051914405955035	29.085134594521882	0.006114359485904655
60.0	31.367957549283155	18.775901657706093	19.566077228942653	30.28988855286738	1.7501120071684588E-4
61.0	29.2214964183155	21.09319392288246	19.357049940217603	30.328084403631124	1.7531495331362794E-4
62.0	31.018434710473635	16.58104576426981	21.63499308412759	30.765350688335815	1.7575279315126515E-4
63.0	26.593671004422433	20.371222986048267	25.21843131651505	27.815616273552042	0.0010584194622170712
64.0	26.408410831316264	19.912912084023386	17.97050830183872	35.7062224864467	0.0019462963749345336
65.0	27.974190389344045	19.253423126461417	18.510429935458234	34.25556978778212	0.006386760954182087
66.0	26.669194265554523	19.53780540336562	17.031210506267378	36.75591582739703	0.005873997415441138
67.0	33.489352579677	14.005466628555094	17.797627554666285	34.70630270115764	0.0012505359439759897
68.0	34.214884391236744	15.457242907529242	23.251782034634772	27.075910070233927	1.8059636531755162E-4
69.0	31.96664773188347	16.96163124386771	20.388704049338635	30.68301697491018	0.0
70.0	33.04942103378298	16.012693486132665	22.26731924714496	28.6705662329394	0.0
71.0	25.957742918146614	20.03369152480432	25.4501172695347	28.55844828751436	0.0
