#Position (bp)	Coverage
38.0	24.933333333333334
113.0	35.53333333333333
188.0	42.12
263.0	44.24
338.0	56.77333333333333
413.0	58.22666666666667
488.0	71.98666666666666
563.0	70.54666666666667
638.0	57.16
713.0	54.45333333333333
788.0	49.626666666666665
863.0	52.21333333333333
938.0	56.36
1013.0	61.693333333333335
1088.0	58.4
1163.0	56.46666666666667
1238.0	49.06666666666667
1313.0	32.4
1388.0	18.76
1463.0	19.093333333333334
1538.0	14.293333333333333
1613.0	32.70666666666666
1688.0	34.586666666666666
1763.0	38.32
1838.0	35.81333333333333
1913.0	46.46666666666667
1988.0	48.85333333333333
2063.0	50.96
2138.0	48.46666666666667
2213.0	35.08
2288.0	20.266666666666666
2363.0	19.68
2438.0	18.706666666666667
2513.0	21.346666666666668
2588.0	27.026666666666667
2663.0	31.56
2738.0	29.866666666666667
2813.0	29.36
2888.0	38.36
2963.0	40.18666666666667
3038.0	40.50666666666667
3113.0	36.413333333333334
3188.0	51.026666666666664
3263.0	57.50666666666667
3338.0	63.18666666666667
3413.0	60.653333333333336
3488.0	41.74666666666667
3563.0	23.0
3638.0	26.16
3713.0	24.84
3788.0	28.44
3863.0	28.16
3938.0	30.386666666666667
4013.0	32.78666666666667
4088.0	39.093333333333334
4163.0	44.64
4238.0	42.22666666666667
4313.0	53.92
4388.0	49.89333333333333
4463.0	41.373333333333335
4538.0	33.50666666666667
4613.0	23.586666666666666
4688.0	23.426666666666666
4763.0	22.12
4838.0	21.69333333333333
4913.0	18.493333333333332
4988.0	14.626666666666667
5063.0	7.493333333333333
5138.0	8.0
5213.0	11.666666666666666
5288.0	26.85333333333333
5363.0	38.44
5438.0	44.24
5513.0	38.8
5588.0	50.81333333333333
5663.0	44.64
5738.0	45.946666666666665
5813.0	46.46666666666667
5888.0	39.53333333333333
5963.0	28.52
6038.0	27.386666666666667
6113.0	28.946666666666665
6188.0	39.92
6263.0	50.42666666666667
6338.0	45.14666666666667
6413.0	42.693333333333335
6488.0	43.986666666666665
6563.0	37.86666666666667
6638.0	47.18666666666667
6713.0	51.38666666666666
6788.0	41.92
6863.0	39.74666666666667
6938.0	27.293333333333333
7013.0	23.92
7088.0	19.30666666666667
7163.0	9.0
7238.0	8.413333333333334
7313.0	24.493333333333332
7388.0	43.22666666666667
7463.0	54.36
7538.0	55.52
7613.0	43.973333333333336
7688.0	34.4
7763.0	32.666666666666664
7838.0	35.22666666666667
7913.0	33.49333333333333
7988.0	46.25333333333333
8063.0	47.653333333333336
8138.0	53.57333333333333
8213.0	47.85333333333333
8288.0	44.64
8363.0	31.24
8438.0	34.70666666666666
8513.0	34.92
8588.0	25.52
8663.0	28.426666666666666
8738.0	31.266666666666666
8813.0	31.093333333333334
8888.0	37.06666666666667
8963.0	46.46666666666667
9038.0	50.04
9113.0	47.373333333333335
9188.0	40.026666666666664
9263.0	28.92
9338.0	18.76
9413.0	20.36
9488.0	33.306666666666665
9563.0	47.92
9638.0	54.36
9713.0	54.12
9788.0	49.45333333333333
9863.0	37.2
9938.0	32.08
10013.0	32.8
10088.0	40.32
10163.0	51.85333333333333
10238.0	56.93333333333333
10313.0	54.72
10388.0	56.68
10463.0	45.666666666666664
10538.0	46.72
10613.0	48.74666666666667
10688.0	58.70666666666666
10763.0	57.74666666666667
10838.0	56.78666666666667
10913.0	56.24
10988.0	43.21333333333333
11063.0	40.626666666666665
11138.0	39.42666666666667
11213.0	39.586666666666666
11288.0	38.56
11363.0	48.333333333333336
11438.0	40.88
11513.0	38.72
11588.0	56.48
11663.0	58.93333333333333
11738.0	46.54666666666667
11813.0	43.76
11888.0	46.32
11963.0	48.013333333333335
12038.0	50.4
12113.0	68.45333333333333
12188.0	77.26666666666667
12263.0	64.61333333333333
12338.0	52.14666666666667
12413.0	49.56
12488.0	48.64
12563.0	55.04
12638.0	57.86666666666667
12713.0	60.413333333333334
12788.0	53.46666666666667
12863.0	43.17333333333333
12938.0	45.693333333333335
13013.0	51.6
13088.0	49.82666666666667
13163.0	48.306666666666665
13238.0	47.413333333333334
13313.0	46.06666666666667
13388.0	43.08
13463.0	30.773333333333333
13538.0	32.06666666666667
13613.0	44.18666666666667
13688.0	50.49333333333333
13763.0	49.48
13838.0	47.906666666666666
13913.0	43.88
13988.0	48.6
14063.0	52.96
14138.0	51.70666666666666
14213.0	57.413333333333334
14288.0	60.666666666666664
14363.0	65.17333333333333
14438.0	68.01333333333334
14513.0	56.16
14588.0	56.25333333333333
14663.0	48.12
14738.0	47.68
14813.0	43.49333333333333
14888.0	47.10666666666667
14963.0	45.986666666666665
15038.0	53.88
15113.0	53.2
15188.0	49.42666666666667
15263.0	42.413333333333334
15338.0	43.12
15413.0	44.74666666666667
15488.0	43.373333333333335
15563.0	36.13333333333333
15638.0	41.586666666666666
15713.0	42.306666666666665
15788.0	31.266666666666666
15863.0	42.693333333333335
15938.0	40.373333333333335
16013.0	44.06666666666667
16088.0	42.21333333333333
16163.0	34.8
16238.0	22.826666666666668
16313.0	22.69333333333333
16388.0	24.08
16463.0	34.093333333333334
16538.0	31.133333333333333
16613.0	37.46666666666667
16688.0	32.81333333333333
16763.0	24.066666666666666
16838.0	21.546666666666667
16913.0	23.08
16988.0	24.28
17063.0	36.13333333333333
17138.0	62.733333333333334
17213.0	78.45333333333333
17288.0	78.76
17363.0	67.30666666666667
17438.0	62.16
17513.0	59.81333333333333
17588.0	59.946666666666665
17663.0	55.74666666666667
17738.0	42.77333333333333
17813.0	28.706666666666667
17888.0	29.213333333333335
17963.0	35.266666666666666
18038.0	46.013333333333335
18113.0	44.333333333333336
18188.0	45.906666666666666
18263.0	53.68
18338.0	45.026666666666664
18413.0	52.586666666666666
18488.0	53.906666666666666
18563.0	39.24
18638.0	57.93333333333333
18713.0	43.96
18788.0	46.45333333333333
18863.0	44.08
18938.0	49.86666666666667
19013.0	50.653333333333336
19088.0	59.46666666666667
19163.0	54.84
19238.0	43.45333333333333
19313.0	18.253333333333334
19388.0	11.92
19463.0	15.08
19538.0	18.626666666666665
19613.0	32.44
19688.0	40.88
19763.0	39.76
19838.0	41.54666666666667
19913.0	42.25333333333333
19988.0	36.78666666666667
20063.0	39.29333333333334
20138.0	30.866666666666667
20213.0	39.693333333333335
20288.0	32.64
20363.0	35.16
20438.0	31.613333333333333
20513.0	42.906666666666666
20588.0	37.86666666666667
20663.0	42.906666666666666
20738.0	43.49333333333333
20813.0	51.17333333333333
20888.0	60.14666666666667
20963.0	55.29333333333334
21038.0	56.08
21113.0	40.85333333333333
21188.0	22.293333333333333
21263.0	14.893333333333333
21338.0	18.413333333333334
21413.0	28.96
21488.0	36.053333333333335
21563.0	36.68
21638.0	36.50666666666667
21713.0	47.32
21788.0	37.2
21863.0	37.586666666666666
21938.0	36.32
22013.0	36.06666666666667
22088.0	35.72
22163.0	36.81333333333333
22238.0	33.74666666666667
22313.0	24.2
22388.0	10.813333333333333
22463.0	10.04
22538.0	18.8
22613.0	26.653333333333332
22688.0	28.053333333333335
22763.0	28.30666666666667
22838.0	40.8
22913.0	36.653333333333336
22988.0	42.82666666666667
23063.0	39.373333333333335
23138.0	36.18666666666667
23213.0	39.24
23288.0	40.6
23363.0	39.06666666666667
23438.0	38.2
23513.0	42.49333333333333
23588.0	45.16
23663.0	43.78666666666667
23738.0	31.426666666666666
23813.0	30.413333333333334
23888.0	25.266666666666666
23963.0	32.0
24038.0	32.42666666666667
24113.0	36.61333333333334
24188.0	29.0
24263.0	29.266666666666666
24338.0	28.30666666666667
24413.0	30.48
24488.0	27.346666666666668
24563.0	32.986666666666665
24638.0	33.32
24713.0	36.053333333333335
24788.0	40.026666666666664
24863.0	41.586666666666666
24938.0	38.733333333333334
25013.0	47.25333333333333
25088.0	46.53333333333333
25163.0	46.026666666666664
25238.0	42.2
25313.0	39.72
25388.0	38.12
25463.0	40.946666666666665
25538.0	41.32
25613.0	42.77333333333333
25688.0	32.56
25763.0	31.92
25838.0	32.346666666666664
25913.0	33.906666666666666
25988.0	32.64
26063.0	42.08
26138.0	43.86666666666667
26213.0	49.666666666666664
26288.0	53.85333333333333
26363.0	43.053333333333335
26438.0	45.32
26513.0	39.38666666666666
26588.0	38.78666666666667
26663.0	39.57333333333333
26738.0	43.2
26813.0	44.14666666666667
26888.0	56.733333333333334
26963.0	54.76
27038.0	53.8
27113.0	46.25333333333333
27188.0	51.946666666666665
27263.0	66.72
27338.0	68.64
27413.0	65.44
27488.0	53.986666666666665
27563.0	24.32
27638.0	27.0
27713.0	25.85333333333333
27788.0	25.533333333333335
27863.0	28.893333333333334
27938.0	31.266666666666666
28013.0	30.786666666666665
28088.0	36.13333333333333
28163.0	44.72
28238.0	47.68
28313.0	46.42666666666667
28388.0	40.64
28463.0	30.6
28538.0	24.333333333333332
28613.0	24.293333333333333
28688.0	27.986666666666668
28763.0	32.306666666666665
28838.0	35.626666666666665
28913.0	35.29333333333334
28988.0	40.053333333333335
29063.0	44.44
29138.0	50.13333333333333
29213.0	51.29333333333334
29288.0	43.74666666666667
29363.0	30.706666666666667
29438.0	18.32
29513.0	29.14666666666667
29588.0	32.74666666666667
29663.0	30.053333333333335
29738.0	19.84
29813.0	20.586666666666666
29877.0	2.7358490566037736
