#Read position (bp)	Clipping profile
0.0	16.944495328814803
1.0	16.944495328814803
2.0	7.739512731269463
3.0	3.077486719179337
4.0	1.2364901996702693
5.0	0.3663674665689687
6.0	0.0
7.0	0.0
8.0	0.0
9.0	0.0
10.0	0.0
11.0	0.0
12.0	0.0
13.0	0.0
14.0	0.0
15.0	0.0
16.0	0.0
17.0	0.0
18.0	0.0
19.0	0.0
20.0	0.0
21.0	0.0
22.0	0.0
23.0	0.0
24.0	0.0
25.0	0.0
26.0	0.0
27.0	0.0
28.0	0.0
29.0	0.0
30.0	1.1540575196922513
31.0	2.9858948525370947
32.0	6.8235940648470415
33.0	14.370763876167796
34.0	16.220919582341086
35.0	12.135922330097088
