# Position (bp)	A	C	G	T	N
0.0	39.64423705944885	11.850417041458828	23.96710687709543	24.51396271158721	0.024276310409681902
1.0	30.152122638496	16.856915792082876	19.155748743384724	33.82448016886047	0.01073265717593125
2.0	31.80901228994999	17.790206294678264	19.557572001662805	30.84218928920275	0.0010201245061959813
3.0	34.489681160452804	18.283594431821363	20.027276035000853	27.199193932099973	2.544406250079513E-4
4.0	33.80979578367538	17.471220601860665	19.639543591110435	29.0786784957291	7.615276244145756E-4
5.0	32.42835366625646	18.12466132895783	19.46212708203562	29.983338650785214	0.001519271964874432
6.0	27.415009653973293	18.30464098339112	17.646300658087604	36.634048704547986	0.0
7.0	28.301553761353148	19.89026339810281	18.171342407447565	33.636840433096474	0.0
8.0	27.29512627437177	20.012319450904474	19.612314422557166	33.080239852166585	0.0
9.0	32.20219956610612	17.357761809814026	19.707058926802354	30.732478085850794	5.016114267083004E-4
10.0	29.874864050604426	21.499381195854635	19.609965872013802	29.015288837773305	5.0004375382846E-4
11.0	27.749660474214732	20.71194507781059	19.024657670790816	32.51323839071007	4.983864737911013E-4
12.0	28.73268827087655	18.64338148529978	19.890695450198116	32.73273795476282	4.968388627358433E-4
13.0	30.767114868983835	18.146494258285465	18.736277624412075	32.34961763204456	4.956162740559749E-4
14.0	29.962812418922425	18.813703808947256	18.38054879480115	32.84244079020521	4.941871239544853E-4
15.0	28.86822026379606	18.587468701326866	20.24136945249502	32.30220224364662	7.393387354350269E-4
16.0	29.937600802486138	19.181729672318163	19.492742220998387	31.387189725030485	7.375791668305732E-4
17.0	29.882671613007698	18.656980082144592	19.197986132579604	32.261380755396566	9.814168715374385E-4
18.0	29.29391321373504	18.66859198707751	19.740081744536088	32.2966788222913	7.342323600675494E-4
19.0	28.238268559005302	19.108630334416297	19.891784937831304	32.760339057576275	9.771111708234603E-4
20.0	29.768869328467083	18.298454737520068	18.74734690093633	33.18386525428277	0.0014637787937486887
21.0	29.897972865901973	17.765398539683314	19.67941294781623	32.656240476858	9.751697404829527E-4
22.0	29.251238272047093	18.56299533927314	20.02285291057885	32.162426209218644	4.8726888227827443E-4
23.0	29.851131362698137	18.07308096740273	18.90359076216069	33.170249639755426	0.0019472679830198232
24.0	29.214084233051256	18.671821807217196	19.875255325357454	32.23786596634569	9.726680284019065E-4
25.0	31.296229226472466	17.97759363735139	19.00651675615762	31.719174236329035	4.861436894903027E-4
26.0	29.636406047264295	17.62449035129921	18.74073642111197	33.99715228473265	0.0012148955918728343
27.0	29.95669397480333	17.833921514812214	19.114643168553464	33.09328404429213	0.0014572975388673398
28.0	30.90672322602119	18.21585362594539	19.36599101561456	31.50997441709609	0.0014577153227746152
29.0	30.20707875208827	19.21184777963402	18.487994871595635	32.09235013015269	7.284665293911962E-4
30.0	29.32346008168786	17.87402360141774	19.399528555477442	33.40225797113436	7.297902825991237E-4
31.0	29.956196266079044	18.20451005389541	19.788708533318385	32.04985386567342	7.312810337388693E-4
32.0	29.801085343952526	18.48183610525494	19.018407901928633	32.69818263449676	4.880143671429687E-4
33.0	31.133392312985354	17.244421507913106	19.819129067138505	31.80231986631279	7.372456502506635E-4
34.0	29.57561673309323	18.388382449601565	19.396474263502153	32.638788025001666	7.38528801392373E-4
35.0	29.555693396564465	18.27565840361989	19.018517099836156	33.14914259872038	9.885012591034788E-4
36.0	30.406748856661082	17.38593228858444	19.599069977046558	32.6072584379279	9.904397800233249E-4
37.0	30.027941972018326	18.348892495371956	19.789665937098302	31.83300329050221	4.963050092064579E-4
38.0	29.439147810872075	19.017676064739334	19.040790153895095	32.50188889330735	4.970771861454647E-4
39.0	29.737722644250052	18.55723785344658	19.054037556463005	32.6500053566668	9.965891735535131E-4
40.0	30.183025712418104	18.3916390980445	18.991412561312117	32.43317415884516	7.484693801176594E-4
41.0	30.253466285614444	18.355651511937	18.835128355526713	32.55525465187385	4.991950479851239E-4
42.0	29.768227306110823	17.619521066384216	20.094127992086054	32.517374208730324	7.494266885832338E-4
43.0	29.66404896379469	18.98147106400746	19.89104155572057	31.46218831959477	0.0012500968825083943
44.0	30.53765270953839	18.780426147527237	19.511029126505193	31.170641724213016	2.502922161623696E-4
45.0	30.8537205463531	18.45306828912729	18.606363766159273	32.086596915554736	2.5048280560780904E-4
46.0	29.381629429022794	18.67800095288247	19.5646831665789	32.37518493442664	5.015170891948143E-4
47.0	29.130158698287524	19.336945854844902	18.92507824480648	32.607315230568055	5.019714930389103E-4
48.0	29.132509113565963	18.875821853966883	20.37142648976341	31.619237600902437	0.0010049418013079318
49.0	29.87663258227008	18.488774268794174	20.526045908364253	31.108295880714664	2.5135985682542554E-4
50.0	29.04991364682306	18.77111624698519	19.334048327568063	32.844921778623686	0.0
51.0	29.356452117093045	19.085349252286502	19.936169569119382	31.621776966592385	2.5209490869122406E-4
52.0	28.984418095050124	18.970045698149303	19.602886625067686	32.44239654657618	2.5303515670467255E-4
53.0	29.936429946307364	18.442660318103535	19.42381724242731	32.19607942457704	0.001013068584743187
54.0	29.679822616407982	18.689895470383274	20.03040861577447	31.599366487171366	5.068102629078239E-4
55.0	29.771736069354482	19.31579174373143	19.68697117080089	31.22499359379321	5.074223199855891E-4
56.0	29.158869012099593	18.15954191688991	19.932963447303937	32.74811777103462	5.078526719398702E-4
57.0	28.292891306171953	18.172595027957254	21.109695661349832	32.42456373210876	2.542724122060929E-4
58.0	28.6892406433456	18.379920282195933	20.083792835585214	32.847046238873254	0.0
59.0	27.388448933267025	18.59010163612482	20.196385987732253	33.82429830266396	7.651402119438388E-4
60.0	28.306856027255673	18.21332414602713	20.960073498449642	32.51949112531741	2.5520295014610367E-4
61.0	29.54205450005872	18.147283932337007	20.285111793028445	32.02478389404298	7.658805328486161E-4
62.0	28.727729650212485	18.25479118993135	20.120699166394246	32.89652459954233	2.553939195815626E-4
63.0	28.664646578198372	17.986622449553145	20.008584524350923	33.33963546430524	5.109835923168506E-4
64.0	28.76363059800732	18.52687248102457	20.521594140632992	32.1871355796968	7.672006383109311E-4
65.0	29.116736766923264	18.563810859865193	19.25730420780737	33.061892169336275	2.5599606790039704E-4
66.0	28.873091451445088	18.00660143817046	20.62283134043022	32.49670696892506	7.68801029168311E-4
67.0	29.870772417435088	17.62709344325753	19.91094294349722	32.59067848967025	5.127061399123785E-4
68.0	29.66268899499434	17.467717230391088	19.289868867684902	33.57895520052135	7.697064083189868E-4
69.0	29.450295402003597	18.102491651682506	20.65142563575649	31.79475982532751	0.0010274852298998202
70.0	30.194727574195706	17.86198120846776	19.888433310625828	32.05460084060616	2.5706610454878474E-4
71.0	29.606566657231813	18.578081980289735	19.576718215269022	32.238375833054576	2.573141548516584E-4
72.0	30.736664280306346	17.17097842489918	19.473215251417653	32.618884522479	2.5752089782085815E-4
73.0	30.13852557246498	18.126361094287592	19.586356197569682	32.14772624769661	0.00103088798113475
74.0	28.97574819401445	19.261609907120743	19.725748194014447	32.03560371517028	0.0012899896800825593
75.0	30.61657226832374	17.908308345536675	19.69503265846912	31.780086727670465	0.0
76.0	30.1918844032421	18.17748659916617	20.613201439780408	31.016909651189888	5.179066214361551E-4
77.0	30.434658671275937	17.865241040817438	19.501721997776563	32.19734172261972	0.0010365675103462394
78.0	30.291257099878106	18.091397152268073	19.725601058173613	31.89070726456934	0.0010374251108748087
79.0	29.45170268670357	18.52158605863598	19.970090041437754	32.056101943108764	5.19270113927863E-4
80.0	29.761316658433216	17.842749798497177	19.15784820987494	33.236525311354356	0.0015600218403057642
81.0	29.57625883553159	17.816543654552834	20.53356721250039	32.07284954351922	7.807538959619408E-4
82.0	30.08696920904396	18.963873126045428	19.446919601682065	31.50171697749431	5.210857342358538E-4
83.0	29.94893408376062	19.04044065869294	19.080604862476726	31.92871636247933	0.0013040325903824989
84.0	29.697169087120677	17.972980735588244	20.18141655308549	32.14738919960521	0.0010444246003770373
85.0	29.421002160888186	18.675352026191952	20.226383739251084	31.67647819645531	7.838772134732815E-4
86.0	29.772994057531875	18.390017281000574	19.969882431679917	31.866321918112632	7.843116750021569E-4
87.0	29.32297185917815	17.55275586430655	20.281539045226786	32.842209924513	5.23306775514476E-4
88.0	29.233675022463462	18.65423557426565	20.267413440354595	31.843890069184845	7.858937314496334E-4
89.0	29.66077694038422	18.414966093427946	18.994236144982718	32.92897189399542	0.0010489272096962832
90.0	28.83821784465469	17.84754234351538	20.905568447911964	32.40814633582897	5.250280890027616E-4
91.0	30.31648646163144	17.847261452763508	19.18572723570293	32.649736589723716	7.882601784095537E-4
92.0	30.224934887269473	17.85351608744837	19.411486148746416	32.509799794796244	2.6308173949646154E-4
93.0	30.088420986090224	17.83670168913847	20.318652692796995	31.75543445336761	7.901786067044021E-4
94.0	30.55257489513495	17.70116821382716	19.96272050662146	31.78274544749893	7.90936917507916E-4
95.0	29.87166898939989	18.02863296591917	20.103783943578698	31.995386207187803	5.278939144389543E-4
96.0	30.195098500176975	18.148703833820242	20.026784440722917	31.628620786205218	7.924390746424779E-4
97.0	29.476013706453458	18.91723248091038	20.563646170442286	31.042314444655965	7.931975379148423E-4
98.0	30.36043689641574	17.803237818482085	19.45628786254754	32.379508107779074	5.293147755573023E-4
99.0	29.98553305141331	17.510836963318603	19.952730702786344	32.55036935762509	5.299248566553263E-4
100.0	29.72586570469888	18.636888104932297	19.72414158963409	31.91230885532022	7.957454145170489E-4
101.0	30.27076248350709	17.924375525981144	20.231391882169607	31.572939149456964	5.309588851987246E-4
102.0	30.05786184918709	17.99192538824849	19.814959028920292	32.13392479820115	0.0013289354429740512
103.0	30.654514004390926	18.461579402568027	18.835739471758366	32.04736877120617	7.98350076508549E-4
104.0	29.10422316105763	18.761820535633422	19.634742119198947	32.49894780584221	2.6637826779540017E-4
105.0	30.347669533906778	18.281789691271587	19.641528305661133	31.728745749149827	2.6672001066880045E-4
106.0	29.52398498368605	18.30393617532561	19.432829763487717	32.73764705254108	0.00160202495954887
107.0	29.55544268605646	18.67488237810094	19.345594525235242	32.4216745081266	0.00240590248075278
108.0	29.077993303159182	18.88658999114047	19.833836979301893	32.20104440738847	5.35319009981023E-4
109.0	30.51826914829745	17.798749892786688	19.64817951796895	32.033997341109874	8.040998370357664E-4
110.0	30.03608849058882	18.52587236211916	19.201223520573123	32.235742363058264	0.0010732636606340304
111.0	29.164864044198062	18.526749126008013	19.769819666096097	32.53776102197274	8.06141725089549E-4
112.0	29.60957422770264	18.208840397258356	19.863455889473514	32.31759148670605	5.37998859442418E-4
113.0	28.3245944992473	18.781626096393783	19.650662077768892	33.242309422052024	8.079045379997899E-4
114.0	27.833721187644095	18.18262808641142	21.072367675087875	32.90966324167013	0.001619809186477833
115.0	29.170036160643047	19.039646886046643	19.951912024428044	31.838404928882262	0.0
116.0	28.855325052567686	18.78427738397173	20.3786499317162	31.981205696819927	5.419349244542716E-4
117.0	29.38857194061949	17.83560386565255	20.170310289489475	32.603884660397696	0.0016292438407794303
118.0	29.610958068836357	18.40055095218911	20.358010039089294	31.630208730305636	2.7220957959952526E-4
119.0	29.32595093012277	18.250708814403875	19.70190226957051	32.72089221927811	5.457666247335977E-4
120.0	30.32432802133917	17.934751384994186	20.66972163326722	31.0701046440052	0.001094316394227481
121.0	29.931468892144437	17.774741705211987	19.733008510147982	32.56023220468251	5.486878130949833E-4
122.0	29.04534415850516	19.144822427027723	19.818645368361125	31.990362956790076	8.250893159184483E-4
123.0	28.988265144307007	18.586577310773727	19.904300941822143	32.52030502351108	5.515795860395207E-4
124.0	28.965786133609118	18.553411293645286	20.134278295638996	32.34541819559392	0.0011060815126770769
125.0	29.141161297480206	17.981389285664758	18.602116240691178	34.27477846038636	5.547157775035016E-4
126.0	28.453685127317552	18.518157811991305	20.339643327202353	32.68712243688383	0.0013912966049580246
127.0	29.08564902080698	18.52326578255855	20.45316824024507	31.937637705563514	2.7925082588431757E-4
128.0	29.735332347272646	19.06038501187755	18.895387925238673	32.30777419210255	0.00112052350858321
129.0	29.090632988281744	18.617318946341243	20.30742493651557	31.98293583502766	0.0016872938337846842
130.0	29.56584079888454	19.041530480335542	20.303759024990544	31.08802294139895	8.467543904215143E-4
131.0	29.35375981406423	18.63042430770103	19.110569428304185	32.90382925654035	0.001417193390210028
132.0	28.740848360538983	18.664216733612513	20.642395236874343	31.95253966897416	0.0
133.0	29.579516830776274	18.111403709640488	20.421055644607282	31.887737577284174	2.8623769177925346E-4
134.0	29.55829880294659	18.10946132596685	20.032228360957642	32.30001151012891	0.0
135.0	29.122213761895527	18.242748325868625	20.620840004284847	32.014197907951	0.0
136.0	28.691708900786004	18.711147767444707	20.618896210441033	31.977955684047014	2.914372812398908E-4
137.0	29.05599436239246	18.38829021933817	20.22873418093197	32.32698123733741	0.0
138.0	28.92333363905597	18.326198161522143	21.385988633035204	31.363887845158388	5.917212282949257E-4
139.0	28.07185535857578	19.481608094765072	20.903919410313545	31.54231883279788	2.9830354772409306E-4
140.0	27.380741106154627	19.21407494081799	21.025179802014744	32.37940255497836	6.01596034278942E-4
141.0	28.89605848116816	18.517718893869088	19.94447451483619	32.641444027513394	3.040826131643445E-4
142.0	29.157778255924754	18.70224080164756	21.486490640272955	30.653490302154733	0.0
143.0	29.905896411367117	18.01069245802059	20.971968084444278	31.111131857052165	3.1118911584948405E-4
144.0	27.746714109360248	18.76312225123369	19.88836022769967	33.60022479501662	0.001578616689767091
145.0	27.158419563031472	18.810656609301564	19.115847096353455	34.91282795930365	0.0022487720098560465
146.0	25.585836994814553	19.65852564356305	19.30491232236868	35.4470965443534	0.0036284949003153495
147.0	27.107920419772935	19.319283405376876	18.59206336611803	34.976248055169364	0.004484753562791724
148.0	27.626796567481566	19.975643597206933	17.678374832219827	34.70900508241965	0.010179920672025578
149.0	28.07618181732085	19.677619460268303	14.657707442501385	37.57049706646968	0.01799421343978331
150.0	27.20952419616759	12.426924326079897	11.751989282234492	48.576039298473525	0.03552289704449497
