#Position (bp)	mapping quality
38.0	58.363976965239715
113.0	57.30088334726817
188.0	57.12326378799326
263.0	56.60927938624532
338.0	58.25721760144528
413.0	58.584468393664515
488.0	58.461076480212064
563.0	58.44986325393015
638.0	58.51029762023898
713.0	58.805931760639794
788.0	58.75311344252396
863.0	58.6050571605564
938.0	58.81717861749391
1013.0	58.801152830813194
1088.0	58.62048505525477
1163.0	58.764859813084115
1238.0	58.54570026735611
1313.0	57.65343530750268
1388.0	55.00454132606721
1463.0	55.63260984647962
1538.0	56.02026049204052
1613.0	57.8118066733371
1688.0	57.5611620795107
1763.0	57.14701275453122
1838.0	57.58696165656247
1913.0	59.051654809774206
1988.0	59.28620043447048
2063.0	59.3300586471817
2138.0	59.298625778314175
2213.0	59.06809522957769
2288.0	57.889588637277235
2363.0	57.740931453405814
2438.0	58.27654347944757
2513.0	58.85578276707836
2588.0	59.38849004437629
2663.0	59.31386366008978
2738.0	59.2282147949915
2813.0	59.163090128755364
2888.0	59.00238340593133
2963.0	58.52945568580602
3038.0	58.187052772808585
3113.0	58.53848507608
3188.0	58.053645711182156
3263.0	57.16522678185745
3338.0	57.21802387174235
3413.0	57.14617043251373
3488.0	57.6721388921696
3563.0	57.271266393655075
3638.0	56.73980542330781
3713.0	57.15235857581782
3788.0	58.16201592872885
3863.0	58.37061099501355
3938.0	58.51798899496779
4013.0	58.52834312507589
4088.0	59.31705912979432
4163.0	55.30559146735617
4238.0	49.974080044063925
4313.0	51.385237613751265
4388.0	49.95226014364811
4463.0	43.07353556938448
4538.0	41.80813926427009
4613.0	41.738053510924175
4688.0	43.40416495604287
4763.0	40.128998355737124
4838.0	40.93189322836183
4913.0	41.89883580891208
4988.0	40.69256297711495
5063.0	32.62780625051076
5138.0	31.73832857194518
5213.0	32.80257067619456
5288.0	43.9821285840182
5363.0	47.621018620686016
5438.0	46.35198991914313
5513.0	46.70998429641093
5588.0	52.19646347210098
5663.0	52.88240603675489
5738.0	53.858900482790844
5813.0	52.33406176363085
5888.0	52.57349230618593
5963.0	40.52499915486292
6038.0	32.10112837736804
6113.0	34.97663479095101
6188.0	46.557909377545535
6263.0	50.183403073984444
6338.0	47.73808079582676
6413.0	47.48511459440495
6488.0	49.43697491681726
6563.0	43.883755102040816
6638.0	42.67797174898509
6713.0	44.700397301755714
6788.0	49.281087591003285
6863.0	43.34535952120037
6938.0	34.08013854994883
7013.0	41.268220607874525
7088.0	43.65934765689489
7163.0	37.036694084618034
7238.0	35.12510536592653
7313.0	39.02925196992048
7388.0	41.7816554320573
7463.0	38.07431322677829
7538.0	38.576067215791305
7613.0	40.29859810719166
7688.0	43.303572066823456
7763.0	40.37246514442269
7838.0	38.67111090817771
7913.0	41.62130261325276
7988.0	49.96653363176684
8063.0	46.45191599436251
8138.0	46.887778588671196
8213.0	47.9044837336482
8288.0	48.74503134169433
8363.0	39.40530673791699
8438.0	36.27030816594019
8513.0	36.37590273703801
8588.0	41.20639569972077
8663.0	46.37876234188104
8738.0	47.57623629661544
8813.0	47.424362349976576
8888.0	47.01199059833732
8963.0	45.84032613695849
9038.0	39.088729391366826
9113.0	40.255925356330806
9188.0	41.42614906531384
9263.0	43.08899035637824
9338.0	42.115701152193985
9413.0	45.048967945916765
9488.0	49.64786382584942
9563.0	50.48676980440897
9638.0	46.645201210010086
9713.0	44.8409849674803
9788.0	44.39446026912877
9863.0	33.937244369727225
9938.0	27.793681757150456
10013.0	24.132716397697777
10088.0	36.24141507582765
10163.0	45.165739087822466
10238.0	43.436779362907956
10313.0	43.498987644066034
10388.0	46.99245966380536
10463.0	41.767097648602714
10538.0	38.263605122330695
10613.0	38.57178972915578
10688.0	45.08595862489662
10763.0	44.42599303800486
10838.0	41.54135701187144
10913.0	42.05628894994304
10988.0	44.74628991369243
11063.0	50.762786715947385
11138.0	49.72465682614439
11213.0	50.34958694338102
11288.0	52.323779990522944
11363.0	52.887728649966114
11438.0	46.520208972933744
11513.0	46.59218645262199
11588.0	50.7658797021557
11663.0	50.60530879660854
11738.0	43.93081523493021
11813.0	43.12358010890339
11888.0	46.61937455806209
11963.0	43.631100714280755
12038.0	41.442646688491564
12113.0	45.70120596346192
12188.0	51.62174218713755
12263.0	49.16600176180571
12338.0	50.26633961200931
12413.0	52.471882750267554
12488.0	52.575112585920834
12563.0	50.77104400914598
12638.0	50.05010567511361
12713.0	51.986438735555346
12788.0	47.65432098765432
12863.0	43.44578979717271
12938.0	43.737547545734465
13013.0	47.50866111057003
13088.0	51.37496039860603
13163.0	52.91923410725282
13238.0	53.010374073373036
13313.0	54.41421316712825
13388.0	46.95774957547074
13463.0	27.831043887247247
13538.0	25.303402349428357
13613.0	32.84636522608044
13688.0	45.023782069760735
13763.0	45.358608956572375
13838.0	45.19670389762221
13913.0	42.058780211576256
13988.0	29.295303325959697
14063.0	22.5468347451787
14138.0	23.817166854450477
14213.0	28.650728148877825
14288.0	29.81595878296978
14363.0	25.952658615804236
14438.0	25.154465289696397
14513.0	27.940483807293866
14588.0	29.34754875159468
14663.0	24.211428021106308
14738.0	25.26276948508792
14813.0	25.522377127231
14888.0	27.237397053706065
14963.0	23.820757859137608
15038.0	22.623554821496633
15113.0	23.24596700728255
15188.0	39.592876053504746
15263.0	46.40002927682393
15338.0	45.94655701553612
15413.0	45.48327210152898
15488.0	44.68079843783901
15563.0	40.28172632778333
15638.0	36.85935354475472
15713.0	37.202072873448174
15788.0	37.66596237300573
15863.0	33.69717907621583
15938.0	25.574743477969285
16013.0	24.50180450802844
16088.0	26.82626118992987
16163.0	31.727639406036765
16238.0	24.862458788751354
16313.0	22.984019626750868
16388.0	23.21034542706982
16463.0	25.078321358754984
16538.0	14.832453139964427
16613.0	14.694919441165975
16688.0	16.736578896326854
16763.0	26.80118264647318
16838.0	36.17854617349516
16913.0	36.87927732165459
16988.0	36.17157697301977
17063.0	38.104257863352785
17138.0	38.46988152844986
17213.0	35.41973507962494
17288.0	32.83139546360819
17363.0	34.743863426449806
17438.0	31.326224117395817
17513.0	24.429856301044143
17588.0	23.22691829836882
17663.0	25.924177461220076
17738.0	26.38991888052685
17813.0	21.811673626815768
17888.0	21.33105434451755
17963.0	22.816075650118204
18038.0	28.92898263886276
18113.0	28.726348638863218
18188.0	27.981667383996186
18263.0	30.304126584554528
18338.0	28.07216431068081
18413.0	23.17195980751134
18488.0	22.983467517796626
18563.0	23.051934977247406
18638.0	31.25316363155311
18713.0	27.741814517074086
18788.0	28.859751337775617
18863.0	30.429501457454503
18938.0	32.95204816370968
19013.0	25.495119177634912
19088.0	25.641282452789998
19163.0	24.115830929621666
19238.0	23.755317345486514
19313.0	2.3304917292384126
19388.0	0.07587065487325559
19463.0	0.03717714583876859
19538.0	1.0279930209883512
19613.0	13.045276947828086
19688.0	14.306816035625888
19763.0	14.60232182625313
19838.0	17.38276686877677
19913.0	19.940303710320485
19988.0	14.253086327606026
20063.0	14.302188598213531
20138.0	14.476629263580293
20213.0	13.955173398674143
20288.0	7.917020914810406
20363.0	8.6759867961729
20438.0	9.016561711099397
20513.0	24.53629732546023
20588.0	19.905228159279524
20663.0	20.58285577022065
20738.0	20.33890406348302
20813.0	28.853802873199168
20888.0	23.655571200303754
20963.0	20.06761865857792
21038.0	20.303521208900868
21113.0	21.10573565451475
21188.0	6.565018666480583
21263.0	5.751663311510057
21338.0	6.065714252174628
21413.0	10.478828607921017
21488.0	8.693408477482219
21563.0	9.305420783978228
21638.0	11.929734314718035
21713.0	7.189235985859606
21788.0	0.3118948119457752
21863.0	0.5458089668615984
21938.0	0.4942553652720572
22013.0	1.2688967191083356
22088.0	8.523206751054852
22163.0	6.570968036251939
22238.0	6.280776428283125
22313.0	4.683957273139518
22388.0	0.8732136363024123
22463.0	0.9014721622003675
22538.0	8.434697317647611
22613.0	15.407291529108216
22688.0	16.98234129706211
22763.0	15.297667194481145
22838.0	20.09094656224654
22913.0	12.633800498034615
22988.0	11.030886990697454
23063.0	13.961450785436522
23138.0	18.41905778607088
23213.0	22.025381791964346
23288.0	21.241753004038834
23363.0	21.399942785917162
23438.0	23.46829490567757
23513.0	25.440544585526
23588.0	21.017061235286338
23663.0	20.856104991797515
23738.0	22.996724870674853
23813.0	23.824086808676537
23888.0	25.288380276811814
23963.0	22.94245546048204
24038.0	26.999456691746655
24113.0	31.201856262884295
24188.0	23.96645933966825
24263.0	24.27343473077047
24338.0	22.093211103275852
24413.0	24.732097768906243
24488.0	15.465600867635393
24563.0	14.916055444578294
24638.0	15.551524202318252
24713.0	23.606580160912603
24788.0	21.3136563189548
24863.0	18.50503996535024
24938.0	19.882728242310616
25013.0	28.022979654542752
25088.0	22.82475158885629
25163.0	22.108002132215425
25238.0	21.76726632968856
25313.0	28.214523903355868
25388.0	32.806314109426395
25463.0	30.93782191129902
25538.0	31.454637745837832
25613.0	38.590639194890514
25688.0	40.42488591309235
25763.0	38.9582861364196
25838.0	42.092650239477784
25913.0	49.67636638589035
25988.0	56.7869162586186
26063.0	58.53479491330623
26138.0	57.97067421941337
26213.0	58.38929819162609
26288.0	57.90436237656431
26363.0	53.91610904796947
26438.0	55.08616758108874
26513.0	57.08337434786888
26588.0	57.766554856216786
26663.0	57.437257643683964
26738.0	57.316677359701096
26813.0	57.65558880525199
26888.0	58.328156790512125
26963.0	58.388548279659055
27038.0	58.59719423070097
27113.0	58.735325109363195
27188.0	58.85018208231495
27263.0	58.26430486763029
27338.0	58.01531113444666
27413.0	58.356868139580584
27488.0	58.55012513904338
27563.0	50.048362581180044
27638.0	50.3592948002678
27713.0	50.08398733305796
27788.0	54.2134590655808
27863.0	56.41684084801433
27938.0	56.59003770965146
28013.0	57.16764520863913
28088.0	57.97959321575782
28163.0	57.189531912140524
28238.0	49.60333678582426
28313.0	55.540500591249504
28388.0	57.792789350613624
28463.0	59.79964742423819
28538.0	59.63039182282794
28613.0	59.66829698819549
28688.0	59.927116733604
28763.0	59.890689144217454
28838.0	59.580882352941174
28913.0	59.42484662576687
28988.0	59.86292962356792
29063.0	59.998339192293855
29138.0	59.99844902460881
29213.0	59.99943166748759
29288.0	60.0
29363.0	59.99712739981807
29438.0	60.0
29513.0	59.99754178957719
29588.0	59.99863939407683
29663.0	59.99914795722745
29738.0	59.997601870540976
29813.0	60.0
29877.0	60.0
