#Position (bp)	Coverage
38.0	106.68
113.0	0.06666666666666667
188.0	0.0
263.0	0.0
338.0	16368.52
413.0	26488.093333333334
488.0	31816.56
563.0	33478.28
638.0	25206.96
713.0	21958.386666666665
788.0	4601.266666666666
863.0	3944.786666666667
938.0	5127.52
1013.0	6981.48
1088.0	4393.973333333333
1163.0	5505.28
1238.0	4681.8133333333335
1313.0	3397.9066666666668
1388.0	0.0
1463.0	0.0
1538.0	0.05333333333333334
1613.0	22063.44
1688.0	19328.146666666667
1763.0	22350.586666666666
1838.0	23088.013333333332
1913.0	23803.666666666668
1988.0	1869.56
2063.0	866.2533333333333
2138.0	664.28
2213.0	670.64
2288.0	73.4
2363.0	47.48
2438.0	43.76
2513.0	158.01333333333332
2588.0	180.8
2663.0	177.38666666666666
2738.0	163.82666666666665
2813.0	173.94666666666666
2888.0	261.2266666666667
2963.0	162.64
3038.0	143.30666666666667
3113.0	180.01333333333332
3188.0	3017.1466666666665
3263.0	2988.9866666666667
3338.0	3571.84
3413.0	2871.4533333333334
3488.0	3041.653333333333
3563.0	0.6
3638.0	0.0
3713.0	0.0
3788.0	4263.96
3863.0	3408.84
3938.0	4980.626666666667
4013.0	4367.293333333333
4088.0	7402.173333333333
4163.0	5450.426666666666
4238.0	3541.28
4313.0	3567.1866666666665
4388.0	2593.346666666667
4463.0	0.6266666666666667
4538.0	0.0
4613.0	0.0
4688.0	0.0
4763.0	0.0
4838.0	0.0
4913.0	0.013333333333333334
4988.0	5.293333333333333
5063.0	3.466666666666667
5138.0	6.226666666666667
5213.0	6.68
5288.0	1331.6533333333334
5363.0	1523.6
5438.0	1611.16
5513.0	1481.0266666666666
5588.0	1471.4266666666667
5663.0	79.30666666666667
5738.0	0.0
5813.0	0.0
5888.0	0.0
5963.0	0.0
6038.0	0.0
6113.0	0.0
6188.0	0.0
6263.0	0.0
6338.0	0.0
6413.0	0.0
6488.0	0.0
6563.0	0.0
6638.0	0.0
6713.0	0.0
6788.0	0.0
6863.0	0.0
6938.0	0.0
7013.0	0.0
7088.0	0.0
7163.0	0.0
7238.0	0.0
7313.0	360.46666666666664
7388.0	806.6266666666667
7463.0	902.8266666666667
7538.0	847.6
7613.0	818.16
7688.0	670.7733333333333
7763.0	376.8666666666667
7838.0	329.14666666666665
7913.0	246.97333333333333
7988.0	321.4533333333333
8063.0	0.0
8138.0	0.0
8213.0	0.0
8288.0	27.6
8363.0	26.30666666666667
8438.0	24.733333333333334
8513.0	28.84
8588.0	22.026666666666667
8663.0	13.746666666666666
8738.0	0.0
8813.0	0.0
8888.0	0.0
8963.0	0.0
9038.0	0.0
9113.0	0.0
9188.0	14.226666666666667
9263.0	103.37333333333333
9338.0	90.61333333333333
9413.0	118.46666666666667
9488.0	3983.1466666666665
9563.0	7367.106666666667
9638.0	7985.36
9713.0	6502.386666666666
9788.0	7343.493333333333
9863.0	1949.3733333333332
9938.0	13.613333333333333
10013.0	17.626666666666665
10088.0	5300.16
10163.0	9781.746666666666
10238.0	8808.12
10313.0	10315.973333333333
10388.0	9946.826666666666
10463.0	2774.5066666666667
10538.0	224.97333333333333
10613.0	209.62666666666667
10688.0	187.74666666666667
10763.0	81.22666666666667
10838.0	0.0
10913.0	0.13333333333333333
10988.0	0.3466666666666667
11063.0	0.0
11138.0	0.0
11213.0	0.16
11288.0	0.32
11363.0	0.0
11438.0	0.0
11513.0	0.0
11588.0	0.0
11663.0	0.0
11738.0	0.0
11813.0	0.0
11888.0	36651.613333333335
11963.0	45651.86666666667
12038.0	51338.10666666667
12113.0	51623.81333333333
12188.0	50161.32
12263.0	13439.493333333334
12338.0	6041.826666666667
12413.0	7111.066666666667
12488.0	8417.96
12563.0	6177.28
12638.0	6225.546666666667
12713.0	14122.573333333334
12788.0	24951.04
12863.0	22637.81333333333
12938.0	21320.68
13013.0	78495.78666666667
13088.0	89998.12
13163.0	133956.62666666668
13238.0	105829.56
13313.0	97430.2
13388.0	48675.46666666667
13463.0	506.8933333333333
13538.0	660.4933333333333
13613.0	486.62666666666667
13688.0	213.13333333333333
13763.0	0.0
13838.0	0.0
13913.0	216.88
13988.0	1338.0666666666666
14063.0	1247.3333333333333
14138.0	1245.7466666666667
14213.0	1745.52
14288.0	1484.8133333333333
14363.0	1201.68
14438.0	792.5466666666666
14513.0	1030.6
14588.0	3267.133333333333
14663.0	2092.7733333333335
14738.0	2548.2533333333336
14813.0	2238.4666666666667
14888.0	2124.44
14963.0	0.0
15038.0	0.0
15113.0	0.0
15188.0	11669.933333333332
15263.0	15315.293333333333
15338.0	18015.946666666667
15413.0	18013.173333333332
15488.0	20343.48
15563.0	11274.506666666666
15638.0	9308.013333333334
15713.0	9542.906666666666
15788.0	7419.8133333333335
15863.0	14355.573333333334
15938.0	8311.733333333334
16013.0	9201.146666666667
16088.0	7680.586666666667
16163.0	7725.546666666667
16238.0	7.826666666666667
16313.0	0.0
16388.0	0.013333333333333334
16463.0	9.706666666666667
16538.0	8.173333333333334
16613.0	11.88
16688.0	9.306666666666667
16763.0	8.4
16838.0	4.746666666666667
16913.0	0.0
16988.0	0.0
17063.0	9846.066666666668
17138.0	32759.68
17213.0	31398.48
17288.0	34970.253333333334
17363.0	20833.653333333332
17438.0	25117.946666666667
17513.0	572.7066666666667
17588.0	559.2
17663.0	861.6933333333334
17738.0	3037.8
17813.0	2147.2266666666665
17888.0	2699.693333333333
17963.0	2184.12
18038.0	1563.5466666666666
18113.0	0.0
18188.0	0.0
18263.0	1381.92
18338.0	2880.733333333333
18413.0	3498.5733333333333
18488.0	3647.0266666666666
18563.0	2864.826666666667
18638.0	41315.54666666667
18713.0	41545.386666666665
18788.0	44821.94666666666
18863.0	43159.04
18938.0	36524.2
19013.0	1536.5333333333333
19088.0	1946.4266666666667
19163.0	2339.0266666666666
19238.0	4122.453333333333
19313.0	463.7733333333333
19388.0	0.05333333333333334
19463.0	0.0
19538.0	290.5733333333333
19613.0	1670.3466666666666
19688.0	138.33333333333334
19763.0	133.25333333333333
19838.0	128.12
19913.0	105.56
19988.0	0.0
20063.0	0.0
20138.0	0.0
20213.0	1.68
20288.0	2.7466666666666666
20363.0	4.76
20438.0	2.4
20513.0	2.1466666666666665
20588.0	0.13333333333333333
20663.0	0.0
20738.0	0.0
20813.0	478.3066666666667
20888.0	636.8533333333334
20963.0	613.1333333333333
21038.0	736.5866666666667
21113.0	680.4666666666667
21188.0	38.0
21263.0	0.0
21338.0	0.0
21413.0	2.506666666666667
21488.0	2.8533333333333335
21563.0	2.8533333333333335
21638.0	4.333333333333333
21713.0	2.0933333333333333
21788.0	0.0
21863.0	0.4666666666666667
21938.0	27.773333333333333
22013.0	1987.6933333333334
22088.0	2044.7733333333333
22163.0	1783.72
22238.0	1811.4266666666667
22313.0	1362.0
22388.0	0.0
22463.0	0.0
22538.0	806.5066666666667
22613.0	949.8133333333334
22688.0	1270.48
22763.0	1162.5866666666666
22838.0	1296.3733333333332
22913.0	307.36
22988.0	0.0
23063.0	0.0
23138.0	13803.453333333333
23213.0	19155.6
23288.0	23085.106666666667
23363.0	21297.946666666667
23438.0	18714.626666666667
23513.0	13352.72
23588.0	118.69333333333333
23663.0	120.57333333333334
23738.0	129.68
23813.0	68.13333333333334
23888.0	0.0
23963.0	0.0
24038.0	0.0
24113.0	125.86666666666666
24188.0	232.04
24263.0	246.38666666666666
24338.0	191.65333333333334
24413.0	484.44
24488.0	335.4
24563.0	416.14666666666665
24638.0	333.9866666666667
24713.0	423.73333333333335
24788.0	104.25333333333333
24863.0	0.0
24938.0	0.0
25013.0	920.7733333333333
25088.0	938.2
25163.0	993.32
25238.0	1017.3333333333334
25313.0	4680.2266666666665
25388.0	4670.426666666666
25463.0	4878.16
25538.0	4474.093333333333
25613.0	5612.573333333334
25688.0	1195.1866666666667
25763.0	896.1733333333333
25838.0	985.8
25913.0	816.44
25988.0	502.06666666666666
26063.0	254.6
26138.0	183.13333333333333
26213.0	206.54666666666665
26288.0	123.73333333333333
26363.0	0.0
26438.0	0.0
26513.0	3197.5733333333333
26588.0	15606.266666666666
26663.0	15237.773333333333
26738.0	16459.84
26813.0	17178.093333333334
26888.0	17021.24
26963.0	1709.2266666666667
27038.0	1697.9466666666667
27113.0	1719.0533333333333
27188.0	11130.96
27263.0	9194.093333333334
27338.0	8679.106666666667
27413.0	9115.173333333334
27488.0	8344.066666666668
27563.0	15.413333333333334
27638.0	0.0
27713.0	0.48
27788.0	7.16
27863.0	16.04
27938.0	21.266666666666666
28013.0	23.373333333333335
28088.0	23277.6
28163.0	40062.50666666667
28238.0	42091.53333333333
28313.0	44549.613333333335
28388.0	51779.73333333333
28463.0	41304.82666666667
28538.0	24492.253333333334
28613.0	28497.346666666668
28688.0	24223.04
28763.0	15476.56
28838.0	140.56
28913.0	114.62666666666667
28988.0	19111.306666666667
29063.0	49933.16
29138.0	47919.73333333333
29213.0	47124.693333333336
29288.0	47245.346666666665
29363.0	30793.013333333332
29438.0	6.546666666666667
29513.0	9.746666666666666
29588.0	9.0
29663.0	8.173333333333334
29738.0	0.0
29813.0	0.0
29877.0	0.0
