#Insert size (bp)	insert size
29.0	1.0
69.0	1.0
73.0	1.0
83.0	1.0
85.0	2.0
88.0	1.0
91.0	1.0
92.0	1.0
93.0	2.0
94.0	1.0
99.0	2.0
100.0	3.0
102.0	1.0
103.0	1.0
104.0	2.0
105.0	1.0
106.0	2.0
107.0	3.0
108.0	3.0
110.0	2.0
113.0	1.0
114.0	1.0
115.0	1.0
116.0	3.0
118.0	2.0
119.0	4.0
120.0	3.0
121.0	3.0
123.0	5.0
124.0	2.0
125.0	6.0
126.0	2.0
127.0	3.0
128.0	1.0
129.0	1.0
130.0	1.0
131.0	2.0
132.0	12.0
133.0	2.0
134.0	2.0
135.0	3.0
136.0	1.0
137.0	1.0
138.0	4.0
140.0	2.0
141.0	1.0
142.0	1.0
143.0	1.0
144.0	1.0
145.0	2.0
146.0	1.0
147.0	2.0
148.0	2.0
149.0	1.0
150.0	2.0
152.0	7.0
153.0	3.0
154.0	1.0
155.0	3.0
156.0	1.0
157.0	1.0
158.0	4.0
159.0	3.0
160.0	6.0
161.0	2.0
162.0	2.0
163.0	1.0
164.0	4.0
165.0	1.0
166.0	4.0
167.0	2.0
168.0	3.0
169.0	3.0
170.0	4.0
171.0	1.0
172.0	2.0
173.0	1.0
174.0	6.0
175.0	5.0
176.0	3.0
177.0	4.0
178.0	2.0
179.0	6.0
180.0	2.0
181.0	3.0
182.0	2.0
183.0	5.0
186.0	2.0
187.0	4.0
188.0	2.0
189.0	1.0
190.0	6.0
191.0	7.0
192.0	15.0
193.0	11.0
194.0	2.0
195.0	1.0
196.0	4.0
197.0	1.0
198.0	3.0
199.0	3.0
200.0	1.0
201.0	2.0
202.0	5.0
203.0	3.0
204.0	3.0
205.0	7.0
206.0	8.0
207.0	9.0
208.0	3.0
209.0	6.0
210.0	15.0
211.0	3.0
212.0	3.0
213.0	2.0
214.0	6.0
215.0	3.0
216.0	5.0
217.0	1.0
218.0	5.0
219.0	4.0
220.0	3.0
221.0	3.0
222.0	6.0
223.0	1.0
224.0	5.0
225.0	3.0
226.0	4.0
227.0	2.0
229.0	2.0
230.0	6.0
231.0	5.0
232.0	7.0
233.0	3.0
234.0	4.0
235.0	3.0
236.0	5.0
237.0	5.0
238.0	5.0
239.0	3.0
240.0	4.0
241.0	5.0
242.0	4.0
243.0	3.0
244.0	2.0
245.0	2.0
246.0	1.0
247.0	2.0
248.0	3.0
249.0	4.0
250.0	6.0
251.0	4.0
252.0	4.0
253.0	5.0
254.0	3.0
255.0	2.0
256.0	11.0
257.0	6.0
258.0	4.0
259.0	3.0
260.0	5.0
261.0	8.0
262.0	3.0
263.0	3.0
264.0	3.0
265.0	1.0
266.0	2.0
267.0	3.0
268.0	4.0
269.0	2.0
270.0	2.0
271.0	3.0
273.0	2.0
274.0	2.0
275.0	1.0
276.0	2.0
277.0	2.0
278.0	4.0
279.0	5.0
280.0	9.0
281.0	3.0
282.0	4.0
283.0	4.0
284.0	4.0
285.0	2.0
286.0	5.0
287.0	9.0
288.0	5.0
289.0	3.0
290.0	5.0
291.0	6.0
292.0	3.0
293.0	2.0
294.0	7.0
295.0	4.0
296.0	3.0
297.0	7.0
298.0	5.0
299.0	6.0
300.0	2.0
301.0	2.0
302.0	4.0
303.0	4.0
304.0	6.0
305.0	5.0
306.0	5.0
307.0	2.0
308.0	6.0
309.0	5.0
310.0	5.0
311.0	3.0
312.0	5.0
313.0	11.0
314.0	12.0
315.0	8.0
316.0	11.0
317.0	6.0
318.0	11.0
319.0	10.0
320.0	8.0
321.0	7.0
322.0	7.0
323.0	5.0
324.0	7.0
325.0	10.0
326.0	11.0
327.0	8.0
328.0	10.0
329.0	17.0
330.0	9.0
331.0	10.0
332.0	8.0
333.0	14.0
334.0	13.0
335.0	20.0
336.0	28.0
337.0	19.0
338.0	17.0
339.0	20.0
340.0	23.0
341.0	15.0
342.0	31.0
343.0	27.0
344.0	19.0
345.0	20.0
346.0	33.0
347.0	31.0
348.0	25.0
349.0	36.0
350.0	37.0
351.0	30.0
352.0	29.0
353.0	41.0
354.0	43.0
355.0	39.0
356.0	45.0
357.0	41.0
358.0	44.0
359.0	50.0
360.0	38.0
361.0	49.0
362.0	48.0
363.0	50.0
364.0	55.0
365.0	52.0
366.0	48.0
367.0	56.0
368.0	51.0
369.0	53.0
370.0	73.0
371.0	71.0
372.0	82.0
373.0	94.0
374.0	104.0
375.0	97.0
376.0	120.0
377.0	124.0
378.0	133.0
379.0	140.0
380.0	134.0
381.0	123.0
382.0	116.0
383.0	92.0
384.0	91.0
385.0	92.0
386.0	98.0
387.0	87.0
388.0	79.0
389.0	85.0
390.0	96.0
391.0	84.0
392.0	69.0
393.0	58.0
394.0	57.0
395.0	47.0
396.0	44.0
397.0	40.0
398.0	44.0
399.0	44.0
400.0	44.0
401.0	38.0
402.0	35.0
403.0	41.0
404.0	38.0
405.0	38.0
406.0	24.0
407.0	27.0
408.0	27.0
409.0	27.0
410.0	20.0
411.0	19.0
412.0	19.0
413.0	14.0
414.0	10.0
415.0	11.0
416.0	9.0
417.0	10.0
418.0	4.0
419.0	4.0
420.0	2.0
423.0	1.0
424.0	3.0
431.0	2.0
440.0	1.0
441.0	1.0
443.0	2.0
445.0	2.0
446.0	2.0
447.0	1.0
449.0	1.0
450.0	2.0
451.0	2.0
452.0	3.0
453.0	1.0
454.0	2.0
456.0	1.0
459.0	1.0
464.0	1.0
465.0	1.0
467.0	1.0
468.0	1.0
470.0	2.0
471.0	1.0
474.0	1.0
475.0	1.0
477.0	1.0
481.0	1.0
482.0	1.0
485.0	1.0
486.0	1.0
488.0	1.0
489.0	1.0
490.0	1.0
491.0	1.0
493.0	1.0
497.0	2.0
498.0	1.0
504.0	2.0
505.0	2.0
508.0	2.0
511.0	1.0
514.0	1.0
517.0	2.0
522.0	2.0
524.0	3.0
525.0	1.0
527.0	1.0
532.0	2.0
537.0	2.0
538.0	1.0
542.0	1.0
545.0	1.0
547.0	1.0
551.0	1.0
553.0	1.0
557.0	4.0
559.0	1.0
564.0	1.0
569.0	1.0
572.0	1.0
575.0	1.0
576.0	1.0
578.0	1.0
579.0	1.0
580.0	1.0
581.0	1.0
582.0	1.0
584.0	1.0
589.0	1.0
591.0	1.0
592.0	1.0
593.0	1.0
596.0	1.0
597.0	2.0
598.0	3.0
599.0	1.0
601.0	6.0
602.0	1.0
603.0	3.0
604.0	1.0
605.0	1.0
607.0	2.0
608.0	2.0
609.0	2.0
610.0	2.0
611.0	2.0
612.0	2.0
613.0	5.0
615.0	3.0
616.0	3.0
617.0	2.0
618.0	1.0
620.0	1.0
622.0	1.0
623.0	5.0
624.0	2.0
625.0	1.0
626.0	2.0
627.0	1.0
628.0	2.0
629.0	1.0
630.0	4.0
632.0	2.0
633.0	2.0
634.0	3.0
635.0	1.0
636.0	1.0
637.0	2.0
639.0	2.0
640.0	4.0
641.0	2.0
642.0	2.0
643.0	2.0
645.0	3.0
647.0	1.0
648.0	1.0
649.0	3.0
650.0	1.0
651.0	4.0
652.0	2.0
653.0	4.0
654.0	2.0
656.0	2.0
657.0	3.0
658.0	1.0
659.0	3.0
660.0	2.0
662.0	2.0
663.0	1.0
664.0	3.0
665.0	4.0
666.0	1.0
667.0	3.0
668.0	5.0
669.0	3.0
670.0	1.0
671.0	1.0
672.0	2.0
673.0	1.0
674.0	3.0
675.0	2.0
676.0	4.0
677.0	3.0
678.0	5.0
679.0	2.0
680.0	2.0
681.0	7.0
682.0	4.0
683.0	4.0
684.0	1.0
685.0	2.0
687.0	4.0
688.0	4.0
689.0	2.0
690.0	3.0
691.0	4.0
692.0	4.0
693.0	2.0
694.0	6.0
695.0	7.0
696.0	4.0
697.0	6.0
698.0	1.0
699.0	2.0
700.0	3.0
701.0	4.0
702.0	2.0
703.0	2.0
704.0	5.0
705.0	4.0
706.0	4.0
707.0	1.0
708.0	3.0
709.0	2.0
710.0	2.0
711.0	2.0
712.0	1.0
713.0	3.0
714.0	4.0
715.0	6.0
716.0	2.0
718.0	5.0
719.0	3.0
720.0	2.0
721.0	2.0
722.0	1.0
723.0	1.0
724.0	2.0
725.0	1.0
726.0	4.0
727.0	1.0
728.0	3.0
734.0	1.0
735.0	3.0
736.0	1.0
742.0	1.0
743.0	1.0
768.0	1.0
778.0	4.0
779.0	2.0
781.0	1.0
785.0	1.0
787.0	4.0
789.0	1.0
791.0	3.0
802.0	1.0
805.0	1.0
807.0	1.0
809.0	1.0
815.0	1.0
818.0	1.0
819.0	3.0
824.0	1.0
825.0	8.0
830.0	1.0
831.0	1.0
833.0	1.0
836.0	1.0
837.0	1.0
838.0	1.0
841.0	1.0
842.0	1.0
844.0	1.0
849.0	1.0
852.0	1.0
855.0	1.0
858.0	3.0
864.0	1.0
865.0	2.0
866.0	1.0
868.0	1.0
871.0	3.0
873.0	1.0
874.0	3.0
875.0	1.0
876.0	1.0
877.0	1.0
878.0	1.0
880.0	1.0
882.0	2.0
896.0	1.0
903.0	1.0
904.0	1.0
905.0	1.0
908.0	1.0
912.0	1.0
918.0	1.0
932.0	1.0
936.0	1.0
937.0	2.0
942.0	1.0
944.0	1.0
945.0	1.0
946.0	1.0
947.0	1.0
950.0	1.0
953.0	1.0
957.0	1.0
958.0	1.0
959.0	1.0
963.0	1.0
964.0	1.0
966.0	1.0
967.0	4.0
973.0	4.0
974.0	1.0
977.0	4.0
979.0	2.0
982.0	1.0
983.0	1.0
984.0	1.0
986.0	1.0
989.0	1.0
992.0	2.0
997.0	1.0
998.0	2.0
999.0	1.0
1003.0	1.0
1009.0	1.0
1010.0	1.0
1011.0	1.0
1012.0	1.0
1013.0	2.0
1015.0	1.0
1016.0	8.0
1017.0	1.0
1018.0	1.0
1019.0	1.0
1020.0	2.0
1024.0	2.0
1027.0	1.0
1029.0	1.0
1032.0	1.0
1034.0	2.0
1036.0	1.0
1039.0	1.0
1040.0	1.0
1041.0	1.0
1043.0	1.0
1046.0	2.0
1049.0	1.0
1064.0	2.0
1137.0	1.0
1138.0	1.0
1147.0	1.0
1156.0	1.0
1169.0	1.0
1176.0	1.0
1177.0	1.0
1184.0	1.0
1188.0	1.0
1189.0	1.0
1202.0	2.0
1233.0	1.0
1235.0	1.0
1238.0	1.0
1239.0	1.0
1241.0	1.0
1245.0	1.0
1247.0	1.0
1252.0	1.0
1254.0	2.0
1255.0	1.0
1262.0	1.0
1263.0	1.0
1265.0	1.0
1268.0	1.0
1271.0	1.0
1285.0	1.0
1287.0	1.0
1291.0	1.0
1316.0	1.0
1342.0	1.0
1345.0	1.0
1348.0	1.0
1350.0	1.0
1357.0	1.0
1374.0	1.0
1381.0	1.0
1391.0	4.0
1403.0	3.0
1406.0	1.0
1428.0	1.0
1435.0	1.0
1436.0	3.0
1454.0	1.0
1457.0	1.0
1458.0	1.0
1472.0	1.0
1475.0	1.0
1478.0	1.0
1488.0	1.0
1491.0	1.0
1498.0	1.0
1502.0	5.0
1505.0	1.0
1509.0	1.0
1511.0	1.0
1512.0	1.0
1521.0	2.0
1523.0	1.0
1532.0	1.0
1539.0	1.0
1540.0	1.0
1552.0	1.0
1556.0	1.0
1557.0	4.0
1558.0	1.0
1575.0	1.0
1576.0	1.0
1579.0	1.0
1585.0	1.0
1589.0	1.0
1593.0	1.0
1594.0	1.0
1598.0	1.0
1599.0	1.0
1609.0	1.0
1611.0	9.0
1612.0	3.0
1615.0	1.0
1617.0	2.0
1622.0	1.0
1625.0	1.0
1626.0	1.0
1631.0	1.0
1638.0	1.0
1643.0	1.0
1646.0	1.0
1656.0	1.0
1657.0	1.0
1658.0	1.0
1659.0	1.0
1660.0	1.0
1664.0	1.0
1667.0	1.0
1694.0	1.0
1731.0	1.0
1736.0	1.0
1746.0	1.0
1768.0	1.0
1771.0	1.0
1779.0	1.0
1780.0	1.0
1791.0	1.0
1795.0	1.0
1798.0	1.0
1808.0	1.0
1817.0	1.0
1825.0	1.0
1828.0	1.0
1830.0	1.0
1840.0	1.0
1857.0	1.0
1874.0	1.0
1875.0	2.0
1884.0	1.0
1885.0	1.0
1899.0	1.0
1910.0	1.0
1915.0	1.0
1932.0	1.0
1941.0	3.0
1953.0	1.0
1960.0	1.0
1965.0	1.0
1990.0	1.0
1992.0	1.0
2009.0	1.0
2017.0	1.0
2018.0	1.0
2034.0	1.0
2044.0	1.0
2047.0	1.0
2056.0	1.0
2058.0	1.0
2059.0	1.0
2060.0	1.0
2062.0	1.0
2064.0	1.0
2067.0	1.0
2069.0	1.0
2077.0	1.0
2082.0	1.0
2085.0	1.0
2088.0	1.0
2089.0	3.0
2097.0	1.0
2103.0	1.0
2116.0	2.0
2118.0	2.0
2119.0	1.0
2128.0	1.0
2131.0	1.0
2133.0	1.0
2137.0	1.0
2141.0	1.0
2143.0	1.0
2147.0	1.0
2149.0	1.0
2152.0	1.0
2159.0	1.0
2161.0	1.0
2165.0	1.0
2167.0	1.0
2168.0	1.0
2173.0	1.0
2178.0	2.0
2181.0	1.0
2183.0	6.0
2184.0	1.0
2186.0	1.0
2202.0	1.0
2205.0	1.0
2210.0	1.0
2216.0	1.0
2219.0	1.0
2225.0	1.0
2227.0	1.0
2228.0	2.0
2230.0	1.0
2235.0	1.0
2237.0	1.0
2246.0	1.0
2247.0	6.0
2251.0	2.0
2254.0	1.0
2256.0	1.0
2261.0	1.0
2265.0	1.0
2267.0	1.0
2272.0	1.0
2288.0	1.0
2289.0	1.0
2317.0	1.0
2339.0	1.0
2342.0	2.0
2364.0	1.0
2369.0	1.0
2375.0	1.0
2385.0	1.0
2395.0	1.0
2396.0	1.0
2408.0	1.0
2419.0	1.0
2420.0	1.0
2423.0	2.0
2434.0	1.0
2445.0	1.0
2446.0	1.0
2455.0	1.0
2504.0	1.0
2506.0	2.0
2516.0	1.0
2521.0	1.0
2526.0	1.0
2530.0	1.0
2545.0	1.0
2551.0	1.0
2554.0	1.0
2568.0	1.0
2575.0	1.0
2598.0	2.0
2615.0	1.0
2633.0	1.0
2642.0	1.0
2649.0	2.0
2653.0	1.0
2663.0	1.0
2670.0	1.0
2677.0	1.0
2678.0	1.0
2679.0	1.0
2682.0	1.0
2685.0	1.0
2690.0	1.0
2699.0	1.0
2706.0	1.0
2722.0	1.0
2725.0	1.0
2729.0	1.0
2731.0	1.0
2736.0	1.0
2738.0	1.0
2742.0	1.0
2743.0	1.0
2744.0	1.0
2752.0	1.0
2787.0	1.0
2789.0	2.0
2806.0	1.0
2812.0	1.0
2814.0	1.0
2820.0	1.0
2823.0	1.0
2825.0	1.0
2829.0	1.0
2834.0	1.0
2835.0	1.0
2836.0	1.0
2845.0	2.0
2850.0	1.0
2856.0	1.0
2866.0	1.0
2872.0	1.0
2875.0	1.0
2888.0	1.0
2896.0	1.0
2907.0	1.0
2908.0	1.0
2915.0	1.0
2916.0	1.0
2935.0	1.0
2945.0	1.0
2958.0	1.0
2967.0	1.0
2969.0	1.0
2993.0	1.0
3004.0	1.0
3005.0	1.0
3011.0	1.0
3015.0	1.0
3021.0	1.0
3024.0	1.0
3040.0	1.0
3060.0	1.0
3064.0	1.0
3072.0	1.0
3077.0	1.0
3084.0	1.0
3101.0	1.0
3104.0	1.0
3106.0	1.0
3138.0	1.0
3141.0	1.0
3145.0	1.0
3148.0	1.0
3158.0	1.0
3179.0	1.0
3205.0	1.0
3216.0	1.0
3243.0	1.0
3247.0	5.0
3249.0	1.0
3285.0	1.0
3286.0	1.0
3296.0	1.0
3299.0	1.0
3311.0	1.0
3312.0	1.0
3314.0	1.0
3318.0	1.0
3319.0	1.0
3325.0	1.0
3334.0	1.0
3338.0	1.0
3346.0	1.0
3362.0	1.0
3367.0	2.0
3389.0	1.0
3390.0	1.0
3391.0	1.0
3396.0	1.0
3407.0	1.0
3415.0	1.0
3422.0	1.0
3439.0	1.0
3447.0	1.0
3455.0	1.0
3480.0	1.0
3491.0	1.0
3517.0	1.0
3534.0	1.0
3563.0	1.0
3583.0	1.0
3597.0	1.0
3604.0	1.0
3610.0	1.0
3616.0	1.0
3631.0	1.0
3663.0	1.0
3700.0	1.0
3706.0	2.0
3709.0	1.0
3716.0	1.0
3738.0	1.0
3741.0	1.0
3746.0	1.0
3747.0	1.0
3748.0	1.0
3749.0	3.0
3750.0	1.0
3781.0	1.0
3793.0	1.0
3796.0	1.0
3811.0	1.0
3815.0	1.0
3819.0	1.0
3826.0	1.0
3829.0	1.0
3842.0	1.0
3846.0	1.0
3857.0	1.0
3890.0	1.0
3892.0	2.0
3904.0	1.0
3906.0	1.0
3925.0	1.0
3937.0	1.0
3939.0	1.0
3940.0	1.0
3954.0	1.0
3964.0	1.0
3965.0	2.0
3972.0	1.0
3974.0	1.0
3990.0	1.0
4001.0	1.0
4008.0	1.0
4015.0	1.0
4026.0	1.0
4028.0	1.0
4032.0	1.0
4039.0	2.0
4047.0	3.0
4057.0	1.0
4085.0	1.0
4099.0	1.0
4115.0	1.0
4127.0	1.0
4130.0	1.0
4134.0	2.0
4214.0	1.0
4225.0	1.0
4265.0	1.0
4266.0	1.0
4278.0	1.0
4279.0	1.0
4285.0	1.0
4286.0	1.0
4297.0	1.0
4299.0	1.0
4304.0	1.0
4351.0	1.0
4365.0	2.0
4371.0	1.0
4376.0	1.0
4381.0	1.0
4388.0	1.0
4400.0	1.0
4408.0	1.0
4412.0	1.0
4424.0	1.0
4427.0	1.0
4430.0	1.0
4431.0	1.0
4442.0	1.0
4453.0	1.0
4462.0	2.0
4470.0	1.0
4485.0	1.0
4497.0	1.0
4499.0	1.0
4501.0	2.0
4503.0	1.0
4514.0	1.0
4526.0	1.0
4529.0	1.0
4545.0	1.0
4549.0	1.0
4564.0	2.0
4580.0	1.0
4600.0	1.0
4601.0	1.0
4610.0	1.0
4617.0	1.0
4620.0	1.0
4621.0	1.0
4635.0	1.0
4643.0	1.0
4647.0	1.0
4650.0	1.0
4675.0	1.0
4687.0	1.0
4697.0	1.0
4707.0	1.0
4715.0	5.0
4721.0	1.0
4735.0	1.0
4754.0	1.0
4769.0	1.0
4772.0	1.0
4776.0	1.0
4790.0	1.0
4818.0	1.0
4828.0	1.0
4833.0	1.0
4841.0	1.0
4845.0	1.0
4847.0	2.0
4861.0	1.0
4864.0	1.0
4880.0	1.0
4887.0	1.0
4898.0	1.0
4906.0	1.0
4911.0	1.0
4951.0	1.0
4958.0	1.0
4980.0	1.0
5002.0	1.0
5006.0	1.0
5008.0	1.0
5021.0	1.0
5024.0	1.0
5061.0	1.0
5063.0	1.0
5070.0	1.0
5076.0	1.0
5096.0	1.0
5097.0	2.0
5110.0	1.0
5117.0	1.0
5121.0	1.0
5122.0	1.0
5123.0	1.0
5135.0	1.0
5148.0	1.0
5150.0	1.0
5151.0	1.0
5168.0	1.0
5169.0	1.0
5170.0	2.0
5188.0	2.0
5191.0	1.0
5204.0	1.0
5220.0	1.0
5223.0	1.0
5231.0	1.0
5232.0	1.0
5233.0	1.0
5234.0	1.0
5237.0	1.0
5240.0	1.0
5249.0	1.0
5251.0	1.0
5253.0	1.0
5287.0	1.0
5291.0	1.0
5299.0	1.0
5301.0	1.0
5302.0	1.0
5308.0	1.0
5337.0	1.0
5341.0	1.0
5349.0	1.0
5357.0	1.0
5362.0	1.0
5374.0	2.0
5401.0	2.0
5408.0	1.0
5419.0	1.0
5425.0	1.0
5431.0	1.0
5443.0	1.0
5452.0	2.0
5454.0	1.0
5461.0	1.0
5462.0	1.0
5463.0	1.0
5475.0	1.0
5523.0	1.0
5529.0	1.0
5531.0	1.0
5543.0	1.0
5562.0	1.0
5564.0	1.0
5577.0	1.0
5589.0	1.0
5590.0	1.0
5621.0	1.0
5628.0	1.0
5639.0	1.0
5651.0	1.0
5658.0	1.0
5673.0	1.0
5680.0	1.0
5695.0	1.0
5697.0	1.0
5704.0	1.0
5709.0	1.0
5720.0	1.0
5721.0	1.0
5745.0	1.0
5747.0	1.0
5764.0	1.0
5767.0	1.0
5785.0	1.0
5791.0	1.0
5796.0	1.0
5817.0	1.0
5821.0	2.0
5843.0	1.0
5846.0	1.0
5848.0	1.0
5862.0	1.0
5875.0	1.0
5879.0	1.0
5886.0	1.0
5888.0	1.0
5896.0	1.0
5898.0	2.0
5904.0	1.0
5905.0	1.0
5920.0	1.0
5925.0	1.0
5927.0	1.0
5935.0	1.0
5940.0	1.0
5947.0	1.0
5970.0	1.0
5972.0	1.0
5996.0	1.0
6020.0	1.0
6026.0	1.0
6030.0	1.0
6033.0	1.0
6051.0	1.0
6055.0	1.0
6067.0	1.0
6069.0	1.0
6071.0	1.0
6102.0	1.0
6110.0	1.0
6118.0	1.0
6141.0	1.0
6147.0	1.0
6155.0	1.0
6202.0	1.0
6211.0	1.0
6222.0	1.0
6247.0	1.0
6253.0	1.0
6264.0	1.0
6266.0	1.0
6275.0	1.0
6276.0	1.0
6290.0	1.0
6304.0	1.0
6305.0	1.0
6325.0	1.0
6328.0	1.0
6330.0	1.0
6335.0	1.0
6340.0	1.0
6352.0	1.0
6356.0	1.0
6369.0	1.0
6371.0	1.0
6379.0	1.0
6387.0	1.0
6398.0	2.0
6399.0	1.0
6406.0	1.0
6410.0	1.0
6423.0	1.0
6444.0	2.0
6446.0	1.0
6458.0	1.0
6466.0	2.0
6476.0	1.0
6482.0	1.0
6491.0	1.0
6557.0	1.0
6562.0	1.0
6571.0	1.0
6583.0	1.0
6600.0	1.0
6607.0	1.0
6612.0	1.0
6616.0	1.0
6620.0	1.0
6677.0	1.0
6696.0	2.0
6701.0	1.0
6722.0	1.0
6725.0	1.0
6726.0	1.0
6728.0	1.0
6757.0	1.0
6758.0	1.0
6778.0	1.0
6779.0	1.0
6782.0	1.0
6789.0	1.0
6849.0	1.0
6853.0	1.0
6884.0	1.0
6915.0	1.0
6925.0	1.0
6935.0	2.0
6937.0	1.0
6941.0	1.0
6950.0	1.0
6957.0	1.0
6962.0	1.0
6964.0	1.0
6970.0	1.0
6975.0	1.0
6981.0	1.0
6982.0	1.0
6994.0	1.0
6999.0	1.0
7007.0	1.0
7009.0	1.0
7011.0	1.0
7019.0	1.0
7029.0	1.0
7032.0	1.0
7033.0	1.0
7042.0	1.0
7077.0	1.0
7087.0	1.0
7099.0	1.0
7106.0	1.0
7107.0	1.0
7116.0	1.0
7143.0	1.0
7157.0	1.0
7173.0	1.0
7198.0	1.0
7204.0	1.0
7223.0	1.0
7226.0	1.0
7229.0	1.0
7241.0	1.0
7248.0	1.0
7264.0	1.0
7316.0	1.0
7326.0	1.0
7328.0	1.0
7336.0	1.0
7337.0	1.0
7338.0	1.0
7349.0	1.0
7366.0	1.0
7389.0	1.0
7396.0	1.0
7431.0	1.0
7439.0	1.0
7459.0	1.0
7509.0	1.0
7510.0	1.0
7515.0	1.0
7518.0	1.0
7521.0	1.0
7532.0	1.0
7537.0	1.0
7543.0	1.0
7551.0	1.0
7554.0	1.0
7595.0	1.0
7602.0	1.0
7604.0	1.0
7614.0	1.0
7617.0	1.0
7644.0	1.0
7647.0	1.0
7661.0	1.0
7670.0	1.0
7671.0	1.0
7692.0	1.0
7801.0	1.0
7825.0	1.0
7835.0	1.0
7850.0	1.0
7853.0	1.0
7885.0	1.0
7890.0	1.0
7892.0	1.0
7895.0	1.0
7904.0	1.0
7913.0	1.0
7915.0	1.0
7918.0	2.0
7930.0	1.0
7935.0	1.0
7955.0	1.0
7995.0	1.0
8021.0	2.0
8029.0	1.0
8033.0	1.0
8062.0	1.0
8065.0	1.0
8074.0	1.0
8080.0	1.0
8097.0	1.0
8101.0	1.0
8105.0	1.0
8139.0	1.0
8143.0	1.0
8151.0	1.0
8152.0	1.0
8170.0	1.0
8173.0	1.0
8183.0	1.0
8188.0	1.0
8196.0	1.0
8199.0	1.0
8202.0	1.0
8208.0	1.0
8209.0	1.0
8210.0	1.0
8214.0	1.0
8225.0	1.0
8233.0	1.0
8261.0	1.0
8277.0	1.0
8280.0	1.0
8284.0	1.0
8306.0	1.0
8311.0	1.0
8336.0	1.0
8341.0	1.0
8368.0	1.0
8379.0	1.0
8392.0	1.0
8400.0	1.0
8406.0	1.0
8446.0	1.0
8470.0	1.0
8492.0	1.0
8493.0	1.0
8506.0	1.0
8514.0	1.0
8522.0	1.0
8523.0	1.0
8525.0	2.0
8532.0	1.0
8555.0	1.0
8566.0	2.0
8569.0	1.0
8576.0	1.0
8591.0	1.0
8616.0	1.0
8624.0	1.0
8657.0	2.0
8664.0	1.0
8716.0	1.0
8725.0	2.0
8727.0	1.0
8730.0	1.0
