#Insert size (bp)	insert size
55.0	1.0
60.0	2.0
63.0	2.0
66.0	2.0
69.0	1.0
70.0	2.0
71.0	1.0
73.0	2.0
75.0	1.0
76.0	1.0
77.0	1.0
78.0	1.0
79.0	6.0
80.0	2.0
81.0	1.0
83.0	3.0
84.0	3.0
85.0	2.0
86.0	1.0
87.0	1.0
88.0	2.0
90.0	1.0
91.0	1.0
92.0	3.0
93.0	3.0
94.0	1.0
95.0	5.0
96.0	2.0
97.0	1.0
98.0	2.0
100.0	4.0
102.0	1.0
103.0	1.0
104.0	3.0
105.0	1.0
106.0	2.0
108.0	1.0
109.0	3.0
110.0	11.0
111.0	2.0
112.0	8.0
113.0	2.0
114.0	7.0
115.0	5.0
116.0	4.0
117.0	8.0
119.0	8.0
121.0	1.0
122.0	1.0
123.0	9.0
124.0	3.0
125.0	2.0
126.0	1.0
127.0	2.0
128.0	1.0
129.0	3.0
130.0	1.0
131.0	2.0
132.0	3.0
133.0	1.0
134.0	2.0
135.0	1.0
136.0	3.0
137.0	4.0
138.0	1.0
139.0	3.0
140.0	4.0
141.0	4.0
142.0	4.0
143.0	1.0
144.0	3.0
145.0	3.0
146.0	6.0
147.0	3.0
148.0	3.0
149.0	8.0
150.0	1.0
151.0	1.0
152.0	2.0
153.0	2.0
154.0	1.0
155.0	4.0
157.0	2.0
158.0	5.0
159.0	2.0
160.0	2.0
161.0	3.0
162.0	1.0
163.0	6.0
165.0	12.0
166.0	8.0
167.0	2.0
168.0	3.0
169.0	2.0
170.0	2.0
171.0	4.0
172.0	8.0
173.0	2.0
175.0	10.0
176.0	1.0
177.0	3.0
178.0	2.0
179.0	2.0
180.0	2.0
181.0	3.0
182.0	3.0
183.0	1.0
184.0	4.0
186.0	2.0
187.0	1.0
188.0	1.0
189.0	5.0
190.0	10.0
191.0	3.0
192.0	15.0
193.0	22.0
194.0	1.0
195.0	4.0
196.0	5.0
197.0	4.0
198.0	3.0
200.0	2.0
201.0	1.0
202.0	3.0
203.0	10.0
204.0	4.0
205.0	8.0
207.0	4.0
208.0	4.0
209.0	5.0
210.0	12.0
211.0	4.0
212.0	3.0
213.0	12.0
214.0	8.0
215.0	33.0
216.0	3.0
217.0	4.0
218.0	5.0
219.0	11.0
220.0	2.0
222.0	1.0
223.0	3.0
224.0	6.0
225.0	2.0
226.0	6.0
227.0	5.0
228.0	4.0
229.0	5.0
230.0	4.0
231.0	10.0
232.0	2.0
233.0	10.0
234.0	5.0
235.0	2.0
236.0	4.0
237.0	3.0
238.0	1.0
239.0	2.0
240.0	5.0
241.0	2.0
242.0	6.0
243.0	2.0
244.0	7.0
245.0	3.0
246.0	1.0
247.0	2.0
248.0	5.0
249.0	4.0
250.0	7.0
251.0	3.0
252.0	3.0
253.0	4.0
254.0	2.0
255.0	2.0
256.0	6.0
257.0	2.0
258.0	5.0
259.0	1.0
260.0	3.0
261.0	4.0
262.0	2.0
263.0	2.0
264.0	4.0
265.0	5.0
267.0	2.0
268.0	2.0
269.0	3.0
270.0	2.0
271.0	2.0
272.0	3.0
274.0	6.0
276.0	4.0
277.0	3.0
278.0	14.0
279.0	2.0
280.0	5.0
281.0	2.0
282.0	1.0
283.0	1.0
284.0	2.0
286.0	6.0
287.0	4.0
288.0	1.0
289.0	7.0
290.0	2.0
291.0	2.0
292.0	7.0
293.0	2.0
295.0	1.0
296.0	2.0
297.0	6.0
298.0	4.0
299.0	3.0
301.0	1.0
302.0	4.0
303.0	2.0
304.0	2.0
305.0	4.0
306.0	4.0
307.0	2.0
308.0	3.0
309.0	3.0
310.0	4.0
311.0	1.0
312.0	2.0
313.0	5.0
314.0	8.0
315.0	3.0
317.0	3.0
318.0	8.0
319.0	2.0
320.0	2.0
323.0	1.0
324.0	3.0
325.0	2.0
326.0	1.0
327.0	1.0
328.0	1.0
329.0	1.0
330.0	1.0
331.0	3.0
332.0	1.0
333.0	4.0
334.0	1.0
335.0	1.0
336.0	1.0
337.0	3.0
338.0	2.0
339.0	3.0
340.0	3.0
341.0	1.0
342.0	3.0
343.0	2.0
344.0	1.0
345.0	4.0
346.0	1.0
348.0	2.0
349.0	4.0
350.0	2.0
351.0	7.0
352.0	5.0
353.0	3.0
354.0	4.0
355.0	5.0
356.0	1.0
357.0	5.0
359.0	3.0
360.0	5.0
361.0	2.0
362.0	3.0
364.0	2.0
365.0	2.0
366.0	1.0
367.0	2.0
368.0	5.0
369.0	4.0
370.0	2.0
371.0	4.0
372.0	14.0
373.0	4.0
374.0	7.0
375.0	13.0
376.0	16.0
377.0	20.0
378.0	26.0
379.0	41.0
380.0	50.0
381.0	61.0
382.0	41.0
383.0	29.0
384.0	35.0
385.0	21.0
386.0	35.0
387.0	32.0
388.0	23.0
389.0	26.0
390.0	28.0
391.0	21.0
392.0	36.0
393.0	38.0
394.0	30.0
395.0	17.0
396.0	8.0
397.0	15.0
398.0	16.0
399.0	18.0
400.0	18.0
401.0	15.0
402.0	14.0
403.0	14.0
404.0	17.0
405.0	11.0
406.0	24.0
407.0	12.0
408.0	10.0
409.0	69.0
410.0	13.0
411.0	7.0
412.0	9.0
413.0	6.0
414.0	5.0
415.0	6.0
416.0	7.0
417.0	5.0
418.0	5.0
419.0	7.0
420.0	1.0
421.0	1.0
424.0	1.0
425.0	3.0
426.0	1.0
427.0	1.0
428.0	2.0
429.0	1.0
430.0	4.0
432.0	2.0
433.0	1.0
434.0	2.0
435.0	1.0
436.0	2.0
437.0	2.0
438.0	2.0
439.0	3.0
441.0	3.0
442.0	4.0
443.0	1.0
444.0	3.0
445.0	2.0
447.0	2.0
449.0	1.0
450.0	4.0
451.0	2.0
453.0	1.0
455.0	2.0
456.0	1.0
461.0	7.0
462.0	4.0
463.0	2.0
464.0	1.0
465.0	2.0
466.0	3.0
467.0	1.0
468.0	1.0
469.0	2.0
470.0	4.0
471.0	1.0
473.0	1.0
474.0	3.0
478.0	1.0
480.0	1.0
481.0	2.0
482.0	2.0
485.0	3.0
486.0	2.0
488.0	5.0
489.0	2.0
490.0	2.0
491.0	2.0
493.0	2.0
494.0	1.0
495.0	1.0
496.0	2.0
497.0	7.0
498.0	4.0
499.0	2.0
500.0	3.0
501.0	1.0
503.0	1.0
504.0	1.0
505.0	4.0
506.0	1.0
507.0	1.0
508.0	1.0
509.0	4.0
510.0	5.0
513.0	2.0
516.0	1.0
517.0	3.0
519.0	2.0
521.0	1.0
523.0	3.0
525.0	4.0
527.0	1.0
528.0	1.0
531.0	1.0
532.0	2.0
533.0	1.0
534.0	1.0
535.0	1.0
536.0	1.0
538.0	1.0
540.0	1.0
541.0	1.0
544.0	2.0
547.0	1.0
548.0	1.0
549.0	1.0
551.0	1.0
553.0	1.0
554.0	2.0
555.0	1.0
556.0	2.0
558.0	2.0
559.0	4.0
560.0	3.0
564.0	2.0
567.0	1.0
569.0	1.0
570.0	2.0
571.0	1.0
575.0	1.0
576.0	1.0
577.0	1.0
578.0	2.0
581.0	1.0
582.0	2.0
584.0	3.0
585.0	1.0
586.0	1.0
587.0	3.0
588.0	15.0
589.0	2.0
590.0	1.0
591.0	1.0
593.0	1.0
594.0	1.0
596.0	1.0
597.0	1.0
598.0	1.0
601.0	3.0
602.0	1.0
605.0	1.0
606.0	1.0
608.0	1.0
609.0	1.0
611.0	9.0
612.0	4.0
613.0	17.0
614.0	5.0
616.0	3.0
619.0	1.0
621.0	5.0
622.0	3.0
623.0	3.0
624.0	1.0
625.0	2.0
626.0	2.0
627.0	1.0
628.0	1.0
629.0	1.0
631.0	1.0
632.0	1.0
634.0	5.0
637.0	1.0
639.0	3.0
640.0	1.0
641.0	2.0
642.0	3.0
644.0	3.0
645.0	4.0
646.0	3.0
647.0	4.0
648.0	3.0
649.0	2.0
650.0	2.0
651.0	2.0
652.0	8.0
654.0	3.0
655.0	1.0
656.0	1.0
657.0	1.0
658.0	1.0
659.0	1.0
661.0	4.0
662.0	5.0
664.0	4.0
665.0	14.0
667.0	5.0
668.0	4.0
669.0	1.0
670.0	3.0
672.0	2.0
673.0	3.0
674.0	1.0
675.0	2.0
676.0	2.0
677.0	1.0
678.0	1.0
682.0	1.0
684.0	1.0
685.0	2.0
688.0	1.0
691.0	1.0
695.0	2.0
703.0	1.0
704.0	1.0
709.0	2.0
710.0	2.0
713.0	1.0
718.0	2.0
721.0	1.0
726.0	2.0
729.0	1.0
731.0	1.0
732.0	1.0
738.0	1.0
741.0	1.0
748.0	1.0
751.0	1.0
754.0	1.0
757.0	2.0
761.0	1.0
762.0	1.0
763.0	2.0
766.0	1.0
769.0	1.0
770.0	1.0
775.0	1.0
778.0	1.0
785.0	2.0
791.0	1.0
795.0	1.0
796.0	1.0
808.0	1.0
810.0	2.0
811.0	2.0
812.0	2.0
814.0	2.0
815.0	1.0
819.0	1.0
822.0	1.0
824.0	4.0
825.0	270.0
828.0	4.0
829.0	1.0
834.0	1.0
836.0	1.0
837.0	1.0
839.0	1.0
846.0	1.0
848.0	1.0
849.0	6.0
852.0	1.0
855.0	1.0
856.0	1.0
858.0	3.0
863.0	2.0
865.0	2.0
867.0	1.0
868.0	3.0
876.0	4.0
877.0	1.0
881.0	1.0
883.0	1.0
888.0	2.0
903.0	2.0
918.0	1.0
935.0	1.0
939.0	1.0
942.0	1.0
948.0	1.0
949.0	3.0
950.0	3.0
954.0	1.0
964.0	1.0
965.0	1.0
966.0	2.0
967.0	3.0
968.0	2.0
969.0	1.0
970.0	1.0
973.0	1.0
974.0	1.0
976.0	1.0
977.0	2.0
978.0	1.0
979.0	1.0
980.0	1.0
982.0	2.0
983.0	1.0
984.0	2.0
985.0	1.0
986.0	1.0
989.0	1.0
990.0	1.0
992.0	1.0
995.0	1.0
997.0	4.0
998.0	5.0
999.0	1.0
1000.0	1.0
1006.0	3.0
1007.0	1.0
1008.0	1.0
1011.0	1.0
1013.0	4.0
1015.0	2.0
1016.0	5.0
1017.0	1.0
1018.0	5.0
1019.0	1.0
1020.0	4.0
1021.0	2.0
1022.0	3.0
1024.0	2.0
1025.0	1.0
1027.0	2.0
1028.0	1.0
1029.0	2.0
1031.0	2.0
1032.0	2.0
1033.0	1.0
1034.0	3.0
1035.0	2.0
1036.0	2.0
1038.0	1.0
1039.0	1.0
1040.0	1.0
1043.0	1.0
1044.0	1.0
1046.0	1.0
1049.0	1.0
1113.0	1.0
1132.0	1.0
1168.0	1.0
1217.0	1.0
1226.0	1.0
1243.0	3.0
1316.0	2.0
1345.0	2.0
1360.0	1.0
1366.0	2.0
1374.0	3.0
1378.0	1.0
1405.0	1.0
1436.0	1.0
1437.0	1.0
1446.0	1.0
1451.0	1.0
1454.0	3.0
1457.0	4.0
1458.0	1.0
1464.0	6.0
1470.0	3.0
1475.0	1.0
1480.0	1.0
1483.0	1.0
1488.0	1.0
1491.0	1.0
1492.0	6.0
1493.0	1.0
1502.0	1.0
1512.0	2.0
1561.0	2.0
1576.0	1.0
1579.0	1.0
1592.0	1.0
1600.0	1.0
1652.0	1.0
1669.0	1.0
1690.0	1.0
1700.0	2.0
1702.0	1.0
1834.0	2.0
1915.0	1.0
1935.0	3.0
1955.0	1.0
1971.0	1.0
1988.0	1.0
2007.0	1.0
2009.0	1.0
2016.0	1.0
2017.0	1.0
2018.0	1.0
2039.0	3.0
2044.0	1.0
2047.0	2.0
2051.0	1.0
2057.0	1.0
2064.0	2.0
2069.0	1.0
2074.0	3.0
2075.0	2.0
2077.0	1.0
2081.0	1.0
2082.0	1.0
2085.0	1.0
2089.0	2.0
2102.0	6.0
2112.0	1.0
2113.0	1.0
2136.0	1.0
2137.0	2.0
2169.0	1.0
2171.0	1.0
2186.0	1.0
2189.0	1.0
2237.0	1.0
2247.0	1.0
2258.0	1.0
2308.0	1.0
2310.0	1.0
2516.0	1.0
2546.0	1.0
2552.0	1.0
2556.0	1.0
2575.0	1.0
2594.0	1.0
2606.0	1.0
2608.0	1.0
2611.0	1.0
2647.0	1.0
2649.0	2.0
2650.0	2.0
2660.0	1.0
2669.0	1.0
2670.0	2.0
2671.0	1.0
2672.0	1.0
2675.0	1.0
2683.0	1.0
2685.0	1.0
2692.0	1.0
2709.0	1.0
2718.0	2.0
2722.0	1.0
2736.0	7.0
2741.0	1.0
2743.0	1.0
2859.0	1.0
2872.0	4.0
2880.0	1.0
3138.0	1.0
3173.0	1.0
3205.0	1.0
3224.0	1.0
3270.0	1.0
3279.0	1.0
3289.0	1.0
3296.0	1.0
3310.0	1.0
3312.0	1.0
3314.0	1.0
3322.0	1.0
3329.0	2.0
3346.0	1.0
3503.0	1.0
3749.0	1.0
3750.0	3.0
3779.0	1.0
3795.0	1.0
3815.0	1.0
3827.0	1.0
3866.0	1.0
3912.0	1.0
3916.0	1.0
3937.0	3.0
3965.0	1.0
3971.0	2.0
3987.0	1.0
4053.0	1.0
4105.0	1.0
4121.0	1.0
4124.0	1.0
4134.0	6.0
4452.0	1.0
4469.0	1.0
4508.0	3.0
4510.0	1.0
4516.0	1.0
4537.0	1.0
4588.0	1.0
4605.0	1.0
4614.0	1.0
4637.0	2.0
4659.0	6.0
4665.0	1.0
5002.0	1.0
5024.0	1.0
5066.0	5.0
5102.0	1.0
5140.0	1.0
5155.0	1.0
5283.0	5.0
5291.0	1.0
5615.0	4.0
5665.0	1.0
5705.0	1.0
5717.0	2.0
5721.0	1.0
5760.0	4.0
5842.0	1.0
5927.0	5.0
6192.0	1.0
6247.0	1.0
6276.0	1.0
6331.0	1.0
6340.0	1.0
6452.0	1.0
6571.0	1.0
6905.0	1.0
6941.0	1.0
6944.0	1.0
7061.0	1.0
7087.0	2.0
7107.0	1.0
7510.0	2.0
7529.0	2.0
7664.0	6.0
7699.0	1.0
7741.0	1.0
8139.0	1.0
8225.0	1.0
8311.0	1.0
8867.0	1.0
9415.0	2.0
9521.0	2.0
9555.0	1.0
10141.0	1.0
10145.0	1.0
10174.0	1.0
10733.0	1.0
11009.0	1.0
11095.0	1.0
11107.0	1.0
11209.0	1.0
11227.0	1.0
11248.0	1.0
11276.0	1.0
11313.0	1.0
11364.0	3.0
11419.0	1.0
11642.0	1.0
11827.0	1.0
11888.0	1.0
11919.0	3.0
11921.0	22.0
12519.0	1.0
12896.0	1.0
13066.0	5.0
13546.0	1.0
13574.0	1.0
13654.0	1.0
13659.0	2.0
13853.0	1.0
14153.0	1.0
14269.0	2.0
14324.0	1.0
14370.0	1.0
14822.0	1.0
14831.0	1.0
14896.0	1.0
15097.0	2.0
15148.0	1.0
15391.0	1.0
15447.0	1.0
15448.0	1.0
15499.0	1.0
15517.0	1.0
15648.0	1.0
15775.0	1.0
16103.0	1.0
16153.0	1.0
16179.0	6.0
16304.0	1.0
16614.0	2.0
16664.0	1.0
16669.0	1.0
16730.0	1.0
16837.0	1.0
17251.0	1.0
17255.0	1.0
17404.0	1.0
17916.0	1.0
18047.0	1.0
18408.0	1.0
18411.0	1.0
18484.0	1.0
18509.0	1.0
18642.0	2.0
18659.0	2.0
18694.0	1.0
19009.0	1.0
19107.0	1.0
19146.0	1.0
19267.0	7.0
19331.0	1.0
19401.0	1.0
19630.0	1.0
19723.0	6.0
20430.0	1.0
20542.0	2.0
20981.0	1.0
20985.0	4.0
21139.0	11.0
21159.0	1.0
21505.0	1.0
21572.0	1.0
21638.0	1.0
21656.0	1.0
21712.0	7.0
21713.0	481.0
21715.0	1.0
21746.0	1.0
21750.0	1.0
22073.0	1.0
22187.0	2.0
22199.0	2.0
22253.0	1.0
22316.0	8.0
22541.0	1.0
22719.0	1.0
22873.0	10.0
22915.0	5.0
22975.0	5.0
23216.0	1.0
23492.0	1.0
23525.0	1.0
24139.0	1.0
24145.0	1.0
24759.0	1.0
25348.0	1.0
25397.0	1.0
25446.0	1.0
25593.0	61.0
25631.0	1.0
25632.0	1.0
25634.0	1.0
25657.0	1.0
25777.0	1.0
25781.0	2.0
25796.0	3.0
25952.0	4.0
25953.0	1.0
25954.0	1.0
25960.0	2.0
25963.0	4.0
25964.0	1136.0
25965.0	1.0
25978.0	1.0
26161.0	4.0
26273.0	2.0
26276.0	2.0
26299.0	1.0
26305.0	1.0
26309.0	1.0
26393.0	548.0
26395.0	1.0
26396.0	1.0
26413.0	1.0
26420.0	1.0
26427.0	4.0
26445.0	3.0
26544.0	2.0
26559.0	5.0
26560.0	843.0
26561.0	2.0
26575.0	1.0
26967.0	6.0
27047.0	2.0
27060.0	1.0
27173.0	2.0
27174.0	1.0
27184.0	1.0
27185.0	622.0
27186.0	1.0
27191.0	1.0
27213.0	1.0
27222.0	1.0
27311.0	2.0
27372.0	1.0
27491.0	3.0
27516.0	1.0
27517.0	1.0
27670.0	2.0
27684.0	1.0
27685.0	5.0
27718.0	1.0
27720.0	5.0
27812.0	1.0
27814.0	1.0
27822.0	1.0
27824.0	74.0
27825.0	1.0
28130.0	1.0
28161.0	3.0
28269.0	1.0
28321.0	2.0
28424.0	1.0
28433.0	4.0
28434.0	1319.0
28435.0	1.0
28437.0	1.0
28439.0	2.0
28440.0	4.0
28448.0	1.0
28449.0	2.0
28451.0	2.0
28456.0	1.0
28603.0	2.0
28737.0	1.0
28738.0	1.0
28910.0	2.0
28912.0	5.0
29411.0	3.0
29413.0	1.0
29663.0	1.0
