#Position (bp)	Coverage
38.0	42.21333333333333
113.0	191.37333333333333
188.0	243.14666666666668
263.0	179.52
338.0	221.64
413.0	73.94666666666667
488.0	33.093333333333334
563.0	35.946666666666665
638.0	72.37333333333333
713.0	326.68
788.0	348.50666666666666
863.0	308.26666666666665
938.0	323.05333333333334
1013.0	101.73333333333333
1088.0	20.36
1163.0	26.12
1238.0	23.36
1313.0	12.746666666666666
1388.0	14.146666666666667
1463.0	21.386666666666667
1538.0	28.506666666666668
1613.0	26.14666666666667
1688.0	17.866666666666667
1763.0	17.106666666666666
1838.0	16.14666666666667
1913.0	63.24
1988.0	37.86666666666667
2063.0	29.92
2138.0	28.30666666666667
2213.0	19.733333333333334
2288.0	25.85333333333333
2363.0	27.533333333333335
2438.0	42.38666666666666
2513.0	33.08
2588.0	37.666666666666664
2663.0	32.61333333333334
2738.0	31.88
2813.0	37.733333333333334
2888.0	64.96
2963.0	49.36
3038.0	37.04
3113.0	49.6
3188.0	53.82666666666667
3263.0	66.52
3338.0	80.04
3413.0	94.68
3488.0	60.17333333333333
3563.0	9.16
3638.0	8.373333333333333
3713.0	13.706666666666667
3788.0	11.973333333333333
3863.0	8.786666666666667
3938.0	12.906666666666666
4013.0	16.52
4088.0	52.89333333333333
4163.0	113.8
4238.0	139.86666666666667
4313.0	186.73333333333332
4388.0	185.28
4463.0	101.76
4538.0	83.13333333333334
4613.0	77.85333333333334
4688.0	26.893333333333334
4763.0	14.28
4838.0	19.973333333333333
4913.0	14.28
4988.0	20.453333333333333
5063.0	19.186666666666667
5138.0	16.013333333333332
5213.0	18.32
5288.0	17.653333333333332
5363.0	11.466666666666667
5438.0	12.213333333333333
5513.0	12.893333333333333
5588.0	87.56
5663.0	147.28
5738.0	195.18666666666667
5813.0	105.98666666666666
5888.0	89.62666666666667
5963.0	26.69333333333333
6038.0	18.893333333333334
6113.0	26.533333333333335
6188.0	312.14666666666665
6263.0	550.8666666666667
6338.0	529.88
6413.0	498.76
6488.0	398.2133333333333
6563.0	62.14666666666667
6638.0	30.56
6713.0	30.333333333333332
6788.0	37.306666666666665
6863.0	23.253333333333334
6938.0	19.453333333333333
7013.0	28.813333333333333
7088.0	11.493333333333334
7163.0	7.0
7238.0	7.0
7313.0	26.813333333333333
7388.0	86.84
7463.0	85.62666666666667
7538.0	64.06666666666666
7613.0	60.64
7688.0	58.52
7763.0	42.61333333333334
7838.0	47.626666666666665
7913.0	49.52
7988.0	134.54666666666665
8063.0	132.42666666666668
8138.0	134.86666666666667
8213.0	128.50666666666666
8288.0	100.37333333333333
8363.0	30.586666666666666
8438.0	31.84
8513.0	23.186666666666667
8588.0	25.133333333333333
8663.0	33.17333333333333
8738.0	34.42666666666667
8813.0	32.49333333333333
8888.0	41.96
8963.0	200.66666666666666
9038.0	269.14666666666665
9113.0	346.74666666666667
9188.0	324.49333333333334
9263.0	100.22666666666667
9338.0	34.21333333333333
9413.0	36.56
9488.0	59.42666666666667
9563.0	156.57333333333332
9638.0	174.4
9713.0	155.88
9788.0	160.56
9863.0	37.29333333333334
9938.0	17.973333333333333
10013.0	15.066666666666666
10088.0	62.026666666666664
10163.0	190.22666666666666
10238.0	197.97333333333333
10313.0	201.73333333333332
10388.0	276.0133333333333
10463.0	143.49333333333334
10538.0	110.50666666666666
10613.0	135.73333333333332
10688.0	147.24
10763.0	119.81333333333333
10838.0	115.97333333333333
10913.0	113.22666666666667
10988.0	119.06666666666666
11063.0	144.10666666666665
11138.0	119.56
11213.0	115.8
11288.0	119.32
11363.0	272.53333333333336
11438.0	146.49333333333334
11513.0	135.77333333333334
11588.0	276.76
11663.0	279.85333333333335
11738.0	200.74666666666667
11813.0	129.52
11888.0	239.34666666666666
11963.0	379.6933333333333
12038.0	406.97333333333336
12113.0	384.4266666666667
12188.0	370.56
12263.0	139.68
12338.0	108.4
12413.0	161.68
12488.0	99.25333333333333
12563.0	69.88
12638.0	61.18666666666667
12713.0	125.90666666666667
12788.0	271.8666666666667
12863.0	388.06666666666666
12938.0	310.6533333333333
13013.0	346.18666666666667
13088.0	327.85333333333335
13163.0	320.02666666666664
13238.0	292.9866666666667
13313.0	327.74666666666667
13388.0	158.70666666666668
13463.0	77.08
13538.0	78.09333333333333
13613.0	129.37333333333333
13688.0	239.73333333333332
13763.0	285.81333333333333
13838.0	309.16
13913.0	261.76
13988.0	446.6
14063.0	355.05333333333334
14138.0	428.85333333333335
14213.0	401.6933333333333
14288.0	278.26666666666665
14363.0	222.26666666666668
14438.0	228.6
14513.0	220.66666666666666
14588.0	240.90666666666667
14663.0	265.72
14738.0	228.30666666666667
14813.0	268.5466666666667
14888.0	197.89333333333335
14963.0	100.93333333333334
15038.0	96.33333333333333
15113.0	89.41333333333333
15188.0	143.46666666666667
15263.0	217.50666666666666
15338.0	261.0
15413.0	282.6933333333333
15488.0	328.49333333333334
15563.0	366.16
15638.0	327.02666666666664
15713.0	295.2266666666667
15788.0	274.36
15863.0	352.97333333333336
15938.0	243.8
16013.0	221.77333333333334
16088.0	235.17333333333335
16163.0	164.92
16238.0	82.88
16313.0	81.68
16388.0	85.10666666666667
16463.0	90.30666666666667
16538.0	89.41333333333333
16613.0	87.32
16688.0	98.37333333333333
16763.0	112.69333333333333
16838.0	135.41333333333333
16913.0	176.58666666666667
16988.0	237.50666666666666
17063.0	413.1333333333333
17138.0	1038.3733333333332
17213.0	1414.9866666666667
17288.0	1172.8933333333334
17363.0	1224.64
17438.0	620.8133333333334
17513.0	228.93333333333334
17588.0	209.77333333333334
17663.0	224.93333333333334
17738.0	169.70666666666668
17813.0	101.85333333333334
17888.0	105.81333333333333
17963.0	116.56
18038.0	179.46666666666667
18113.0	196.72
18188.0	192.37333333333333
18263.0	238.70666666666668
18338.0	339.05333333333334
18413.0	293.37333333333333
18488.0	275.70666666666665
18563.0	288.64
18638.0	452.9066666666667
18713.0	309.6666666666667
18788.0	382.32
18863.0	307.12
18938.0	368.38666666666666
19013.0	300.62666666666667
19088.0	318.74666666666667
19163.0	271.1066666666667
19238.0	249.76
19313.0	89.73333333333333
19388.0	77.0
19463.0	77.0
19538.0	78.74666666666667
19613.0	106.22666666666667
19688.0	131.77333333333334
19763.0	159.25333333333333
19838.0	176.38666666666666
19913.0	126.12
19988.0	77.61333333333333
20063.0	80.64
20138.0	79.18666666666667
20213.0	81.64
20288.0	78.85333333333334
20363.0	79.90666666666667
20438.0	80.65333333333334
20513.0	110.14666666666666
20588.0	108.12
20663.0	120.54666666666667
20738.0	103.41333333333333
20813.0	258.6533333333333
20888.0	370.0933333333333
20963.0	389.0133333333333
21038.0	353.8
21113.0	330.0
21188.0	84.73333333333333
21263.0	77.0
21338.0	77.0
21413.0	77.96
21488.0	80.48
21563.0	77.92
21638.0	78.26666666666667
21713.0	74.53333333333333
21788.0	71.2
21863.0	71.76
21938.0	71.0
22013.0	72.94666666666667
22088.0	118.30666666666667
22163.0	155.65333333333334
22238.0	154.37333333333333
22313.0	147.84
22388.0	141.0
22463.0	141.0
22538.0	182.42666666666668
22613.0	229.86666666666667
22688.0	298.04
22763.0	256.70666666666665
22838.0	296.36
22913.0	160.45333333333335
22988.0	144.94666666666666
23063.0	142.46666666666667
23138.0	267.4533333333333
23213.0	515.32
23288.0	609.2
23363.0	598.36
23438.0	581.6266666666667
23513.0	293.2
23588.0	95.24
23663.0	103.50666666666666
23738.0	114.09333333333333
23813.0	115.16
23888.0	104.86666666666666
23963.0	96.24
24038.0	110.32
24113.0	158.85333333333332
24188.0	167.21333333333334
24263.0	163.30666666666667
24338.0	161.44
24413.0	139.96
24488.0	125.50666666666666
24563.0	134.0
24638.0	117.10666666666667
24713.0	209.28
24788.0	307.28
24863.0	292.53333333333336
24938.0	265.0133333333333
25013.0	332.92
25088.0	196.93333333333334
25163.0	162.28
25238.0	151.24
25313.0	160.06666666666666
25388.0	124.4
25463.0	128.92
25538.0	141.69333333333333
25613.0	174.92
25688.0	157.70666666666668
25763.0	131.73333333333332
25838.0	149.62666666666667
25913.0	120.82666666666667
25988.0	35.93333333333333
26063.0	11.76
26138.0	12.506666666666666
26213.0	101.82666666666667
26288.0	315.84
26363.0	73.54666666666667
26438.0	83.10666666666667
26513.0	150.06666666666666
26588.0	92.57333333333334
26663.0	59.48
26738.0	68.41333333333333
26813.0	67.98666666666666
26888.0	77.77333333333333
26963.0	25.2
27038.0	23.586666666666666
27113.0	27.293333333333333
27188.0	104.97333333333333
27263.0	124.93333333333334
27338.0	64.05333333333333
27413.0	55.68
27488.0	36.68
27563.0	5.0
27638.0	5.826666666666667
27713.0	5.826666666666667
27788.0	11.08
27863.0	24.28
27938.0	23.826666666666668
28013.0	31.84
28088.0	184.86666666666667
28163.0	573.7066666666667
28238.0	408.04
28313.0	883.5066666666667
28388.0	1047.0266666666666
28463.0	398.06666666666666
28538.0	214.74666666666667
28613.0	225.24
28688.0	210.05333333333334
28763.0	67.77333333333333
28838.0	0.0
28913.0	0.0
28988.0	27.893333333333334
29063.0	120.96
29138.0	150.48
29213.0	84.26666666666667
29288.0	90.72
29363.0	44.46666666666667
29438.0	4.72
29513.0	9.866666666666667
29588.0	25.506666666666668
29663.0	37.733333333333334
29738.0	30.6
29813.0	14.066666666666666
29877.0	0.05660377358490566
