#Read position (bp)	Clipping profile
0.0	9.286417577861844
1.0	8.08934031196559
2.0	7.166917137378867
3.0	6.161579520132663
4.0	4.534383582940353
5.0	3.948800331657771
6.0	2.8294553557547806
7.0	1.9277607918329271
8.0	1.4613670518733481
9.0	1.11934497590299
10.0	0.7255013732704566
11.0	0.39384360263253354
12.0	0.19692180131626677
13.0	0.0
14.0	0.0
15.0	0.0
16.0	0.0
17.0	0.0
18.0	0.0
19.0	0.0
20.0	0.0
21.0	0.0
22.0	0.0
23.0	0.0
24.0	0.0
25.0	0.0
26.0	0.0
27.0	0.0
28.0	0.0
29.0	0.005182152666217547
30.0	0.010364305332435094
31.0	0.025910763331087733
32.0	0.041457221329740376
33.0	0.062185831994610564
34.0	0.0777322899932632
35.0	0.020728610664870188
36.0	0.010364305332435094
37.0	0.015546457998652641
38.0	0.010364305332435094
39.0	0.010364305332435094
40.0	0.005182152666217547
41.0	0.010364305332435094
42.0	0.010364305332435094
43.0	0.015546457998652641
44.0	0.015546457998652641
45.0	0.015546457998652641
46.0	0.005182152666217547
47.0	0.010364305332435094
48.0	0.010364305332435094
49.0	0.03627506866352283
50.0	0.031092915997305282
51.0	0.025910763331087733
52.0	0.031092915997305282
53.0	0.031092915997305282
54.0	0.03627506866352283
55.0	0.03627506866352283
56.0	0.0673679846608281
57.0	0.10882520599056848
58.0	0.22283256464735451
59.0	0.5959475566150179
60.0	0.9586982432502462
61.0	1.3007203192206043
62.0	1.487277815204436
63.0	2.3164222417992435
64.0	3.31657770637923
65.0	4.083536300979427
66.0	4.777944758252578
67.0	5.342799398870291
68.0	6.467326527439498
69.0	6.923355962066642
70.0	7.177281442711301
71.0	6.394776390112453
