#Position (bp)	Coverage
38.0	3311.12
113.0	5451.386666666666
188.0	5699.866666666667
263.0	5315.973333333333
338.0	15246.253333333334
413.0	15461.24
488.0	15124.373333333333
563.0	16512.626666666667
638.0	14793.293333333333
713.0	20557.413333333334
788.0	12935.773333333333
863.0	10970.6
938.0	14046.546666666667
1013.0	15433.84
1088.0	7307.733333333334
1163.0	8719.506666666666
1238.0	7885.013333333333
1313.0	6711.266666666666
1388.0	1514.6266666666668
1463.0	1556.84
1538.0	1607.56
1613.0	9223.973333333333
1688.0	7073.733333333334
1763.0	7459.213333333333
1838.0	8732.013333333334
1913.0	21937.56
1988.0	14071.546666666667
2063.0	16406.826666666668
2138.0	13655.506666666666
2213.0	14148.0
2288.0	2180.4
2363.0	1358.9733333333334
2438.0	1577.3466666666666
2513.0	8462.133333333333
2588.0	10914.813333333334
2663.0	12511.413333333334
2738.0	11494.12
2813.0	12833.84
2888.0	18039.426666666666
2963.0	10409.373333333333
3038.0	7950.1466666666665
3113.0	9330.613333333333
3188.0	13133.56
3263.0	6125.906666666667
3338.0	7515.12
3413.0	5721.133333333333
3488.0	8874.533333333333
3563.0	2312.213333333333
3638.0	2201.08
3713.0	2419.7466666666664
3788.0	8975.4
3863.0	4667.8133333333335
3938.0	6609.293333333333
4013.0	5951.906666666667
4088.0	19753.786666666667
4163.0	23498.6
4238.0	18237.586666666666
4313.0	29975.84
4388.0	23759.533333333333
4463.0	20534.533333333333
4538.0	14692.24
4613.0	16520.933333333334
4688.0	21631.653333333332
4763.0	9443.133333333333
4838.0	13560.413333333334
4913.0	9702.453333333333
4988.0	11753.986666666666
5063.0	541.9866666666667
5138.0	587.52
5213.0	530.2933333333333
5288.0	11861.32
5363.0	12907.32
5438.0	13820.466666666667
5513.0	12897.253333333334
5588.0	26263.866666666665
5663.0	13091.813333333334
5738.0	17249.866666666665
5813.0	13208.693333333333
5888.0	14150.613333333333
5963.0	3725.9733333333334
6038.0	754.6666666666666
6113.0	972.08
6188.0	20825.253333333334
6263.0	22923.453333333335
6338.0	22472.84
6413.0	20693.053333333333
6488.0	31157.933333333334
6563.0	9942.84
6638.0	9194.266666666666
6713.0	9687.8
6788.0	6887.253333333333
6863.0	6628.493333333333
6938.0	209.30666666666667
7013.0	477.72
7088.0	4540.346666666666
7163.0	3455.16
7238.0	3186.6266666666666
7313.0	5431.613333333334
7388.0	9919.666666666666
7463.0	7340.866666666667
7538.0	7480.12
7613.0	8621.653333333334
7688.0	8364.6
7763.0	5557.466666666666
7838.0	5276.453333333333
7913.0	4535.16
7988.0	19686.04
8063.0	7767.8533333333335
8138.0	10637.253333333334
8213.0	8502.92
8288.0	15212.626666666667
8363.0	3175.3733333333334
8438.0	2465.32
8513.0	3059.173333333333
8588.0	3290.266666666667
8663.0	9844.066666666668
8738.0	7825.866666666667
8813.0	8714.386666666667
8888.0	8824.36
8963.0	17458.8
9038.0	7217.133333333333
9113.0	8654.946666666667
9188.0	11575.933333333332
9263.0	27262.893333333333
9338.0	21072.866666666665
9413.0	26358.906666666666
9488.0	34472.0
9563.0	38401.64
9638.0	28718.106666666667
9713.0	26757.68
9788.0	29666.253333333334
9863.0	25940.413333333334
9938.0	16900.08
10013.0	16750.68
10088.0	23521.666666666668
10163.0	18597.653333333332
10238.0	10448.16
10313.0	12093.466666666667
10388.0	19097.066666666666
10463.0	12590.853333333333
10538.0	9419.306666666667
10613.0	8524.2
10688.0	17452.626666666667
10763.0	14883.706666666667
10838.0	9742.573333333334
10913.0	12754.48
10988.0	13500.32
11063.0	23344.8
11138.0	13469.893333333333
11213.0	16556.64
11288.0	15584.16
11363.0	26500.24
11438.0	9801.48
11513.0	11101.626666666667
11588.0	15946.746666666666
11663.0	14027.2
11738.0	5614.266666666666
11813.0	4534.213333333333
11888.0	13009.733333333334
11963.0	10172.44
12038.0	9292.24
12113.0	14798.213333333333
12188.0	20183.18666666667
12263.0	10756.293333333333
12338.0	10873.84
12413.0	15528.266666666666
12488.0	21976.653333333332
12563.0	14770.973333333333
12638.0	14812.266666666666
12713.0	21031.626666666667
12788.0	24950.68
12863.0	13360.92
12938.0	14037.88
13013.0	38737.46666666667
13088.0	42476.53333333333
13163.0	56926.026666666665
13238.0	41189.89333333333
13313.0	45003.44
13388.0	35496.37333333334
13463.0	10527.506666666666
13538.0	13216.186666666666
13613.0	16875.573333333334
13688.0	20852.946666666667
13763.0	19751.786666666667
13838.0	17915.48
13913.0	19791.093333333334
13988.0	14955.893333333333
14063.0	7490.106666666667
14138.0	8274.72
14213.0	14736.413333333334
14288.0	14239.946666666667
14363.0	13705.453333333333
14438.0	8921.786666666667
14513.0	12131.346666666666
14588.0	20298.573333333334
14663.0	8864.96
14738.0	11582.653333333334
14813.0	10074.373333333333
14888.0	15536.72
14963.0	4623.0
15038.0	4870.12
15113.0	5563.88
15188.0	13995.666666666666
15263.0	11513.24
15338.0	12599.52
15413.0	12557.773333333333
15488.0	19344.346666666668
15563.0	13614.986666666666
15638.0	12466.146666666667
15713.0	11778.12
15788.0	9215.426666666666
15863.0	21281.466666666667
15938.0	12976.906666666666
16013.0	13648.613333333333
16088.0	12317.2
16163.0	18472.106666666667
16238.0	5398.546666666667
16313.0	5015.266666666666
16388.0	4635.573333333334
16463.0	5897.173333333333
16538.0	750.1066666666667
16613.0	728.2
16688.0	867.08
16763.0	12762.946666666667
16838.0	22964.56
16913.0	23148.413333333334
16988.0	26007.6
17063.0	26703.02666666667
17138.0	35950.48
17213.0	19189.333333333332
17288.0	19555.066666666666
17363.0	12216.346666666666
17438.0	26389.493333333332
17513.0	9229.506666666666
17588.0	8584.2
17663.0	9357.4
17738.0	15851.546666666667
17813.0	5787.106666666667
17888.0	8176.24
17963.0	10244.8
18038.0	12866.56
18113.0	13316.493333333334
18188.0	10871.773333333333
18263.0	17260.826666666668
18338.0	17427.866666666665
18413.0	13879.973333333333
18488.0	14514.906666666666
18563.0	11218.973333333333
18638.0	39034.6
18713.0	23142.866666666665
18788.0	20199.68
18863.0	16638.106666666667
18938.0	24581.506666666668
19013.0	8829.266666666666
19088.0	12281.92
19163.0	8699.0
19238.0	11673.0
19313.0	1106.5466666666666
19388.0	6.1066666666666665
19463.0	8.613333333333333
19538.0	361.6
19613.0	2921.9466666666667
19688.0	2740.32
19763.0	2561.84
19838.0	2594.8533333333335
19913.0	2886.0533333333333
19988.0	411.8933333333333
20063.0	579.9333333333333
20138.0	399.92
20213.0	511.12
20288.0	215.57333333333332
20363.0	199.92
20438.0	244.50666666666666
20513.0	13489.68
20588.0	9977.08
20663.0	11617.653333333334
20738.0	9815.533333333333
20813.0	21098.986666666668
20888.0	12320.973333333333
20963.0	9185.186666666666
21038.0	11165.466666666667
21113.0	10633.973333333333
21188.0	533.0
21263.0	38.56
21338.0	56.50666666666667
21413.0	375.0
21488.0	282.73333333333335
21563.0	249.09333333333333
21638.0	1496.9466666666667
21713.0	8985.293333333333
21788.0	9779.84
21863.0	8016.493333333333
21938.0	8451.36
22013.0	10295.76
22088.0	5233.426666666666
22163.0	4666.426666666666
22238.0	5032.733333333334
22313.0	4671.706666666667
22388.0	226.81333333333333
22463.0	314.61333333333334
22538.0	4561.6
22613.0	5031.906666666667
22688.0	7386.826666666667
22763.0	6119.666666666667
22838.0	15547.466666666667
22913.0	10830.32
22988.0	9323.506666666666
23063.0	11197.093333333334
23138.0	15455.08
23213.0	14254.2
23288.0	11533.693333333333
23363.0	11754.12
23438.0	11823.866666666667
23513.0	15172.013333333334
23588.0	6715.293333333333
23663.0	7229.826666666667
23738.0	7432.013333333333
23813.0	7625.066666666667
23888.0	5486.373333333333
23963.0	3914.64
24038.0	4553.106666666667
24113.0	10280.986666666666
24188.0	6970.306666666666
24263.0	7111.666666666667
24338.0	5278.133333333333
24413.0	11693.88
24488.0	5140.4
24563.0	5874.8
24638.0	5262.8533333333335
24713.0	16136.546666666667
24788.0	11921.573333333334
24863.0	10166.24
24938.0	12001.32
25013.0	20474.093333333334
25088.0	9555.84
25163.0	9515.226666666667
25238.0	9731.173333333334
25313.0	16975.786666666667
25388.0	9709.866666666667
25463.0	8352.24
25538.0	7863.92
25613.0	18503.81333333333
25688.0	7483.733333333334
25763.0	8240.506666666666
25838.0	9775.173333333334
25913.0	11049.173333333334
25988.0	11719.306666666667
26063.0	11189.746666666666
26138.0	7540.826666666667
26213.0	13699.813333333334
26288.0	14282.293333333333
26363.0	7628.373333333333
26438.0	7267.266666666666
26513.0	12118.933333333332
26588.0	17615.133333333335
26663.0	10558.546666666667
26738.0	12844.546666666667
26813.0	12443.213333333333
26888.0	30223.906666666666
26963.0	16759.56
27038.0	14936.533333333333
27113.0	17250.933333333334
27188.0	27201.28
27263.0	11222.12
27338.0	11033.48
27413.0	11743.066666666668
27488.0	11782.253333333334
27563.0	58.586666666666666
27638.0	64.26666666666667
27713.0	70.44
27788.0	745.96
27863.0	1338.0266666666666
27938.0	1348.3333333333333
28013.0	1582.52
28088.0	7688.7733333333335
28163.0	11714.96
28238.0	11200.613333333333
28313.0	11727.786666666667
28388.0	18978.093333333334
28463.0	17334.133333333335
28538.0	10665.36
28613.0	13453.733333333334
28688.0	15348.8
28763.0	11492.173333333334
28838.0	5244.2
28913.0	5779.413333333333
28988.0	9828.693333333333
29063.0	13612.986666666666
29138.0	11234.6
29213.0	11396.093333333334
29288.0	10767.28
29363.0	7512.346666666666
29438.0	98.38666666666667
29513.0	760.0666666666667
29588.0	1187.84
29663.0	1267.9333333333334
29738.0	1161.68
29813.0	1012.0
29877.0	18.09433962264151
