#Read position (bp)	Clipping profile
0.0	10.287043400116296
1.0	8.4113055276559
2.0	6.776973092985146
3.0	5.516202357667707
4.0	4.3593945481136895
5.0	3.726806576095575
6.0	2.974396926926398
7.0	2.334760620958221
8.0	1.8281616182974751
9.0	1.4748638790505895
10.0	1.120685098059946
11.0	0.7154058959313492
12.0	0.3330337791404557
13.0	0.0
14.0	0.0
15.0	0.0
16.0	0.0
17.0	0.0
18.0	0.0
19.0	0.0
20.0	0.0
21.0	0.0
22.0	0.0
23.0	0.0
24.0	0.0
25.0	0.0
26.0	0.0
27.0	0.0
28.0	0.0
29.0	8.810417437578193E-4
30.0	0.0026431252312734575
31.0	0.003524166975031277
32.0	0.007048333950062554
33.0	0.007929375693820373
34.0	0.017620834875156387
35.0	0.003524166975031277
36.0	0.003524166975031277
37.0	0.006167292206304735
38.0	0.007048333950062554
39.0	0.01233458441260947
40.0	0.014096667900125108
41.0	0.013215626156367288
42.0	0.01145354266885165
43.0	0.014096667900125108
44.0	0.017620834875156387
45.0	0.013215626156367288
46.0	0.018501876618914205
47.0	0.026431252312734577
48.0	0.03259854451903931
49.0	0.03788479498158623
50.0	0.043171045444133145
51.0	0.04669521241916442
52.0	0.04845729590668006
53.0	0.04933833765043788
54.0	0.05374354636922698
55.0	0.04845729590668006
56.0	0.04845729590668006
57.0	0.0643160472943208
58.0	0.1286320945886416
59.0	0.4008739934098077
60.0	0.89690049514546
61.0	1.2149565646420328
62.0	1.5664922204014027
63.0	2.384098958608659
64.0	2.9558950503074835
65.0	3.466899261687019
66.0	4.290673292100579
67.0	4.98933939490053
68.0	6.089760532854046
69.0	6.924107064192701
70.0	7.458899402653698
71.0	6.699441419534457
