# Position (bp)	A	C	G	T	N
0.0	44.69527036701189	15.324774495299001	18.9805755739035	20.999379563785617	0.0
1.0	20.63651111747304	38.090466647580875	20.87031205267678	20.402710182269303	0.0
2.0	27.27575541280038	31.901023078753273	15.422317392338805	25.400904116107544	0.0
3.0	41.140984229526886	16.140984229526886	17.75603268098043	24.9619988599658	0.0
4.0	43.4045584045584	15.085470085470085	14.96201329534663	26.547958214624884	0.0
5.0	25.338206673945034	32.18778183889495	15.839939241467698	26.634072245692312	0.0
6.0	24.10896492810023	33.923401831901664	17.289165203360067	24.678468036638034	0.0
7.0	44.45129762300137	16.340086350049816	14.949945438155336	24.25867058879347	0.0
8.0	43.08480364257257	15.495162208309617	15.661164864352115	25.7588692847657	0.0
9.0	24.096728307254622	32.71692745376956	16.443812233285918	26.742532005689903	0.0
10.0	22.775514071827914	13.749644650810197	17.885909220126976	45.58893205723491	0.0
11.0	22.1969696969697	15.364583333333334	16.25	46.18844696969697	0.0
12.0	22.371534021008802	14.938014573672756	16.688747989022428	46.00170341629601	0.0
13.0	23.70261839493336	32.64013611872578	17.530012288496078	26.127233197844784	0.0
14.0	23.17101969489444	16.058187314032022	35.129646247579466	25.641146743494076	0.0
15.0	38.615449955169645	16.950592232551557	17.469680524751073	26.96427728752772	0.0
16.0	21.984344053569743	16.561350561161937	16.50004715646515	44.95425822880317	0.0
17.0	24.1769111205313	31.538787621873677	16.951627337384014	27.332673920211015	0.0
18.0	21.63561076604555	16.977225672877847	17.174854131375874	44.21230942970074	0.0
19.0	24.4102997838549	33.323935720327036	16.05112301475425	26.21464148106381	0.0
20.0	23.261705920990895	15.754902880735667	16.79647180257108	44.186919395702354	0.0
21.0	22.941369452125414	15.587945821811877	18.779584758869568	42.69109996719314	0.0
22.0	24.302042345887205	15.415964024732995	34.24676784710511	26.035225782274686	0.0
23.0	22.398052343274497	16.274170139051453	17.018587012500586	44.30919050517346	0.0
24.0	41.27444558809769	14.176101805932442	16.833536071863012	27.71591653410686	0.0
25.0	25.203442147600786	14.928444486016277	31.98017023664765	27.887943129735294	0.0
26.0	42.186696582994436	14.07002290468845	15.159164212592904	28.58411629972421	0.0
27.0	23.47415646322086	16.651088886811852	14.150855220114028	45.72389942985326	0.0
28.0	23.610462400747316	31.943017281644092	13.89070527790752	30.555815039701073	0.0
29.0	25.175086375945465	13.049771220468765	14.823979830049492	46.95116257353627	0.0
30.0	24.614880367092756	14.393407313761298	31.680479468090088	29.311232851055856	0.0
31.0	26.41765863717312	12.953416440153717	15.399756303308651	45.229168619364515	0.0
32.0	23.711340206185564	16.47610121836926	15.06560449859419	44.74695407685098	0.0
33.0	25.715490186894	32.647899199025716	15.124830202819803	26.51178041126048	0.0
34.0	25.938215637706218	14.268355376921999	16.558396036827595	43.23503294854419	0.0
35.0	23.549488054607508	32.31100098181308	15.489270185609424	28.650240777969984	0.0
36.0	25.217350659063285	13.377582499766289	15.490324390015891	45.91474245115453	0.0
37.0	42.82038085434895	16.562953258784447	15.748841996911992	24.867823889954614	0.0
38.0	41.39948513924644	16.821904984788205	14.242920664638428	27.535689211326936	0.0
39.0	43.5631968518692	15.047315656329054	14.288391267684814	27.101096224116933	0.0
40.0	23.530515550968712	32.842332410751986	16.320307735610076	27.30684430266923	0.0
41.0	25.022387707970022	13.456190790403921	34.7645755761889	26.75684592543715	0.0
42.0	43.53735076211599	15.553772828087395	15.709499315747252	25.199377094049364	0.0
43.0	42.51539554713406	16.617716721932734	15.338702036949314	25.528185693983897	0.0
44.0	26.227715711908722	32.631328737817924	13.44901354884716	27.691942001426195	0.0
45.0	31.620466747014355	15.980059165114497	17.524926043606882	34.87454804426427	0.0
46.0	30.27771505983292	16.538722059155567	19.27636035222398	33.907202528787536	0.0
47.0	30.551244467436916	17.307581766971317	19.69879864344427	32.442375122147496	0.0
48.0	28.243484264426673	18.882687992635635	18.773373223635005	34.10045451930269	0.0
49.0	30.225468767974235	17.87070056367192	19.14759001495456	32.75624065339929	0.0
50.0	28.882237826637503	21.255899620122022	18.026936802118108	31.834925751122366	0.0
51.0	30.38521333563655	19.030344907007542	18.1032993608568	32.48114239649911	0.0
52.0	28.49081591524155	17.11867334600104	20.18771232797835	34.20279841077906	0.0
53.0	30.080598733448475	18.37651122625216	20.679332181922856	30.86355785837651	0.0
54.0	27.24340513765695	23.321045962446725	19.312291210690013	30.123257689206312	0.0
55.0	30.171073094867808	18.31691722827026	18.921721099015034	32.5902885778469	0.0
56.0	28.266758891002365	18.640843852671622	19.960804657328953	33.13159259899706	0.0
57.0	30.076661479047782	17.712836474724767	19.638019482390916	32.57248256383653	0.0
58.0	31.460997810807694	18.608134577716324	17.55962668510197	32.37124092637401	0.0
59.0	29.09080433279557	18.713989398478912	20.096796496888683	32.09840977183683	0.0
60.0	29.870354364736386	17.758571016997983	20.587726879861712	31.783347738403915	0.0
61.0	30.41323266670509	17.716558123451097	19.872053483949053	31.99815572589476	0.0
62.0	28.00807149034304	19.106370712020755	20.939752089939464	31.945805707696746	0.0
63.0	32.99884659746252	17.675893886966552	18.633217993079583	30.692041522491348	0.0
64.0	27.342487883683358	18.25525040387722	21.67089776136626	32.73136395107316	0.0
65.0	30.703070884322326	18.656199492034172	19.57400138536135	31.066728238282153	0.0
66.0	29.154872624342904	16.752353994569926	21.783836866732138	32.30893651435503	0.0
67.0	29.248281042352804	18.275842144796904	19.541226093488184	32.93465071936211	0.0
68.0	26.524830895531014	18.864542984332545	20.755044227322657	33.85558189281379	0.0
69.0	27.0561017929439	20.4973973395026	21.16252168883748	31.28397917871602	0.0
70.0	28.494467937206743	19.498349070265885	19.063893877078144	32.943289115449225	0.0
71.0	28.625202687051193	19.62010655547834	19.498494324762568	32.2561964327079	0.0
72.0	28.66906058148963	18.86945441908954	20.56643113633731	31.89505386308352	0.0
73.0	29.89111548708444	16.946600254836095	20.8270589598054	32.33522529827407	0.0
74.0	29.37974170382811	18.775699310824116	21.306538483813053	30.538020501534717	0.0
75.0	29.164011355077925	18.8285730838306	22.33937778807717	29.668037773014312	0.0
76.0	29.72878998609179	18.810848400556328	19.494668521094113	31.965693092257762	0.0
77.0	29.164976531262678	18.664889610013326	18.757605609317956	33.41252824940604	0.0
78.0	29.511332676366585	19.059764651324564	18.64819430757637	32.78070836473248	0.0
79.0	28.210048848569436	19.80111653872994	17.90532682019074	34.083507792509884	0.0
80.0	29.3084394811842	17.053451986273483	20.630489152562088	33.00761937998023	0.0
81.0	26.628252138990742	18.19451719923171	19.806763285024154	35.37046737675339	0.0
82.0	29.264885629474417	17.094464815784878	20.476107327862174	33.16454222687853	0.0
83.0	28.74607055536151	18.35487251135173	20.887181278379323	32.01187565490744	0.0
84.0	27.286487745240727	17.8319846306107	21.23187983932002	33.64964778482855	0.0
85.0	30.520123478362166	17.28114625196575	19.82060690779894	32.37812336187314	0.0
86.0	29.553264604810998	17.939309220106008	21.014619372124177	31.49280680295882	0.0
87.0	31.440055924501927	17.802633111965513	21.793079342887104	28.964231620645464	0.0
88.0	30.894261578794058	18.141567142441016	17.838625109233906	33.12554616953102	0.0
89.0	31.024833857992306	16.89984843185263	18.351404920135245	33.723912790019824	0.0
90.0	30.968757286080674	16.15178363254838	19.49172301235719	33.387736069013755	0.0
91.0	28.913626296771184	20.28791234409605	17.28056883086607	33.5178925282667	0.0
92.0	28.823735136395428	17.64397295406855	18.48915831196083	35.04313359757519	0.0
93.0	31.972947761194032	17.648087686567166	19.327192164179106	31.0517723880597	0.0
94.0	30.42057982850143	17.07402438313014	18.72484395963367	33.78055182873476	0.0
95.0	30.802894153343445	16.192087758198156	20.434123001517097	32.5708950869413	0.0
96.0	30.433006535947708	16.345704948646127	19.607843137254903	33.61344537815126	0.0
97.0	30.01225704780249	17.399171190100976	19.74552034086266	32.843051421233874	0.0
98.0	31.768826619964972	19.29363689433742	18.038528896672503	30.8990075890251	0.0
99.0	28.73241081333567	18.643078180650434	20.937700706486833	31.686810299527064	0.0
100.0	31.425219941348974	16.404692082111435	19.255131964809387	32.914956011730204	0.0
101.0	31.33678512591198	18.392562955989643	19.76347375853142	30.507178159566955	0.0
102.0	30.739253660840816	17.170524326877658	19.715399149740197	32.37482286254133	0.0
103.0	29.80752146875925	19.384068700029612	19.301154871187446	31.50725496002369	0.0
104.0	28.618088960152026	17.833600570105112	18.84910030286834	34.699210166874515	0.0
105.0	29.539085325860114	17.53026056883907	19.843777950032795	33.08687615526802	0.0
106.0	31.661085864625687	19.08634298014829	18.087778043530257	31.164793111695765	0.0
107.0	29.00593916851641	18.927350170976062	19.34729137920691	32.71941928130062	0.0
108.0	33.483808835921515	17.978813049235583	16.93150355122186	31.605874563621043	0.0
109.0	30.172726174658777	17.27261746587752	20.123203285420946	32.43145307404276	0.0
110.0	26.193650024236547	18.904507998061078	20.358700920988852	34.54314105671352	0.0
111.0	31.96064139941691	17.766034985422742	19.40597667638484	30.86734693877551	0.0
112.0	28.08845029239766	18.457602339181285	20.21807992202729	33.23586744639376	0.0
113.0	29.64817981920352	17.54214512582458	17.99413633032006	34.815538724651844	0.0
114.0	30.818265399938703	16.94759423843089	19.454489733374196	32.779650628256206	0.0
115.0	26.837827853712596	20.47161679596109	18.47063169560399	34.21992365472232	0.0
116.0	29.577029947514667	17.740043223217043	18.66625501698055	34.01667181228774	0.0
117.0	29.63582311408398	18.679549114331724	20.35178991700731	31.332837854576983	0.0
118.0	29.287222153234822	17.068173351546008	20.824537439463555	32.82006705575562	0.0
119.0	25.97507788161994	19.021806853582554	22.46105919003115	32.54205607476636	0.0
120.0	27.09895052473763	21.14567716141929	19.365317341329337	32.390054972513745	0.0
121.0	30.666499467051228	18.371057746567182	19.167345915104395	31.795096871277195	0.0
122.0	27.021249842826606	18.169244310323148	19.583804853514398	35.22570099333585	0.0
123.0	30.974624416109076	16.670874889534147	19.36624163615705	32.98825905819972	0.0
124.0	30.81701210623059	17.696647017810736	20.219306585535907	31.267034290422767	0.0
125.0	28.006872852233677	18.213058419243985	18.71579483263332	35.064273895889016	0.0
126.0	30.348480980342096	18.477150880776104	18.38779678325249	32.786571355629306	0.0
127.0	30.08968609865471	17.546444586803332	19.609224855861626	32.75464445868033	0.0
128.0	30.26874115983027	18.297544040118296	19.44837340876945	31.985341391281985	0.0
129.0	31.34203048307931	17.476104365796953	17.908809093257556	33.273056057866185	0.0
130.0	30.672377985462095	18.62019730010384	16.906801661474557	33.8006230529595	0.0
131.0	30.6844850065189	19.328552803129075	18.97653194263364	31.010430247718386	0.0
132.0	29.635198744769873	16.736401673640167	21.718096234309623	31.910303347280333	0.0
133.0	28.271426696416853	19.35949599684998	19.79918624491403	32.569891061819135	0.0
134.0	27.546921303918342	19.91438919986829	18.985841290747448	33.55284820546592	0.0
135.0	28.723404255319153	17.19968283335536	21.620192943042156	32.45671996828334	0.0
136.0	28.07378408864707	17.901930860593193	19.142724437661734	34.881560613098	0.0
137.0	29.658984947382443	16.431330757959238	19.308645264419873	34.60103903023845	0.0
138.0	27.59612169842862	18.408559010364424	18.996990972918756	34.998328318288195	0.0
139.0	29.86646983828759	17.922565926323557	19.163926726162515	33.04703750922633	0.0
140.0	28.65426105717368	18.1566882416397	21.338996763754047	31.850053937432577	0.0
141.0	29.927599972934573	18.133838554706003	19.74423168008661	32.19432979227282	0.0
142.0	31.223685997555346	18.002173027298653	18.43677848702974	32.337362488116256	0.0
143.0	33.16072766914219	18.982080806704367	19.66341895482728	28.193772569326157	0.0
144.0	31.51884018327293	17.472474868358066	17.916980099842714	33.09170484852629	0.0
145.0	29.82082789867509	18.411477998215144	19.29017642616874	32.477517676941034	0.0
146.0	29.583879649437584	19.06700710786005	17.707542612656134	33.64157063004624	0.0
147.0	29.028008874098727	18.566278424847475	19.11397670549085	33.29173599556295	0.0
148.0	28.47493036211699	18.16852367688022	19.7075208913649	33.64902506963789	0.0
149.0	29.95523849489439	19.06560358092041	18.261295286053993	32.71786263813121	0.0
150.0	28.30851362742343	18.08092160719303	19.310199494239953	34.300365271143576	0.0
151.0	29.312654212195984	18.99894254494184	20.542826929855483	31.145576313006696	0.0
152.0	28.78691310813682	18.185680900786064	17.42086254514553	35.60654344593159	0.0
153.0	30.15150437442208	17.568817127818477	20.335728003414182	31.94395049434526	0.0
154.0	30.20349875044627	17.70796144234202	19.564441270974655	32.524098536237055	0.0
155.0	28.85443583118002	20.07608383577376	18.489807637094458	32.579672695951764	0.0
156.0	30.155066714749367	17.07897583844212	20.20194734944104	32.56401009736747	0.0
157.0	30.624818788054508	18.331400405914756	19.933314004059145	31.110466801971587	0.0
158.0	28.35201630513903	20.476051827049062	18.372397728927066	32.799534138884844	0.0
159.0	32.48794035959655	15.809092237976904	19.938605467036982	31.764361935389562	0.0
160.0	27.260042593816554	18.05830946610854	21.047220386281854	33.63442755379305	0.0
161.0	29.611578791906663	17.50110766504209	19.79028208536405	33.097031457687194	0.0
162.0	29.743361519062457	18.51357365376057	20.64975522919448	31.093309597982493	0.0
163.0	29.014462501863726	18.271954674220964	19.06217384821828	33.65140897569703	0.0
164.0	27.89095266626723	17.705212702216897	20.011983223487118	34.391851408028764	0.0
165.0	29.01987353206865	16.629027401385123	21.115627822944898	33.235471243601324	0.0
166.0	26.621754598440695	20.081750056770872	20.634319884944365	32.662175459844065	0.0
167.0	28.84747052111069	17.147204260174973	20.639026245720807	33.36629897299353	0.0
168.0	30.086398042663813	17.853046869026684	18.801131584983562	33.25942350332594	0.0
169.0	27.40347638824796	18.466389786186742	21.027534225503768	33.10259960006153	0.0
170.0	27.52378742167556	17.14241510017792	18.558056780382145	36.77574069776437	0.0
171.0	30.446949086669257	17.007384376214535	18.958414302370773	33.587252234745435	0.0
172.0	29.103836237206032	19.689038206109853	17.52480662551762	33.6823189311665	0.0
173.0	29.151610369206598	17.101335428122542	19.332285938727413	34.414768263943444	0.0
174.0	31.199114694490554	18.55189313097779	18.749505967907677	31.499486206623985	0.0
175.0	28.612303290414882	18.160864727388333	20.791607057701476	32.43522492449531	0.0
176.0	29.542911938628734	17.004954451014864	17.444462202333387	36.007671408023015	0.0
177.0	27.938931297709924	18.915226998794697	19.389312977099237	33.75652872639615	0.0
178.0	27.346212917306605	19.675046479670197	19.73971384690001	33.23902675612319	0.0
179.0	28.863044892648016	17.93266102797658	20.59206245933637	32.61223162003904	0.0
180.0	31.05340760157274	15.923984272608127	19.1759501965924	33.84665792922674	0.0
181.0	29.1580770182238	19.097880761936175	17.852725323657953	33.89131689618207	0.0
182.0	29.64807436918991	17.795484727755646	19.704515272244354	32.85192563081009	0.0
183.0	29.381830316175854	20.04671727705014	19.54617502294152	31.025277383832485	0.0
184.0	31.207461557852284	18.97319552978741	17.763213175363415	32.056129736996894	0.0
185.0	28.82144064930673	19.715928305715252	20.37538045316199	31.08725059181603	0.0
186.0	28.6164325244785	18.4078331204768	21.030225627926775	31.94550872711792	0.0
187.0	29.709771595397562	21.612570839773312	17.49098402885111	31.186673535978017	0.0
188.0	29.095629597576806	18.018173950670704	19.186499350930333	33.699697100822156	0.0
189.0	29.9398587989192	18.146953717423518	19.95118974984747	31.961997733809817	0.0
190.0	31.07419127988748	18.398382559774966	17.64240506329114	32.88502109704641	0.0
191.0	28.356358483882392	17.747077577045697	19.075451647183847	34.82111229188806	0.0
192.0	30.9445089804307	18.80975784112233	18.559556786703602	31.686176391743366	0.0
193.0	31.115107913669064	17.535971223021583	18.56115107913669	32.78776978417266	0.0
194.0	30.13673820519786	18.09290953545232	20.47450873856742	31.295843520782395	0.0
195.0	29.494433290746485	19.50173389304618	19.09107501368863	31.91275780251871	0.0
196.0	29.61938991797991	19.887567966086074	18.293244862224682	32.199797253709335	0.0
197.0	28.91891891891892	19.3569431500466	20.689655172413794	31.03448275862069	0.0
198.0	28.792334693103122	20.994213072763497	19.438383455080164	30.77506877905322	0.0
199.0	27.671151563118322	21.893549663632765	18.529877324891174	31.905421448357735	0.0
200.0	23.260643821391486	19.16464751355717	21.437637013961	36.13707165109034	0.0
201.0	31.29128137384412	17.37120211360634	18.90686922060766	32.43064729194188	0.0
202.0	29.648743133011486	17.879141002164143	20.52605293823872	31.94606292658565	0.0
203.0	30.098877157700688	18.836936483995306	20.64689123512653	30.417295123177475	0.0
204.0	29.927621612523144	18.734219828311733	22.538293216630198	28.799865342534925	0.0
205.0	30.593220338983052	16.559322033898304	23.25423728813559	29.593220338983052	0.0
206.0	28.2686720218766	21.60314476157922	20.73149888907879	29.39668432746539	0.0
207.0	29.012239269091534	18.945009481123947	20.272366833304602	31.770384416479917	0.0
208.0	28.873850425125802	16.3803574527156	22.366822835328822	32.37896928682978	0.0
209.0	27.228241873470814	18.053128276826286	20.39496679482698	34.32366305487592	0.0
210.0	29.560632688927946	17.0298769771529	21.23022847100176	32.1792618629174	0.0
211.0	30.466394750842348	17.981911686469232	20.837027841815924	30.714665720872496	0.0
212.0	26.625	17.25	22.82142857142857	33.30357142857142	0.0
213.0	29.706887250494518	20.068333033627045	17.838518252112927	32.38626146376551	0.0
214.0	29.891304347826086	20.797101449275363	20.47101449275362	28.840579710144926	0.0
215.0	28.117582618221654	18.751141135658205	19.536242468504657	33.595033777615484	0.0
216.0	31.408008857722823	17.67853847573353	21.479977855692933	29.43347481085071	0.0
217.0	26.04555638536221	21.023151605675878	22.796863330843912	30.134428678118	0.0
218.0	27.690238278247502	18.274404304381246	19.350499615680246	34.684857801691	0.0
219.0	22.40752619200342	22.386144964720973	25.187085738721404	30.0192431045542	0.0
220.0	14.29485129517109	25.263831148065236	20.179085385353375	40.2622321714103	0.0
