#Position (bp)	Coverage
38.0	1470.9333333333334
113.0	2308.6266666666666
188.0	2306.68
263.0	2025.48
338.0	6395.493333333333
413.0	6201.266666666666
488.0	5720.733333333334
563.0	6227.0
638.0	5760.76
713.0	8538.066666666668
788.0	6223.8133333333335
863.0	5029.373333333333
938.0	8498.786666666667
1013.0	12577.026666666667
1088.0	7097.666666666667
1163.0	9574.453333333333
1238.0	9192.16
1313.0	7657.106666666667
1388.0	6595.48
1463.0	6873.346666666666
1538.0	8177.2
1613.0	9621.0
1688.0	6857.013333333333
1763.0	7202.506666666667
1838.0	8270.613333333333
1913.0	17755.12
1988.0	9645.813333333334
2063.0	11253.746666666666
2138.0	9124.72
2213.0	11382.746666666666
2288.0	6463.88
2363.0	6063.8533333333335
2438.0	6564.72
2513.0	12002.133333333333
2588.0	12650.786666666667
2663.0	13468.826666666666
2738.0	11747.946666666667
2813.0	12344.306666666667
2888.0	13875.066666666668
2963.0	5270.586666666667
3038.0	4644.8133333333335
3113.0	5369.693333333334
3188.0	10528.346666666666
3263.0	5582.173333333333
3338.0	7093.986666666667
3413.0	5752.493333333333
3488.0	9723.146666666667
3563.0	7048.173333333333
3638.0	6102.973333333333
3713.0	7214.84
3788.0	9658.146666666667
3863.0	5480.68
3938.0	7533.786666666667
4013.0	6295.586666666667
4088.0	17899.72
4163.0	21524.36
4238.0	16126.226666666667
4313.0	22991.68
4388.0	16951.213333333333
4463.0	15805.853333333333
4538.0	10903.146666666667
4613.0	12668.266666666666
4688.0	17320.84
4763.0	8025.0
4838.0	11535.626666666667
4913.0	9221.64
4988.0	12057.053333333333
5063.0	4574.786666666667
5138.0	5481.8533333333335
5213.0	5515.026666666667
5288.0	12894.893333333333
5363.0	14100.506666666666
5438.0	13488.04
5513.0	12878.76
5588.0	20889.506666666668
5663.0	7438.946666666667
5738.0	9980.706666666667
5813.0	7347.266666666666
5888.0	8754.92
5963.0	4379.626666666667
6038.0	2583.84
6113.0	3808.76
6188.0	12000.32
6263.0	10808.2
6338.0	9956.746666666666
6413.0	9176.773333333333
6488.0	14307.44
6563.0	4892.973333333333
6638.0	4303.72
6713.0	5117.7733333333335
6788.0	3913.0
6863.0	4173.92
6938.0	607.7733333333333
7013.0	1670.7466666666667
7088.0	8256.533333333333
7163.0	5367.1866666666665
7238.0	4826.693333333334
7313.0	6099.253333333333
7388.0	8872.92
7463.0	5000.466666666666
7538.0	4923.44
7613.0	5864.84
7688.0	6032.866666666667
7763.0	4761.493333333333
7838.0	4236.76
7913.0	3753.44
7988.0	11481.88
8063.0	3495.213333333333
8138.0	4990.786666666667
8213.0	3910.0
8288.0	8335.013333333334
8363.0	2245.346666666667
8438.0	2101.0533333333333
8513.0	2313.1066666666666
8588.0	2191.9466666666667
8663.0	5299.426666666666
8738.0	3952.2
8813.0	4196.266666666666
8888.0	5528.92
8963.0	15779.08
9038.0	8523.453333333333
9113.0	11619.826666666666
9188.0	14334.173333333334
9263.0	30134.946666666667
9338.0	24421.586666666666
9413.0	29710.96
9488.0	31875.346666666668
9563.0	33253.12
9638.0	24062.653333333332
9713.0	21766.76
9788.0	24142.32
9863.0	23360.093333333334
9938.0	16402.666666666668
10013.0	15460.053333333333
10088.0	20587.586666666666
10163.0	13785.826666666666
10238.0	5579.84
10313.0	6592.733333333334
10388.0	27372.333333333332
10463.0	31331.48
10538.0	28951.093333333334
10613.0	28180.28
10688.0	41895.2
10763.0	41766.32
10838.0	28807.893333333333
10913.0	39865.89333333333
10988.0	48723.48
11063.0	50055.16
11138.0	41895.0
11213.0	51593.89333333333
11288.0	53612.21333333333
11363.0	72250.96
11438.0	37545.46666666667
11513.0	41818.04
11588.0	50514.48
11663.0	41371.746666666666
11738.0	31243.4
11813.0	24412.773333333334
11888.0	31267.88
11963.0	13266.64
12038.0	9431.666666666666
12113.0	13101.986666666666
12188.0	14887.146666666667
12263.0	8570.253333333334
12338.0	8947.573333333334
12413.0	12086.213333333333
12488.0	15023.506666666666
12563.0	10225.386666666667
12638.0	9551.48
12713.0	13704.92
12788.0	14747.44
12863.0	8629.146666666667
12938.0	8764.746666666666
13013.0	30054.093333333334
13088.0	31125.24
13163.0	46638.68
13238.0	33994.013333333336
13313.0	35151.50666666667
13388.0	39158.62666666666
13463.0	27026.253333333334
13538.0	33756.94666666666
13613.0	20630.306666666667
13688.0	27886.146666666667
13763.0	33820.666666666664
13838.0	29224.426666666666
13913.0	26409.08
13988.0	22360.08
14063.0	13527.92
14138.0	14346.226666666667
14213.0	19789.093333333334
14288.0	13417.133333333333
14363.0	15714.106666666667
14438.0	9562.066666666668
14513.0	14027.0
14588.0	17813.893333333333
14663.0	6659.4
14738.0	8877.08
14813.0	8166.373333333333
14888.0	11274.533333333333
14963.0	6054.24
15038.0	5789.92
15113.0	7407.746666666667
15188.0	10414.8
15263.0	8654.706666666667
15338.0	9029.573333333334
15413.0	8848.453333333333
15488.0	15231.933333333332
15563.0	11360.026666666667
15638.0	10674.773333333333
15713.0	10852.786666666667
15788.0	8742.84
15863.0	16333.96
15938.0	12043.173333333334
16013.0	11684.0
16088.0	11248.213333333333
16163.0	17718.97333333333
16238.0	13897.146666666667
16313.0	10645.413333333334
16388.0	10450.706666666667
16463.0	15095.493333333334
16538.0	5597.1866666666665
16613.0	5369.253333333333
16688.0	6804.453333333333
16763.0	12072.933333333332
16838.0	16079.8
16913.0	14846.613333333333
16988.0	17298.04
17063.0	16238.613333333333
17138.0	21444.546666666665
17213.0	12502.853333333333
17288.0	10736.373333333333
17363.0	6754.2266666666665
17438.0	16177.346666666666
17513.0	5744.04
17588.0	5239.866666666667
17663.0	6091.426666666666
17738.0	14693.826666666666
17813.0	7561.426666666666
17888.0	11412.933333333332
17963.0	11030.826666666666
18038.0	10341.066666666668
18113.0	15561.066666666668
18188.0	12138.453333333333
18263.0	14471.666666666666
18338.0	15352.013333333334
18413.0	13744.6
18488.0	13943.653333333334
18563.0	10586.92
18638.0	18431.0
18713.0	8741.28
18788.0	9540.786666666667
18863.0	8354.626666666667
18938.0	12485.48
19013.0	6775.92
19088.0	8673.493333333334
19163.0	5894.293333333333
19238.0	8133.026666666667
19313.0	890.3866666666667
19388.0	36.74666666666667
19463.0	58.18666666666667
19538.0	386.2266666666667
19613.0	2346.44
19688.0	2180.16
19763.0	2135.9066666666668
19838.0	4100.52
19913.0	9754.493333333334
19988.0	5379.48
20063.0	8791.053333333333
20138.0	6627.986666666667
20213.0	7004.786666666667
20288.0	7413.64
20363.0	6638.533333333334
20438.0	7978.8
20513.0	13127.84
20588.0	11240.933333333332
20663.0	12699.973333333333
20738.0	10138.76
20813.0	16382.666666666666
20888.0	7791.56
20963.0	4801.24
21038.0	5518.893333333333
21113.0	5744.333333333333
21188.0	1780.6
21263.0	1149.4
21338.0	1159.64
21413.0	2919.5733333333333
21488.0	1339.4133333333334
21563.0	1098.6533333333334
21638.0	2059.0
21713.0	5458.56
21788.0	4637.88
21863.0	3612.4533333333334
21938.0	3716.2266666666665
22013.0	4960.266666666666
22088.0	2893.733333333333
22163.0	2345.826666666667
22238.0	2684.173333333333
22313.0	3120.346666666667
22388.0	735.8933333333333
22463.0	911.3733333333333
22538.0	4987.893333333333
22613.0	5873.506666666667
22688.0	8482.92
22763.0	7345.76
22838.0	14699.253333333334
22913.0	14590.306666666667
22988.0	14959.52
23063.0	18328.76
23138.0	15398.533333333333
23213.0	15716.16
23288.0	13569.04
23363.0	12777.16
23438.0	12462.12
23513.0	13235.76
23588.0	4045.2266666666665
23663.0	4042.0933333333332
23738.0	4178.8
23813.0	4636.933333333333
23888.0	3384.36
23963.0	2256.826666666667
24038.0	2918.2
24113.0	5519.2266666666665
24188.0	4878.266666666666
24263.0	4757.706666666667
24338.0	3537.2933333333335
24413.0	8326.253333333334
24488.0	5284.293333333333
24563.0	6332.626666666667
24638.0	5662.12
24713.0	19955.28
24788.0	16652.92
24863.0	14684.826666666666
24938.0	18787.346666666668
25013.0	23213.426666666666
25088.0	17702.36
25163.0	18481.733333333334
25238.0	20633.773333333334
25313.0	24374.12
25388.0	15807.48
25463.0	14626.293333333333
25538.0	13111.64
25613.0	25359.626666666667
25688.0	10060.373333333333
25763.0	9454.786666666667
25838.0	11652.96
25913.0	13254.026666666667
25988.0	15415.026666666667
26063.0	16712.81333333333
26138.0	9727.12
26213.0	16827.293333333335
26288.0	16722.133333333335
26363.0	12813.506666666666
26438.0	11834.32
26513.0	14291.8
26588.0	20748.16
26663.0	13366.066666666668
26738.0	12653.346666666666
26813.0	16166.986666666666
26888.0	26990.746666666666
26963.0	16382.093333333334
27038.0	13539.08
27113.0	16678.96
27188.0	21565.893333333333
27263.0	12471.586666666666
27338.0	10697.026666666667
27413.0	12627.026666666667
27488.0	12936.293333333333
27563.0	448.4
27638.0	667.2133333333334
27713.0	531.72
27788.0	1298.4666666666667
27863.0	1723.1733333333334
27938.0	1702.04
28013.0	2176.133333333333
28088.0	4549.413333333333
28163.0	4946.426666666666
28238.0	4723.706666666667
28313.0	5376.76
28388.0	12294.386666666667
28463.0	18873.306666666667
28538.0	13403.48
28613.0	18305.666666666668
28688.0	19135.72
28763.0	16135.106666666667
28838.0	13160.746666666666
28913.0	13539.56
28988.0	14449.373333333333
29063.0	18968.906666666666
29138.0	14831.346666666666
29213.0	13933.066666666668
29288.0	14693.933333333332
29363.0	10517.306666666667
29438.0	289.4
29513.0	704.16
29588.0	829.5866666666667
29663.0	858.2933333333333
29738.0	462.4533333333333
29813.0	406.24
29877.0	10.39622641509434
