#Read position (bp)	Clipping profile
0.0	5.251740234733755
1.0	0.09025785243316169
2.0	0.0804403316421862
3.0	0.07252297616559307
4.0	0.07062281085121072
5.0	0.06998942241308327
6.0	0.06935603397495582
7.0	0.06872264553682837
8.0	0.06808925709870092
9.0	0.06808925709870092
10.0	0.06777256287963719
11.0	0.06682248022244602
12.0	0.06523900912712739
13.0	0.062072066936490145
14.0	0.06017190162210779
15.0	0.05542148833615192
16.0	0.05288793458364211
17.0	0.049720992393004856
18.0	0.04813752129768623
19.0	0.04655405020236761
20.0	0.04465388488798525
21.0	0.04117024847828428
22.0	0.03990347160202938
23.0	0.0389533889448382
24.0	0.038003306287647025
25.0	0.0376866120685833
26.0	0.03705322363045585
27.0	0.036736529411392126
28.0	0.036103140973264676
29.0	0.03546975253513722
30.0	0.24575471399345075
31.0	0.2926254584148821
32.0	0.4354545512126221
33.0	0.09659173681443618
34.0	0.2593725654131909
35.0	0.13522843154021066
36.0	0.4072687657159506
37.0	0.23467041632622038
38.0	0.5098776926925976
39.0	0.21408529208707824
40.0	0.6859596784920289
41.0	1.5670029959273124
42.0	0.9782684426878472
43.0	0.5681494290003231
44.0	0.6805758767679455
45.0	68.11522602466414
46.0	8.933943919787689
47.0	3.8782374066543794
48.0	0.3037097560821125
49.0	0.09849190212881853
50.0	0.13047801825425479
51.0	0.030402645030117623
52.0	0.178615539551941
53.0	0.16468099391313712
54.0	0.18558281237134297
55.0	0.1469461176455685
56.0	0.007600661257529406
57.0	0.15549686156028908
58.0	0.04655405020236761
59.0	0.006967272819401955
60.0	0.0728396703846568
61.0	0.06587239756525484
62.0	0.0066505786003382295
63.0	0.006333884381274504
64.0	0.050987769269259756
65.0	0.03990347160202938
66.0	0.006333884381274504
67.0	0.006333884381274504
68.0	0.0452872733261127
69.0	0.005700495943147053
70.0	0.07188958772746562
71.0	0.08424066227095091
72.0	0.08392396805188718
73.0	0.044970579107048984
74.0	0.12351074543485283
75.0	0.044337190668921535
76.0	0.27647405324263213
77.0	0.2729904168329311
78.0	0.08107372008031366
79.0	0.003166942190637252
80.0	0.0034836364097009776
81.0	0.0034836364097009776
82.0	0.02786909127760782
83.0	0.0034836364097009776
84.0	0.0034836364097009776
85.0	0.004117024847828428
86.0	0.004117024847828428
87.0	0.004750413285955878
88.0	0.03420297565888232
89.0	0.005067107505019604
90.0	0.005383801724083329
91.0	0.005067107505019604
92.0	0.005067107505019604
93.0	0.08487405070907836
94.0	0.036736529411392126
95.0	0.006017190162210779
96.0	0.006333884381274504
97.0	0.0066505786003382295
98.0	0.008234049695656855
99.0	0.08012363742312248
100.0	0.009184132352848031
101.0	0.009184132352848031
102.0	0.00855074391472058
103.0	0.04592066176424016
104.0	0.00855074391472058
105.0	0.008867438133784305
106.0	0.009184132352848031
107.0	0.009817520790975481
108.0	0.010450909229102932
109.0	0.010450909229102932
110.0	0.010134215010039208
111.0	0.010134215010039208
112.0	0.010134215010039208
113.0	0.010450909229102932
114.0	0.009817520790975481
115.0	0.010134215010039208
116.0	0.009184132352848031
117.0	0.009184132352848031
118.0	0.009184132352848031
119.0	0.009184132352848031
120.0	0.009500826571911756
121.0	0.010450909229102932
122.0	0.010134215010039208
123.0	0.010767603448166657
124.0	0.011400991886294107
125.0	0.011400991886294107
126.0	0.011400991886294107
127.0	0.011400991886294107
128.0	0.011400991886294107
129.0	0.011084297667230384
130.0	0.011400991886294107
131.0	0.012034380324421558
132.0	0.012034380324421558
133.0	0.012351074543485283
134.0	0.012667768762549008
135.0	0.012667768762549008
136.0	0.012667768762549008
137.0	0.012667768762549008
138.0	0.013301157200676459
139.0	0.014251239857867635
140.0	0.01456793407693136
141.0	0.01393454563880391
142.0	0.014251239857867635
143.0	0.015518016734122536
144.0	0.015518016734122536
145.0	0.015201322515058811
146.0	0.014884628295995087
147.0	0.01456793407693136
148.0	0.01456793407693136
149.0	0.01456793407693136
150.0	0.01456793407693136
151.0	0.014884628295995087
152.0	0.014251239857867635
153.0	0.014884628295995087
154.0	0.016151405172249986
155.0	0.01646809939131371
156.0	0.016784793610377435
157.0	0.016151405172249986
158.0	0.01646809939131371
159.0	0.016784793610377435
160.0	0.016151405172249986
161.0	0.01583471095318626
162.0	0.016151405172249986
163.0	0.01583471095318626
164.0	0.015518016734122536
165.0	0.01583471095318626
166.0	0.015518016734122536
167.0	0.015518016734122536
168.0	0.016151405172249986
169.0	0.016151405172249986
170.0	0.01646809939131371
171.0	0.01646809939131371
172.0	0.01710148782944116
173.0	0.016784793610377435
174.0	0.01773487626756861
175.0	0.018684958924759788
176.0	0.019001653143823512
177.0	0.018051570486632338
178.0	0.019635041581950962
179.0	0.019635041581950962
180.0	0.020901818458205865
181.0	0.02121851267726959
182.0	0.020901818458205865
183.0	0.02185190111539704
184.0	0.022168595334460767
185.0	0.022168595334460767
186.0	0.022485289553524492
187.0	0.022485289553524492
188.0	0.021535206896333314
189.0	0.02058512423914214
190.0	0.02058512423914214
191.0	0.020901818458205865
192.0	0.02121851267726959
193.0	0.020268430020078415
194.0	0.01995173580101469
195.0	0.020268430020078415
196.0	0.02121851267726959
197.0	0.02058512423914214
198.0	0.02375206642977939
199.0	0.025335537525098015
200.0	0.020901818458205865
201.0	0.00728396703846568
202.0	0.00728396703846568
203.0	0.00728396703846568
204.0	0.00728396703846568
205.0	0.00728396703846568
206.0	0.00728396703846568
207.0	0.00728396703846568
208.0	0.00728396703846568
209.0	0.00728396703846568
210.0	0.007600661257529406
211.0	0.007600661257529406
212.0	0.007600661257529406
213.0	0.007600661257529406
214.0	0.00791735547659313
215.0	0.00791735547659313
216.0	0.00791735547659313
217.0	0.007600661257529406
218.0	0.006967272819401955
219.0	0.00728396703846568
220.0	0.005700495943147053
