# Position (bp)	A	C	G	T	N
0.0	26.45741194186818	24.000524933227123	24.033909753717964	25.508153371186737	0.0
1.0	26.890391169825094	21.077921621976305	15.565721134793705	36.46596607340489	0.0
2.0	29.191380542697935	20.303931776360223	17.418680931220145	33.0860067497217	0.0
3.0	23.501551689904996	22.665979530722762	15.502367134973385	38.33010164439886	0.0
4.0	34.11329660094138	13.379085641109059	15.195044131710283	37.31257362623928	0.0
5.0	34.9509204535536	15.265074099120508	23.81432212623903	25.96968332108687	0.0
6.0	32.01389667674764	17.68829704327845	21.062830559531857	29.23497572044204	0.0
7.0	35.55322919804292	17.594566476054414	20.244701788391655	26.607502537511003	0.0
8.0	23.50667574533154	26.48234283424763	23.049353973914467	26.96162744650637	0.0
9.0	27.563261657982107	19.000615632932554	15.695259885415094	37.74086282367025	0.0
10.0	26.911861410330356	16.79384222029817	24.568920974435304	31.72537539493617	0.0
11.0	28.134826461182882	19.13841432951047	19.143607194591546	33.583152014715104	0.0
12.0	25.97538452453687	20.87691044988341	20.321869576466817	32.8258354491129	0.0
13.0	27.401350455716	21.2099142542722	19.102737662931	32.2859976270808	0.0
14.0	30.65475165284622	18.921207531493238	19.866529122649258	30.557511693011286	0.0
15.0	29.822002570791962	18.598537658113674	20.518991252936043	31.060468518158324	0.0
16.0	29.157147493167045	18.322681269193204	18.700038098276977	33.820133139362774	0.0
17.0	30.085245865974354	18.109890348963123	19.944020655430222	31.8608431296323	0.0
18.0	32.338224123020915	17.733129210138028	19.14534246621465	30.783304200626404	0.0
19.0	30.716457393772238	18.47941255616647	20.076846633327005	30.727283416734284	0.0
20.0	30.331369541113894	17.68472290172639	20.298275062307905	31.685632494851813	0.0
21.0	29.39280773941504	19.086550427640855	19.760923599616376	31.75971823332773	0.0
22.0	30.239244747630643	18.844648383464985	22.79205463153061	28.124052237373764	0.0
23.0	29.862483608805547	20.380169523087787	21.478130268135725	28.27921659997094	0.0
24.0	33.313796419487154	19.493419824105615	17.656893806815578	29.535889949591652	0.0
25.0	29.809622573242063	21.006887474369133	19.833973355033724	29.349516597355084	0.0
26.0	31.285095544832554	17.029515416334394	22.703594628117045	28.981794410716	0.0
27.0	26.387848229517903	20.823466673849484	24.863787652480518	27.924897444152098	0.0
28.0	27.30422704397515	19.696511352949845	19.400401495234348	33.59886010784066	0.0
29.0	27.89494458397122	20.83189698598859	17.555380416864043	33.71777801317615	0.0
30.0	27.0720450986273	19.17041917770972	15.94100679032397	37.81652893333901	0.0
31.0	34.62537565763266	14.841184973148117	18.641493945166122	31.891945424053098	0.0
32.0	34.12906448903052	15.49825408912428	23.214898614074798	27.1577828077704	0.0
33.0	31.492568574899337	18.065803976452198	20.603476103909344	29.83815134473912	0.0
34.0	33.24292345421629	17.016562087615643	21.687486563205898	28.053027894962174	0.0
35.0	27.041241620172713	20.43206359361119	25.47891316948876	27.04778161672734	0.0
