#Position (bp)	Coverage
38.0	1983.8666666666666
113.0	24.30666666666667
188.0	4.24
263.0	4.04
338.0	7.346666666666667
413.0	9.093333333333334
488.0	7.693333333333333
563.0	7.973333333333334
638.0	11.493333333333334
713.0	25.773333333333333
788.0	9.32
863.0	13.24
938.0	16.893333333333334
1013.0	20.28
1088.0	8.173333333333334
1163.0	9.293333333333333
1238.0	12.573333333333334
1313.0	19.88
1388.0	10.813333333333333
1463.0	8.64
1538.0	8.573333333333334
1613.0	18.106666666666666
1688.0	8.986666666666666
1763.0	11.4
1838.0	12.04
1913.0	21.413333333333334
1988.0	12.093333333333334
2063.0	13.933333333333334
2138.0	12.76
2213.0	20.08
2288.0	9.346666666666666
2363.0	8.186666666666667
2438.0	7.386666666666667
2513.0	11.226666666666667
2588.0	10.866666666666667
2663.0	7.0
2738.0	7.826666666666667
2813.0	9.573333333333334
2888.0	10.24
2963.0	3.7466666666666666
3038.0	4.986666666666666
3113.0	4.666666666666667
3188.0	13.146666666666667
3263.0	9.653333333333334
3338.0	11.826666666666666
3413.0	10.4
3488.0	18.813333333333333
3563.0	9.773333333333333
3638.0	10.693333333333333
3713.0	8.453333333333333
3788.0	10.6
3863.0	7.733333333333333
3938.0	5.56
4013.0	5.533333333333333
4088.0	10.48
4163.0	9.373333333333333
4238.0	9.733333333333333
4313.0	12.613333333333333
4388.0	12.906666666666666
4463.0	5.866666666666666
4538.0	6.666666666666667
4613.0	7.68
4688.0	13.093333333333334
4763.0	9.306666666666667
4838.0	12.826666666666666
4913.0	11.573333333333334
4988.0	13.453333333333333
5063.0	5.0
5138.0	6.28
5213.0	4.346666666666667
5288.0	7.76
5363.0	4.0
5438.0	5.533333333333333
5513.0	6.173333333333333
5588.0	12.533333333333333
5663.0	10.026666666666667
5738.0	9.6
5813.0	8.013333333333334
5888.0	10.826666666666666
5963.0	7.933333333333334
6038.0	5.1066666666666665
6113.0	5.36
6188.0	11.08
6263.0	12.52
6338.0	12.066666666666666
6413.0	9.493333333333334
6488.0	11.68
6563.0	8.506666666666666
6638.0	5.266666666666667
6713.0	10.226666666666667
6788.0	14.0
6863.0	11.893333333333333
6938.0	7.84
7013.0	9.053333333333333
7088.0	10.56
7163.0	4.0
7238.0	3.7866666666666666
7313.0	7.52
7388.0	11.32
7463.0	7.466666666666667
7538.0	9.36
7613.0	12.8
7688.0	14.466666666666667
7763.0	9.0
7838.0	10.586666666666666
7913.0	9.64
7988.0	16.226666666666667
8063.0	8.0
8138.0	10.8
8213.0	10.08
8288.0	15.973333333333333
8363.0	7.8933333333333335
8438.0	5.08
8513.0	8.906666666666666
8588.0	12.413333333333334
8663.0	10.64
8738.0	6.0
8813.0	6.653333333333333
8888.0	12.28
8963.0	17.666666666666668
9038.0	9.813333333333333
9113.0	15.0
9188.0	13.693333333333333
9263.0	8.146666666666667
9338.0	2.0
9413.0	2.533333333333333
9488.0	10.266666666666667
9563.0	14.026666666666667
9638.0	11.32
9713.0	12.76
9788.0	16.026666666666667
9863.0	12.4
9938.0	7.213333333333333
10013.0	7.56
10088.0	16.426666666666666
10163.0	17.133333333333333
10238.0	11.973333333333333
10313.0	10.426666666666666
10388.0	19.226666666666667
10463.0	14.573333333333334
10538.0	11.253333333333334
10613.0	11.76
10688.0	26.106666666666666
10763.0	26.333333333333332
10838.0	15.106666666666667
10913.0	18.733333333333334
10988.0	28.04
11063.0	28.0
11138.0	7.386666666666667
11213.0	9.76
11288.0	13.146666666666667
11363.0	21.293333333333333
11438.0	13.0
11513.0	15.506666666666666
11588.0	18.213333333333335
11663.0	20.493333333333332
11738.0	10.053333333333333
11813.0	9.08
11888.0	13.826666666666666
11963.0	10.453333333333333
12038.0	10.106666666666667
12113.0	15.36
12188.0	19.573333333333334
12263.0	13.813333333333333
12338.0	10.346666666666666
12413.0	9.773333333333333
12488.0	9.92
12563.0	6.013333333333334
12638.0	10.213333333333333
12713.0	11.946666666666667
12788.0	14.84
12863.0	8.32
12938.0	9.24
13013.0	16.08
13088.0	13.226666666666667
13163.0	4.8533333333333335
13238.0	6.933333333333334
13313.0	12.146666666666667
13388.0	12.8
13463.0	9.666666666666666
13538.0	11.506666666666666
13613.0	17.08
13688.0	14.0
13763.0	8.493333333333334
13838.0	7.493333333333333
13913.0	8.133333333333333
13988.0	9.413333333333334
14063.0	6.906666666666666
14138.0	8.84
14213.0	11.72
14288.0	14.453333333333333
14363.0	8.08
14438.0	10.373333333333333
14513.0	9.466666666666667
14588.0	15.906666666666666
14663.0	11.28
14738.0	12.32
14813.0	9.786666666666667
14888.0	15.493333333333334
14963.0	9.093333333333334
15038.0	10.746666666666666
15113.0	10.6
15188.0	18.0
15263.0	12.506666666666666
15338.0	9.506666666666666
15413.0	7.786666666666667
15488.0	9.96
15563.0	12.96
15638.0	10.613333333333333
15713.0	12.56
15788.0	12.066666666666666
15863.0	13.08
15938.0	4.786666666666667
16013.0	7.2
16088.0	7.453333333333333
16163.0	16.613333333333333
16238.0	9.626666666666667
16313.0	9.253333333333334
16388.0	8.546666666666667
16463.0	20.64
16538.0	15.933333333333334
16613.0	14.2
16688.0	11.266666666666667
16763.0	15.693333333333333
16838.0	11.893333333333333
16913.0	9.253333333333334
16988.0	12.546666666666667
17063.0	15.386666666666667
17138.0	12.68
17213.0	4.373333333333333
17288.0	8.306666666666667
17363.0	9.466666666666667
17438.0	14.786666666666667
17513.0	10.973333333333333
17588.0	14.733333333333333
17663.0	11.866666666666667
17738.0	14.213333333333333
17813.0	6.28
17888.0	8.653333333333334
17963.0	9.4
18038.0	12.266666666666667
18113.0	7.226666666666667
18188.0	12.573333333333334
18263.0	15.72
18338.0	16.346666666666668
18413.0	10.0
18488.0	6.906666666666666
18563.0	11.133333333333333
18638.0	39.373333333333335
18713.0	10.2
18788.0	15.293333333333333
18863.0	17.106666666666666
18938.0	21.14666666666667
19013.0	10.186666666666667
19088.0	9.466666666666667
19163.0	8.573333333333334
19238.0	18.013333333333332
19313.0	10.973333333333333
19388.0	8.093333333333334
19463.0	9.573333333333334
19538.0	11.453333333333333
19613.0	11.746666666666666
19688.0	7.0
19763.0	10.653333333333334
19838.0	20.426666666666666
19913.0	35.89333333333333
19988.0	22.253333333333334
20063.0	16.533333333333335
20138.0	14.106666666666667
20213.0	25.773333333333333
20288.0	12.813333333333333
20363.0	11.213333333333333
20438.0	21.24
20513.0	22.56
20588.0	11.173333333333334
20663.0	8.626666666666667
20738.0	9.8
20813.0	15.653333333333334
20888.0	20.733333333333334
20963.0	17.346666666666668
21038.0	14.08
21113.0	14.773333333333333
21188.0	7.92
21263.0	11.28
21338.0	16.786666666666665
21413.0	23.0
21488.0	7.346666666666667
21563.0	11.92
21638.0	13.226666666666667
21713.0	12.266666666666667
21788.0	8.0
21863.0	11.92
21938.0	8.813333333333333
22013.0	13.853333333333333
22088.0	7.266666666666667
22163.0	11.52
22238.0	13.373333333333333
22313.0	19.186666666666667
22388.0	7.306666666666667
22463.0	9.12
22538.0	12.92
22613.0	15.373333333333333
22688.0	8.786666666666667
22763.0	9.226666666666667
22838.0	18.64
22913.0	11.613333333333333
22988.0	8.453333333333333
23063.0	7.8933333333333335
23138.0	13.626666666666667
23213.0	12.76
23288.0	11.893333333333333
23363.0	13.28
23438.0	15.8
23513.0	14.226666666666667
23588.0	7.013333333333334
23663.0	9.626666666666667
23738.0	10.026666666666667
23813.0	13.04
23888.0	6.613333333333333
23963.0	8.653333333333334
24038.0	8.813333333333333
24113.0	14.813333333333333
24188.0	10.706666666666667
24263.0	10.773333333333333
24338.0	7.026666666666666
24413.0	13.253333333333334
24488.0	7.733333333333333
24563.0	5.8133333333333335
24638.0	7.44
24713.0	15.04
24788.0	13.56
24863.0	13.053333333333333
24938.0	12.613333333333333
25013.0	17.133333333333333
25088.0	10.226666666666667
25163.0	3.933333333333333
25238.0	1.5866666666666667
25313.0	11.093333333333334
25388.0	14.866666666666667
25463.0	20.72
25538.0	18.373333333333335
25613.0	16.493333333333332
25688.0	8.946666666666667
25763.0	6.56
25838.0	13.8
25913.0	19.506666666666668
25988.0	17.413333333333334
26063.0	11.466666666666667
26138.0	10.653333333333334
26213.0	12.84
26288.0	12.613333333333333
26363.0	5.453333333333333
26438.0	6.906666666666666
26513.0	27.213333333333335
26588.0	28.8
26663.0	17.733333333333334
26738.0	15.92
26813.0	18.173333333333332
26888.0	21.013333333333332
26963.0	7.0
27038.0	17.986666666666668
27113.0	35.06666666666667
27188.0	31.386666666666667
27263.0	10.6
27338.0	12.293333333333333
27413.0	11.56
27488.0	27.666666666666668
27563.0	18.773333333333333
27638.0	9.146666666666667
27713.0	13.013333333333334
27788.0	28.44
27863.0	19.373333333333335
27938.0	9.133333333333333
28013.0	11.6
28088.0	15.72
28163.0	15.493333333333334
28238.0	15.933333333333334
28313.0	32.906666666666666
28388.0	37.64
28463.0	29.933333333333334
28538.0	16.173333333333332
28613.0	11.186666666666667
28688.0	26.773333333333333
28763.0	28.32
28838.0	23.266666666666666
28913.0	23.746666666666666
28988.0	23.92
29063.0	26.573333333333334
29138.0	20.026666666666667
29213.0	20.786666666666665
29288.0	22.546666666666667
29363.0	28.986666666666668
29438.0	4.666666666666667
29513.0	26.8
29588.0	13.64
29663.0	14.306666666666667
29738.0	4.786666666666667
29813.0	2.0
29877.0	0.5849056603773585
