#Insert size (bp)	insert size
2.0	1.0
21.0	1.0
22.0	2.0
31.0	1.0
44.0	1.0
47.0	1.0
59.0	1.0
60.0	1.0
67.0	1.0
70.0	1.0
71.0	1.0
74.0	1.0
75.0	1.0
76.0	1.0
77.0	1.0
79.0	2.0
80.0	1.0
81.0	1.0
83.0	2.0
84.0	1.0
86.0	1.0
87.0	1.0
88.0	1.0
89.0	2.0
90.0	1.0
93.0	2.0
94.0	2.0
97.0	2.0
98.0	3.0
100.0	2.0
101.0	3.0
102.0	2.0
103.0	1.0
104.0	1.0
105.0	1.0
106.0	2.0
107.0	1.0
108.0	2.0
110.0	2.0
111.0	1.0
113.0	4.0
114.0	1.0
115.0	2.0
116.0	1.0
117.0	1.0
118.0	3.0
119.0	1.0
120.0	3.0
121.0	2.0
122.0	2.0
123.0	11.0
125.0	2.0
126.0	3.0
128.0	5.0
129.0	2.0
130.0	1.0
132.0	2.0
133.0	4.0
134.0	3.0
135.0	1.0
136.0	2.0
137.0	11.0
138.0	3.0
139.0	1.0
140.0	1.0
141.0	4.0
142.0	6.0
143.0	2.0
144.0	8.0
145.0	8.0
146.0	3.0
148.0	1.0
149.0	13.0
150.0	3.0
151.0	2.0
152.0	4.0
153.0	2.0
154.0	5.0
155.0	7.0
156.0	2.0
157.0	1.0
158.0	4.0
159.0	2.0
160.0	3.0
161.0	2.0
162.0	8.0
163.0	10.0
165.0	9.0
166.0	5.0
167.0	4.0
168.0	6.0
169.0	3.0
170.0	12.0
171.0	2.0
172.0	16.0
173.0	5.0
174.0	7.0
175.0	15.0
176.0	9.0
177.0	5.0
178.0	3.0
180.0	5.0
181.0	6.0
182.0	7.0
183.0	6.0
184.0	4.0
185.0	4.0
186.0	4.0
187.0	5.0
188.0	2.0
189.0	11.0
190.0	23.0
191.0	4.0
192.0	28.0
193.0	28.0
195.0	3.0
196.0	5.0
197.0	5.0
198.0	3.0
199.0	2.0
200.0	7.0
201.0	3.0
202.0	3.0
203.0	6.0
204.0	2.0
205.0	20.0
206.0	7.0
207.0	20.0
208.0	12.0
209.0	7.0
210.0	20.0
211.0	7.0
212.0	7.0
213.0	13.0
214.0	8.0
215.0	56.0
216.0	9.0
217.0	10.0
218.0	4.0
219.0	26.0
220.0	9.0
221.0	7.0
222.0	3.0
223.0	4.0
224.0	11.0
225.0	8.0
226.0	9.0
227.0	8.0
228.0	6.0
229.0	29.0
230.0	15.0
231.0	9.0
232.0	14.0
233.0	13.0
234.0	17.0
235.0	4.0
236.0	4.0
237.0	7.0
238.0	8.0
239.0	3.0
240.0	3.0
241.0	1.0
242.0	13.0
243.0	2.0
244.0	7.0
245.0	5.0
246.0	5.0
247.0	6.0
248.0	11.0
249.0	12.0
250.0	17.0
251.0	3.0
252.0	7.0
253.0	8.0
254.0	2.0
255.0	1.0
256.0	7.0
257.0	9.0
258.0	4.0
259.0	9.0
260.0	4.0
261.0	8.0
262.0	10.0
263.0	2.0
264.0	5.0
265.0	6.0
266.0	4.0
267.0	8.0
268.0	4.0
269.0	5.0
270.0	8.0
271.0	4.0
272.0	3.0
273.0	6.0
274.0	6.0
275.0	3.0
276.0	2.0
277.0	4.0
278.0	1.0
279.0	5.0
280.0	15.0
281.0	7.0
282.0	5.0
283.0	5.0
284.0	1.0
285.0	15.0
286.0	4.0
287.0	4.0
288.0	7.0
289.0	6.0
290.0	5.0
291.0	6.0
292.0	11.0
293.0	5.0
294.0	3.0
295.0	4.0
296.0	11.0
297.0	10.0
298.0	13.0
299.0	5.0
300.0	11.0
301.0	9.0
302.0	10.0
303.0	7.0
304.0	2.0
305.0	11.0
306.0	9.0
307.0	1.0
308.0	16.0
309.0	10.0
310.0	12.0
311.0	10.0
312.0	10.0
313.0	7.0
314.0	11.0
315.0	17.0
316.0	6.0
317.0	10.0
318.0	11.0
319.0	6.0
320.0	11.0
321.0	4.0
322.0	11.0
323.0	11.0
324.0	11.0
325.0	15.0
326.0	12.0
327.0	8.0
328.0	11.0
329.0	15.0
330.0	20.0
331.0	13.0
332.0	24.0
333.0	17.0
334.0	22.0
335.0	28.0
336.0	20.0
337.0	33.0
338.0	30.0
339.0	30.0
340.0	20.0
341.0	24.0
342.0	27.0
343.0	34.0
344.0	29.0
345.0	32.0
346.0	36.0
347.0	39.0
348.0	37.0
349.0	37.0
350.0	39.0
351.0	34.0
352.0	40.0
353.0	55.0
354.0	43.0
355.0	41.0
356.0	43.0
357.0	54.0
358.0	51.0
359.0	45.0
360.0	50.0
361.0	55.0
362.0	59.0
363.0	50.0
364.0	51.0
365.0	53.0
366.0	55.0
367.0	55.0
368.0	77.0
369.0	67.0
370.0	84.0
371.0	69.0
372.0	132.0
373.0	101.0
374.0	105.0
375.0	132.0
376.0	127.0
377.0	150.0
378.0	142.0
379.0	140.0
380.0	133.0
381.0	147.0
382.0	120.0
383.0	118.0
384.0	110.0
385.0	101.0
386.0	103.0
387.0	100.0
388.0	87.0
389.0	120.0
390.0	89.0
391.0	89.0
392.0	73.0
393.0	92.0
394.0	67.0
395.0	49.0
396.0	38.0
397.0	42.0
398.0	52.0
399.0	46.0
400.0	51.0
401.0	44.0
402.0	40.0
403.0	43.0
404.0	54.0
405.0	45.0
406.0	35.0
407.0	36.0
408.0	30.0
409.0	29.0
410.0	22.0
411.0	24.0
412.0	20.0
413.0	21.0
414.0	15.0
415.0	13.0
416.0	11.0
417.0	15.0
418.0	4.0
419.0	3.0
420.0	5.0
421.0	1.0
423.0	3.0
424.0	2.0
425.0	1.0
427.0	1.0
428.0	2.0
429.0	2.0
430.0	3.0
431.0	1.0
433.0	2.0
435.0	1.0
436.0	1.0
438.0	2.0
439.0	12.0
443.0	7.0
444.0	4.0
445.0	1.0
446.0	3.0
447.0	2.0
448.0	1.0
449.0	2.0
450.0	1.0
451.0	1.0
452.0	3.0
453.0	2.0
454.0	4.0
456.0	3.0
458.0	2.0
459.0	1.0
460.0	1.0
461.0	4.0
462.0	1.0
463.0	2.0
464.0	2.0
465.0	1.0
466.0	1.0
467.0	9.0
468.0	1.0
470.0	2.0
472.0	1.0
473.0	3.0
474.0	2.0
475.0	1.0
476.0	5.0
478.0	1.0
480.0	1.0
482.0	3.0
483.0	2.0
485.0	5.0
486.0	3.0
487.0	4.0
488.0	7.0
489.0	2.0
491.0	2.0
492.0	3.0
493.0	3.0
494.0	2.0
495.0	1.0
496.0	5.0
497.0	15.0
498.0	6.0
499.0	2.0
500.0	2.0
502.0	1.0
505.0	2.0
507.0	2.0
508.0	1.0
509.0	1.0
512.0	1.0
513.0	1.0
514.0	1.0
517.0	3.0
518.0	3.0
519.0	1.0
520.0	1.0
523.0	2.0
525.0	3.0
526.0	2.0
527.0	1.0
529.0	2.0
530.0	1.0
534.0	1.0
536.0	1.0
537.0	6.0
540.0	1.0
542.0	1.0
544.0	2.0
547.0	2.0
548.0	1.0
550.0	2.0
553.0	4.0
554.0	1.0
555.0	1.0
556.0	2.0
557.0	3.0
560.0	2.0
561.0	2.0
563.0	2.0
564.0	1.0
566.0	2.0
567.0	1.0
569.0	1.0
572.0	1.0
574.0	2.0
575.0	1.0
577.0	1.0
578.0	1.0
580.0	1.0
581.0	1.0
584.0	2.0
585.0	2.0
586.0	1.0
587.0	4.0
588.0	7.0
589.0	4.0
590.0	2.0
591.0	1.0
592.0	1.0
593.0	4.0
594.0	3.0
595.0	1.0
596.0	1.0
597.0	3.0
598.0	1.0
599.0	2.0
600.0	2.0
601.0	3.0
602.0	5.0
603.0	2.0
604.0	3.0
605.0	1.0
606.0	6.0
607.0	1.0
608.0	3.0
609.0	2.0
610.0	2.0
611.0	8.0
612.0	1.0
613.0	12.0
614.0	5.0
615.0	6.0
616.0	4.0
617.0	3.0
618.0	6.0
619.0	2.0
620.0	2.0
621.0	5.0
622.0	4.0
623.0	4.0
624.0	9.0
625.0	8.0
626.0	4.0
627.0	2.0
628.0	3.0
629.0	3.0
630.0	1.0
631.0	3.0
632.0	1.0
633.0	4.0
634.0	5.0
635.0	3.0
636.0	3.0
637.0	2.0
638.0	3.0
639.0	4.0
640.0	3.0
641.0	4.0
642.0	9.0
643.0	2.0
644.0	3.0
645.0	7.0
646.0	1.0
648.0	2.0
649.0	2.0
650.0	6.0
651.0	3.0
652.0	4.0
653.0	9.0
654.0	5.0
655.0	3.0
656.0	3.0
657.0	5.0
658.0	2.0
659.0	7.0
660.0	3.0
661.0	1.0
662.0	3.0
663.0	5.0
664.0	2.0
665.0	9.0
666.0	4.0
667.0	2.0
668.0	4.0
669.0	3.0
670.0	3.0
671.0	4.0
672.0	4.0
673.0	7.0
674.0	4.0
675.0	3.0
676.0	8.0
677.0	5.0
678.0	5.0
679.0	5.0
680.0	3.0
681.0	8.0
682.0	4.0
683.0	4.0
684.0	2.0
685.0	4.0
686.0	2.0
687.0	3.0
688.0	3.0
689.0	6.0
690.0	5.0
691.0	4.0
692.0	4.0
693.0	5.0
694.0	6.0
695.0	8.0
696.0	10.0
697.0	8.0
698.0	3.0
699.0	1.0
700.0	3.0
701.0	10.0
702.0	3.0
703.0	3.0
704.0	4.0
705.0	5.0
706.0	5.0
707.0	4.0
708.0	5.0
709.0	4.0
710.0	3.0
711.0	6.0
712.0	2.0
713.0	4.0
714.0	6.0
715.0	5.0
716.0	1.0
718.0	3.0
719.0	4.0
720.0	2.0
721.0	4.0
722.0	1.0
724.0	3.0
725.0	3.0
726.0	7.0
727.0	2.0
728.0	3.0
729.0	1.0
731.0	1.0
732.0	2.0
734.0	2.0
735.0	1.0
736.0	1.0
746.0	1.0
751.0	1.0
753.0	5.0
760.0	1.0
761.0	1.0
762.0	3.0
770.0	1.0
773.0	1.0
775.0	1.0
778.0	1.0
779.0	1.0
781.0	1.0
782.0	2.0
787.0	1.0
794.0	1.0
795.0	2.0
802.0	1.0
804.0	1.0
809.0	1.0
810.0	2.0
812.0	1.0
813.0	1.0
814.0	2.0
815.0	3.0
816.0	2.0
817.0	2.0
818.0	2.0
819.0	2.0
820.0	1.0
821.0	1.0
825.0	620.0
826.0	23.0
827.0	10.0
828.0	13.0
829.0	3.0
830.0	5.0
832.0	1.0
834.0	2.0
836.0	1.0
837.0	1.0
838.0	2.0
840.0	1.0
841.0	2.0
843.0	2.0
844.0	2.0
846.0	5.0
848.0	1.0
849.0	15.0
851.0	2.0
852.0	1.0
854.0	2.0
855.0	1.0
856.0	1.0
858.0	3.0
860.0	1.0
861.0	2.0
863.0	3.0
865.0	2.0
868.0	3.0
869.0	1.0
870.0	8.0
871.0	1.0
873.0	1.0
874.0	1.0
875.0	1.0
877.0	1.0
879.0	1.0
881.0	1.0
884.0	1.0
886.0	1.0
887.0	1.0
889.0	1.0
895.0	2.0
896.0	1.0
901.0	1.0
903.0	1.0
904.0	1.0
905.0	1.0
908.0	1.0
911.0	1.0
918.0	1.0
923.0	1.0
935.0	2.0
945.0	1.0
949.0	2.0
950.0	3.0
951.0	2.0
952.0	1.0
960.0	1.0
961.0	2.0
962.0	1.0
963.0	1.0
964.0	2.0
965.0	2.0
966.0	1.0
967.0	3.0
968.0	1.0
977.0	1.0
979.0	1.0
982.0	1.0
984.0	1.0
985.0	1.0
989.0	1.0
992.0	1.0
997.0	1.0
998.0	1.0
999.0	1.0
1003.0	1.0
1004.0	1.0
1006.0	1.0
1007.0	1.0
1013.0	1.0
1016.0	1.0
1018.0	2.0
1019.0	1.0
1020.0	2.0
1021.0	1.0
1022.0	2.0
1024.0	1.0
1029.0	2.0
1032.0	1.0
1042.0	1.0
1048.0	1.0
1063.0	1.0
1069.0	3.0
1072.0	1.0
1093.0	1.0
1094.0	1.0
1112.0	1.0
1123.0	1.0
1133.0	4.0
1135.0	2.0
1145.0	1.0
1146.0	1.0
1150.0	1.0
1166.0	1.0
1167.0	3.0
1169.0	1.0
1172.0	1.0
1175.0	1.0
1177.0	3.0
1179.0	1.0
1184.0	1.0
1187.0	1.0
1188.0	1.0
1189.0	2.0
1190.0	2.0
1194.0	1.0
1198.0	1.0
1207.0	1.0
1209.0	1.0
1217.0	2.0
1221.0	1.0
1224.0	1.0
1232.0	2.0
1235.0	1.0
1236.0	1.0
1240.0	1.0
1241.0	1.0
1243.0	1.0
1244.0	1.0
1250.0	2.0
1254.0	2.0
1257.0	1.0
1262.0	1.0
1263.0	1.0
1265.0	1.0
1269.0	1.0
1271.0	1.0
1277.0	1.0
1279.0	1.0
1290.0	1.0
1308.0	1.0
1316.0	2.0
1318.0	2.0
1320.0	2.0
1329.0	1.0
1331.0	1.0
1336.0	1.0
1348.0	1.0
1356.0	1.0
1362.0	1.0
1372.0	1.0
1378.0	1.0
1379.0	1.0
1386.0	1.0
1396.0	1.0
1401.0	1.0
1404.0	1.0
1407.0	1.0
1410.0	1.0
1417.0	1.0
1425.0	1.0
1428.0	1.0
1434.0	1.0
1435.0	1.0
1436.0	8.0
1437.0	3.0
1438.0	1.0
1446.0	1.0
1447.0	1.0
1451.0	1.0
1452.0	1.0
1454.0	2.0
1455.0	2.0
1457.0	23.0
1459.0	2.0
1460.0	2.0
1464.0	1.0
1467.0	1.0
1469.0	1.0
1470.0	4.0
1472.0	1.0
1475.0	1.0
1478.0	1.0
1479.0	1.0
1486.0	1.0
1488.0	1.0
1492.0	1.0
1493.0	1.0
1494.0	1.0
1496.0	1.0
1498.0	2.0
1499.0	1.0
1504.0	1.0
1505.0	1.0
1507.0	1.0
1514.0	1.0
1515.0	1.0
1522.0	1.0
1523.0	1.0
1524.0	1.0
1528.0	1.0
1531.0	2.0
1537.0	1.0
1541.0	1.0
1552.0	1.0
1554.0	1.0
1557.0	1.0
1560.0	1.0
1574.0	2.0
1575.0	2.0
1577.0	1.0
1585.0	1.0
1590.0	1.0
1615.0	1.0
1616.0	1.0
1617.0	1.0
1619.0	1.0
1626.0	1.0
1633.0	1.0
1636.0	1.0
1637.0	1.0
1646.0	1.0
1650.0	1.0
1657.0	1.0
1664.0	1.0
1672.0	1.0
1690.0	1.0
1703.0	1.0
1708.0	1.0
1716.0	1.0
1732.0	1.0
1743.0	1.0
1749.0	1.0
1764.0	1.0
1775.0	1.0
1780.0	1.0
1786.0	1.0
1789.0	1.0
1790.0	1.0
1794.0	2.0
1806.0	1.0
1812.0	1.0
1843.0	1.0
1849.0	1.0
1863.0	1.0
1865.0	1.0
1875.0	1.0
1884.0	1.0
1885.0	1.0
1889.0	1.0
1894.0	1.0
1915.0	2.0
1916.0	1.0
1919.0	1.0
1920.0	1.0
1933.0	1.0
1941.0	3.0
1944.0	1.0
1946.0	1.0
1948.0	1.0
1952.0	1.0
1955.0	3.0
1956.0	1.0
1957.0	1.0
1959.0	1.0
1969.0	2.0
1970.0	2.0
1976.0	1.0
1985.0	1.0
1990.0	1.0
2002.0	1.0
2016.0	1.0
2017.0	1.0
2020.0	1.0
2021.0	1.0
2022.0	1.0
2030.0	3.0
2033.0	1.0
2040.0	1.0
2044.0	1.0
2051.0	1.0
2057.0	1.0
2058.0	1.0
2062.0	1.0
2064.0	1.0
2069.0	1.0
2074.0	1.0
2075.0	1.0
2076.0	1.0
2079.0	1.0
2089.0	3.0
2092.0	1.0
2098.0	1.0
2102.0	10.0
2106.0	1.0
2111.0	1.0
2113.0	1.0
2114.0	2.0
2118.0	3.0
2119.0	2.0
2120.0	1.0
2121.0	1.0
2124.0	1.0
2125.0	2.0
2126.0	1.0
2128.0	1.0
2130.0	1.0
2134.0	1.0
2137.0	1.0
2140.0	2.0
2141.0	1.0
2151.0	1.0
2159.0	1.0
2174.0	2.0
2185.0	1.0
2186.0	1.0
2199.0	1.0
2201.0	1.0
2203.0	1.0
2207.0	1.0
2210.0	1.0
2212.0	1.0
2230.0	1.0
2235.0	1.0
2237.0	1.0
2247.0	2.0
2250.0	1.0
2259.0	1.0
2267.0	1.0
2309.0	1.0
2319.0	1.0
2327.0	1.0
2334.0	1.0
2340.0	1.0
2342.0	1.0
2371.0	1.0
2373.0	1.0
2397.0	1.0
2405.0	1.0
2415.0	1.0
2420.0	1.0
2431.0	1.0
2433.0	1.0
2435.0	1.0
2457.0	1.0
2464.0	1.0
2479.0	1.0
2480.0	1.0
2513.0	1.0
2515.0	1.0
2516.0	1.0
2517.0	1.0
2545.0	1.0
2552.0	1.0
2555.0	1.0
2575.0	1.0
2606.0	2.0
2607.0	1.0
2623.0	1.0
2637.0	1.0
2651.0	1.0
2653.0	2.0
2661.0	1.0
2664.0	1.0
2667.0	1.0
2671.0	1.0
2674.0	1.0
2681.0	1.0
2684.0	1.0
2685.0	1.0
2687.0	1.0
2700.0	1.0
2712.0	3.0
2722.0	1.0
2726.0	1.0
2736.0	7.0
2737.0	1.0
2738.0	3.0
2740.0	1.0
2742.0	2.0
2748.0	1.0
2751.0	1.0
2752.0	1.0
2754.0	1.0
2755.0	1.0
2757.0	1.0
2763.0	1.0
2772.0	1.0
2774.0	1.0
2782.0	1.0
2785.0	1.0
2792.0	1.0
2820.0	2.0
2823.0	2.0
2825.0	1.0
2826.0	1.0
2841.0	1.0
2847.0	1.0
2861.0	1.0
2863.0	1.0
2866.0	1.0
2872.0	11.0
2895.0	1.0
2906.0	1.0
2907.0	1.0
2967.0	1.0
2990.0	1.0
2992.0	1.0
3004.0	1.0
3015.0	1.0
3022.0	1.0
3041.0	1.0
3042.0	1.0
3058.0	1.0
3066.0	1.0
3067.0	1.0
3072.0	1.0
3073.0	1.0
3074.0	1.0
3089.0	1.0
3092.0	1.0
3103.0	1.0
3105.0	1.0
3107.0	1.0
3125.0	1.0
3128.0	3.0
3132.0	1.0
3135.0	1.0
3138.0	2.0
3141.0	1.0
3142.0	1.0
3149.0	1.0
3153.0	1.0
3173.0	2.0
3175.0	1.0
3179.0	1.0
3190.0	1.0
3202.0	1.0
3207.0	2.0
3222.0	1.0
3247.0	1.0
3251.0	1.0
3253.0	1.0
3257.0	1.0
3285.0	6.0
3288.0	1.0
3289.0	1.0
3296.0	1.0
3298.0	1.0
3305.0	1.0
3308.0	1.0
3310.0	1.0
3315.0	1.0
3316.0	1.0
3317.0	1.0
3318.0	1.0
3326.0	1.0
3341.0	2.0
3349.0	1.0
3352.0	1.0
3353.0	1.0
3354.0	1.0
3367.0	1.0
3368.0	1.0
3371.0	1.0
3383.0	1.0
3394.0	1.0
3402.0	1.0
3405.0	1.0
3425.0	1.0
3451.0	1.0
3453.0	1.0
3458.0	1.0
3469.0	1.0
3486.0	1.0
3501.0	1.0
3509.0	1.0
3524.0	1.0
3542.0	1.0
3580.0	1.0
3620.0	1.0
3621.0	1.0
3630.0	2.0
3632.0	1.0
3636.0	1.0
3649.0	1.0
3653.0	1.0
3662.0	1.0
3696.0	1.0
3701.0	1.0
3709.0	1.0
3727.0	1.0
3746.0	1.0
3750.0	1.0
3752.0	1.0
3789.0	1.0
3807.0	1.0
3815.0	1.0
3832.0	1.0
3842.0	1.0
3843.0	1.0
3872.0	1.0
3909.0	1.0
3914.0	1.0
3925.0	1.0
3931.0	1.0
3942.0	1.0
3998.0	1.0
4045.0	1.0
4057.0	1.0
4072.0	1.0
4088.0	2.0
4127.0	1.0
4132.0	1.0
4134.0	1.0
4156.0	1.0
4171.0	2.0
4190.0	1.0
4191.0	1.0
4194.0	1.0
4200.0	1.0
4204.0	1.0
4205.0	1.0
4210.0	1.0
4228.0	1.0
4237.0	1.0
4255.0	1.0
4256.0	1.0
4261.0	1.0
4292.0	1.0
4294.0	1.0
4297.0	2.0
4304.0	1.0
4313.0	1.0
4336.0	1.0
4365.0	1.0
4374.0	1.0
4398.0	1.0
4400.0	1.0
4408.0	2.0
4409.0	1.0
4417.0	1.0
4418.0	1.0
4442.0	1.0
4452.0	1.0
4454.0	1.0
4456.0	2.0
4489.0	1.0
4493.0	2.0
4494.0	1.0
4503.0	1.0
4505.0	2.0
4508.0	1.0
4562.0	1.0
4567.0	1.0
4581.0	1.0
4595.0	1.0
4599.0	1.0
4600.0	1.0
4601.0	1.0
4605.0	2.0
4617.0	1.0
4630.0	1.0
4639.0	1.0
4647.0	1.0
4649.0	1.0
4666.0	1.0
4669.0	1.0
4676.0	1.0
4697.0	3.0
4715.0	1.0
4744.0	1.0
4755.0	1.0
4762.0	1.0
4779.0	1.0
4788.0	1.0
4790.0	1.0
4806.0	1.0
4809.0	1.0
4811.0	1.0
4812.0	1.0
4817.0	1.0
4820.0	1.0
4828.0	1.0
4838.0	1.0
4839.0	2.0
4841.0	2.0
4842.0	1.0
4843.0	1.0
4846.0	1.0
4848.0	1.0
4851.0	1.0
4859.0	1.0
4861.0	1.0
4868.0	1.0
4909.0	1.0
4930.0	1.0
4938.0	1.0
4939.0	1.0
4948.0	1.0
4949.0	1.0
4955.0	1.0
4958.0	2.0
4964.0	1.0
4980.0	1.0
4995.0	1.0
5002.0	1.0
5005.0	1.0
5009.0	1.0
5021.0	1.0
5030.0	1.0
5061.0	1.0
5065.0	1.0
5076.0	1.0
5090.0	1.0
5094.0	1.0
5097.0	1.0
5102.0	2.0
5111.0	1.0
5112.0	1.0
5136.0	1.0
5142.0	1.0
5143.0	2.0
5146.0	1.0
5150.0	1.0
5170.0	1.0
5171.0	1.0
5176.0	1.0
5194.0	1.0
5202.0	1.0
5204.0	1.0
5214.0	1.0
5222.0	1.0
5233.0	1.0
5249.0	1.0
5251.0	2.0
5271.0	1.0
5272.0	1.0
5288.0	2.0
5302.0	1.0
5312.0	1.0
5315.0	1.0
5329.0	1.0
5337.0	1.0
5344.0	1.0
5349.0	1.0
5350.0	1.0
5378.0	1.0
5385.0	1.0
5388.0	1.0
5419.0	1.0
5437.0	1.0
5453.0	1.0
5468.0	1.0
5482.0	1.0
5483.0	1.0
5484.0	1.0
5489.0	2.0
5506.0	1.0
5517.0	1.0
5528.0	1.0
5537.0	1.0
5538.0	1.0
5564.0	1.0
5620.0	1.0
5633.0	1.0
5639.0	1.0
5646.0	1.0
5655.0	1.0
5656.0	1.0
5658.0	1.0
5665.0	1.0
5683.0	1.0
5684.0	1.0
5695.0	1.0
5698.0	1.0
5704.0	2.0
5717.0	1.0
5719.0	1.0
5729.0	1.0
5730.0	1.0
5746.0	1.0
5757.0	1.0
5762.0	1.0
5786.0	1.0
5790.0	1.0
5813.0	1.0
5822.0	1.0
5831.0	1.0
5832.0	1.0
5833.0	1.0
5844.0	1.0
5845.0	1.0
5858.0	1.0
5875.0	2.0
5897.0	1.0
5910.0	1.0
5916.0	1.0
5927.0	1.0
5949.0	1.0
5959.0	1.0
5966.0	1.0
5977.0	1.0
6019.0	1.0
6027.0	1.0
6030.0	1.0
6052.0	1.0
6055.0	1.0
6067.0	1.0
6069.0	1.0
6100.0	1.0
6101.0	1.0
6133.0	1.0
6140.0	1.0
6141.0	1.0
6143.0	1.0
6147.0	1.0
6153.0	1.0
6176.0	1.0
6202.0	1.0
6234.0	1.0
6240.0	1.0
6247.0	1.0
6250.0	1.0
6255.0	1.0
6290.0	1.0
6310.0	1.0
6331.0	1.0
6333.0	1.0
6349.0	1.0
6368.0	1.0
6372.0	1.0
6375.0	1.0
6377.0	1.0
6381.0	1.0
6409.0	1.0
6417.0	1.0
6429.0	1.0
6445.0	1.0
6476.0	1.0
6485.0	1.0
6493.0	1.0
6512.0	1.0
6521.0	1.0
6525.0	1.0
6526.0	1.0
6531.0	1.0
6532.0	1.0
6542.0	1.0
6551.0	1.0
6558.0	2.0
6577.0	1.0
6580.0	1.0
6587.0	1.0
6590.0	1.0
6610.0	1.0
6614.0	1.0
6624.0	1.0
6626.0	1.0
6633.0	1.0
6649.0	1.0
6653.0	1.0
6654.0	1.0
6681.0	1.0
6693.0	1.0
6696.0	1.0
6707.0	1.0
6722.0	1.0
6724.0	1.0
6725.0	1.0
6731.0	1.0
6755.0	1.0
6758.0	2.0
6787.0	1.0
6793.0	1.0
6813.0	1.0
6815.0	1.0
6853.0	1.0
6855.0	2.0
6861.0	1.0
6869.0	1.0
6877.0	1.0
6898.0	1.0
6902.0	3.0
6903.0	1.0
6905.0	1.0
6913.0	1.0
6928.0	1.0
6929.0	1.0
6949.0	1.0
6971.0	1.0
6997.0	1.0
7002.0	1.0
7006.0	1.0
7063.0	1.0
7079.0	1.0
7086.0	1.0
7107.0	1.0
7157.0	1.0
7180.0	1.0
7198.0	1.0
7209.0	1.0
7219.0	1.0
7239.0	1.0
7242.0	1.0
7260.0	1.0
7279.0	1.0
7303.0	1.0
7315.0	1.0
7349.0	1.0
7361.0	1.0
7385.0	1.0
7388.0	1.0
7390.0	1.0
7398.0	1.0
7418.0	1.0
7433.0	1.0
7437.0	1.0
7454.0	1.0
7458.0	1.0
7459.0	1.0
7475.0	1.0
7479.0	1.0
7481.0	2.0
7492.0	1.0
7506.0	1.0
7512.0	1.0
7527.0	1.0
7528.0	1.0
7534.0	1.0
7537.0	1.0
7543.0	1.0
7563.0	1.0
7566.0	1.0
7570.0	1.0
7595.0	2.0
7598.0	1.0
7600.0	1.0
7612.0	1.0
7621.0	1.0
7663.0	1.0
7664.0	2.0
7674.0	1.0
7688.0	1.0
7692.0	1.0
7695.0	1.0
7699.0	1.0
7711.0	1.0
7739.0	1.0
7750.0	1.0
7777.0	1.0
7780.0	1.0
7831.0	2.0
7835.0	1.0
7865.0	1.0
7884.0	1.0
7892.0	1.0
7904.0	1.0
7905.0	1.0
7913.0	1.0
7924.0	1.0
7932.0	1.0
7933.0	1.0
7951.0	1.0
7963.0	1.0
7967.0	1.0
7968.0	1.0
7977.0	1.0
7992.0	1.0
8051.0	1.0
8056.0	1.0
8067.0	1.0
8069.0	1.0
8124.0	1.0
8137.0	1.0
8139.0	1.0
8143.0	1.0
8148.0	1.0
8151.0	1.0
8177.0	1.0
8178.0	1.0
8183.0	1.0
8202.0	1.0
8206.0	1.0
8208.0	1.0
8213.0	1.0
8214.0	1.0
8220.0	1.0
8221.0	1.0
8247.0	1.0
8254.0	1.0
8259.0	1.0
8268.0	1.0
8275.0	1.0
8276.0	1.0
8287.0	1.0
8288.0	1.0
8292.0	1.0
8302.0	1.0
8303.0	1.0
8304.0	1.0
8311.0	2.0
8317.0	1.0
8324.0	1.0
8327.0	1.0
8336.0	1.0
8349.0	1.0
8360.0	1.0
8366.0	1.0
8382.0	1.0
8404.0	1.0
8414.0	1.0
8421.0	1.0
8470.0	1.0
8488.0	1.0
8489.0	1.0
8500.0	1.0
8521.0	1.0
8522.0	1.0
8526.0	1.0
8584.0	1.0
8587.0	1.0
8651.0	1.0
8659.0	1.0
8662.0	1.0
8673.0	1.0
8724.0	1.0
8761.0	1.0
8770.0	1.0
8786.0	1.0
8792.0	1.0
8795.0	1.0
8796.0	1.0
8809.0	1.0
8821.0	1.0
8835.0	1.0
8839.0	1.0
8843.0	1.0
8844.0	1.0
8845.0	1.0
8872.0	1.0
8873.0	1.0
8925.0	1.0
8934.0	1.0
8935.0	1.0
8943.0	1.0
8950.0	1.0
8953.0	1.0
8964.0	1.0
8967.0	1.0
8999.0	1.0
9005.0	1.0
9013.0	1.0
9044.0	1.0
9049.0	1.0
9080.0	1.0
9111.0	1.0
9119.0	1.0
9128.0	1.0
9129.0	2.0
9166.0	1.0
9191.0	2.0
9200.0	1.0
9228.0	1.0
9231.0	1.0
9258.0	1.0
9264.0	1.0
9265.0	1.0
9269.0	1.0
9289.0	1.0
9302.0	1.0
9343.0	1.0
9344.0	1.0
9366.0	1.0
9382.0	1.0
9386.0	1.0
9394.0	1.0
9402.0	1.0
9430.0	1.0
9449.0	1.0
9452.0	1.0
9473.0	1.0
9475.0	1.0
9481.0	1.0
9499.0	1.0
9512.0	1.0
9546.0	1.0
9554.0	1.0
9555.0	1.0
9568.0	1.0
9569.0	1.0
9577.0	1.0
9578.0	1.0
9584.0	1.0
9585.0	1.0
9601.0	1.0
9607.0	1.0
9627.0	1.0
9640.0	1.0
9645.0	1.0
9683.0	1.0
9688.0	1.0
9711.0	1.0
9718.0	1.0
9734.0	2.0
9759.0	1.0
9785.0	1.0
9793.0	1.0
9825.0	1.0
9846.0	1.0
9848.0	2.0
9852.0	1.0
9872.0	1.0
9877.0	1.0
10001.0	1.0
10012.0	1.0
10044.0	1.0
10068.0	1.0
10078.0	1.0
10093.0	1.0
10097.0	1.0
10114.0	1.0
10117.0	1.0
10145.0	1.0
10153.0	1.0
10155.0	2.0
10158.0	1.0
10159.0	1.0
10175.0	1.0
10179.0	1.0
10190.0	1.0
10194.0	1.0
10211.0	1.0
10229.0	1.0
10230.0	1.0
10238.0	1.0
10239.0	1.0
10280.0	1.0
10285.0	1.0
10298.0	1.0
10299.0	1.0
10315.0	1.0
10349.0	1.0
10387.0	1.0
10393.0	1.0
10404.0	1.0
10410.0	1.0
10429.0	1.0
10453.0	1.0
10454.0	1.0
10471.0	1.0
10476.0	1.0
10477.0	2.0
10480.0	1.0
10490.0	1.0
10498.0	1.0
10501.0	1.0
10509.0	1.0
10531.0	1.0
10540.0	1.0
10544.0	1.0
10554.0	1.0
10570.0	1.0
10618.0	1.0
10634.0	3.0
10639.0	1.0
10645.0	1.0
10680.0	1.0
10704.0	1.0
10706.0	1.0
10710.0	1.0
10734.0	1.0
10748.0	1.0
10787.0	1.0
10795.0	1.0
10810.0	1.0
10814.0	1.0
10868.0	1.0
10918.0	1.0
10934.0	1.0
10955.0	1.0
10956.0	1.0
10958.0	1.0
10961.0	1.0
11008.0	1.0
11013.0	1.0
11016.0	1.0
11031.0	1.0
11044.0	2.0
11082.0	1.0
11086.0	1.0
11097.0	1.0
11106.0	1.0
11144.0	1.0
11190.0	1.0
11209.0	1.0
11219.0	1.0
11239.0	1.0
11273.0	1.0
11276.0	1.0
11292.0	1.0
11337.0	1.0
11344.0	1.0
11345.0	1.0
11375.0	1.0
11379.0	1.0
11435.0	1.0
11438.0	1.0
11450.0	3.0
11496.0	1.0
11501.0	1.0
11517.0	1.0
11526.0	1.0
11535.0	1.0
11573.0	2.0
11583.0	1.0
11585.0	1.0
11590.0	1.0
11604.0	1.0
11618.0	1.0
11619.0	1.0
11632.0	1.0
11662.0	1.0
11665.0	2.0
11668.0	1.0
11671.0	1.0
11690.0	1.0
11696.0	1.0
11700.0	1.0
11721.0	1.0
11725.0	1.0
11733.0	1.0
11736.0	1.0
11755.0	1.0
11775.0	1.0
11842.0	1.0
11862.0	1.0
11881.0	1.0
11888.0	1.0
11955.0	1.0
11974.0	1.0
11985.0	1.0
11989.0	1.0
12022.0	1.0
12028.0	1.0
12039.0	1.0
12094.0	1.0
12100.0	1.0
12106.0	1.0
12138.0	1.0
12153.0	1.0
12154.0	1.0
12176.0	1.0
12178.0	1.0
12187.0	1.0
12188.0	1.0
12231.0	1.0
12256.0	1.0
12267.0	1.0
12270.0	2.0
12281.0	1.0
12282.0	1.0
12283.0	1.0
12288.0	1.0
12311.0	1.0
12319.0	1.0
12338.0	1.0
12345.0	1.0
12367.0	1.0
12368.0	1.0
12387.0	1.0
12406.0	1.0
12447.0	1.0
12450.0	1.0
12454.0	1.0
12455.0	1.0
12503.0	1.0
12516.0	1.0
12529.0	1.0
12530.0	1.0
12538.0	1.0
12574.0	1.0
12602.0	1.0
12603.0	1.0
12607.0	1.0
12608.0	1.0
12659.0	1.0
12679.0	1.0
12745.0	1.0
12746.0	1.0
12749.0	1.0
12769.0	1.0
12776.0	1.0
12780.0	1.0
12793.0	1.0
12805.0	1.0
12827.0	1.0
12844.0	1.0
12868.0	1.0
12891.0	1.0
12905.0	1.0
12957.0	1.0
12986.0	1.0
12988.0	1.0
13008.0	1.0
13028.0	1.0
13046.0	1.0
13050.0	1.0
13064.0	1.0
13065.0	1.0
13151.0	1.0
13274.0	1.0
13362.0	1.0
13383.0	2.0
13427.0	1.0
13448.0	1.0
13450.0	1.0
13455.0	2.0
13494.0	1.0
13504.0	1.0
13527.0	1.0
13529.0	1.0
13530.0	4.0
13540.0	1.0
13587.0	1.0
13598.0	1.0
13603.0	1.0
13618.0	1.0
13620.0	1.0
13655.0	1.0
13662.0	1.0
13665.0	1.0
13673.0	1.0
13705.0	1.0
13712.0	1.0
13730.0	1.0
13771.0	1.0
13818.0	1.0
13839.0	1.0
13855.0	1.0
13892.0	2.0
13893.0	4.0
13899.0	1.0
13919.0	1.0
13943.0	1.0
13959.0	1.0
13960.0	2.0
13961.0	1.0
13974.0	1.0
13979.0	1.0
13987.0	1.0
13999.0	1.0
14006.0	1.0
14038.0	1.0
14044.0	1.0
14054.0	1.0
14063.0	1.0
14115.0	1.0
14133.0	1.0
14153.0	1.0
14166.0	1.0
14192.0	1.0
14204.0	1.0
14212.0	1.0
14229.0	1.0
14243.0	1.0
14261.0	1.0
14266.0	1.0
14269.0	1.0
14280.0	1.0
14282.0	1.0
14314.0	1.0
14320.0	1.0
14331.0	1.0
14354.0	1.0
14358.0	1.0
14370.0	1.0
14385.0	1.0
14401.0	1.0
14427.0	1.0
14438.0	1.0
14480.0	1.0
14481.0	1.0
14507.0	1.0
14517.0	1.0
14518.0	1.0
14522.0	2.0
14529.0	1.0
14552.0	1.0
14559.0	1.0
14570.0	7.0
14602.0	1.0
14613.0	1.0
14622.0	1.0
14627.0	1.0
14657.0	1.0
14661.0	1.0
14725.0	1.0
14729.0	1.0
14733.0	1.0
14805.0	1.0
14833.0	1.0
14837.0	1.0
14840.0	1.0
14857.0	1.0
14860.0	1.0
14861.0	1.0
14862.0	1.0
14865.0	1.0
14889.0	1.0
14904.0	1.0
14906.0	1.0
14908.0	1.0
14935.0	1.0
14971.0	1.0
14990.0	2.0
15009.0	1.0
15025.0	1.0
15033.0	1.0
15076.0	1.0
15087.0	1.0
15126.0	1.0
15127.0	1.0
15130.0	1.0
15139.0	1.0
15140.0	1.0
15142.0	2.0
15144.0	1.0
15148.0	1.0
15157.0	1.0
15174.0	1.0
15177.0	1.0
15195.0	1.0
15204.0	1.0
15216.0	1.0
15234.0	1.0
15236.0	1.0
15278.0	1.0
15321.0	1.0
15371.0	1.0
15384.0	2.0
15390.0	1.0
15402.0	1.0
15417.0	1.0
15432.0	1.0
15434.0	1.0
15448.0	1.0
15451.0	1.0
15472.0	1.0
15505.0	1.0
15514.0	1.0
15530.0	1.0
15567.0	1.0
15575.0	1.0
15585.0	1.0
15682.0	1.0
15688.0	1.0
15694.0	1.0
15697.0	1.0
15714.0	1.0
15724.0	1.0
15744.0	1.0
15756.0	1.0
15767.0	1.0
15769.0	5.0
15770.0	1.0
15771.0	1.0
15775.0	2.0
15776.0	81.0
15807.0	1.0
15819.0	1.0
15830.0	1.0
15836.0	1.0
15844.0	1.0
15846.0	1.0
15879.0	1.0
15889.0	1.0
15975.0	1.0
16010.0	1.0
16013.0	1.0
16054.0	1.0
16060.0	1.0
16061.0	1.0
16091.0	4.0
16119.0	1.0
16140.0	1.0
16151.0	1.0
16179.0	2.0
16189.0	1.0
16216.0	1.0
16317.0	1.0
16328.0	1.0
16340.0	1.0
16342.0	1.0
16379.0	1.0
16388.0	1.0
16440.0	1.0
16453.0	1.0
16477.0	1.0
16480.0	1.0
16491.0	1.0
16519.0	1.0
16531.0	1.0
16576.0	1.0
16579.0	1.0
16592.0	1.0
16598.0	1.0
16620.0	1.0
16642.0	1.0
16653.0	1.0
16669.0	1.0
16670.0	1.0
16673.0	1.0
16674.0	1.0
16685.0	1.0
16709.0	1.0
16726.0	1.0
16730.0	1.0
16734.0	1.0
16771.0	1.0
16778.0	1.0
16793.0	1.0
16812.0	1.0
16892.0	1.0
16913.0	1.0
16943.0	1.0
16947.0	1.0
16964.0	1.0
16990.0	1.0
17034.0	1.0
17038.0	1.0
17045.0	2.0
17055.0	1.0
17101.0	1.0
17156.0	1.0
17224.0	1.0
17283.0	1.0
17286.0	1.0
17305.0	1.0
17321.0	1.0
17326.0	1.0
17352.0	2.0
17353.0	1.0
17358.0	1.0
17363.0	1.0
17391.0	1.0
17396.0	1.0
17431.0	1.0
17435.0	1.0
17457.0	1.0
17549.0	1.0
17561.0	1.0
17616.0	1.0
17622.0	1.0
17643.0	1.0
17657.0	1.0
17665.0	1.0
17676.0	1.0
17684.0	1.0
17699.0	1.0
17746.0	1.0
17795.0	1.0
17840.0	1.0
17845.0	1.0
17866.0	1.0
17891.0	1.0
17960.0	1.0
17962.0	1.0
17976.0	1.0
18001.0	1.0
18006.0	1.0
18032.0	1.0
18041.0	1.0
18056.0	1.0
18160.0	1.0
18176.0	1.0
18184.0	2.0
18200.0	1.0
18231.0	1.0
18254.0	1.0
18261.0	1.0
18263.0	1.0
18277.0	1.0
18297.0	1.0
18301.0	1.0
18304.0	1.0
18305.0	2.0
18307.0	1.0
18318.0	1.0
18368.0	1.0
18388.0	1.0
18414.0	1.0
18457.0	1.0
18484.0	2.0
18487.0	1.0
18489.0	1.0
18499.0	1.0
18572.0	1.0
18605.0	1.0
18607.0	1.0
18642.0	3.0
18680.0	1.0
18701.0	1.0
18704.0	1.0
18737.0	2.0
18741.0	1.0
18759.0	1.0
18813.0	1.0
18818.0	1.0
18825.0	1.0
18851.0	1.0
18880.0	1.0
18922.0	1.0
18929.0	1.0
19042.0	1.0
19096.0	2.0
19107.0	1.0
19119.0	1.0
19124.0	1.0
19125.0	1.0
19146.0	2.0
19192.0	1.0
19197.0	1.0
19198.0	1.0
19208.0	1.0
19229.0	1.0
19244.0	1.0
19245.0	1.0
19260.0	1.0
19261.0	1.0
19264.0	1.0
19267.0	2.0
19268.0	1.0
19272.0	1.0
19276.0	1.0
19301.0	1.0
19331.0	1.0
19341.0	1.0
19356.0	1.0
19362.0	1.0
19445.0	1.0
19451.0	1.0
19504.0	1.0
19519.0	1.0
19582.0	1.0
19586.0	1.0
19619.0	1.0
19681.0	1.0
19716.0	1.0
19768.0	1.0
19783.0	1.0
19833.0	1.0
19834.0	1.0
19836.0	1.0
19842.0	1.0
19853.0	1.0
19875.0	1.0
19882.0	1.0
19914.0	1.0
19923.0	1.0
19938.0	1.0
19984.0	1.0
20049.0	1.0
20133.0	1.0
20214.0	1.0
20264.0	1.0
20378.0	1.0
20434.0	1.0
20440.0	2.0
20478.0	3.0
20489.0	1.0
20497.0	1.0
20501.0	2.0
20538.0	1.0
20539.0	1.0
20542.0	2.0
20543.0	1.0
20581.0	1.0
20586.0	1.0
20633.0	1.0
20661.0	1.0
20716.0	1.0
20745.0	1.0
20756.0	1.0
20819.0	1.0
20836.0	1.0
20879.0	1.0
20926.0	2.0
20940.0	1.0
20949.0	1.0
20954.0	1.0
20966.0	1.0
21000.0	1.0
21027.0	1.0
21032.0	1.0
21043.0	1.0
21045.0	1.0
21046.0	2.0
21098.0	1.0
21135.0	1.0
21183.0	1.0
21237.0	1.0
21259.0	1.0
21264.0	1.0
21279.0	1.0
21284.0	11.0
21286.0	3.0
21304.0	1.0
21320.0	1.0
21324.0	4.0
21326.0	2.0
21328.0	10.0
21334.0	1.0
21344.0	1.0
21348.0	1.0
21360.0	1.0
21379.0	2.0
21397.0	1.0
21456.0	1.0
21467.0	1.0
21477.0	2.0
21478.0	133.0
21479.0	1.0
21483.0	1.0
21527.0	1.0
21548.0	1.0
21616.0	1.0
21617.0	1.0
21621.0	1.0
21644.0	1.0
21646.0	1.0
21668.0	1.0
21695.0	1.0
21698.0	10.0
21706.0	2.0
21707.0	3.0
21708.0	3.0
21709.0	5.0
21710.0	6.0
21711.0	18.0
21712.0	33.0
21713.0	459.0
21726.0	2.0
21746.0	3.0
21750.0	1.0
21758.0	1.0
21772.0	1.0
21794.0	1.0
21806.0	1.0
21872.0	1.0
21906.0	1.0
21932.0	1.0
21970.0	1.0
21982.0	1.0
21985.0	1.0
22000.0	1.0
22003.0	1.0
22008.0	5.0
22147.0	1.0
22180.0	1.0
22199.0	1.0
22203.0	1.0
22212.0	1.0
22250.0	1.0
22266.0	1.0
22313.0	1.0
22316.0	2.0
22371.0	1.0
22416.0	1.0
22434.0	1.0
22508.0	1.0
22520.0	1.0
22524.0	1.0
22534.0	1.0
22615.0	1.0
22676.0	1.0
22803.0	1.0
22826.0	1.0
22880.0	1.0
22912.0	1.0
22915.0	1.0
22938.0	1.0
22974.0	1.0
22975.0	3.0
23098.0	1.0
23218.0	1.0
23365.0	1.0
