#Insert size (bp)	insert size
19.0	5.0
20.0	12.0
21.0	12.0
22.0	119.0
23.0	119.0
24.0	154.0
25.0	142.0
26.0	124.0
27.0	34.0
28.0	58.0
29.0	16.0
30.0	26.0
31.0	1.0
33.0	1.0
48.0	1.0
54.0	8.0
70.0	1.0
79.0	1.0
82.0	1.0
90.0	1.0
97.0	1.0
100.0	4.0
101.0	4.0
102.0	1.0
103.0	1.0
104.0	2.0
106.0	1.0
107.0	3.0
108.0	1.0
109.0	4.0
110.0	1.0
111.0	1.0
112.0	3.0
113.0	1.0
114.0	3.0
115.0	5.0
116.0	2.0
117.0	5.0
118.0	1.0
119.0	3.0
120.0	2.0
121.0	4.0
122.0	1.0
123.0	3.0
124.0	2.0
125.0	4.0
126.0	4.0
127.0	3.0
128.0	4.0
129.0	6.0
130.0	9.0
131.0	2.0
132.0	4.0
133.0	4.0
134.0	7.0
135.0	5.0
136.0	8.0
137.0	6.0
138.0	5.0
139.0	10.0
140.0	9.0
141.0	10.0
142.0	15.0
143.0	10.0
144.0	7.0
145.0	3.0
146.0	5.0
147.0	7.0
148.0	2.0
149.0	6.0
150.0	4.0
151.0	5.0
152.0	6.0
153.0	6.0
154.0	3.0
155.0	10.0
156.0	7.0
157.0	6.0
158.0	11.0
159.0	6.0
160.0	11.0
161.0	9.0
162.0	5.0
163.0	8.0
164.0	5.0
165.0	5.0
166.0	13.0
167.0	7.0
168.0	8.0
169.0	9.0
170.0	8.0
171.0	6.0
172.0	6.0
173.0	12.0
174.0	9.0
175.0	11.0
176.0	13.0
177.0	7.0
178.0	9.0
179.0	5.0
180.0	8.0
181.0	9.0
182.0	6.0
183.0	8.0
184.0	7.0
185.0	11.0
186.0	10.0
187.0	11.0
188.0	10.0
189.0	14.0
190.0	9.0
191.0	9.0
192.0	15.0
193.0	5.0
194.0	11.0
195.0	16.0
196.0	9.0
197.0	9.0
198.0	14.0
199.0	12.0
200.0	14.0
201.0	10.0
202.0	9.0
203.0	14.0
204.0	11.0
205.0	12.0
206.0	19.0
207.0	15.0
208.0	13.0
209.0	13.0
210.0	11.0
211.0	17.0
212.0	21.0
213.0	18.0
214.0	13.0
215.0	19.0
216.0	14.0
217.0	15.0
218.0	14.0
219.0	18.0
220.0	17.0
221.0	14.0
222.0	13.0
223.0	13.0
224.0	19.0
225.0	18.0
226.0	21.0
227.0	14.0
228.0	18.0
229.0	20.0
230.0	13.0
231.0	23.0
232.0	24.0
233.0	27.0
234.0	17.0
235.0	20.0
236.0	17.0
237.0	20.0
238.0	24.0
239.0	17.0
240.0	23.0
241.0	19.0
242.0	26.0
243.0	22.0
244.0	23.0
245.0	23.0
246.0	24.0
247.0	28.0
248.0	18.0
249.0	16.0
250.0	22.0
251.0	23.0
252.0	20.0
253.0	21.0
254.0	20.0
255.0	21.0
256.0	29.0
257.0	28.0
258.0	20.0
259.0	26.0
260.0	17.0
261.0	28.0
262.0	13.0
263.0	25.0
264.0	29.0
265.0	18.0
266.0	20.0
267.0	23.0
268.0	17.0
269.0	25.0
270.0	15.0
271.0	24.0
272.0	24.0
273.0	22.0
274.0	19.0
275.0	24.0
276.0	24.0
277.0	17.0
278.0	26.0
279.0	21.0
280.0	24.0
281.0	22.0
282.0	22.0
283.0	23.0
284.0	25.0
285.0	27.0
286.0	32.0
287.0	28.0
288.0	24.0
289.0	26.0
290.0	23.0
291.0	28.0
292.0	24.0
293.0	24.0
294.0	23.0
295.0	22.0
296.0	34.0
297.0	28.0
298.0	20.0
299.0	31.0
300.0	29.0
301.0	28.0
302.0	28.0
303.0	26.0
304.0	26.0
305.0	28.0
306.0	26.0
307.0	29.0
308.0	29.0
309.0	37.0
310.0	34.0
311.0	28.0
312.0	29.0
313.0	20.0
314.0	32.0
315.0	32.0
316.0	34.0
317.0	23.0
318.0	32.0
319.0	30.0
320.0	26.0
321.0	28.0
322.0	22.0
323.0	21.0
324.0	33.0
325.0	19.0
326.0	24.0
327.0	31.0
328.0	30.0
329.0	23.0
330.0	30.0
331.0	31.0
332.0	27.0
333.0	31.0
334.0	31.0
335.0	22.0
336.0	25.0
337.0	23.0
338.0	18.0
339.0	32.0
340.0	17.0
341.0	29.0
342.0	23.0
343.0	23.0
344.0	28.0
345.0	23.0
346.0	29.0
347.0	26.0
348.0	29.0
349.0	28.0
350.0	27.0
351.0	34.0
352.0	26.0
353.0	31.0
354.0	26.0
355.0	22.0
356.0	34.0
357.0	27.0
358.0	28.0
359.0	30.0
360.0	33.0
361.0	34.0
362.0	33.0
363.0	30.0
364.0	29.0
365.0	28.0
366.0	29.0
367.0	31.0
368.0	29.0
369.0	25.0
370.0	24.0
371.0	24.0
372.0	26.0
373.0	27.0
374.0	23.0
375.0	42.0
376.0	39.0
377.0	15.0
378.0	25.0
379.0	18.0
380.0	15.0
381.0	11.0
382.0	19.0
383.0	17.0
384.0	18.0
385.0	13.0
386.0	19.0
387.0	16.0
388.0	14.0
389.0	18.0
390.0	18.0
391.0	16.0
392.0	12.0
393.0	18.0
394.0	18.0
395.0	17.0
396.0	17.0
397.0	19.0
398.0	18.0
399.0	16.0
400.0	17.0
401.0	16.0
402.0	26.0
403.0	18.0
404.0	11.0
405.0	13.0
406.0	17.0
407.0	15.0
408.0	17.0
409.0	15.0
410.0	13.0
411.0	18.0
412.0	12.0
413.0	22.0
414.0	18.0
415.0	14.0
416.0	28.0
417.0	18.0
418.0	14.0
419.0	12.0
420.0	16.0
421.0	16.0
422.0	14.0
423.0	14.0
424.0	14.0
425.0	19.0
426.0	11.0
427.0	13.0
428.0	14.0
429.0	14.0
430.0	20.0
431.0	16.0
432.0	16.0
433.0	19.0
434.0	20.0
435.0	19.0
436.0	16.0
437.0	18.0
438.0	16.0
439.0	15.0
440.0	15.0
441.0	17.0
442.0	17.0
443.0	11.0
444.0	15.0
445.0	16.0
446.0	15.0
447.0	19.0
448.0	15.0
449.0	17.0
450.0	23.0
451.0	16.0
452.0	10.0
453.0	15.0
454.0	16.0
455.0	18.0
456.0	13.0
457.0	16.0
458.0	16.0
459.0	17.0
460.0	16.0
461.0	18.0
462.0	15.0
463.0	14.0
464.0	16.0
465.0	20.0
466.0	14.0
467.0	15.0
468.0	23.0
469.0	15.0
470.0	18.0
471.0	14.0
472.0	12.0
473.0	17.0
474.0	16.0
475.0	12.0
476.0	14.0
477.0	16.0
478.0	13.0
479.0	15.0
480.0	17.0
481.0	8.0
482.0	13.0
483.0	14.0
484.0	16.0
485.0	18.0
486.0	18.0
487.0	10.0
488.0	15.0
489.0	18.0
490.0	17.0
491.0	27.0
492.0	22.0
493.0	27.0
494.0	21.0
495.0	20.0
496.0	17.0
497.0	17.0
498.0	20.0
499.0	26.0
500.0	22.0
501.0	19.0
502.0	22.0
503.0	18.0
504.0	19.0
505.0	23.0
506.0	14.0
507.0	20.0
508.0	18.0
509.0	23.0
510.0	22.0
511.0	31.0
512.0	29.0
513.0	19.0
514.0	22.0
515.0	23.0
516.0	16.0
517.0	17.0
518.0	12.0
519.0	12.0
520.0	8.0
521.0	7.0
522.0	12.0
523.0	12.0
524.0	9.0
525.0	9.0
526.0	10.0
527.0	17.0
528.0	21.0
529.0	22.0
530.0	12.0
531.0	13.0
532.0	20.0
533.0	11.0
534.0	13.0
535.0	8.0
536.0	9.0
537.0	9.0
538.0	11.0
539.0	31.0
540.0	8.0
541.0	13.0
542.0	13.0
543.0	14.0
544.0	23.0
545.0	19.0
546.0	17.0
547.0	27.0
548.0	30.0
549.0	27.0
550.0	15.0
551.0	14.0
552.0	10.0
553.0	10.0
554.0	7.0
555.0	6.0
556.0	9.0
557.0	8.0
558.0	5.0
559.0	8.0
560.0	8.0
561.0	18.0
562.0	8.0
563.0	3.0
564.0	6.0
565.0	6.0
566.0	7.0
567.0	8.0
568.0	5.0
569.0	6.0
570.0	9.0
571.0	1.0
572.0	4.0
573.0	5.0
574.0	2.0
576.0	1.0
577.0	5.0
578.0	1.0
579.0	1.0
580.0	4.0
581.0	5.0
582.0	2.0
583.0	5.0
584.0	3.0
585.0	3.0
586.0	6.0
587.0	10.0
588.0	6.0
590.0	1.0
592.0	1.0
600.0	2.0
601.0	1.0
604.0	2.0
607.0	1.0
608.0	1.0
609.0	3.0
610.0	3.0
611.0	4.0
612.0	4.0
613.0	5.0
614.0	3.0
615.0	1.0
616.0	4.0
621.0	1.0
624.0	1.0
626.0	1.0
627.0	1.0
629.0	1.0
636.0	1.0
637.0	1.0
639.0	1.0
641.0	5.0
642.0	1.0
643.0	1.0
644.0	1.0
645.0	3.0
646.0	2.0
647.0	1.0
650.0	2.0
653.0	1.0
654.0	1.0
655.0	3.0
656.0	1.0
657.0	3.0
658.0	3.0
663.0	1.0
665.0	1.0
666.0	1.0
667.0	1.0
668.0	1.0
669.0	3.0
670.0	3.0
671.0	3.0
672.0	4.0
673.0	2.0
674.0	1.0
675.0	1.0
696.0	1.0
702.0	1.0
703.0	1.0
704.0	2.0
705.0	1.0
772.0	1.0
865.0	1.0
