#Position (bp)	mapping quality
38.0	54.32686286787727
113.0	46.53739612188366
188.0	48.51932344325805
263.0	47.0964316057774
338.0	48.79400613829211
413.0	20.710944808231993
488.0	0.0
563.0	0.0
638.0	51.86046511627907
713.0	58.56937349206529
788.0	58.680484387091376
863.0	58.557085353581556
938.0	58.54769585253456
1013.0	54.86142442797293
1088.0	2.536327608982827
1163.0	11.523031203566122
1238.0	13.6741214057508
1313.0	25.448768864177918
1388.0	30.1099404489235
1463.0	34.194186276448484
1538.0	41.71500630517024
1613.0	37.12532865907099
1688.0	10.773293096944549
1763.0	7.862564922093488
1838.0	13.821656050955413
1913.0	54.71052951424057
1988.0	48.72764965016844
2063.0	45.95112498654322
2138.0	41.937802349689015
2213.0	31.78988326848249
2288.0	9.043342444357673
2363.0	9.359720605355063
2438.0	16.788079470198674
2513.0	22.756849315068493
2588.0	36.820603907637654
2663.0	41.17426428159261
2738.0	43.41171984237956
2813.0	45.93598448108632
2888.0	50.177630588589494
2963.0	25.494447382337388
3038.0	19.142141515341265
3113.0	23.280810354530107
3188.0	49.02439024390244
3263.0	52.00220628792057
3338.0	52.159807750075096
3413.0	51.89742952936794
3488.0	48.93598982619754
3563.0	3.6041486603284354
3638.0	4.468085106382978
3713.0	1.2691269126912692
3788.0	26.709183673469386
3863.0	40.28998640688718
3938.0	49.32165943867114
4013.0	50.47584294263611
4088.0	51.87484811664642
4163.0	43.119567316978944
4238.0	36.44749754661433
4313.0	47.15279842978647
4388.0	51.968767428890125
4463.0	52.0465424552618
4538.0	49.720649121972116
4613.0	49.03805175038052
4688.0	29.675698441667837
4763.0	5.052149580259476
4838.0	5.010183299389002
4913.0	12.631578947368421
4988.0	26.16131558339859
5063.0	23.867514218802274
5138.0	20.848287112561174
5213.0	26.186599874765186
5288.0	17.713390759592794
5363.0	2.384635902907442
5438.0	1.1924857065069425
5513.0	1.7632785117282286
5588.0	51.70299521771961
5663.0	55.199926856028284
5738.0	56.36678200692042
5813.0	51.8338777414839
5888.0	47.852845904673764
5963.0	21.032472939217318
6038.0	9.100257069408741
6113.0	7.256259989344699
6188.0	57.9907361422215
6263.0	58.9643012011055
6338.0	58.627985835658606
6413.0	58.47827955932745
6488.0	58.323929714667344
6563.0	45.86741312214105
6638.0	19.259988191300923
6713.0	14.465464144302684
6788.0	24.353366626485276
6863.0	14.23391554278134
6938.0	8.25
7013.0	14.020435362061306
7088.0	6.144842721287491
7163.0	0.0
7238.0	0.0
7313.0	27.26646248085758
7388.0	47.63974556669237
7463.0	48.96774193548387
7538.0	47.9571911378145
7613.0	46.64515121544948
7688.0	34.52577217201311
7763.0	17.07831325301205
7838.0	9.587264150943396
7913.0	16.265984654731458
7988.0	50.5814845948613
8063.0	50.757956597160764
8138.0	52.01908081827355
8213.0	52.894285480928914
8288.0	51.55776943977229
8363.0	28.87298747763864
8438.0	12.224052718286655
8513.0	12.285191956124315
8588.0	28.76122082585278
8663.0	33.1702302631579
8738.0	26.064230919256275
8813.0	29.523587108827652
8888.0	29.452375380294875
8963.0	47.50909090909091
9038.0	47.532244196044715
9113.0	49.99885070681531
9188.0	47.88019503134432
9263.0	42.474988249513196
9338.0	41.02232240238494
9413.0	46.34794434564285
9488.0	49.83217164440637
9563.0	48.24800756450088
9638.0	37.775885558583106
9713.0	32.52053063802906
9788.0	32.86902286902287
9863.0	19.24422236102436
9938.0	9.836632711896982
10013.0	8.245092207019631
10088.0	23.608477412158393
10163.0	41.30372492836676
10238.0	42.24081632653061
10313.0	42.3827202159973
10388.0	49.84593837535014
10463.0	53.76820591184757
10538.0	53.63897685749087
10613.0	53.73894282632147
10688.0	54.10242514564422
10763.0	43.59419196681124
10838.0	24.653304442036838
10913.0	25.586606907461114
10988.0	33.72659553050131
11063.0	50.54151885904582
11138.0	51.8057691704071
11213.0	52.44551217111928
11288.0	53.01017675415105
11363.0	53.9890961790619
11438.0	20.093191041635354
11513.0	19.527439024390244
11588.0	54.97312031498448
11663.0	56.18326097582013
11738.0	55.7133174101091
11813.0	54.734131072192724
11888.0	54.555795653769316
11963.0	53.07005388760585
12038.0	52.330634853003836
12113.0	53.82022471910113
12188.0	56.66771806381172
12263.0	54.603574026382525
12338.0	54.017261671243624
12413.0	55.8290281407646
12488.0	38.241915028535196
12563.0	8.729921553978334
12638.0	10.118117390514264
12713.0	49.10074103745244
12788.0	56.2217392531542
12863.0	57.062978808078796
12938.0	56.41967319204012
13013.0	56.21282362171029
13088.0	49.58588235294118
13163.0	22.721145745577086
13238.0	24.467344753747323
13313.0	34.57424156774072
13388.0	22.757753624990674
13463.0	1.6380212225377373
13538.0	2.247017451605482
13613.0	4.1051576888210315
13688.0	7.535379470950021
13763.0	8.60940515879979
13838.0	7.9186734043656735
13913.0	12.856338028169015
13988.0	37.67182119668111
14063.0	36.77331095147145
14138.0	39.36292268758551
14213.0	38.32687083230427
14288.0	21.707141454474044
14363.0	4.553266776191078
14438.0	3.656093489148581
14513.0	3.1238150794808224
14588.0	25.13879922530665
14663.0	27.442421319184856
14738.0	25.940847694457382
14813.0	27.81592121912307
14888.0	19.17987602777164
14963.0	0.0
15038.0	0.0
15113.0	0.0
15188.0	19.548938033720166
15263.0	32.390249274359114
15338.0	32.03343239819293
15413.0	33.774264409211135
15488.0	34.09249937261038
15563.0	21.458218952454157
15638.0	3.5282760839835894
15713.0	2.255490663815086
15788.0	2.703232125367287
15863.0	31.362736713500304
15938.0	36.67221319897909
16013.0	35.9596153056897
16088.0	37.1458298110312
16163.0	31.66022916952255
16238.0	0.06344117195627334
16313.0	0.0
16388.0	0.007169437711242361
16463.0	2.7120688531003454
16538.0	4.24702952234402
16613.0	4.184162881555125
16688.0	5.5048688209390315
16763.0	7.109813541212057
16838.0	2.4371468348210628
16913.0	1.9311666639128926
16988.0	4.254104211277659
17063.0	26.234652114597544
17138.0	46.72946239806705
17213.0	49.30561302728623
17288.0	46.83467303932218
17363.0	48.179384563645534
17438.0	38.10297562677566
17513.0	9.911638115326511
17588.0	9.595559762498924
17663.0	13.442740205038545
17738.0	13.910834031852472
17813.0	13.708941185756192
17888.0	9.384385248259594
17963.0	7.537904199651147
18038.0	3.9256804130282363
18113.0	0.9810991664849816
18188.0	1.150893857551382
18263.0	10.379311317296033
18338.0	27.624155887169486
18413.0	27.53120934481136
18488.0	27.21418389498104
18563.0	24.978802173523615
18638.0	21.053586843444965
18713.0	4.738453807377629
18788.0	7.402026724060622
18863.0	7.256403723077384
18938.0	23.821606283669862
19013.0	26.681184668989548
19088.0	26.068191460639486
19163.0	24.709492388840978
19238.0	23.637678763329752
19313.0	2.7497681682854216
19388.0	0.032718721243311405
19463.0	0.0
19538.0	0.34278739383253937
19613.0	5.737988034293468
19688.0	7.686086788469829
19763.0	8.858305478854817
19838.0	10.176273202225715
19913.0	6.147740680017774
19988.0	0.12078201235115493
20063.0	0.11567399723610804
20138.0	0.33250603474654067
20213.0	0.31018298074960887
20288.0	0.4246652069860991
20363.0	0.3973509933774834
20438.0	0.7794837185760081
20513.0	0.5245611647843244
20588.0	0.4768520892078954
20663.0	0.5780761543586327
20738.0	0.3958190541466758
20813.0	22.220291491995916
20888.0	32.47535250272982
20963.0	32.13808570284341
21038.0	31.229870409294783
21113.0	32.07703264954651
21188.0	1.911666220198232
21263.0	0.0
21338.0	0.009337068160597572
21413.0	0.5592009457074817
21488.0	1.526923401028061
21563.0	2.6732221602716812
21638.0	2.60066683765068
21713.0	2.9266053486118433
21788.0	0.9010087495378766
21863.0	1.068042974510217
21938.0	0.8040909892435196
22013.0	1.918912374165427
22088.0	9.28619986403807
22163.0	5.91415866469034
22238.0	5.8076389113098505
22313.0	4.800710339384373
22388.0	0.0
22463.0	0.0
22538.0	8.340221883837286
22613.0	16.135115779422296
22688.0	19.456239274331946
22763.0	18.287193937778454
22838.0	19.222169302885217
22913.0	2.629165931934403
22988.0	0.04533225223897099
23063.0	0.032071368009732
23138.0	22.147665075113544
23213.0	35.043008110100764
23288.0	37.701614840334635
23363.0	37.87155213512225
23438.0	38.01595517934352
23513.0	23.297262458020963
23588.0	0.738616646271301
23663.0	1.138586019847245
23738.0	1.7535859828016445
23813.0	4.873929590865842
23888.0	5.965525855608294
23963.0	3.634689552135089
24038.0	3.9927498705334026
24113.0	3.2977979727368054
24188.0	0.9037922115769917
24263.0	0.9435919838366188
24338.0	0.9650830619188849
24413.0	6.830539304852269
24488.0	15.341289177024404
24563.0	16.291845724831944
24638.0	15.159832497201377
24713.0	22.739873904705032
24788.0	20.235559422989716
24863.0	18.080312152768805
24938.0	14.079033034223116
25013.0	18.066533977822008
25088.0	13.294850940707367
25163.0	12.403655727844852
25238.0	10.9620180463401
25313.0	7.828394088986799
25388.0	0.5823642523578427
25463.0	0.6388934628684341
25538.0	0.9317652199242645
25613.0	10.60204363435515
25688.0	17.35278458098179
25763.0	16.73076923076923
25838.0	14.563503318395824
25913.0	34.38998027765962
25988.0	60.0
26063.0	60.0
26138.0	60.0
26213.0	60.0
26288.0	60.0
26363.0	60.0
26438.0	60.0
26513.0	59.99475080925024
26588.0	59.98983223182511
26663.0	60.0
26738.0	60.0
26813.0	60.0
26888.0	60.0
26963.0	60.0
27038.0	60.0
27113.0	60.0
27188.0	60.0
27263.0	59.973787680209696
27338.0	60.0
27413.0	60.0
27488.0	60.0
27563.0	60.0
27638.0	60.0
27713.0	60.0
27788.0	60.0
27863.0	60.0
27938.0	60.0
28013.0	60.0
28088.0	59.99860759787427
28163.0	59.999232
28238.0	59.67741664072425
28313.0	59.9937773419822
28388.0	59.99802572318171
28463.0	59.99888876541838
28538.0	60.0
28613.0	60.0
28688.0	60.0
28763.0	60.0
28838.0	60.0
28913.0	60.0
28988.0	60.0
29063.0	60.0
29138.0	60.0
29213.0	60.0
29288.0	60.0
29363.0	60.0
29438.0	60.0
29513.0	60.0
29588.0	60.0
29663.0	60.0
29738.0	0.0
29813.0	0.0
29877.0	0.0
