#Position (bp)	Coverage
38.0	196.30666666666667
113.0	752.0133333333333
188.0	907.3466666666667
263.0	798.7333333333333
338.0	869.0266666666666
413.0	125.82666666666667
488.0	40.45333333333333
563.0	40.50666666666667
638.0	136.12
713.0	754.6266666666667
788.0	848.92
863.0	830.7733333333333
938.0	776.32
1013.0	216.93333333333334
1088.0	40.0
1163.0	40.0
1238.0	45.4
1313.0	77.06666666666666
1388.0	106.05333333333333
1463.0	106.88
1538.0	102.61333333333333
1613.0	75.45333333333333
1688.0	40.0
1763.0	40.0
1838.0	42.48
1913.0	263.17333333333335
1988.0	365.82666666666665
2063.0	308.46666666666664
2138.0	293.2
2213.0	181.10666666666665
2288.0	42.18666666666667
2363.0	40.0
2438.0	40.0
2513.0	89.21333333333334
2588.0	233.50666666666666
2663.0	270.37333333333333
2738.0	279.5733333333333
2813.0	326.4
2888.0	440.50666666666666
2963.0	335.17333333333335
3038.0	350.8666666666667
3113.0	384.02666666666664
3188.0	402.2266666666667
3263.0	416.32
3338.0	438.8933333333333
3413.0	484.52
3488.0	339.70666666666665
3563.0	40.026666666666664
3638.0	40.0
3713.0	40.18666666666667
3788.0	87.65333333333334
3863.0	143.04
3938.0	252.06666666666666
4013.0	247.14666666666668
4088.0	301.53333333333336
4163.0	183.22666666666666
4238.0	171.0
4313.0	354.52
4388.0	587.7466666666667
4463.0	636.2666666666667
4538.0	507.28
4613.0	472.50666666666666
4688.0	227.57333333333332
4763.0	171.0
4838.0	171.0
4913.0	171.06666666666666
4988.0	204.85333333333332
5063.0	217.32
5138.0	229.78666666666666
5213.0	222.42666666666668
5288.0	220.74666666666667
5363.0	197.68
5438.0	190.01333333333332
5513.0	194.94666666666666
5588.0	799.8
5663.0	1417.6266666666668
5738.0	1842.84
5813.0	1252.7866666666666
5888.0	1023.2933333333333
5963.0	248.45333333333335
6038.0	151.0
6113.0	151.0
6188.0	1152.52
6263.0	2207.4533333333334
6338.0	2206.4266666666667
6413.0	2075.6
6488.0	1647.7733333333333
6563.0	252.77333333333334
6638.0	151.0
6713.0	159.77333333333334
6788.0	219.88
6863.0	204.49333333333334
6938.0	186.6
7013.0	194.70666666666668
7088.0	168.97333333333333
7163.0	151.92
7238.0	151.0
7313.0	217.28
7388.0	499.1333333333333
7463.0	546.6
7538.0	503.6
7613.0	515.6533333333333
7688.0	210.12
7763.0	151.77333333333334
7838.0	151.18666666666667
7913.0	151.0
7988.0	510.38666666666666
8063.0	528.2
8138.0	614.3466666666667
8213.0	611.1866666666666
8288.0	545.1733333333333
8363.0	188.54666666666665
8438.0	152.16
8513.0	151.13333333333333
8588.0	190.45333333333335
8663.0	323.48
8738.0	312.16
8813.0	329.9866666666667
8888.0	275.2266666666667
8963.0	195.57333333333332
9038.0	151.0
9113.0	151.0
9188.0	164.66666666666666
9263.0	324.0933333333333
9338.0	385.3333333333333
9413.0	446.5733333333333
9488.0	508.12
9563.0	312.2266666666667
9638.0	151.0
9713.0	151.0
9788.0	158.73333333333332
9863.0	188.10666666666665
9938.0	191.06666666666666
10013.0	179.85333333333332
10088.0	171.32
10163.0	154.2
10238.0	151.0
10313.0	151.53333333333333
10388.0	274.0933333333333
10463.0	515.96
10538.0	559.3866666666667
10613.0	599.6266666666667
10688.0	552.48
10763.0	240.05333333333334
10838.0	151.62666666666667
10913.0	151.0
10988.0	180.54666666666665
11063.0	448.28
11138.0	473.6933333333333
11213.0	479.94666666666666
11288.0	475.84
11363.0	375.04
11438.0	152.06666666666666
11513.0	152.89333333333335
11588.0	899.1866666666666
11663.0	1177.56
11738.0	1060.8266666666666
11813.0	789.9466666666667
11888.0	535.5733333333334
11963.0	181.10666666666665
12038.0	152.0
12113.0	322.6
12188.0	908.24
12263.0	883.7733333333333
12338.0	909.12
12413.0	1071.6933333333334
12488.0	257.9066666666667
12563.0	152.0
12638.0	152.0
12713.0	438.02666666666664
12788.0	1119.6266666666668
12863.0	1373.92
12938.0	1259.36
13013.0	1065.52
13088.0	382.58666666666664
13163.0	152.0
13238.0	152.0
13313.0	171.61333333333334
13388.0	193.84
13463.0	181.82666666666665
13538.0	185.54666666666665
13613.0	191.68
13688.0	173.64
13763.0	162.53333333333333
13838.0	161.0
13913.0	244.26666666666668
13988.0	1108.48
14063.0	1163.52
14138.0	1276.68
14213.0	1092.7733333333333
14288.0	618.1066666666667
14363.0	433.56
14438.0	407.25333333333333
14513.0	393.97333333333336
14588.0	1027.9333333333334
14663.0	1152.7066666666667
14738.0	1205.0933333333332
14813.0	1177.88
14888.0	810.9066666666666
14963.0	161.0
15038.0	161.0
15113.0	161.0
15188.0	667.44
15263.0	1429.08
15338.0	1594.3466666666666
15413.0	1737.8533333333332
15488.0	1442.96
15563.0	504.72
15638.0	161.0
15713.0	161.0
15788.0	161.42666666666668
15863.0	1059.4133333333334
15938.0	1577.4
16013.0	1505.2666666666667
16088.0	1558.5733333333333
16163.0	1089.7333333333333
16238.0	161.62666666666667
16313.0	161.0
16388.0	161.30666666666667
16463.0	208.4
16538.0	264.48
16613.0	254.50666666666666
16688.0	278.81333333333333
16763.0	261.64
16838.0	180.89333333333335
16913.0	161.0
16988.0	161.0
17063.0	629.4666666666667
17138.0	2783.7466666666664
17213.0	4100.453333333333
17288.0	3681.0533333333333
17363.0	3890.04
17438.0	1703.0
17513.0	161.0
17588.0	161.0
17663.0	188.94666666666666
17738.0	348.81333333333333
17813.0	439.25333333333333
17888.0	341.8666666666667
17963.0	310.88
18038.0	224.17333333333335
18113.0	161.73333333333332
18188.0	161.0
18263.0	325.62666666666667
18338.0	903.88
18413.0	942.92
18488.0	954.8666666666667
18563.0	925.64
18638.0	705.2133333333334
18713.0	161.82666666666665
18788.0	161.93333333333334
18863.0	162.94666666666666
18938.0	805.76
19013.0	1114.32
19088.0	1127.8
19163.0	1008.08
19238.0	1049.0666666666666
19313.0	209.97333333333333
19388.0	161.0
19463.0	161.0
19538.0	167.57333333333332
19613.0	247.68
19688.0	282.14666666666665
19763.0	304.2266666666667
19838.0	311.96
19913.0	240.90666666666667
19988.0	161.0
20063.0	161.81333333333333
20138.0	161.14666666666668
20213.0	177.64
20288.0	185.12
20363.0	181.28
20438.0	178.98666666666668
20513.0	533.4133333333333
20588.0	376.1066666666667
20663.0	479.74666666666667
20738.0	373.85333333333335
20813.0	843.6666666666666
20888.0	1160.5733333333333
20963.0	1110.52
21038.0	1029.7733333333333
21113.0	922.7333333333333
21188.0	181.2
21263.0	161.0
21338.0	161.94666666666666
21413.0	189.36
21488.0	210.42666666666668
21563.0	214.81333333333333
21638.0	215.16
21713.0	187.85333333333332
21788.0	124.0
21863.0	124.0
21938.0	124.94666666666667
22013.0	199.66666666666666
22088.0	341.81333333333333
22163.0	292.25333333333333
22238.0	267.12
22313.0	212.96
22388.0	124.0
22463.0	124.0
22538.0	288.9866666666667
22613.0	528.32
22688.0	745.8533333333334
22763.0	652.2533333333333
22838.0	731.44
22913.0	192.78666666666666
22988.0	124.0
23063.0	124.0
23138.0	498.12
23213.0	1156.9466666666667
23288.0	1415.0533333333333
23363.0	1459.3866666666668
23438.0	1404.2933333333333
23513.0	593.72
23588.0	124.0
23663.0	124.0
23738.0	124.0
23813.0	308.04
23888.0	419.9866666666667
23963.0	365.81333333333333
24038.0	386.46666666666664
24113.0	281.58666666666664
24188.0	127.36
24263.0	124.0
24338.0	124.0
24413.0	296.84
24488.0	575.7066666666667
24563.0	603.7333333333333
24638.0	599.64
24713.0	607.8666666666667
24788.0	180.44
24863.0	124.46666666666667
24938.0	124.49333333333334
25013.0	566.76
25088.0	579.0533333333333
25163.0	529.16
25238.0	470.06666666666666
25313.0	503.37333333333333
25388.0	430.4266666666667
25463.0	413.12
25538.0	417.2
25613.0	522.4533333333334
25688.0	391.46666666666664
25763.0	336.6
25838.0	359.85333333333335
25913.0	278.48
25988.0	56.93333333333333
26063.0	3.0
26138.0	3.0
26213.0	124.48
26288.0	531.3066666666666
26363.0	415.7733333333333
26438.0	481.26666666666665
26513.0	604.8933333333333
26588.0	81.94666666666667
26663.0	3.2
26738.0	2.68
26813.0	28.733333333333334
26888.0	198.93333333333334
26963.0	190.66666666666666
27038.0	201.32
27113.0	230.4
27188.0	197.30666666666667
27263.0	102.06666666666666
27338.0	59.373333333333335
27413.0	84.76
27488.0	68.73333333333333
27563.0	10.253333333333334
27638.0	16.666666666666668
27713.0	27.69333333333333
27788.0	32.733333333333334
27863.0	6.293333333333333
27938.0	9.8
28013.0	12.44
28088.0	257.61333333333334
28163.0	899.48
28238.0	736.72
28313.0	1488.7333333333333
28388.0	1856.1333333333334
28463.0	304.81333333333333
28538.0	0.0
28613.0	0.24
28688.0	1.3466666666666667
28763.0	2.533333333333333
28838.0	4.56
28913.0	2.72
28988.0	3.7866666666666666
29063.0	1.5466666666666666
29138.0	0.0
29213.0	23.106666666666666
29288.0	163.21333333333334
29363.0	116.81333333333333
29438.0	50.06666666666667
29513.0	170.85333333333332
29588.0	158.64
29663.0	43.61333333333334
29738.0	0.0
29813.0	0.0
29877.0	0.0
