#Read position (bp)	Clipping profile
0.0	10.098098663499156
1.0	8.681856315776358
2.0	7.349508676041832
3.0	5.894226216680926
4.0	4.271154341343478
5.0	3.593351552052098
6.0	2.930500294877439
7.0	2.340745416940086
8.0	1.788369369294537
9.0	1.3340089210808295
10.0	0.9112128184468681
11.0	0.6047064100540747
12.0	0.3430545980114462
13.0	0.0
14.0	0.0
15.0	0.0
16.0	0.0
17.0	0.0
18.0	0.0
19.0	0.0
20.0	0.0
21.0	0.0
22.0	0.0
23.0	0.0
24.0	0.0
25.0	0.0
26.0	0.0
27.0	0.0
28.0	0.0
29.0	0.0
30.0	0.0016612813463024031
31.0	0.0016612813463024031
32.0	0.0033225626926048062
33.0	0.007475766058360814
34.0	0.010798328750965619
35.0	0.0033225626926048062
36.0	0.0066451253852096125
37.0	0.009967688077814419
38.0	0.012459610097268023
39.0	0.011628969424116821
40.0	0.014120891443570425
41.0	0.014120891443570425
42.0	0.013290250770419225
43.0	0.014120891443570425
44.0	0.013290250770419225
45.0	0.011628969424116821
46.0	0.011628969424116821
47.0	0.011628969424116821
48.0	0.011628969424116821
49.0	0.014951532116721627
50.0	0.018274094809326433
51.0	0.025749860867687248
52.0	0.029903064233443254
53.0	0.033225626926048066
54.0	0.03405626759919926
55.0	0.02824178288714085
56.0	0.02658050154083845
57.0	0.033225626926048066
58.0	0.1137977722217146
59.0	0.3771108656106455
60.0	0.7018913688127653
61.0	0.9544061334507306
62.0	1.3099203415594447
63.0	2.280939288473199
64.0	2.865710322371645
65.0	3.44965071559694
66.0	4.248727043168396
67.0	5.095980529782621
68.0	6.351909227587238
69.0	7.217436809010789
70.0	7.680103663956009
71.0	6.783011736952711
