#Position (bp)	mapping quality
38.0	59.981655345702116
113.0	59.99444755743467
188.0	59.98823770714821
263.0	59.977830588196596
338.0	59.98219648634366
413.0	59.956356813639516
488.0	59.635111028523646
563.0	59.98811741474181
638.0	59.97867121288313
713.0	59.92053585614615
788.0	59.95287480747435
863.0	59.96654533920759
938.0	59.97917852338576
1013.0	59.98653022340271
1088.0	59.973673459693124
1163.0	59.987833523058555
1238.0	59.96005375884651
1313.0	59.94609088343212
1388.0	59.989992145734625
1463.0	59.99059919470415
1538.0	59.98287706951202
1613.0	59.961802840981335
1688.0	59.97989391522963
1763.0	59.95549494824273
1838.0	56.98060766952102
1913.0	54.1130999434104
1988.0	59.99582046754203
2063.0	59.995994995413945
2138.0	59.97123418107161
2213.0	59.99285276854412
2288.0	59.95936511399586
2363.0	60.0
2438.0	60.0
2513.0	59.98726340894098
2588.0	59.970705181742254
2663.0	59.976191139463836
2738.0	59.98417936065222
2813.0	59.99131296641791
2888.0	40.63253452063963
2963.0	59.990524885583525
3038.0	59.98760279350386
3113.0	59.9932080986975
3188.0	59.99137431059131
3263.0	59.99115793193061
3338.0	59.98596703854128
3413.0	59.978948824889805
3488.0	59.98235645811388
3563.0	59.96701344836336
3638.0	59.947644740477884
3713.0	59.99573766765174
3788.0	59.99118112525934
3863.0	59.9548625359048
3938.0	59.98216627327564
4013.0	59.97735377312294
4088.0	59.97282601370829
4163.0	58.743063504330365
4238.0	59.98546576628952
4313.0	59.48447804592683
4388.0	59.98424767756045
4463.0	59.981505260938725
4538.0	59.92633025962738
4613.0	59.98517114478666
4688.0	59.61692287631746
4763.0	59.99758143192584
4838.0	59.996340762166966
4913.0	59.99587137024634
4988.0	59.99582362862421
5063.0	59.995036810323434
5138.0	59.98933170768879
5213.0	59.97240569866024
5288.0	59.965039352590885
5363.0	59.97843985558385
5438.0	59.995209010099984
5513.0	59.99874269303393
5588.0	59.9939129278431
5663.0	59.9854596676824
5738.0	59.98146501746
5813.0	59.95195646938512
5888.0	59.98662957215998
5963.0	59.989950793205786
6038.0	59.96465233666062
6113.0	59.993390950686326
6188.0	59.91451238152023
6263.0	59.98357422684548
6338.0	59.978608482890316
6413.0	59.990551829279546
6488.0	59.988512920526574
6563.0	59.98703407795793
6638.0	59.984776672085324
6713.0	59.96955031408553
6788.0	59.98076816723814
6863.0	59.98517012497758
6938.0	59.99096268881525
7013.0	59.99134720288928
7088.0	59.99274741214479
7163.0	59.99633935616616
7238.0	59.994399580117616
7313.0	59.99436037221543
7388.0	59.992101195295824
7463.0	59.97792389678828
7538.0	59.997504592995504
7613.0	59.9813124311568
7688.0	59.993858443108664
7763.0	59.99310155801098
7838.0	59.98815011714182
7913.0	59.98845008488492
7988.0	59.97862240824523
8063.0	59.989950878270214
8138.0	59.98897889458313
8213.0	59.993209643677766
8288.0	59.98734475843823
8363.0	59.98797689763261
8438.0	59.996656815416095
8513.0	59.99829331148772
8588.0	59.988638074105005
8663.0	59.99650897983118
8738.0	59.96778270474051
8813.0	59.98097924738286
8888.0	59.986335048800875
8963.0	59.98770483982214
9038.0	59.987899304930316
9113.0	59.9935235075601
9188.0	59.98571808053502
9263.0	59.983611870675524
9338.0	59.94915373355207
9413.0	59.98114437155146
9488.0	59.98874971063416
9563.0	59.94728050300668
9638.0	59.98121181815657
9713.0	59.977987869519126
9788.0	59.97739676361573
9863.0	56.65375901017223
9938.0	59.99100140345084
10013.0	59.982323636646434
10088.0	59.97917284418515
10163.0	59.98051907271959
10238.0	59.987945451271635
10313.0	59.98256399182186
10388.0	59.985423996135566
10463.0	59.98812566831305
10538.0	59.99486467346365
10613.0	59.98823488038262
10688.0	59.132755037155846
10763.0	59.97998680214572
10838.0	59.97426305520862
10913.0	59.974779209665044
10988.0	59.98209341499777
11063.0	59.949449944521376
11138.0	59.973045359097235
11213.0	59.989949265330196
11288.0	59.94158929244978
11363.0	59.9807566152248
11438.0	59.99239244620057
11513.0	59.95418769872345
11588.0	59.98866042838074
11663.0	58.37208870058428
11738.0	59.97908035875305
11813.0	59.98068547155917
11888.0	59.991222016171996
11963.0	59.97990443043623
12038.0	59.984839417514465
12113.0	59.978497314284866
12188.0	59.97295800092445
12263.0	59.99153222473731
12338.0	59.981046113086705
12413.0	59.9596810030154
12488.0	59.97702399368701
12563.0	59.975682603365655
12638.0	59.9735700173693
12713.0	59.98202775476829
12788.0	59.98680932709656
12863.0	59.9943995475453
12938.0	59.99535606782916
13013.0	59.98687523038599
13088.0	59.975444158462494
13163.0	59.975261975782736
13238.0	59.99408059647101
13313.0	59.98445781448391
13388.0	59.989409244243795
13463.0	59.97770887250354
13538.0	59.98387670758383
13613.0	59.99163524376107
13688.0	59.98657397557089
13763.0	59.987932785063045
13838.0	59.98644580063935
13913.0	59.987663203085376
13988.0	59.86473842055389
14063.0	59.99749732135176
14138.0	59.987414488440905
14213.0	59.985732781653475
14288.0	59.981405873971816
14363.0	59.98247160687124
14438.0	59.96247247389813
14513.0	59.9889648422083
14588.0	58.06942137134589
14663.0	59.98391466379082
14738.0	59.98888721351025
14813.0	59.983176546279715
14888.0	59.97031124715978
14963.0	59.99074661497857
15038.0	59.96235024288212
15113.0	59.99365120771584
15188.0	59.99008845484623
15263.0	59.984834862535294
15338.0	59.98573942226512
15413.0	59.99356663026077
15488.0	59.98694896054374
15563.0	59.98269546183316
15638.0	59.98680743961037
15713.0	59.97789712443295
15788.0	59.984911804529695
15863.0	56.42951123054302
15938.0	59.98810144075206
16013.0	59.988463766033775
16088.0	59.993734496709884
16163.0	59.97879503653895
16238.0	59.98748394730387
16313.0	59.977808576880584
16388.0	59.995643349067855
16463.0	59.98448665800992
16538.0	59.985700047666505
16613.0	59.9776865966417
16688.0	59.99341936008016
16763.0	59.98906128558681
16838.0	59.968387723815916
16913.0	59.97389777992552
16988.0	59.99108186088657
17063.0	59.97443792048625
17138.0	59.98650201736154
17213.0	59.95911487473211
17288.0	59.99262809048119
17363.0	59.961237974302136
17438.0	59.98330725201751
17513.0	59.989099903822684
17588.0	59.992957506657675
17663.0	59.99614556990106
17738.0	59.98874553817194
17813.0	59.992324845719025
17888.0	59.993858330558034
17963.0	59.993419063684364
18038.0	59.994355236255785
18113.0	59.995323487639
18188.0	59.98878468586005
18263.0	59.98407975420468
18338.0	59.97532409788401
18413.0	59.93996612569253
18488.0	59.9836817481006
18563.0	59.98421831720604
18638.0	59.97156290772902
18713.0	59.958469979889536
18788.0	59.9872381896087
18863.0	59.990377481945615
18938.0	59.98228481815474
19013.0	59.97323299582852
19088.0	59.97915286053348
19163.0	59.99000805012837
19238.0	59.993472665201665
19313.0	59.997819093833485
19388.0	60.0
19463.0	60.0
19538.0	59.78906267089577
19613.0	59.914737671067236
19688.0	59.97553726811369
19763.0	59.954861263314775
19838.0	59.973868669432
19913.0	59.97467460397538
19988.0	59.98514533483218
20063.0	59.98890014960668
20138.0	59.9803371345553
20213.0	59.96811279826464
20288.0	59.882838579992104
20363.0	59.95379754117949
20438.0	59.93430793740043
20513.0	59.98740641335828
20588.0	59.989883527640494
20663.0	59.99065432653893
20738.0	59.99685869356556
20813.0	59.98675419804522
20888.0	59.98166416961608
20963.0	59.997369491782024
21038.0	59.99381921621696
21113.0	59.98397194301556
21188.0	59.95509226816164
21263.0	59.96703170028818
21338.0	59.964029530341904
21413.0	59.983422852505896
21488.0	59.98861681005956
21563.0	59.991325858579366
21638.0	59.98223225196106
21713.0	59.95888639339202
21788.0	59.95253308991328
21863.0	59.970839946010884
21938.0	59.979351455553136
22013.0	59.94017838694125
22088.0	59.976987256935736
22163.0	59.98889706056796
22238.0	59.984015701668305
22313.0	59.98517059279962
22388.0	59.98633655382502
22463.0	59.98976971195345
22538.0	59.98498346238047
22613.0	59.94152534701861
22688.0	59.98002345530973
22763.0	59.990422329654294
22838.0	59.95066370647348
22913.0	59.98512319656024
22988.0	59.96747808472741
23063.0	59.97350348632324
23138.0	59.98507775030883
23213.0	59.98538560790743
23288.0	59.986979121806684
23363.0	59.986323203701545
23438.0	59.95606859194473
23513.0	59.93805151006076
23588.0	59.78903596239399
23663.0	59.994212607821076
23738.0	59.984599960191375
23813.0	59.98151951318553
23888.0	59.99091064528263
23963.0	59.9921611303386
24038.0	59.91354941100339
24113.0	59.94221664561794
24188.0	59.9972307132364
24263.0	59.99721163456489
24338.0	59.97140694947179
24413.0	59.97329335901089
24488.0	59.986345517107054
24563.0	59.9891813041386
24638.0	59.99534006310565
24713.0	59.96130435937389
24788.0	59.976689390917834
24863.0	59.99201381634842
24938.0	59.995438878160506
25013.0	59.9952846870211
25088.0	59.995444651030134
25163.0	59.994500444816964
25238.0	59.84692267227775
25313.0	59.7773912085953
25388.0	59.93780844017576
25463.0	59.98582852395294
25538.0	59.9826443419752
25613.0	58.13527360439787
25688.0	59.97345274418955
25763.0	59.94927362651298
25838.0	59.9737960436099
25913.0	59.993366519763434
25988.0	59.989064864949206
26063.0	59.9751636834803
26138.0	59.95600234739897
26213.0	59.986872479634
26288.0	59.972619231652075
26363.0	59.99072604942541
26438.0	59.985692919417794
26513.0	59.96215197346143
26588.0	59.90580254811024
26663.0	59.961351883005335
26738.0	59.9887083856551
26813.0	59.43371536442961
26888.0	59.96823735114128
26963.0	59.99318008102471
27038.0	59.981415452283876
27113.0	59.96299968113169
27188.0	59.929308698261764
27263.0	59.97026160190256
27338.0	59.98562287394775
27413.0	59.9776397253165
27488.0	59.981016240350904
27563.0	59.947770113014485
27638.0	59.96764415621035
27713.0	59.99830962107339
27788.0	59.9644150918721
27863.0	59.996574867683876
27938.0	59.99738279273463
28013.0	59.98695901653597
28088.0	59.978890177644836
28163.0	59.97683250609332
28238.0	59.985851027774764
28313.0	59.979360909030554
28388.0	59.971947004608296
28463.0	59.98741235991141
28538.0	59.998337328363796
28613.0	59.97870107420669
28688.0	59.989362045066244
28763.0	59.99135841744512
28838.0	59.99150966281233
28913.0	59.96755923384118
28988.0	59.00654261476856
29063.0	59.931895673108315
29138.0	59.989607314157276
29213.0	59.987165505493415
29288.0	59.99196914938958
29363.0	59.949868306498715
29438.0	59.970390840900116
29513.0	59.996189211781484
29588.0	59.96563234292992
29663.0	59.988953892730024
29738.0	60.0
29813.0	60.0
29877.0	16.34739350464305
