# Position (bp)	A	C	G	T	N
0.0	26.126746095139673	23.81464725362822	23.936321853865188	26.12228479736692	0.0
1.0	26.561472461753493	20.214609270055593	15.462284782773885	37.76163348541703	0.0
2.0	28.85634314708242	19.125554747487886	17.886949595962694	34.131152509467	0.0
3.0	23.14239071240686	22.55228741619414	15.085054780568234	39.22026709083076	0.0
4.0	34.12668013455664	13.036414568161291	14.73922252735917	38.0976827699229	0.0
5.0	34.92993801788511	14.770351523713968	23.267787950110076	27.03192250829085	0.0
6.0	31.219313480450122	17.255297048322248	21.0421148811192	30.48327459010843	0.0
7.0	35.05222295267793	17.045530079899816	20.04290356491326	27.859343402508998	0.0
8.0	22.377636803298927	26.87836453860956	22.861609435867088	27.882389222224425	0.0
9.0	27.711754305723847	18.424955747233614	15.565221649318053	38.298068297724484	0.0
10.0	26.600595732355934	16.53554234252631	24.9623525906231	31.901509334494655	0.0
11.0	27.971749075614667	18.348139821030248	19.349382753350344	34.33072835000474	0.0
12.0	26.018636691820507	19.88861534422349	20.965569837064386	33.127178126891614	0.0
13.0	26.193324422005215	20.72604750647773	18.82389222224422	34.25673584927284	0.0
14.0	30.481586785952054	18.394231460461103	20.293552900678975	30.830628852907864	0.0
15.0	29.67568113837181	18.518128787791966	19.823603628570567	31.98258644526566	0.0
16.0	29.979027470575424	17.64575282837428	18.52565097668642	33.84956872436387	0.0
17.0	30.447695261750297	17.81270999878103	19.71959530207006	32.01999943739862	0.0
18.0	31.42570484055981	17.712910764127283	18.920097059157538	31.941287336155373	0.0
19.0	29.863933813072563	18.364705306268732	19.99777043154652	31.77359044911218	0.0
20.0	29.62184852061882	17.80062448753786	20.096152744192445	32.481374247650876	0.0
21.0	29.04618228076518	18.4323841692305	20.028077976552026	32.4933555734523	0.0
22.0	29.910525542623827	18.739210295188613	22.74982887541192	28.60043528677564	0.0
23.0	29.769958544612727	20.177771619260554	21.038843458248206	29.013426377878517	0.0
24.0	32.82037283802185	19.29922788169118	17.890963684080567	29.9894355962064	0.0
25.0	29.467591555561572	20.947910404687512	19.478478934224604	30.10601910552631	0.0
26.0	31.97947130055729	16.574914020964197	22.102847700679394	29.342766977799123	0.0
27.0	26.320868239797377	21.043010875918263	24.92934664267623	27.706774241608123	0.0
28.0	26.53186459643248	19.587696532812686	18.651038155834332	35.2294007149205	0.0
29.0	28.229868507553967	20.029369876029744	17.25697443393445	34.48378718248185	0.0
30.0	26.579854174051697	18.948354666943906	15.920021611266918	38.55176954773747	0.0
31.0	34.45950880257544	14.203280719431863	18.25003779739319	33.08717268059951	0.0
32.0	34.49057665610271	15.383996372769063	22.560096051167665	27.565330919960555	0.0
33.0	31.304773273983304	17.194182018175088	20.97610793001357	30.52493677782804	0.0
34.0	33.2607221866026	16.377595897355246	21.94071798812401	28.420963927918148	0.0
35.0	26.393213768083722	20.236166561446876	25.655030246984932	27.715589423484467	0.0
