#Position (bp)	insert size
38.0	2268.2155172413795
113.0	193.1595744680851
188.0	165.47619047619048
263.0	128.23728813559322
338.0	229.609649122807
413.0	194.52272727272728
488.0	168.41951219512194
563.0	135.38636363636363
638.0	188.98224852071007
713.0	197.79054054054055
788.0	165.60555555555555
863.0	131.28455284552845
938.0	204.83177570093457
1013.0	197.75851393188856
1088.0	165.1985294117647
1163.0	141.39837398373984
1238.0	183.86363636363637
1313.0	188.1829268292683
1388.0	166.01333333333332
1463.0	140.25806451612902
1538.0	143.5
1613.0	207.42857142857142
1688.0	179.1875
1763.0	146.90677966101694
1838.0	124.71428571428571
1913.0	183.16666666666666
1988.0	175.57943925233644
2063.0	155.2434210526316
2138.0	129.9268292682927
2213.0	199.02158273381295
2288.0	192.06
2363.0	184.45070422535213
2438.0	142.9387755102041
2513.0	203.3
2588.0	181.17857142857142
2663.0	168.88888888888889
2738.0	141.56666666666666
2813.0	198.0
2888.0	200.66197183098592
2963.0	170.99447513812154
3038.0	139.1639344262295
3113.0	118.78947368421052
3188.0	198.83763837638375
3263.0	185.51785714285714
3338.0	150.35714285714286
3413.0	122.88571428571429
3488.0	218.1891891891892
3563.0	197.025
3638.0	154.05555555555554
3713.0	120.43333333333334
3788.0	227.71604938271605
3863.0	210.50595238095238
3938.0	179.80327868852459
4013.0	133.90983606557376
4088.0	200.6216216216216
4163.0	186.99212598425197
4238.0	175.5121951219512
4313.0	189.59701492537314
4388.0	196.95348837209303
4463.0	171.64444444444445
4538.0	135.21176470588236
4613.0	216.73684210526315
4688.0	208.61742424242425
4763.0	177.69461077844312
4838.0	225.951871657754
4913.0	123.66666666666667
4988.0	213.49537037037038
5063.0	178.95454545454547
5138.0	153.0
5213.0	112.78947368421052
5288.0	214.41
5363.0	194.68309859154928
5438.0	162.27611940298507
5513.0	132.8125
5588.0	198.98445595854923
5663.0	175.94535519125682
5738.0	161.9581395348837
5813.0	129.94117647058823
5888.0	223.43870967741935
5963.0	200.96319018404907
6038.0	171.83928571428572
6113.0	129.39743589743588
6188.0	202.4182389937107
6263.0	182.19277108433735
6338.0	161.83760683760684
6413.0	123.3763440860215
6488.0	209.49612403100775
6563.0	192.51739130434783
6638.0	171.47926267281105
6713.0	204.5190311418685
6788.0	219.184
6863.0	195.5819209039548
6938.0	135.59375
7013.0	193.28169014084506
7088.0	200.31034482758622
7163.0	182.56521739130434
7238.0	146.78947368421052
7313.0	187.51685393258427
7388.0	183.8041958041958
7463.0	161.41447368421052
7538.0	130.9718309859155
7613.0	204.80612244897958
7688.0	275.07766990291265
7763.0	188.7621359223301
7838.0	143.17834394904457
7913.0	168.3
7988.0	226.24170616113744
8063.0	190.8684210526316
8138.0	167.08955223880596
8213.0	128.92134831460675
8288.0	217.98666666666668
8363.0	185.30857142857144
8438.0	166.15315315315314
8513.0	131.16923076923078
8588.0	172.27777777777777
8663.0	183.26956521739132
8738.0	177.8279569892473
8813.0	139.6
8888.0	199.51351351351352
8963.0	193.01823708206686
9038.0	170.24761904761905
9113.0	135.35245901639345
9188.0	205.8450704225352
9263.0	206.0686274509804
9338.0	175.23809523809524
9413.0	139.85833333333332
9488.0	208.11041009463722
9563.0	191.14194915254237
9638.0	148.5148514851485
9713.0	123.75806451612904
9788.0	206.75
9863.0	196.77830188679246
9938.0	168.35333333333332
10013.0	127.74242424242425
10088.0	220.20809248554914
10163.0	200.51030927835052
10238.0	168.39655172413794
10313.0	132.05208333333334
10388.0	205.24242424242425
10463.0	192.1693989071038
10538.0	153.34027777777777
10613.0	432.63461538461536
10688.0	215.53370786516854
10763.0	194.68358208955223
10838.0	168.48305084745763
10913.0	142.03478260869565
10988.0	201.07471264367817
11063.0	204.02803738317758
11138.0	173.40196078431373
11213.0	142.71140939597316
11288.0	161.00925925925927
11363.0	192.61920529801324
11438.0	161.36764705882354
11513.0	146.42222222222222
11588.0	208.36101083032491
11663.0	182.59722222222223
11738.0	151.51977401129943
11813.0	121.55555555555556
11888.0	211.76029962546818
11963.0	175.87007874015748
12038.0	170.57777777777778
12113.0	184.5048231511254
12188.0	200.61065573770492
12263.0	161.58620689655172
12338.0	130.07575757575756
12413.0	212.99476439790575
12488.0	213.20942408376965
12563.0	174.89447236180905
12638.0	138.1417910447761
12713.0	267.14084507042253
12788.0	185.44811320754718
12863.0	167.31451612903226
12938.0	135.29347826086956
13013.0	203.09722222222223
13088.0	195.8957055214724
13163.0	176.0
13238.0	135.89506172839506
13313.0	174.72222222222223
13388.0	192.90625
13463.0	168.64285714285714
13538.0	162.9090909090909
13613.0	193.3222748815166
13688.0	179.88509316770185
13763.0	164.64453125
13838.0	136.88079470198676
13913.0	197.7017543859649
13988.0	195.56598984771574
14063.0	167.43548387096774
14138.0	136.48872180451127
14213.0	208.37260273972603
14288.0	188.78472222222223
14363.0	159.2330827067669
14438.0	131.51388888888889
14513.0	112.08333333333333
14588.0	211.0231884057971
14663.0	267.4125
14738.0	150.57894736842104
14813.0	121.18867924528301
14888.0	186.03587443946188
14963.0	165.72560975609755
15038.0	133.63636363636363
15113.0	138.16666666666666
15188.0	206.83668341708542
15263.0	185.0557768924303
15338.0	158.30103806228374
15413.0	127.8
15488.0	210.52507374631267
15563.0	195.09418282548475
15638.0	172.37053571428572
15713.0	143.68553459119497
15788.0	134.47826086956522
15863.0	219.91035856573706
15938.0	192.70466321243524
16013.0	150.46022727272728
16088.0	115.94520547945206
16163.0	219.19135802469137
16238.0	193.6946564885496
16313.0	146.70909090909092
16388.0	187.6904761904762
16463.0	212.42937853107344
16538.0	186.66666666666666
16613.0	168.62
16688.0	139.49019607843138
16763.0	215.93303571428572
16838.0	200.01415094339623
16913.0	172.57260273972602
16988.0	145.66176470588235
17063.0	213.01176470588234
17138.0	204.68098159509202
17213.0	171.34328358208955
17288.0	137.48387096774192
17363.0	205.16666666666666
17438.0	210.84100418410043
17513.0	172.4901185770751
17588.0	144.26973684210526
17663.0	200.80748663101605
17738.0	190.74666666666667
17813.0	172.54741379310346
17888.0	146.04285714285714
17963.0	185.51709401709402
18038.0	191.97175141242937
18113.0	176.8987854251012
18188.0	133.80246913580248
18263.0	215.29965156794424
18338.0	203.4963768115942
18413.0	180.9022346368715
18488.0	147.02877697841726
18563.0	123.68
18638.0	209.17128027681662
18713.0	174.0653594771242
18788.0	152.12682926829268
18863.0	130.57575757575756
18938.0	223.20833333333334
19013.0	191.56034482758622
19088.0	163.82911392405063
19163.0	124.28205128205128
19238.0	189.91666666666666
19313.0	208.42857142857142
19388.0	180.5
19463.0	144.0
19538.0	187.41964285714286
19613.0	213.80427046263344
19688.0	175.1762295081967
19763.0	136.05434782608697
19838.0	157.75
19913.0	186.12857142857143
19988.0	174.1818181818182
20063.0	149.9655172413793
20138.0	127.875
20213.0	184.89411764705883
20288.0	186.20689655172413
20363.0	149.72
20438.0	122.36842105263158
20513.0	230.38888888888889
20588.0	188.81958762886597
20663.0	158.7741935483871
20738.0	123.075
20813.0	204.21666666666667
20888.0	186.76328502415458
20963.0	159.42857142857142
21038.0	129.5981308411215
21113.0	210.1578947368421
21188.0	204.14285714285714
21263.0	157.625
21338.0	193.79591836734693
21413.0	198.425
21488.0	181.26785714285714
21563.0	129.44
21638.0	182.32258064516128
21713.0	186.68367346938774
21788.0	171.98429319371726
21863.0	147.54545454545453
21938.0	171.2463768115942
22013.0	198.22794117647058
22088.0	177.02189781021897
22163.0	140.42307692307693
22238.0	125.5
22313.0	178.25
22388.0	170.875
22463.0	131.75
22538.0	176.16666666666666
22613.0	181.05454545454546
22688.0	164.66
22763.0	136.75641025641025
22838.0	212.6089965397924
22913.0	191.00985221674875
22988.0	161.83125
23063.0	137.55882352941177
23138.0	195.45402298850576
23213.0	196.09803921568627
23288.0	164.43085106382978
23363.0	131.275
23438.0	208.22560975609755
23513.0	195.05940594059405
23588.0	182.8505747126437
23663.0	139.05847953216374
23738.0	103.6
23813.0	211.4139344262295
23888.0	185.96069868995633
23963.0	153.015503875969
24038.0	125.48387096774194
24113.0	201.0943396226415
24188.0	193.42372881355934
24263.0	161.3551401869159
24338.0	123.6086956521739
24413.0	208.8736842105263
24488.0	195.07361963190183
24563.0	162.25130890052355
24638.0	127.07936507936508
24713.0	207.11049723756906
24788.0	185.5390625
24863.0	156.15602836879432
24938.0	134.55
25013.0	221.36363636363637
25088.0	184.66666666666666
25163.0	146.95774647887325
25238.0	125.28947368421052
25313.0	208.09163346613545
25388.0	188.66666666666666
25463.0	159.0408163265306
25538.0	122.49056603773585
25613.0	214.3695652173913
25688.0	201.67424242424244
25763.0	174.41176470588235
25838.0	127.33870967741936
25913.0	177.04444444444445
25988.0	208.70119521912352
26063.0	176.11111111111111
26138.0	137.2
26213.0	177.63841807909606
26288.0	207.52325581395348
26363.0	175.1283783783784
26438.0	132.31147540983608
26513.0	211.63186813186815
26588.0	194.58498023715416
26663.0	168.27272727272728
26738.0	146.83018867924528
26813.0	196.06382978723406
26888.0	194.9816513761468
26963.0	168.0701754385965
27038.0	146.75
27113.0	159.4
27188.0	222.1456102783726
27263.0	182.478431372549
27338.0	141.69662921348313
27413.0	208.77272727272728
27488.0	206.3265306122449
27563.0	204.05882352941177
27638.0	166.13888888888889
27713.0	127.38888888888889
27788.0	196.04848484848486
27863.0	177.3756906077348
27938.0	149.6412213740458
28013.0	133.0759493670886
28088.0	235.00381679389312
28163.0	201.81716417910448
28238.0	154.1987951807229
28313.0	125.98876404494382
28388.0	204.67484662576686
28463.0	191.83870967741936
28538.0	159.53125
28613.0	139.59036144578315
28688.0	179.4857142857143
28763.0	187.0612244897959
28838.0	174.34782608695653
28913.0	117.07692307692308
28988.0	210.5253164556962
29063.0	197.0374149659864
29138.0	169.3548387096774
29213.0	140.768
29288.0	171.64150943396226
29363.0	189.53488372093022
29438.0	162.41304347826087
29513.0	203.69483568075117
29588.0	174.9496402877698
29663.0	138.88732394366198
29738.0	115.375
29813.0	0.0
29877.0	0.0
