# Position (bp)	A	C	G	T	N
0.0	26.314033709599926	24.072536072193387	24.270089132316635	25.343341085890046	0.0
1.0	27.030207852137057	21.458690747564447	15.753720164033295	35.7573812362652	0.0
2.0	29.42357928567742	20.892229163151907	17.151830718351558	32.532360832819116	0.0
3.0	24.106158539929538	22.3484243925976	15.271255155533344	38.274161911939515	0.0
4.0	33.711991730743904	14.011521193434815	15.201998300858891	37.0744887749624	0.0
5.0	35.09812976289094	15.269285000673124	24.353223401053402	25.279361835382534	0.0
6.0	32.45163641539095	17.294873923666295	21.22358629107212	29.029903369870635	0.0
7.0	35.60650986464019	18.041449264022027	20.619074215155532	25.732966656182256	0.0
8.0	23.26319457045078	26.78170561558848	23.15991644098483	26.795183372975913	0.0
9.0	27.123501542933663	19.63870984436964	15.281451001497496	37.956337611199196	0.0
10.0	27.42166034264618	16.679471819780662	24.551052050636933	31.347815786936216	0.0
11.0	27.71185571313664	19.697503672881428	19.71081199560456	32.879828618377374	0.0
12.0	25.356390413201858	21.17246323190769	20.428028929582645	33.04311742530781	0.0
13.0	26.987568732711885	21.820797273272543	19.387515252970573	31.804118741044995	0.0
14.0	30.273476790069527	19.279955047443245	20.054333075895332	30.392235086591896	0.0
15.0	29.936794708955915	18.96499140966252	20.91436802872626	30.183845852655306	0.0
16.0	28.26365820530491	18.930103271968203	19.17777054171959	33.6284679810073	0.0
17.0	29.68182634548837	18.16770889522746	20.558000720251353	31.59246403903282	0.0
18.0	32.27095745064291	17.752085663701767	19.360097643656722	30.6168592419986	0.0
19.0	31.063966514781328	19.08373430303359	20.363874804418487	29.4884243777666	0.0
20.0	30.477306691221344	18.04855011677129	20.019260100385416	31.454883091621948	0.0
21.0	29.517212867546146	19.474527654663813	19.69351425669475	31.31474522109529	0.0
22.0	30.605199056464567	19.02360040035871	23.052695104786096	27.318505438390627	0.0
23.0	29.78695285311031	20.50111688250076	21.7165179389721	27.99541232541683	0.0
24.0	33.90629462100392	19.42178726461289	17.64048983253386	29.031428281849326	0.0
25.0	30.165716343575298	21.265082380674098	19.922112425136834	28.647088850613766	0.0
26.0	31.29852570277648	17.23940717583529	23.123149118831922	28.33891800255631	0.0
27.0	26.85604122376189	21.473964515452288	24.491657499224452	27.178336761561372	0.0
28.0	28.111567489369516	20.086248405388762	19.361021832734714	32.44116227250701	0.0
29.0	28.386482933770452	21.224171610821514	17.466850107929883	32.92249534747815	0.0
30.0	27.407499244233247	19.357865362661506	16.123121892594348	37.111513500510895	0.0
31.0	34.34844190441029	15.16045545928906	18.69203658615528	31.79906605014537	0.0
32.0	33.847352588859295	15.485527768743927	23.83197492632642	26.83514471607036	0.0
33.0	30.950934471048015	17.852110708049107	21.218768302258187	29.97818651864469	0.0
34.0	32.63694053726632	17.68815166858923	21.977836622078208	27.69707117206624	0.0
35.0	27.46264741540835	20.57652375179103	25.293375950622725	26.66745288217789	0.0
