#GC Content (%)	Sample
1.0	0.0
2.0	0.0
3.0	0.0
4.0	0.0
5.0	0.0
6.0	0.0
7.0	0.0
8.0	0.0
9.0	0.0
10.0	0.0
11.0	0.0
12.0	0.0
13.0	0.0
14.0	0.0
15.0	0.0
16.0	0.0
17.0	0.0
18.0	0.0
19.0	0.0
20.0	0.0
21.0	0.0
22.0	0.0
23.0	2.2593764121102577E-4
24.0	0.001129688206055129
25.0	0.002033438770899232
26.0	0.002033438770899232
27.0	0.003840939900587438
28.0	0.0067781292363307735
29.0	0.005422503389064619
30.0	0.013556258472661547
31.0	0.03321283325802078
32.0	0.030275643922277454
33.0	0.04450971531857207
34.0	0.06665160415725259
35.0	0.0675553547220967
36.0	0.07207410754631721
37.0	0.07568910980569363
38.0	0.07388160867600542
39.0	0.07049254405784003
40.0	0.05671034794396746
41.0	0.05829191143244465
42.0	0.060325350203343876
43.0	0.03953908721192951
44.0	0.04134658834161771
45.0	0.03569814731134206
46.0	0.028016267510167198
47.0	0.021464075915047447
48.0	0.019882512426570267
49.0	0.0140081337550836
50.0	0.01649344780840488
51.0	0.011974694984184363
52.0	0.008133755083596927
53.0	0.007004066877541799
54.0	0.00429281518300949
55.0	0.002033438770899232
56.0	0.003163126976954361
57.0	0.001129688206055129
58.0	4.5187528242205153E-4
59.0	0.0
60.0	0.0
61.0	0.0
62.0	0.0
63.0	0.0
64.0	0.0
65.0	0.0
66.0	0.0
67.0	0.0
68.0	0.0
69.0	0.0
70.0	0.0
71.0	0.0
72.0	0.0
73.0	0.0
74.0	0.0
75.0	0.0
76.0	0.0
77.0	0.0
78.0	0.0
79.0	0.0
80.0	2.2593764121102577E-4
81.0	0.0
82.0	0.0
83.0	0.0
84.0	0.0
85.0	0.0
86.0	0.0
87.0	0.0
88.0	0.0
89.0	0.0
90.0	0.0
91.0	0.0
92.0	0.0
93.0	0.0
94.0	0.0
95.0	0.0
96.0	0.0
97.0	0.0
98.0	0.0
99.0	0.0
100.0	4.5187528242205153E-4
