#Read position (bp)	Clipping profile
0.0	13.668430640502594
1.0	0.13316386254857276
2.0	0.1267567586288105
3.0	0.12034965470904821
4.0	0.11844484003019998
5.0	0.11723268523456927
6.0	0.11619369540974295
7.0	0.11532787055572102
8.0	0.11411571576009033
9.0	0.11324989090606839
10.0	0.11290356096445961
11.0	0.11151824119802455
12.0	0.11047925137319821
13.0	0.10909393160676312
14.0	0.10701595195711051
15.0	0.1019941678037833
16.0	0.10026251809573945
17.0	0.09645288873804296
18.0	0.09333591926356401
19.0	0.09247009440954208
20.0	0.08935312493506313
21.0	0.08727514528541051
22.0	0.08588982551897542
23.0	0.08398501084012717
24.0	0.08034854645323507
25.0	0.0786168967451912
26.0	0.07584625721232104
27.0	0.07463410241669034
28.0	0.07238295779623333
29.0	0.07151713294221139
30.0	0.621489080216941
31.0	0.5766393527786051
32.0	0.2519550325203815
33.0	0.9714554862126049
34.0	0.5520499269243824
35.0	0.4687575759674727
36.0	0.30234603902445784
37.0	0.3357668783897043
38.0	0.28745385153528064
39.0	0.548759792479099
40.0	0.6647803229180376
41.0	1.3757956930408461
42.0	0.6204500903921149
43.0	0.642095711742663
44.0	0.9021894978908507
45.0	46.96303274203268
46.0	13.523491559939323
47.0	2.2688074474790643
48.0	0.47447202000401745
49.0	0.31083112259387274
50.0	0.3134285971559385
51.0	0.37507532676229993
52.0	0.1439000907384447
53.0	0.34858108622922884
54.0	0.2978437497835438
55.0	0.12866157330765873
56.0	0.27637129340379996
57.0	0.14182211108879206
58.0	0.2644229104182973
59.0	0.05991507989831753
60.0	0.22338281233765783
61.0	0.1819963843154096
62.0	0.13108588289892015
63.0	0.1809573944905833
64.0	0.12900790324926753
65.0	0.13056638798650697
66.0	0.09610655879643419
67.0	0.025455250708244732
68.0	0.07879006171599559
69.0	0.45230690374105603
70.0	0.056451780482229805
71.0	0.14788288506694558
72.0	0.17749409507449557
73.0	0.2708300143380596
74.0	0.06008824486912191
75.0	0.07099763802979824
76.0	0.07446093744588594
77.0	0.09108477464310699
78.0	0.039827943285008764
79.0	0.08069487639484384
80.0	0.09991618815413067
81.0	0.3231258355209842
82.0	0.1523851743078596
83.0	0.19584958197976046
84.0	0.1523851743078596
85.0	0.05454696580338156
86.0	0.14303426588442278
87.0	0.10892076663595876
88.0	0.03878895346018245
89.0	0.02026030158411315
90.0	0.05801026521946929
91.0	0.01956764170089561
92.0	0.10008935312493505
93.0	0.06372470925601402
94.0	0.08017538148243068
95.0	0.01956764170089561
96.0	0.06008824486912191
97.0	0.13697349190626926
98.0	0.055239625686599104
99.0	0.04034743819742192
100.0	0.04000110825581315
101.0	0.05697127539464297
102.0	0.040174273226617534
103.0	0.02026030158411315
104.0	0.03913528340179122
105.0	0.04190592293466139
106.0	0.07930955662840874
107.0	0.021472456379743855
108.0	0.06130039966475262
109.0	0.08225336113208331
110.0	0.023550436029396483
111.0	0.023550436029396483
112.0	0.023550436029396483
113.0	0.024069930941809644
114.0	0.024762590825027186
115.0	0.025628415679049114
116.0	0.026667405503875433
117.0	0.02718690041628859
118.0	0.02736006538709298
119.0	0.02839905521191929
120.0	0.028225890241114902
121.0	0.029091715095136833
122.0	0.02891855012433245
123.0	0.029611210007549994
124.0	0.030477034861571925
125.0	0.03099652977398508
126.0	0.031169694744789464
127.0	0.031516024686398234
128.0	0.03342083936524649
129.0	0.033594004336050864
130.0	0.034113499248464026
131.0	0.03376716930685525
132.0	0.03394033427765964
133.0	0.034459829190072795
134.0	0.034979324102485956
135.0	0.03601831392731227
136.0	0.03480615913168157
137.0	0.034979324102485956
138.0	0.03584514895650789
139.0	0.03671097381052981
140.0	0.0368841387813342
141.0	0.03705730375213859
142.0	0.0368841387813342
143.0	0.0380962935769649
144.0	0.03792312860616052
145.0	0.03792312860616052
146.0	0.03740363369374736
147.0	0.03705730375213859
148.0	0.03774996363535613
149.0	0.0380962935769649
150.0	0.0368841387813342
151.0	0.03705730375213859
152.0	0.036537808839725426
153.0	0.0368841387813342
154.0	0.03774996363535613
155.0	0.03826945854776929
156.0	0.03774996363535613
157.0	0.03705730375213859
158.0	0.03774996363535613
159.0	0.03792312860616052
160.0	0.03740363369374736
161.0	0.03792312860616052
162.0	0.03826945854776929
163.0	0.03740363369374736
164.0	0.03723046872294297
165.0	0.0368841387813342
166.0	0.03636464386892104
167.0	0.03636464386892104
168.0	0.03601831392731227
169.0	0.03601831392731227
170.0	0.036537808839725426
171.0	0.036191478898116664
172.0	0.03636464386892104
173.0	0.03601831392731227
174.0	0.03584514895650789
175.0	0.03515248907329034
176.0	0.03480615913168157
177.0	0.034113499248464026
178.0	0.033594004336050864
179.0	0.032555014511224556
180.0	0.032035519598811395
181.0	0.03307450942363771
182.0	0.03307450942363771
183.0	0.032901344452833325
184.0	0.0332476743944421
185.0	0.032901344452833325
186.0	0.032901344452833325
187.0	0.032555014511224556
188.0	0.03238184954042017
189.0	0.032035519598811395
190.0	0.031689189657202625
191.0	0.03099652977398508
192.0	0.029957539949158764
193.0	0.03099652977398508
194.0	0.031516024686398234
195.0	0.031169694744789464
196.0	0.03134285971559385
197.0	0.031169694744789464
198.0	0.03186235462800701
199.0	0.02891855012433245
200.0	0.024935755795831575
201.0	0.014199527605959645
202.0	0.014719022518372803
203.0	0.014545857547568417
204.0	0.01437269257676403
205.0	0.01437269257676403
206.0	0.013853197664350874
207.0	0.013853197664350874
208.0	0.013506867722742103
209.0	0.01368003269354649
210.0	0.01368003269354649
211.0	0.01402636263515526
212.0	0.01402636263515526
213.0	0.013506867722742103
214.0	0.012814207839524557
215.0	0.012641042868720174
216.0	0.011948382985502628
217.0	0.011602053043893857
218.0	0.011602053043893857
219.0	0.01021673327745877
220.0	0.007272928773784208
