#GC Content (%)	Sample
1.0	0.0
2.0	0.0
3.0	0.0
4.0	0.0
5.0	0.0
6.0	0.0
7.0	0.0
8.0	0.0
9.0	0.0
10.0	0.0
11.0	0.0
12.0	0.0
13.0	0.0
14.0	0.0
15.0	0.0
16.0	0.0
17.0	0.0
18.0	0.0
19.0	0.0
20.0	8.685833405715279E-5
21.0	8.685833405715279E-5
22.0	8.685833405715279E-5
23.0	3.4743333622861116E-4
24.0	0.0026926083557717363
25.0	0.0035611916963432643
26.0	0.0017371666811430556
27.0	0.004864066707200555
28.0	0.009120125076001042
29.0	0.006514375054286459
30.0	0.015808216798401806
31.0	0.03387475028228958
32.0	0.04117085034309042
33.0	0.043950317032919316
34.0	0.06722835056023627
35.0	0.07513245895943715
36.0	0.06331972552766438
37.0	0.07513245895943715
38.0	0.07756449231303744
39.0	0.07087640059063667
40.0	0.049335533744462784
41.0	0.06323286719360724
42.0	0.06427516720229307
43.0	0.038738816989490145
44.0	0.038651958655432986
45.0	0.032658733605489446
46.0	0.025883783549031533
47.0	0.01902197515851646
48.0	0.016503083470859027
49.0	0.014244766785373057
50.0	0.013897333449144445
51.0	0.009293841744115346
52.0	0.0066012333883436105
53.0	0.004777208373143403
54.0	0.0033006166941718057
55.0	0.0019108833492573615
56.0	0.0028663250238860414
57.0	0.001216016676800139
58.0	8.685833405715279E-5
59.0	1.7371666811430558E-4
60.0	0.0
61.0	0.0
62.0	0.0
63.0	0.0
64.0	0.0
65.0	0.0
66.0	0.0
67.0	8.685833405715279E-5
68.0	0.0
69.0	0.0
70.0	0.0
71.0	0.0
72.0	0.0
73.0	0.0
74.0	0.0
75.0	0.0
76.0	0.0
77.0	0.0
78.0	0.0
79.0	0.0
80.0	0.0
81.0	0.0
82.0	0.0
83.0	0.0
84.0	0.0
85.0	0.0
86.0	0.0
87.0	0.0
88.0	0.0
89.0	0.0
90.0	0.0
91.0	0.0
92.0	0.0
93.0	0.0
94.0	0.0
95.0	0.0
96.0	0.0
97.0	0.0
98.0	0.0
99.0	0.0
100.0	8.685833405715279E-5
