#Position (bp)	mapping quality
38.0	59.990321878539945
113.0	59.99036408121703
188.0	59.98400088270992
263.0	59.99068099365809
338.0	59.99638051683922
413.0	59.98024065864471
488.0	59.92398293754377
563.0	59.99494935001578
638.0	59.99699000914574
713.0	59.98300644295219
788.0	59.980365610807866
863.0	59.988405398593066
938.0	59.9820571674497
1013.0	59.99304279399171
1088.0	59.99724021195172
1163.0	59.99801609170065
1238.0	59.99976296095628
1313.0	59.99547113658297
1388.0	59.99741105909258
1463.0	59.99899415773283
1538.0	59.97564368389281
1613.0	59.98998518428701
1688.0	59.996300220750555
1763.0	59.99288983476121
1838.0	55.79742541363387
1913.0	53.48840023547242
1988.0	59.98784469660234
2063.0	59.98334038902421
2138.0	59.97679515635153
2213.0	59.981715157514465
2288.0	59.92740476429792
2363.0	60.0
2438.0	59.998128158732136
2513.0	59.9887456632725
2588.0	59.98014861478679
2663.0	59.99079623879969
2738.0	59.99565383000127
2813.0	59.989894265210914
2888.0	38.7319864900723
2963.0	59.99310582557739
3038.0	59.99503352371492
3113.0	59.998478778966586
3188.0	59.98808998676665
3263.0	59.989690420219176
3338.0	59.98951504652576
3413.0	59.99053967580222
3488.0	59.979581291923864
3563.0	59.980924067880586
3638.0	59.99422299248989
3713.0	59.998365790548824
3788.0	59.9989919016096
3863.0	59.98109318411102
3938.0	59.99484759457735
4013.0	59.99440098152834
4088.0	59.98479922368094
4163.0	58.62494119845064
4238.0	59.995460319130544
4313.0	59.58598837281141
4388.0	59.987603236865205
4463.0	59.98361727115038
4538.0	59.97386836543626
4613.0	59.98534094031322
4688.0	59.76218691420276
4763.0	59.99337719931198
4838.0	59.99696787846246
4913.0	59.99384783648917
4988.0	59.99593943440833
5063.0	59.997532443794555
5138.0	59.98254109850898
5213.0	59.98992633633445
5288.0	59.98769503090517
5363.0	59.987345088362325
5438.0	59.993234374627114
5513.0	59.99528501692895
5588.0	59.993412216181646
5663.0	59.98117823427167
5738.0	59.989572005401264
5813.0	59.988302083906085
5888.0	59.97879668689273
5963.0	59.994363874523145
6038.0	59.98780590105926
6113.0	59.99639880505804
6188.0	59.95227716949475
6263.0	59.99505037800139
6338.0	59.9926701092172
6413.0	59.987914991384265
6488.0	59.98356471804801
6563.0	59.99337969589511
6638.0	59.99192959407245
6713.0	59.9830241579291
6788.0	59.975773269401685
6863.0	59.97469424028088
6938.0	59.99661293357586
7013.0	59.91422001745833
7088.0	59.94644484958979
7163.0	59.99597027536451
7238.0	59.99530332681017
7313.0	59.99103780630655
7388.0	59.99347790640795
7463.0	59.99641998490778
7538.0	59.99705197702797
7613.0	59.990976847073696
7688.0	59.99592266983208
7763.0	59.99707029817691
7838.0	59.996643934341584
7913.0	59.99308956488981
7988.0	59.9963097120005
8063.0	59.99699009160591
8138.0	59.988536172753506
8213.0	59.991749541854205
8288.0	59.991218290317036
8363.0	59.98793544263343
8438.0	59.996239580504316
8513.0	59.99329860288894
8588.0	59.978841424439075
8663.0	59.98537767516497
8738.0	59.98604082486629
8813.0	59.99786108457272
8888.0	59.986706163432665
8963.0	59.97294727373966
9038.0	59.9907862308919
9113.0	59.99620461271079
9188.0	59.99211855673006
9263.0	59.98806997774751
9338.0	59.97652744591365
9413.0	59.993545175018326
9488.0	59.98934610748876
9563.0	59.93713639646613
9638.0	59.98616740550229
9713.0	59.98230800570381
9788.0	59.98822020433749
9863.0	57.15378942725047
9938.0	59.993743267528245
10013.0	59.997835355462136
10088.0	59.987297326707534
10163.0	59.983070820036886
10238.0	59.99693316012006
10313.0	59.98448888350444
10388.0	59.98208610129725
10463.0	59.98100714274599
10538.0	59.99104837321398
10613.0	59.989474361086884
10688.0	54.890868164554604
10763.0	59.99101067272928
10838.0	59.99284964758977
10913.0	59.99657356903163
10988.0	59.991085783870695
11063.0	59.95145653593363
11138.0	59.989108908880034
11213.0	59.996110524895094
11288.0	59.9878547599912
11363.0	59.99041530820977
11438.0	59.99641001527694
11513.0	59.99055822072368
11588.0	59.987000292128265
11663.0	58.92308136069073
11738.0	59.98097757692028
11813.0	59.98421466473471
11888.0	59.987561467083495
11963.0	59.987337838504416
12038.0	59.98670329824365
12113.0	59.9902830456205
12188.0	59.97978075288631
12263.0	59.99084094781697
12338.0	59.96823187339677
12413.0	59.99075624115228
12488.0	59.98107464303003
12563.0	59.99090766774163
12638.0	59.992223293546566
12713.0	59.98895796648339
12788.0	59.980739337276816
12863.0	59.98727335947534
12938.0	59.9928069092163
13013.0	59.99461064766808
13088.0	59.99509818609972
13163.0	59.995529508579565
13238.0	59.991752399625106
13313.0	59.991831796704275
13388.0	59.978375083754806
13463.0	59.957679279577
13538.0	59.9952034385739
13613.0	59.99468515289061
13688.0	59.98975641503554
13763.0	59.99482745474245
13838.0	59.99332082186999
13913.0	59.99271050311109
13988.0	59.99022464517342
14063.0	59.99811855212133
14138.0	59.99616530653403
14213.0	59.991661478253135
14288.0	59.99174045561398
14363.0	59.99393985830139
14438.0	59.98845393150537
14513.0	59.9877408535917
14588.0	53.18145831895781
14663.0	59.996585929841906
14738.0	59.99615158813441
14813.0	59.994717670316
14888.0	59.98864199045612
14963.0	59.965856315915296
15038.0	59.986634560753224
15113.0	59.99692470215388
15188.0	59.990441971080195
15263.0	59.99188457257697
15338.0	59.990081323186125
15413.0	59.98541350544372
15488.0	59.99111231584957
15563.0	59.98898985605477
15638.0	59.9840274352289
15713.0	59.97740916309222
15788.0	59.99129307524867
15863.0	57.268798814465335
15938.0	59.99041774307118
16013.0	59.99677019970932
16088.0	59.99788544858226
16163.0	59.99417638679626
16238.0	59.985167907975296
16313.0	59.977329282628276
16388.0	59.97401627505548
16463.0	59.97491741009707
16538.0	59.96181903551265
16613.0	60.0
16688.0	60.0
16763.0	59.995452881557576
16838.0	59.994485448377006
16913.0	59.997814340355774
16988.0	59.998406997075705
17063.0	59.995284102425515
17138.0	59.990952802214906
17213.0	59.98479939504319
17288.0	59.9805037194474
17363.0	59.97980191596384
17438.0	59.98707657920035
17513.0	59.995069928983504
17588.0	59.99672530590385
17663.0	59.996857761329515
17738.0	59.98862216114207
17813.0	59.98106930896279
17888.0	59.99646195050442
17963.0	59.98757690710754
18038.0	59.98863183361513
18113.0	59.988055557441264
18188.0	59.97625053398157
18263.0	59.992001730372266
18338.0	59.9803562806536
18413.0	59.96922022105854
18488.0	59.990979206152005
18563.0	59.98891171468503
18638.0	59.989614792418045
18713.0	59.99200825013834
18788.0	59.97686931379689
18863.0	59.979909340471465
18938.0	59.991952339169174
19013.0	59.98922584873267
19088.0	59.987714438528286
19163.0	59.96483230136109
19238.0	59.99757649406379
19313.0	59.99041345066614
19388.0	60.0
19463.0	60.0
19538.0	59.90299639487008
19613.0	59.90341010533833
19688.0	59.97967957817887
19763.0	59.97570761140558
19838.0	59.99636040394175
19913.0	59.99183396427097
19988.0	59.98241400505384
20063.0	59.993226974929804
20138.0	59.987849856685216
20213.0	59.97096220551172
20288.0	59.989033984587216
20363.0	59.99190898837836
20438.0	59.978718215877095
20513.0	59.989534069824714
20588.0	59.99307988864592
20663.0	59.995779111145744
20738.0	59.99297928441263
20813.0	59.98866249625054
20888.0	59.981443256503674
20963.0	59.99303464506974
21038.0	59.99633424194003
21113.0	59.98693282820924
21188.0	59.99637321108637
21263.0	59.99842267146875
21338.0	59.970529998654335
21413.0	59.951232723523965
21488.0	59.99208198300779
21563.0	59.96055953944046
21638.0	59.96264382178594
21713.0	59.97678534051339
21788.0	59.95656009666098
21863.0	59.979530245374626
21938.0	59.97057861102556
22013.0	59.98674394839369
22088.0	59.99344215654895
22163.0	59.990593768371546
22238.0	59.97824744310347
22313.0	59.983721215245936
22388.0	59.99716957100131
22463.0	59.9976181024216
22538.0	59.9802178658383
22613.0	59.973179495794184
22688.0	59.98328477043539
22763.0	59.99514411354021
22838.0	59.97988116813104
22913.0	59.99222415101235
22988.0	59.99236018159635
23063.0	59.991653870919805
23138.0	59.98337563858589
23213.0	59.988028102614805
23288.0	59.9966767559575
23363.0	59.992574440936956
23438.0	59.98820768599874
23513.0	59.97670761696391
23588.0	59.970478216224144
23663.0	59.9965014022912
23738.0	59.996001599360255
23813.0	59.997717676594775
23888.0	59.99580860156422
23963.0	59.983241368594015
24038.0	59.978704981390564
24113.0	59.98371085072091
24188.0	59.99324273594114
24263.0	59.99232482242273
24338.0	59.99256657024936
24413.0	59.99253818713548
24488.0	59.998319318663114
24563.0	59.994267609299875
24638.0	59.994139907618674
24713.0	59.98104666122792
24788.0	59.99105947017794
24863.0	59.99047406778678
24938.0	59.991970787134726
25013.0	59.9930823327029
25088.0	59.995697679830585
25163.0	59.98611871050915
25238.0	59.89102352704605
25313.0	59.82240501644856
25388.0	59.952133413205615
25463.0	59.98622054458167
25538.0	59.987097939395305
25613.0	57.65629767212816
25688.0	59.985528243617885
25763.0	59.9938831748496
25838.0	59.99897915284269
25913.0	59.999935799488966
25988.0	59.99809921398978
26063.0	59.987685677880364
26138.0	59.97272593721594
26213.0	59.982193459792995
26288.0	59.98656732286549
26363.0	59.98485985533454
26438.0	59.98261105767518
26513.0	59.98438161663968
26588.0	59.97141753809564
26663.0	59.98944646218791
26738.0	59.991215621277256
26813.0	59.92669061207795
26888.0	59.98636300930772
26963.0	59.98965979767993
27038.0	59.988447159521805
27113.0	59.986388991847235
27188.0	59.98301347212682
27263.0	59.986477543062584
27338.0	59.99606798454718
27413.0	59.99619785065713
27488.0	59.987080555167
27563.0	59.985728194008054
27638.0	59.98694628018059
27713.0	59.97954484605087
27788.0	59.962441554459744
27863.0	59.99799215242674
27938.0	59.9897833044896
28013.0	59.97940100110878
28088.0	59.984999929311634
28163.0	59.98848469399822
28238.0	59.992594686429875
28313.0	59.97662025323059
28388.0	59.97985414963645
28463.0	59.99181254415574
28538.0	59.99686995216935
28613.0	59.99914595610215
28688.0	59.9973898290338
28763.0	59.990190559461496
28838.0	59.97694887261961
28913.0	59.96246688840646
28988.0	59.99074121464618
29063.0	59.97937619232835
29138.0	59.9837335422436
29213.0	59.992654629273915
29288.0	59.99476410078733
29363.0	59.97717475756093
29438.0	59.97012671525179
29513.0	59.9863861767333
29588.0	59.99625573340822
29663.0	59.996384453148536
29738.0	60.0
29813.0	59.98167938931298
29877.0	16.16616865869854
