# Position (bp)	A	C	G	T	N
0.0	26.311583858170827	23.93069464813304	23.85359003466188	25.904131459034247	0.0
1.0	26.845278817916967	20.47622928118087	15.530149717774917	37.14834218312725	0.0
2.0	29.112416232963213	19.630771995982403	17.74364935114679	33.513162419907594	0.0
3.0	23.437663228306096	22.72079833763557	15.06847943343641	38.77305900062192	0.0
4.0	34.3456896594881	13.068400992958448	14.854760140352056	37.7311492072014	0.0
5.0	35.271298270829234	14.84697453627387	23.379243159556747	26.502484033340146	0.0
6.0	31.62473821633622	17.299873905534263	21.015703705467352	30.05968417266216	0.0
7.0	35.329569754211164	17.167367168929655	20.076738919250978	27.426324157608207	0.0
8.0	22.64609797760494	26.949232265843552	22.97949547874028	27.42517427781123	0.0
9.0	27.840470276486567	18.577336247985514	15.470158116588884	38.11203535893904	0.0
10.0	26.96207033557686	16.435029018231276	25.14245996084727	31.460440685344594	0.0
11.0	28.219524769560707	18.484804744322876	19.445833694643603	33.84983679147282	0.0
12.0	26.238160127390447	19.920558186826245	20.95933253942025	32.88194914636306	0.0
13.0	26.54584090506633	20.962903930789683	19.020148193802637	33.47110697034135	0.0
14.0	30.682810798642922	18.41931570788562	20.453047228809982	30.444826264661472	0.0
15.0	29.569727155168973	18.72051657470559	20.11361624073992	31.596140029385516	0.0
16.0	30.05398888566772	17.862882110129537	18.645679691918794	33.43744931228395	0.0
17.0	30.564494931532778	17.808486031733707	19.687917211901336	31.939101824832182	0.0
18.0	31.888074217841616	17.879670355165402	19.029279592190395	31.202975834802587	0.0
19.0	30.16357919431846	18.491244071185946	20.05435008320395	31.29082665129165	0.0
20.0	29.703803139496515	18.077490264238318	20.034071614784317	32.18463498148085	0.0
21.0	29.40606544006509	18.611967921870946	20.18804728359837	31.7939193544656	0.0
22.0	29.891964058274826	18.955984901131306	22.756743470069374	28.395307570524498	0.0
23.0	29.848850329886982	20.332052818172755	21.184032579747207	28.635064272193052	0.0
24.0	33.01795963434905	19.51256730686112	17.842184273783946	29.627288785005888	0.0
25.0	29.59959697389516	21.059777921685612	19.65802033717993	29.6826047672393	0.0
26.0	32.18815226085984	16.716871320469203	22.1979695287265	28.897006889944464	0.0
27.0	26.43511424461623	21.168529494484435	24.969193367439217	27.42716289346012	0.0
28.0	26.81389817773814	19.813457029736025	18.761763439423046	34.61088135310279	0.0
29.0	28.120053403123368	20.241320538192443	17.376888795936516	34.26173726274767	0.0
30.0	26.70883803363186	19.068034018025244	15.968648567350094	38.254479380992805	0.0
31.0	34.63363253069204	14.396216612834339	18.34667383645648	32.62347702001714	0.0
32.0	34.69121901685553	15.575267211155902	22.48525250469425	27.248261267294318	0.0
33.0	31.56582655938957	17.411822443213936	21.1070867327894	29.91526426460709	0.0
34.0	33.41736902844798	16.56933905439291	21.887312243292868	28.12597967386624	0.0
35.0	26.76772028675252	20.180760406581374	25.749923475727655	27.301595830938453	0.0
