#Read position (bp)	Clipping profile
0.0	14.835449952205378
1.0	14.835449952205378
2.0	11.263143520415131
3.0	7.008056807319404
4.0	3.798989485183668
5.0	1.4925576949337704
6.0	0.0
7.0	0.0
8.0	0.0
9.0	0.0
10.0	0.0
11.0	0.0
12.0	0.0
13.0	0.0
14.0	0.0
15.0	0.0
16.0	0.0
17.0	0.0
18.0	0.0
19.0	0.0
20.0	0.0
21.0	0.0
22.0	0.0
23.0	0.0
24.0	0.0
25.0	0.0
26.0	0.0
27.0	0.0
28.0	0.0
29.0	0.0
30.0	2.0524375256042604
31.0	4.276935682097501
32.0	7.668988119623105
33.0	10.755154991123856
34.0	12.41294551413355
35.0	9.599890755154991
