#GC Content (%)	Sample
1.0	0.0
2.0	0.0
3.0	0.0
4.0	0.0
5.0	0.0
6.0	0.0
7.0	0.0
8.0	0.0
9.0	0.0
10.0	0.0
11.0	0.0
12.0	0.0
13.0	0.0
14.0	0.0
15.0	0.0
16.0	0.0
17.0	0.0
18.0	0.0
19.0	1.2382367508667657E-4
20.0	6.191183754333828E-5
21.0	6.191183754333828E-5
22.0	6.191183754333828E-5
23.0	1.8573551263001485E-4
24.0	0.0016097077761267954
25.0	0.006191183754333828
26.0	0.0022907379891035163
27.0	0.007429420505200594
28.0	0.009039128281327389
29.0	0.008481921743437345
30.0	0.020988112927191677
31.0	0.04259534422981674
32.0	0.04358593363051015
33.0	0.04309063893016345
34.0	0.07126052501238236
35.0	0.07355126300148589
36.0	0.05782565626547796
37.0	0.07590391282813273
38.0	0.08221892025755324
39.0	0.07639920752847945
40.0	0.04352402179296682
41.0	0.06271669143140168
42.0	0.06277860326894502
43.0	0.03931401684001982
44.0	0.04216196136701337
45.0	0.03077018325903913
46.0	0.02451708766716196
47.0	0.013806339772164436
48.0	0.018449727587914806
49.0	0.012444279346210996
50.0	0.00823427439326399
51.0	0.0079247152055473
52.0	0.003467062902426944
53.0	0.0018573551263001485
54.0	0.0016716196136701336
55.0	0.001300148588410104
56.0	9.905894006934125E-4
57.0	6.191183754333828E-4
58.0	3.714710252600297E-4
59.0	6.191183754333828E-5
60.0	0.0
61.0	0.0
62.0	0.0
63.0	0.0
64.0	0.0
65.0	0.0
66.0	0.0
67.0	6.191183754333828E-5
68.0	0.0
69.0	0.0
70.0	0.0
71.0	0.0
72.0	0.0
73.0	0.0
74.0	0.0
75.0	0.0
76.0	0.0
77.0	0.0
78.0	0.0
79.0	0.0
80.0	0.0
81.0	0.0
82.0	0.0
83.0	0.0
84.0	0.0
85.0	0.0
86.0	0.0
87.0	0.0
88.0	0.0
89.0	0.0
90.0	0.0
91.0	0.0
92.0	0.0
93.0	0.0
94.0	0.0
95.0	0.0
96.0	0.0
97.0	0.0
98.0	0.0
99.0	0.0
100.0	0.0
