#Read position (bp)	Clipping profile
0.0	27.56158203053935
1.0	0.12379069588806281
2.0	0.11885847351760438
3.0	0.11586679765355586
4.0	0.1143305316693147
5.0	0.11344111452054352
6.0	0.11263255347620607
7.0	0.1115814241185674
8.0	0.11109628749196492
9.0	0.11061115086536245
10.0	0.11012601423875999
11.0	0.10947916540329004
12.0	0.10891317267225381
13.0	0.10834717994121762
14.0	0.10753861889688018
15.0	0.106325777330374
16.0	0.1054363601816028
17.0	0.10462779913726536
18.0	0.10357666977962669
19.0	0.10284896483972299
20.0	0.10228297210868678
21.0	0.10098927443774686
22.0	0.09921044014020448
23.0	0.09735074973822837
24.0	0.09605705206728844
25.0	0.09452078608304731
26.0	0.09338880062097488
27.0	0.09209510295003497
28.0	0.09007370033919136
29.0	0.08789058551948026
30.0	1.828399089560264
31.0	1.291110275598032
32.0	0.8852934874450683
33.0	0.9554765860935587
34.0	1.1162185217078426
35.0	0.6757144647528026
36.0	0.5070486309040116
37.0	0.39223296260809454
38.0	0.7313434646032189
39.0	0.7784017173836583
40.0	1.0377881004071106
41.0	0.9824825249744292
42.0	0.7944920821659732
43.0	0.7163850852829762
44.0	0.7547917348890048
45.0	19.76656842649978
46.0	8.708121591409848
47.0	1.1048986670871184
48.0	0.8298261998035197
49.0	1.157293422760185
50.0	0.3545540179419696
51.0	0.6112721495191084
52.0	0.2827537972048045
53.0	2.070482266234895
54.0	1.4064919366249853
55.0	0.5867727498756837
56.0	0.39862059485836027
57.0	0.436056971211184
58.0	0.28437091929347935
59.0	0.205374505261711
60.0	0.3665207213981638
61.0	0.6546110214955954
62.0	0.9830485177054654
63.0	0.20391909538190361
64.0	0.4222305773530137
65.0	0.2509773481623429
66.0	0.7509106418761851
67.0	0.263590900454007
68.0	0.2626206272008021
69.0	0.33886793368182316
70.0	0.39263724313026327
71.0	0.2117621375119768
72.0	0.2017359805621925
73.0	0.28744345126196164
74.0	0.25162419699781285
75.0	0.14659211733837876
76.0	0.18645417682421478
77.0	0.28986913439497397
78.0	1.4155478203215646
79.0	0.29633762274967357
80.0	0.8996858740342749
81.0	0.4756764623837188
82.0	0.3031295355221081
83.0	0.2921331053191188
84.0	0.16276333822512765
85.0	0.20456594421737356
86.0	0.3818025251361415
87.0	0.08813315383278149
88.0	0.28453263150234687
89.0	0.1245184008279665
90.0	0.30523179423738545
91.0	0.17295120738377945
92.0	0.15516286440835567
93.0	0.1112579997008324
94.0	0.13745537753736561
95.0	0.08182637768694942
96.0	0.11813076857770069
97.0	0.11222827295403735
98.0	0.06638286174010423
99.0	0.07810699688299717
100.0	0.10673005785254272
101.0	0.16146964055418772
102.0	0.046411403944969336
103.0	0.04859451876468043
104.0	0.11360282672941101
105.0	0.041236613261209684
106.0	0.04164089378337841
107.0	0.05910581234106722
108.0	0.07826870909186466
109.0	0.06056122222087462
110.0	0.04220688651441462
111.0	0.09573362764955347
112.0	0.03347442723557022
113.0	0.03484898101094387
114.0	0.035738398159715065
115.0	0.035980966473016296
116.0	0.03565754205528132
117.0	0.03662781530848625
118.0	0.03808322518829366
119.0	0.03767894466612493
120.0	0.037517232457257445
121.0	0.037759800770558676
122.0	0.03792151297942616
123.0	0.03840664960602863
124.0	0.03929606675479982
125.0	0.03937692285923356
126.0	0.03986205948583603
127.0	0.04050890832130599
128.0	0.040832332739040966
129.0	0.04099404494790845
130.0	0.04115575715677594
131.0	0.040832332739040966
132.0	0.04115575715677594
133.0	0.04099404494790845
134.0	0.04010462779913727
135.0	0.040589764425739736
136.0	0.04115575715677594
137.0	0.04099404494790845
138.0	0.04172174988781215
139.0	0.04196431820111339
140.0	0.042287742618848365
141.0	0.04301544755875207
142.0	0.044390001334125725
143.0	0.04455171354299321
144.0	0.044875137960728194
145.0	0.04527941848289691
146.0	0.045360274587330655
147.0	0.04592626731836687
148.0	0.045845411213933124
149.0	0.04600712342280061
150.0	0.04665397225827057
151.0	0.04697739667600555
152.0	0.047139108884873035
153.0	0.04673482836270432
154.0	0.04665397225827057
155.0	0.047462533302608016
156.0	0.04697739667600555
157.0	0.04730082109374053
158.0	0.0476242455114755
159.0	0.04827109434694546
160.0	0.04891794318241542
161.0	0.04932222370458414
162.0	0.04972650422675286
163.0	0.0498073603311866
164.0	0.048837087077981664
165.0	0.04851366266024669
166.0	0.04802852603364422
167.0	0.04794766992921048
168.0	0.04778595772034299
169.0	0.04754338940704176
170.0	0.04730082109374053
171.0	0.04657311615383682
172.0	0.04649226004940308
173.0	0.04673482836270432
174.0	0.04649226004940308
175.0	0.04649226004940308
176.0	0.045845411213933124
177.0	0.045602842900631886
178.0	0.044632569647426956
179.0	0.044390001334125725
180.0	0.043985720811957
181.0	0.04341972808092079
182.0	0.043338871976487045
183.0	0.043096303663185814
184.0	0.042287742618848365
185.0	0.042287742618848365
186.0	0.04196431820111339
187.0	0.0410749010523422
188.0	0.0403471961124385
189.0	0.040266340008004754
190.0	0.039781203381402286
191.0	0.03945777896366731
192.0	0.03856836181489612
193.0	0.03840664960602863
194.0	0.03808322518829366
195.0	0.037193808039522464
196.0	0.03759808856169119
197.0	0.038244937397161144
198.0	0.038244937397161144
199.0	0.036466103099618764
200.0	0.02902734149171427
201.0	0.017707486870990042
202.0	0.017464918557688808
203.0	0.018111767393158767
204.0	0.017950055184291276
205.0	0.0176266307665563
206.0	0.017464918557688808
207.0	0.017060638035520086
208.0	0.016818069722218856
209.0	0.016656357513351365
210.0	0.01641378920005013
211.0	0.015847796469013922
212.0	0.015847796469013922
213.0	0.015605228155712685
214.0	0.015200947633543963
215.0	0.014877523215808984
216.0	0.014634954902507751
217.0	0.014473242693640264
218.0	0.01390724996260405
219.0	0.012856120604965373
220.0	0.008732459278844404
