#Insert size (bp)	insert size
48.0	1.0
69.0	3.0
70.0	1.0
72.0	1.0
73.0	1.0
74.0	1.0
79.0	1.0
80.0	1.0
85.0	1.0
86.0	1.0
87.0	1.0
88.0	3.0
89.0	1.0
90.0	1.0
92.0	2.0
93.0	2.0
97.0	2.0
98.0	1.0
99.0	1.0
100.0	1.0
104.0	1.0
105.0	1.0
108.0	1.0
109.0	1.0
110.0	2.0
111.0	1.0
114.0	1.0
115.0	2.0
116.0	2.0
117.0	1.0
118.0	1.0
119.0	1.0
120.0	2.0
121.0	3.0
123.0	2.0
125.0	3.0
126.0	1.0
127.0	1.0
128.0	1.0
130.0	1.0
132.0	2.0
133.0	2.0
137.0	11.0
139.0	1.0
140.0	2.0
141.0	5.0
144.0	3.0
145.0	1.0
146.0	1.0
147.0	3.0
148.0	2.0
149.0	2.0
152.0	1.0
154.0	2.0
155.0	2.0
156.0	1.0
157.0	3.0
158.0	3.0
159.0	4.0
161.0	2.0
163.0	2.0
166.0	2.0
167.0	1.0
169.0	1.0
170.0	3.0
171.0	5.0
172.0	3.0
173.0	1.0
175.0	3.0
176.0	1.0
179.0	1.0
180.0	4.0
186.0	1.0
188.0	1.0
189.0	1.0
190.0	2.0
191.0	2.0
192.0	9.0
193.0	3.0
194.0	1.0
195.0	1.0
197.0	1.0
198.0	2.0
201.0	1.0
202.0	2.0
204.0	3.0
205.0	3.0
206.0	1.0
207.0	6.0
208.0	6.0
209.0	4.0
210.0	5.0
211.0	2.0
213.0	3.0
214.0	1.0
215.0	22.0
216.0	3.0
217.0	2.0
218.0	1.0
219.0	9.0
221.0	1.0
222.0	4.0
223.0	1.0
224.0	2.0
225.0	1.0
226.0	6.0
227.0	1.0
228.0	1.0
229.0	1.0
231.0	3.0
233.0	10.0
234.0	3.0
236.0	2.0
237.0	3.0
238.0	1.0
240.0	1.0
241.0	1.0
242.0	3.0
243.0	1.0
244.0	5.0
245.0	1.0
246.0	2.0
248.0	1.0
249.0	1.0
250.0	2.0
251.0	1.0
252.0	2.0
253.0	1.0
258.0	1.0
259.0	1.0
260.0	1.0
261.0	1.0
262.0	3.0
263.0	1.0
264.0	3.0
265.0	1.0
267.0	1.0
268.0	1.0
269.0	2.0
271.0	1.0
272.0	1.0
273.0	1.0
274.0	2.0
276.0	1.0
280.0	2.0
281.0	2.0
282.0	2.0
284.0	1.0
289.0	2.0
291.0	1.0
292.0	2.0
294.0	2.0
295.0	1.0
297.0	2.0
298.0	1.0
301.0	3.0
303.0	1.0
305.0	2.0
310.0	3.0
311.0	1.0
312.0	1.0
313.0	1.0
314.0	1.0
321.0	1.0
323.0	2.0
324.0	2.0
325.0	2.0
326.0	2.0
327.0	2.0
328.0	1.0
330.0	2.0
333.0	2.0
335.0	1.0
337.0	1.0
338.0	2.0
339.0	2.0
340.0	2.0
341.0	1.0
344.0	2.0
347.0	1.0
352.0	1.0
353.0	1.0
354.0	2.0
355.0	1.0
363.0	2.0
366.0	1.0
369.0	1.0
370.0	1.0
371.0	3.0
372.0	4.0
373.0	3.0
374.0	2.0
375.0	6.0
376.0	5.0
377.0	13.0
378.0	14.0
379.0	33.0
380.0	38.0
381.0	37.0
382.0	30.0
383.0	26.0
384.0	19.0
385.0	21.0
386.0	27.0
387.0	28.0
388.0	17.0
389.0	16.0
390.0	18.0
391.0	19.0
392.0	26.0
393.0	30.0
394.0	21.0
395.0	9.0
396.0	4.0
397.0	7.0
398.0	7.0
399.0	13.0
400.0	9.0
401.0	7.0
402.0	9.0
403.0	6.0
404.0	16.0
405.0	9.0
406.0	4.0
407.0	7.0
408.0	10.0
409.0	12.0
410.0	8.0
411.0	9.0
412.0	6.0
413.0	3.0
414.0	4.0
415.0	3.0
416.0	7.0
417.0	4.0
418.0	1.0
419.0	4.0
420.0	3.0
422.0	1.0
427.0	1.0
443.0	2.0
444.0	1.0
453.0	1.0
463.0	1.0
465.0	1.0
468.0	1.0
469.0	1.0
470.0	1.0
475.0	1.0
485.0	1.0
489.0	1.0
497.0	1.0
523.0	1.0
543.0	1.0
611.0	1.0
613.0	1.0
616.0	1.0
634.0	1.0
709.0	1.0
762.0	1.0
763.0	1.0
770.0	1.0
778.0	1.0
795.0	1.0
807.0	1.0
815.0	4.0
825.0	4.0
837.0	1.0
846.0	1.0
849.0	4.0
858.0	1.0
863.0	1.0
868.0	1.0
870.0	1.0
876.0	1.0
964.0	1.0
967.0	1.0
977.0	1.0
989.0	1.0
991.0	3.0
1007.0	1.0
1011.0	1.0
1016.0	1.0
1017.0	1.0
1024.0	1.0
1046.0	1.0
1049.0	1.0
1215.0	1.0
1345.0	1.0
1360.0	6.0
1454.0	2.0
1457.0	1.0
1464.0	1.0
1470.0	1.0
1492.0	1.0
1498.0	1.0
1576.0	1.0
1595.0	1.0
1619.0	1.0
1648.0	3.0
1675.0	1.0
1910.0	1.0
1911.0	1.0
1915.0	5.0
1935.0	1.0
1955.0	1.0
1975.0	3.0
2018.0	1.0
2075.0	1.0
2079.0	1.0
2089.0	2.0
2098.0	1.0
2116.0	1.0
2119.0	1.0
2131.0	1.0
2141.0	1.0
2165.0	1.0
2171.0	1.0
2174.0	6.0
2205.0	1.0
2270.0	1.0
2606.0	1.0
2625.0	1.0
2640.0	1.0
2658.0	3.0
2670.0	1.0
2671.0	1.0
2696.0	1.0
2736.0	3.0
2872.0	6.0
2898.0	1.0
2909.0	1.0
2916.0	1.0
2928.0	1.0
3145.0	2.0
3296.0	1.0
3318.0	1.0
3322.0	2.0
3329.0	1.0
3336.0	1.0
3352.0	1.0
3424.0	1.0
3532.0	1.0
3592.0	1.0
3821.0	1.0
3914.0	1.0
3948.0	2.0
3998.0	1.0
4134.0	4.0
4376.0	1.0
4452.0	1.0
4508.0	2.0
4600.0	1.0
4601.0	1.0
4605.0	4.0
4644.0	1.0
4659.0	2.0
4775.0	4.0
5002.0	1.0
5097.0	1.0
5248.0	2.0
5658.0	1.0
5717.0	1.0
5742.0	2.0
5873.0	1.0
5927.0	2.0
6302.0	2.0
6441.0	1.0
6483.0	1.0
6905.0	1.0
7044.0	1.0
7664.0	1.0
8311.0	1.0
8336.0	1.0
8796.0	1.0
10008.0	1.0
10658.0	1.0
10662.0	1.0
10782.0	1.0
11248.0	1.0
11709.0	1.0
11914.0	1.0
11919.0	4.0
12899.0	1.0
15499.0	1.0
18437.0	1.0
19875.0	1.0
21709.0	1.0
21712.0	1.0
21713.0	79.0
22162.0	1.0
22199.0	1.0
22316.0	3.0
22722.0	2.0
22926.0	2.0
25521.0	1.0
25663.0	1.0
25669.0	1.0
25806.0	1.0
25918.0	1.0
25964.0	2.0
26161.0	1.0
26273.0	1.0
26307.0	1.0
26393.0	30.0
26406.0	1.0
26432.0	1.0
26445.0	2.0
26560.0	53.0
26967.0	1.0
27185.0	119.0
27311.0	2.0
27491.0	2.0
27821.0	2.0
27824.0	3.0
28321.0	1.0
28422.0	1.0
28433.0	2.0
28434.0	609.0
28451.0	1.0
28454.0	1.0
28912.0	2.0
29413.0	1.0
