# Position (bp)	A	C	G	T	N
0.0	18.525058426382756	20.628408205660868	32.39678005712802	28.449753310828356	0.0
1.0	23.34977927810958	33.2121526876136	16.780057128018697	26.658010906258117	0.0
2.0	13.532741340811134	25.19603261151789	24.863685932388222	36.40754011528276	0.0
3.0	22.218183706319124	27.021132976790074	19.28968274572927	31.471000571161532	0.0
4.0	31.921299901365312	13.341639412344911	22.997456263302706	31.73960442298707	0.0
5.0	29.33450996677741	12.562292358803987	38.56935215946844	19.533845514950166	0.0
6.0	24.12415010120932	16.47895365132091	33.89733741630768	25.49955883116209	0.0
7.0	23.63107904707531	14.221207245549387	34.032283178491724	28.115430528883582	0.0
8.0	19.011781803082993	29.086001972284215	28.255566512690095	23.6466497119427	0.0
9.0	29.911247210255876	19.94083147350392	20.67265272227124	29.475268593968963	0.0
10.0	20.20034255462708	20.57403851144444	29.553121918305912	29.672497015622568	0.0
11.0	20.01868479784087	19.12077645715472	24.316188301240462	36.54435044376395	0.0
12.0	20.27300565734157	19.63979861940105	29.03928997768205	31.04790574557534	0.0
13.0	18.555042300306223	29.00814864794727	28.432034047853843	24.004775003892668	0.0
14.0	25.83173301499974	19.084444905797476	25.42170550682514	29.662116572377638	0.0
15.0	23.734883479524576	25.219286863549073	21.035968235843672	30.00986142108268	0.0
16.0	24.53417760938392	22.099963668448645	24.336949187730315	29.02890953443712	0.0
17.0	22.037681008979085	17.859552602896144	26.29366273939897	33.8091036487258	0.0
18.0	36.305600249130634	15.311153786266674	25.063580214875174	23.319665749727513	0.0
19.0	18.2332485597135	21.88716458192765	36.74157886541755	23.138007992941297	0.0
20.0	17.88550371100846	18.34743343540769	39.435303887475996	24.331758966107852	0.0
21.0	26.137956090725073	21.451185965640732	26.838636009757614	25.572221933876577	0.0
22.0	18.70555872735766	24.73659625265999	35.90595318420097	20.651891835781388	0.0
23.0	32.309129599833916	17.241916229823012	29.09119219390668	21.357761976436393	0.0
24.0	19.790315046452484	30.388747599522496	20.35604920330098	29.464888150724033	0.0
25.0	21.202055327762494	25.297140187886026	32.838532205325166	20.662272279026315	0.0
26.0	29.267659729070434	15.20734935381741	25.509939274407017	30.015051642705142	0.0
27.0	20.3249078735662	18.622515181398246	33.12918461618311	27.923392328852444	0.0
28.0	23.67779104167748	25.53070016089687	24.020345668760058	26.77116312866559	0.0
29.0	19.8162661545648	27.4770332693206	20.978875797996572	31.727824778118023	0.0
30.0	24.87639864689045	18.360655737704917	21.113713244860786	35.64923237054385	0.0
31.0	26.937327140844335	18.587903772895682	31.11203882481866	23.36273026144132	0.0
32.0	29.375489939900707	14.538803240135877	35.981186307812905	20.104520512150508	0.0
33.0	28.738848123317318	25.766774006229216	24.959087789684844	20.535290080768622	0.0
34.0	29.834531171653015	12.541088640035655	33.82361134325032	23.800768845061008	0.0
35.0	18.05485867201873	24.184646261916708	36.14316775380498	21.617327312259572	0.0
