#Position (bp)	Coverage
38.0	110.41333333333333
113.0	598.08
188.0	994.84
263.0	1084.2
338.0	892.8266666666667
413.0	1241.1866666666667
488.0	1660.7333333333333
563.0	1459.12
638.0	1024.0933333333332
713.0	1021.6266666666667
788.0	1379.9066666666668
863.0	1418.7066666666667
938.0	1034.6133333333332
1013.0	815.72
1088.0	1039.8933333333334
1163.0	972.5866666666667
1238.0	753.08
1313.0	467.0
1388.0	459.06666666666666
1463.0	561.7866666666666
1538.0	473.94666666666666
1613.0	793.7866666666666
1688.0	1261.0666666666666
1763.0	1399.0533333333333
1838.0	1227.6133333333332
1913.0	1043.0133333333333
1988.0	1352.5333333333333
2063.0	1585.4133333333334
2138.0	1383.9733333333334
2213.0	642.92
2288.0	216.44
2363.0	303.64
2438.0	320.12
2513.0	346.2
2588.0	712.5333333333333
2663.0	1032.6533333333334
2738.0	1172.1333333333334
2813.0	896.64
2888.0	696.2533333333333
2963.0	848.6533333333333
3038.0	833.8666666666667
3113.0	618.84
3188.0	775.52
3263.0	1503.9333333333334
3338.0	1916.0133333333333
3413.0	1694.64
3488.0	949.0666666666667
3563.0	802.0933333333334
3638.0	1060.7866666666666
3713.0	945.3333333333334
3788.0	948.5333333333333
3863.0	1264.1866666666667
3938.0	1338.24
4013.0	1478.36
4088.0	1373.9466666666667
4163.0	1512.0533333333333
4238.0	1753.9733333333334
4313.0	1618.5866666666666
4388.0	1976.08
4463.0	1837.7866666666666
4538.0	1508.5066666666667
4613.0	938.5466666666666
4688.0	747.0133333333333
4763.0	1307.48
4838.0	1446.5466666666666
4913.0	1157.5733333333333
4988.0	576.44
5063.0	401.6533333333333
5138.0	412.4266666666667
5213.0	329.4
5288.0	708.7466666666667
5363.0	1743.0
5438.0	2464.84
5513.0	2312.24
5588.0	1347.48
5663.0	1167.6666666666667
5738.0	1551.8933333333334
5813.0	1547.44
5888.0	1059.24
5963.0	612.16
6038.0	726.4666666666667
6113.0	688.0666666666667
6188.0	895.7066666666667
6263.0	1973.5066666666667
6338.0	2647.786666666667
6413.0	2366.2
6488.0	1443.36
6563.0	987.4533333333334
6638.0	1246.3733333333332
6713.0	1325.7466666666667
6788.0	1234.28
6863.0	769.9333333333333
6938.0	701.1066666666667
7013.0	555.4266666666666
7088.0	702.2666666666667
7163.0	1241.84
7238.0	1260.5066666666667
7313.0	1050.3866666666668
7388.0	1147.6
7463.0	1427.8
7538.0	1430.1333333333334
7613.0	932.5333333333333
7688.0	676.36
7763.0	932.1866666666666
7838.0	1029.68
7913.0	886.5066666666667
7988.0	1091.6666666666667
8063.0	1575.7733333333333
8138.0	1541.3333333333333
8213.0	1448.5066666666667
8288.0	763.6266666666667
8363.0	179.89333333333335
8438.0	203.44
8513.0	187.21333333333334
8588.0	162.05333333333334
8663.0	491.12
8738.0	1020.0
8813.0	1127.8533333333332
8888.0	842.0666666666667
8963.0	823.7333333333333
9038.0	1086.2133333333334
9113.0	1123.12
9188.0	841.2666666666667
9263.0	1485.8666666666666
9338.0	2577.173333333333
9413.0	3025.9333333333334
9488.0	3006.0666666666666
9563.0	3202.24
9638.0	3397.1466666666665
9713.0	2866.28
9788.0	2273.173333333333
9863.0	2101.4133333333334
9938.0	2369.0666666666666
10013.0	2413.96
10088.0	1756.08
10163.0	1247.4933333333333
10238.0	1443.9066666666668
10313.0	1321.9866666666667
10388.0	1047.0266666666666
10463.0	1276.16
10538.0	1682.1333333333334
10613.0	1597.0
10688.0	1396.72
10763.0	1748.48
10838.0	2412.3333333333335
10913.0	2497.08
10988.0	2147.9466666666667
11063.0	2532.32
11138.0	3288.4
11213.0	3417.48
11288.0	2994.133333333333
11363.0	2326.2533333333336
11438.0	2242.7066666666665
11513.0	1976.5733333333333
11588.0	1558.9333333333334
11663.0	1272.8533333333332
11738.0	1052.3466666666666
11813.0	895.88
11888.0	635.2666666666667
11963.0	845.8
12038.0	1064.76
12113.0	968.12
12188.0	1088.4133333333334
12263.0	1036.24
12338.0	977.4266666666666
12413.0	715.52
12488.0	1035.7733333333333
12563.0	1610.6133333333332
12638.0	1596.3466666666666
12713.0	1295.96
12788.0	1508.56
12863.0	1931.28
12938.0	1855.1733333333334
13013.0	1566.1066666666666
13088.0	2086.5466666666666
13163.0	2862.56
13238.0	3143.3333333333335
13313.0	2367.36
13388.0	1591.2133333333334
13463.0	1627.9466666666667
13538.0	1655.9333333333334
13613.0	1533.08
13688.0	1649.36
13763.0	2023.84
13838.0	2062.346666666667
13913.0	1463.1466666666668
13988.0	1014.8533333333334
14063.0	1569.0666666666666
14138.0	1545.92
14213.0	1164.08
14288.0	1224.6533333333334
14363.0	1535.64
14438.0	1608.7466666666667
14513.0	1116.7466666666667
14588.0	847.28
14663.0	1336.64
14738.0	1400.0666666666666
14813.0	1091.56
14888.0	537.72
14963.0	362.44
15038.0	394.16
15113.0	188.01333333333332
15188.0	253.44
15263.0	801.0533333333333
15338.0	1129.8666666666666
15413.0	942.8933333333333
15488.0	556.3866666666667
15563.0	871.8266666666667
15638.0	1318.7466666666667
15713.0	1285.12
15788.0	919.4266666666666
15863.0	789.4133333333333
15938.0	1368.56
16013.0	1751.5333333333333
16088.0	1628.76
16163.0	1098.7466666666667
16238.0	791.8266666666667
16313.0	913.3066666666666
16388.0	803.6266666666667
16463.0	404.97333333333336
16538.0	199.38666666666666
16613.0	211.56
16688.0	205.32
16763.0	360.38666666666666
16838.0	1235.1866666666667
16913.0	1705.52
16988.0	1696.8
17063.0	1421.2
17138.0	1380.5333333333333
17213.0	2069.6
17288.0	2255.733333333333
17363.0	1642.68
17438.0	1050.5866666666666
17513.0	1270.28
17588.0	1360.1466666666668
17663.0	1019.84
17738.0	955.16
17813.0	1280.88
17888.0	1337.7066666666667
17963.0	1183.12
18038.0	1085.0
18113.0	1322.7466666666667
18188.0	1543.8933333333334
18263.0	1312.52
18338.0	1449.9866666666667
18413.0	1881.1066666666666
18488.0	1896.84
18563.0	1496.92
18638.0	1166.4
18713.0	1814.4933333333333
18788.0	2258.8133333333335
18863.0	1740.68
18938.0	1393.5466666666666
19013.0	1582.4
19088.0	1772.32
19163.0	1785.0133333333333
19238.0	923.8266666666667
19313.0	41.46666666666667
19388.0	0.0
19463.0	0.0
19538.0	19.573333333333334
19613.0	348.17333333333335
19688.0	765.5733333333334
19763.0	974.6133333333333
19838.0	768.9333333333333
19913.0	404.92
19988.0	342.04
20063.0	326.8933333333333
20138.0	391.68
20213.0	462.37333333333333
20288.0	408.85333333333335
20363.0	456.16
20438.0	408.68
20513.0	708.9466666666667
20588.0	1201.4933333333333
20663.0	1282.7466666666667
20738.0	1428.8666666666666
20813.0	1135.2666666666667
20888.0	978.36
20963.0	1140.3333333333333
21038.0	1050.8533333333332
21113.0	664.0933333333334
21188.0	237.2
21263.0	238.32
21338.0	231.98666666666668
21413.0	297.49333333333334
21488.0	513.0133333333333
21563.0	602.0133333333333
21638.0	420.49333333333334
21713.0	407.7866666666667
21788.0	600.6533333333333
21863.0	645.44
21938.0	476.70666666666665
22013.0	421.74666666666667
22088.0	598.6533333333333
22163.0	603.48
22238.0	349.5733333333333
22313.0	158.73333333333332
22388.0	133.22666666666666
22463.0	157.14666666666668
22538.0	281.46666666666664
22613.0	551.8266666666667
22688.0	730.9066666666666
22763.0	745.8533333333334
22838.0	723.76
22913.0	944.6533333333333
22988.0	1222.7466666666667
23063.0	1250.7466666666667
23138.0	1156.3333333333333
23213.0	1298.6266666666668
23288.0	1512.5066666666667
23363.0	1546.3066666666666
23438.0	1049.1866666666667
23513.0	584.0266666666666
23588.0	669.6266666666667
23663.0	829.9066666666666
23738.0	698.6
23813.0	258.2
23888.0	353.96
23963.0	531.52
24038.0	475.97333333333336
24113.0	524.6933333333334
24188.0	823.0
24263.0	1074.0933333333332
24338.0	1089.96
24413.0	786.92
24488.0	842.7733333333333
24563.0	1182.92
24638.0	1301.5733333333333
24713.0	1107.7866666666666
24788.0	1341.4666666666667
24863.0	1685.3866666666668
24938.0	1433.52
25013.0	1222.3066666666666
25088.0	1297.5866666666666
25163.0	1455.8
25238.0	1277.9866666666667
25313.0	906.5333333333333
25388.0	843.64
25463.0	861.5466666666666
25538.0	726.4666666666667
25613.0	550.8533333333334
25688.0	541.3333333333334
25763.0	758.52
25838.0	671.2666666666667
25913.0	470.12
25988.0	646.16
26063.0	1079.32
26138.0	1291.28
26213.0	1114.5333333333333
26288.0	1050.96
26363.0	1070.96
26438.0	1180.76
26513.0	888.0666666666667
26588.0	908.5466666666666
26663.0	1346.28
26738.0	1256.2933333333333
26813.0	941.52
26888.0	1119.9333333333334
26963.0	1843.7733333333333
27038.0	2274.9733333333334
27113.0	1876.1866666666667
27188.0	1490.92
27263.0	1806.76
27338.0	1909.6533333333334
27413.0	1507.5733333333333
27488.0	558.68
27563.0	50.346666666666664
27638.0	41.973333333333336
27713.0	42.8
27788.0	55.413333333333334
27863.0	122.86666666666666
27938.0	145.78666666666666
28013.0	132.97333333333333
28088.0	243.88
28163.0	784.6666666666666
28238.0	1207.8
28313.0	1210.7466666666667
28388.0	795.36
28463.0	591.44
28538.0	871.5066666666667
28613.0	820.7866666666666
28688.0	590.6933333333334
28763.0	480.97333333333336
28838.0	497.5733333333333
28913.0	359.41333333333336
28988.0	310.52
29063.0	707.4266666666666
29138.0	1171.9333333333334
29213.0	1080.8266666666666
29288.0	704.7333333333333
29363.0	313.8
29438.0	208.18666666666667
29513.0	380.36
29588.0	721.0933333333334
29663.0	882.5466666666666
29738.0	633.3733333333333
29813.0	207.22666666666666
29877.0	10.716981132075471
