#Read position (bp)	Clipping profile
0.0	35.4722368322188
1.0	0.9379617802489544
2.0	0.8352743757357176
3.0	0.7388483983269467
4.0	0.6824955543867558
5.0	0.63616099381371
6.0	0.626142710446565
7.0	0.61612442707942
8.0	0.6123675708167405
9.0	0.6048538582913818
10.0	0.5960878603451298
11.0	0.588574147819771
12.0	0.5798081498735193
13.0	0.5710421519272673
14.0	0.5572670122974428
15.0	0.5384827309840459
16.0	0.5034187391990382
17.0	0.46084103488867184
18.0	0.42452475768277104
19.0	0.39822676384401534
20.0	0.36441505747990083
21.0	0.34813534700829013
22.0	0.328098780274
23.0	0.30305307185613745
24.0	0.28552107596363363
25.0	0.27299822175470234
26.0	0.2654845092293435
27.0	0.25671851128309164
28.0	0.24920479875773288
29.0	0.2429433716532672
30.0	0.47211160367670996
31.0	0.8114809527387481
32.0	1.243519422946878
33.0	0.7501189671149848
34.0	0.8690860820998322
35.0	0.9517369198787787
36.0	1.1495980163798933
37.0	0.3105667843814962
38.0	1.0005760512936108
39.0	0.1966088110802214
40.0	0.2767550780173817
41.0	0.2930347884889924
42.0	1.3737571067197636
43.0	0.4170110451574123
44.0	0.693766123174794
45.0	0.6824955543867558
46.0	0.4633456057304581
47.0	0.5121847371452902
48.0	0.6311518521301375
49.0	0.7438575400105192
50.0	0.9041500738848398
51.0	0.7876875297417787
52.0	0.6424224209181757
53.0	1.0519197535502292
54.0	0.3293510656948932
55.0	0.6399178500763893
56.0	0.9229343551982367
57.0	0.3055576426979237
58.0	0.17406767350414507
59.0	0.3594059157963283
60.0	1.2848448418363514
61.0	0.6023492874495955
62.0	0.587321862398878
63.0	0.4733638890976031
64.0	0.13900368171913743
65.0	0.5560147268765497
66.0	0.8678337966789391
67.0	0.4382998973125955
68.0	0.539735016404939
69.0	0.023793422996969467
70.0	0.32434192401132067
71.0	0.125228542089313
72.0	0.12272397124752674
73.0	0.4107496180529466
74.0	0.11395797330127483
75.0	0.6799909835449696
76.0	0.026297993838755727
77.0	0.12272397124752674
78.0	0.12397625666841987
79.0	0.03631627720590077
80.0	0.04132541888947329
81.0	0.048839131414832065
82.0	0.0500914168357252
83.0	0.052595987677511453
84.0	0.05760512936108398
85.0	0.060109700202870237
86.0	0.06386655646554963
87.0	0.08265083777894658
88.0	0.10143511909234351
89.0	0.11896711498484734
90.0	0.13900368171913743
91.0	0.1552833921907481
92.0	0.16530167555789316
93.0	0.1753199589250382
94.0	0.1803291006086107
95.0	0.18659052771307635
96.0	0.19535652565932826
97.0	0.20287023818468702
98.0	0.2128885215518321
99.0	0.2166453778145115
100.0	0.2254113757607634
101.0	0.22916823202344277
102.0	0.22791594660254966
103.0	0.23167280286522904
104.0	0.23793422996969468
105.0	0.2391865153905878
106.0	0.24670022791594662
107.0	0.2517093695995191
108.0	0.25671851128309164
109.0	0.25671851128309164
110.0	0.26172765296666417
111.0	0.2679890800711298
112.0	0.27049365091291605
113.0	0.27800736343827487
114.0	0.2980439301725649
115.0	0.3143236406441756
116.0	0.31933278232774814
117.0	0.3255942094322138
118.0	0.3331079219575726
119.0	0.33185563653667943
120.0	0.33561249279935884
121.0	0.3418739199038245
122.0	0.346883061587397
123.0	0.3556490595336489
124.0	0.3681719137425802
125.0	0.3669196283216871
126.0	0.37819019710972523
127.0	0.40574047636937405
128.0	0.4195156159991985
129.0	0.4257770431036642
130.0	0.4495704661006336
131.0	0.4783730307811756
132.0	0.49465274125278635
133.0	0.5046710246199314
134.0	0.5171938788288627
135.0	0.5284644476169008
136.0	0.5322213038795802
137.0	0.529716733037794
138.0	0.5247075913542214
139.0	0.5234553059333283
140.0	0.5259598767751146
141.0	0.5322213038795802
142.0	0.5409873018258321
143.0	0.5535101560347634
144.0	0.578555864452626
145.0	0.5985924311869161
146.0	0.6374132792346032
147.0	0.6787386981240764
148.0	0.6624589876524658
149.0	0.4971573120945726
