#Read position (bp)	Clipping profile
0.0	31.51170627362499
1.0	0.08204647346675653
2.0	0.08204647346675653
3.0	0.08204647346675653
4.0	0.08204647346675653
5.0	0.08058135786913588
6.0	0.07911624227151523
7.0	0.07911624227151523
8.0	0.07911624227151523
9.0	0.07765112667389457
10.0	0.07618601107627392
11.0	0.07325577988103261
12.0	0.07325577988103261
13.0	0.07179066428341196
14.0	0.06886043308817066
15.0	0.06739531749055
16.0	0.06593020189292935
17.0	0.0644650862953087
18.0	0.06299997069768805
19.0	0.0615348551000674
20.0	0.06299997069768805
21.0	0.06299997069768805
22.0	0.0644650862953087
23.0	0.06593020189292935
24.0	0.0644650862953087
25.0	0.06739531749055
26.0	0.06299997069768805
27.0	0.06299997069768805
28.0	0.0615348551000674
29.0	0.06006973950244674
30.0	0.06299997069768805
31.0	0.06299997069768805
32.0	0.7296275676150848
33.0	8.034693937351657
34.0	0.06299997069768805
35.0	0.07179066428341196
36.0	0.07179066428341196
37.0	0.07179066428341196
38.0	0.07325577988103261
39.0	0.07325577988103261
40.0	0.07179066428341196
41.0	0.07472089547865327
42.0	0.07472089547865327
43.0	0.07618601107627392
44.0	48.89383772379641
45.0	0.07472089547865327
46.0	0.07765112667389457
47.0	0.07325577988103261
48.0	0.07618601107627392
49.0	0.07765112667389457
50.0	0.07765112667389457
51.0	0.07765112667389457
52.0	0.07911624227151523
53.0	0.07618601107627392
54.0	0.07472089547865327
55.0	0.07472089547865327
56.0	0.07472089547865327
57.0	0.07472089547865327
58.0	0.07472089547865327
59.0	0.07618601107627392
60.0	0.07472089547865327
61.0	0.07618601107627392
62.0	0.07765112667389457
63.0	0.07911624227151523
64.0	0.07911624227151523
65.0	0.07911624227151523
66.0	0.08497670466199783
67.0	0.08790693585723915
68.0	0.08790693585723915
69.0	0.08790693585723915
70.0	0.08790693585723915
71.0	0.08644182025961848
72.0	0.08644182025961848
73.0	0.08790693585723915
74.0	0.0893720514548598
75.0	0.08644182025961848
76.0	0.08790693585723915
77.0	0.08058135786913588
78.0	0.08058135786913588
79.0	0.08058135786913588
80.0	0.08058135786913588
81.0	0.07911624227151523
82.0	0.08058135786913588
83.0	0.08058135786913588
84.0	0.08058135786913588
85.0	0.08058135786913588
86.0	0.08058135786913588
87.0	0.08058135786913588
88.0	0.08058135786913588
89.0	0.08058135786913588
90.0	0.08058135786913588
91.0	0.08204647346675653
92.0	0.08204647346675653
93.0	0.08204647346675653
94.0	0.08204647346675653
95.0	0.08204647346675653
96.0	0.08204647346675653
97.0	0.08644182025961848
98.0	0.08644182025961848
99.0	0.08644182025961848
100.0	0.08644182025961848
101.0	0.08204647346675653
102.0	0.08351158906437718
103.0	0.08351158906437718
104.0	0.08204647346675653
105.0	0.08204647346675653
106.0	0.08058135786913588
107.0	0.07911624227151523
108.0	0.07618601107627392
109.0	0.07618601107627392
110.0	0.07618601107627392
111.0	0.07618601107627392
112.0	0.07618601107627392
113.0	0.07618601107627392
114.0	0.07765112667389457
115.0	0.07618601107627392
116.0	0.07618601107627392
117.0	0.07472089547865327
118.0	0.07472089547865327
119.0	0.07325577988103261
120.0	0.07325577988103261
121.0	0.07472089547865327
122.0	0.07472089547865327
123.0	0.07472089547865327
124.0	0.07472089547865327
125.0	0.07472089547865327
126.0	0.07325577988103261
127.0	0.07179066428341196
128.0	0.06886043308817066
129.0	0.07032554868579131
130.0	0.07032554868579131
131.0	0.07032554868579131
132.0	0.07032554868579131
133.0	0.07032554868579131
134.0	0.07032554868579131
135.0	0.06886043308817066
136.0	0.06739531749055
137.0	0.0644650862953087
138.0	0.0615348551000674
139.0	0.06006973950244674
140.0	0.05860462390482609
141.0	0.05567439270958478
142.0	0.05420927711196413
143.0	0.05274416151434348
144.0	0.05274416151434348
145.0	0.051279045916722825
146.0	0.051279045916722825
147.0	0.05420927711196413
148.0	0.05274416151434348
149.0	0.033697658745275
