#Coverage	Number of genomic locations
0.0	964.0
1.0	533.0
2.0	643.0
3.0	673.0
4.0	695.0
5.0	583.0
6.0	591.0
7.0	623.0
8.0	423.0
9.0	413.0
10.0	458.0
11.0	514.0
12.0	519.0
13.0	632.0
14.0	489.0
15.0	466.0
16.0	374.0
17.0	338.0
18.0	304.0
19.0	292.0
20.0	210.0
21.0	311.0
22.0	274.0
23.0	215.0
24.0	152.0
25.0	129.0
26.0	160.0
27.0	187.0
28.0	164.0
29.0	165.0
30.0	171.0
31.0	154.0
32.0	122.0
33.0	111.0
34.0	107.0
35.0	86.0
36.0	85.0
37.0	70.0
38.0	61.0
39.0	46.0
40.0	87.0
41.0	72.0
42.0	116.0
43.0	128.0
44.0	78.0
45.0	56.0
46.0	86.0
47.0	105.0
48.0	56.0
49.0	50.0
50.0	72.0
51.0	80.0
52.0	95.0
53.0	113.0
54.0	86.0
55.0	59.0
56.0	71.0
57.0	78.0
58.0	77.0
59.0	64.0
60.0	53.0
61.0	39.0
62.0	40.0
63.0	74.0
64.0	62.0
65.0	37.0
66.0	51.0
67.0	32.0
68.0	41.0
69.0	31.0
70.0	26.0
71.0	28.0
72.0	34.0
73.0	33.0
74.0	43.0
75.0	45.0
76.0	23.0
77.0	39.0
78.0	57.0
79.0	27.0
80.0	36.0
81.0	34.0
82.0	27.0
83.0	36.0
84.0	27.0
85.0	27.0
86.0	46.0
87.0	54.0
88.0	84.0
89.0	52.0
90.0	59.0
91.0	58.0
92.0	76.0
93.0	55.0
94.0	72.0
95.0	63.0
96.0	83.0
97.0	71.0
98.0	77.0
99.0	87.0
100.0	118.0
101.0	86.0
102.0	102.0
103.0	110.0
104.0	90.0
105.0	78.0
106.0	71.0
107.0	59.0
108.0	73.0
109.0	54.0
110.0	58.0
111.0	48.0
112.0	49.0
113.0	40.0
114.0	65.0
115.0	61.0
116.0	56.0
117.0	77.0
118.0	95.0
119.0	63.0
120.0	80.0
121.0	65.0
122.0	61.0
123.0	51.0
124.0	66.0
125.0	86.0
126.0	93.0
127.0	77.0
128.0	70.0
129.0	75.0
130.0	62.0
131.0	69.0
132.0	66.0
133.0	43.0
134.0	60.0
135.0	66.0
136.0	66.0
137.0	62.0
138.0	72.0
139.0	87.0
140.0	69.0
141.0	61.0
142.0	69.0
143.0	67.0
144.0	69.0
145.0	79.0
146.0	64.0
147.0	43.0
148.0	52.0
149.0	53.0
150.0	48.0
151.0	53.0
152.0	62.0
153.0	47.0
154.0	50.0
155.0	44.0
156.0	47.0
157.0	50.0
158.0	38.0
159.0	49.0
160.0	50.0
161.0	74.0
162.0	69.0
163.0	70.0
164.0	59.0
165.0	59.0
166.0	56.0
167.0	56.0
168.0	45.0
169.0	43.0
170.0	40.0
171.0	29.0
172.0	30.0
173.0	39.0
174.0	48.0
175.0	54.0
176.0	32.0
177.0	30.0
178.0	27.0
179.0	56.0
180.0	29.0
181.0	17.0
182.0	18.0
183.0	24.0
184.0	20.0
185.0	23.0
186.0	29.0
187.0	27.0
188.0	15.0
189.0	26.0
190.0	28.0
191.0	14.0
192.0	22.0
193.0	19.0
194.0	21.0
195.0	19.0
196.0	22.0
197.0	16.0
198.0	12.0
199.0	15.0
200.0	17.0
201.0	13.0
202.0	25.0
203.0	15.0
204.0	22.0
205.0	14.0
206.0	15.0
207.0	13.0
208.0	19.0
209.0	19.0
210.0	28.0
211.0	24.0
212.0	11.0
213.0	20.0
214.0	14.0
215.0	26.0
216.0	23.0
217.0	16.0
218.0	18.0
219.0	21.0
220.0	15.0
221.0	10.0
222.0	4.0
223.0	10.0
224.0	15.0
225.0	22.0
226.0	25.0
227.0	18.0
228.0	10.0
229.0	8.0
230.0	17.0
231.0	12.0
232.0	10.0
233.0	18.0
234.0	9.0
235.0	9.0
236.0	8.0
237.0	18.0
238.0	18.0
239.0	21.0
240.0	14.0
241.0	18.0
242.0	12.0
243.0	13.0
244.0	11.0
245.0	11.0
246.0	18.0
247.0	7.0
248.0	10.0
249.0	8.0
250.0	13.0
251.0	7.0
252.0	10.0
253.0	6.0
254.0	8.0
255.0	5.0
256.0	8.0
257.0	8.0
258.0	7.0
259.0	11.0
260.0	4.0
261.0	11.0
262.0	8.0
263.0	7.0
264.0	18.0
265.0	6.0
266.0	7.0
267.0	17.0
268.0	6.0
269.0	13.0
270.0	5.0
271.0	11.0
272.0	6.0
273.0	7.0
274.0	8.0
275.0	7.0
276.0	4.0
277.0	10.0
278.0	8.0
279.0	15.0
280.0	13.0
281.0	15.0
282.0	9.0
283.0	23.0
284.0	7.0
285.0	9.0
286.0	15.0
287.0	7.0
288.0	5.0
289.0	10.0
290.0	12.0
291.0	8.0
292.0	2.0
293.0	12.0
294.0	7.0
295.0	12.0
296.0	15.0
297.0	9.0
298.0	11.0
299.0	11.0
300.0	6.0
301.0	17.0
302.0	6.0
303.0	13.0
304.0	5.0
305.0	5.0
306.0	14.0
307.0	8.0
308.0	11.0
309.0	15.0
310.0	13.0
311.0	15.0
312.0	14.0
313.0	10.0
314.0	19.0
315.0	14.0
316.0	20.0
317.0	23.0
318.0	28.0
319.0	22.0
320.0	19.0
321.0	15.0
322.0	20.0
323.0	11.0
324.0	9.0
325.0	8.0
326.0	8.0
327.0	8.0
328.0	1.0
329.0	6.0
330.0	9.0
331.0	6.0
332.0	9.0
333.0	8.0
334.0	8.0
335.0	5.0
336.0	5.0
337.0	10.0
338.0	13.0
339.0	8.0
340.0	16.0
341.0	11.0
342.0	11.0
343.0	9.0
344.0	5.0
345.0	7.0
346.0	14.0
347.0	5.0
348.0	8.0
349.0	8.0
350.0	11.0
351.0	11.0
352.0	8.0
353.0	10.0
354.0	14.0
355.0	13.0
356.0	10.0
357.0	8.0
358.0	6.0
359.0	8.0
360.0	7.0
361.0	11.0
362.0	8.0
363.0	6.0
364.0	10.0
365.0	3.0
366.0	6.0
367.0	3.0
368.0	9.0
369.0	7.0
370.0	8.0
371.0	8.0
372.0	5.0
373.0	10.0
374.0	9.0
375.0	11.0
376.0	10.0
377.0	19.0
378.0	14.0
379.0	19.0
380.0	17.0
381.0	13.0
382.0	14.0
383.0	10.0
384.0	10.0
385.0	10.0
386.0	14.0
387.0	8.0
388.0	10.0
389.0	10.0
390.0	14.0
391.0	10.0
392.0	9.0
393.0	16.0
394.0	17.0
395.0	13.0
396.0	11.0
397.0	12.0
398.0	10.0
399.0	7.0
400.0	10.0
401.0	9.0
402.0	11.0
403.0	7.0
404.0	8.0
405.0	9.0
406.0	8.0
407.0	17.0
408.0	7.0
409.0	4.0
410.0	10.0
411.0	6.0
412.0	13.0
413.0	12.0
414.0	6.0
415.0	10.0
416.0	9.0
417.0	5.0
418.0	3.0
419.0	4.0
420.0	7.0
421.0	8.0
422.0	1.0
423.0	5.0
424.0	6.0
425.0	4.0
426.0	8.0
427.0	6.0
428.0	5.0
429.0	8.0
430.0	3.0
431.0	5.0
432.0	3.0
433.0	6.0
434.0	3.0
435.0	6.0
436.0	3.0
437.0	4.0
438.0	5.0
439.0	7.0
440.0	6.0
441.0	5.0
442.0	10.0
443.0	7.0
444.0	9.0
445.0	4.0
446.0	5.0
447.0	7.0
448.0	7.0
449.0	9.0
450.0	10.0
451.0	15.0
452.0	5.0
453.0	11.0
454.0	8.0
455.0	9.0
456.0	7.0
457.0	8.0
458.0	13.0
459.0	13.0
460.0	18.0
461.0	16.0
462.0	11.0
463.0	7.0
464.0	4.0
465.0	9.0
466.0	16.0
467.0	13.0
468.0	12.0
469.0	21.0
470.0	16.0
471.0	14.0
472.0	14.0
473.0	10.0
474.0	10.0
475.0	16.0
476.0	10.0
477.0	9.0
478.0	10.0
479.0	3.0
480.0	9.0
481.0	9.0
482.0	10.0
483.0	9.0
484.0	3.0
485.0	6.0
486.0	9.0
487.0	10.0
488.0	5.0
489.0	7.0
490.0	8.0
491.0	5.0
492.0	7.0
493.0	4.0
494.0	6.0
495.0	5.0
496.0	8.0
497.0	10.0
498.0	5.0
499.0	5.0
500.0	2.0
501.0	4.0
502.0	7.0
503.0	5.0
504.0	1.0
505.0	5.0
506.0	4.0
507.0	6.0
508.0	5.0
509.0	4.0
510.0	8.0
511.0	8.0
513.0	7.0
514.0	10.0
515.0	10.0
516.0	9.0
517.0	10.0
518.0	14.0
519.0	13.0
520.0	9.0
521.0	12.0
522.0	5.0
523.0	6.0
524.0	4.0
525.0	2.0
526.0	8.0
527.0	1.0
528.0	3.0
529.0	3.0
530.0	3.0
531.0	6.0
532.0	6.0
533.0	4.0
534.0	9.0
535.0	5.0
536.0	3.0
537.0	2.0
538.0	4.0
539.0	6.0
540.0	1.0
541.0	4.0
542.0	3.0
543.0	3.0
544.0	7.0
545.0	7.0
546.0	4.0
547.0	2.0
548.0	1.0
549.0	3.0
550.0	3.0
551.0	2.0
552.0	1.0
553.0	3.0
554.0	3.0
555.0	7.0
556.0	8.0
557.0	2.0
558.0	4.0
559.0	10.0
560.0	5.0
561.0	9.0
562.0	5.0
563.0	5.0
564.0	7.0
565.0	3.0
566.0	5.0
567.0	6.0
568.0	6.0
569.0	7.0
570.0	12.0
571.0	8.0
572.0	6.0
573.0	3.0
574.0	5.0
575.0	2.0
576.0	10.0
577.0	6.0
578.0	8.0
579.0	6.0
580.0	11.0
581.0	12.0
582.0	4.0
583.0	16.0
584.0	16.0
585.0	16.0
586.0	8.0
587.0	9.0
588.0	12.0
589.0	9.0
590.0	10.0
591.0	10.0
592.0	10.0
593.0	11.0
594.0	14.0
595.0	11.0
596.0	10.0
597.0	6.0
598.0	8.0
599.0	6.0
600.0	6.0
601.0	7.0
602.0	14.0
603.0	5.0
604.0	4.0
605.0	12.0
606.0	10.0
607.0	7.0
608.0	6.0
609.0	3.0
610.0	7.0
611.0	4.0
612.0	4.0
613.0	5.0
614.0	4.0
615.0	6.0
616.0	5.0
617.0	4.0
618.0	6.0
619.0	4.0
620.0	5.0
621.0	4.0
622.0	3.0
623.0	4.0
624.0	5.0
626.0	4.0
627.0	3.0
628.0	4.0
629.0	3.0
630.0	3.0
631.0	2.0
632.0	1.0
633.0	1.0
634.0	1.0
635.0	1.0
636.0	2.0
637.0	2.0
638.0	1.0
639.0	3.0
640.0	5.0
641.0	3.0
642.0	1.0
644.0	5.0
645.0	5.0
646.0	2.0
647.0	1.0
648.0	4.0
649.0	3.0
650.0	1.0
651.0	3.0
652.0	6.0
653.0	1.0
654.0	4.0
655.0	3.0
656.0	4.0
657.0	4.0
658.0	4.0
659.0	4.0
660.0	2.0
661.0	1.0
663.0	3.0
664.0	7.0
665.0	2.0
666.0	4.0
667.0	8.0
668.0	9.0
669.0	4.0
670.0	13.0
671.0	6.0
672.0	4.0
673.0	5.0
674.0	9.0
675.0	8.0
676.0	2.0
677.0	4.0
678.0	7.0
679.0	1.0
680.0	6.0
682.0	2.0
683.0	1.0
684.0	2.0
686.0	4.0
687.0	3.0
689.0	1.0
690.0	3.0
691.0	3.0
692.0	2.0
693.0	1.0
694.0	3.0
695.0	3.0
696.0	3.0
697.0	2.0
698.0	2.0
699.0	1.0
701.0	4.0
703.0	3.0
704.0	1.0
705.0	1.0
706.0	1.0
707.0	3.0
708.0	3.0
709.0	1.0
710.0	2.0
711.0	2.0
712.0	1.0
713.0	3.0
714.0	3.0
715.0	5.0
716.0	5.0
717.0	5.0
718.0	8.0
719.0	1.0
720.0	12.0
721.0	5.0
722.0	2.0
723.0	7.0
724.0	1.0
725.0	4.0
726.0	6.0
727.0	2.0
728.0	1.0
730.0	1.0
731.0	5.0
732.0	2.0
733.0	1.0
736.0	1.0
738.0	2.0
742.0	3.0
744.0	2.0
746.0	1.0
747.0	2.0
748.0	1.0
749.0	1.0
750.0	1.0
751.0	3.0
754.0	2.0
759.0	1.0
762.0	4.0
763.0	1.0
764.0	3.0
766.0	2.0
767.0	2.0
768.0	4.0
769.0	2.0
772.0	1.0
774.0	3.0
775.0	5.0
776.0	2.0
777.0	4.0
778.0	2.0
779.0	2.0
780.0	4.0
781.0	1.0
783.0	3.0
784.0	2.0
785.0	3.0
786.0	1.0
787.0	4.0
788.0	1.0
789.0	2.0
790.0	1.0
791.0	4.0
792.0	5.0
793.0	4.0
794.0	1.0
795.0	2.0
796.0	1.0
797.0	4.0
798.0	1.0
799.0	1.0
800.0	2.0
801.0	4.0
802.0	1.0
803.0	3.0
804.0	1.0
805.0	2.0
806.0	1.0
807.0	2.0
808.0	1.0
809.0	4.0
810.0	4.0
812.0	2.0
813.0	2.0
814.0	2.0
817.0	6.0
818.0	2.0
820.0	1.0
821.0	1.0
822.0	1.0
823.0	2.0
825.0	1.0
826.0	1.0
828.0	2.0
829.0	1.0
831.0	1.0
832.0	1.0
833.0	4.0
834.0	1.0
836.0	2.0
838.0	3.0
842.0	1.0
843.0	3.0
844.0	1.0
845.0	2.0
846.0	1.0
848.0	1.0
849.0	1.0
851.0	1.0
852.0	3.0
853.0	1.0
854.0	1.0
855.0	1.0
856.0	4.0
857.0	4.0
859.0	4.0
860.0	1.0
861.0	3.0
862.0	2.0
863.0	2.0
865.0	2.0
866.0	4.0
867.0	3.0
868.0	2.0
869.0	3.0
870.0	5.0
871.0	4.0
872.0	2.0
873.0	3.0
874.0	5.0
875.0	5.0
876.0	3.0
877.0	4.0
878.0	1.0
879.0	2.0
880.0	2.0
881.0	2.0
882.0	5.0
883.0	1.0
884.0	1.0
885.0	2.0
886.0	3.0
887.0	2.0
888.0	5.0
889.0	6.0
890.0	4.0
891.0	4.0
892.0	4.0
893.0	2.0
894.0	3.0
895.0	3.0
896.0	2.0
897.0	5.0
898.0	4.0
900.0	2.0
901.0	2.0
902.0	4.0
903.0	8.0
904.0	6.0
905.0	2.0
906.0	5.0
907.0	4.0
908.0	5.0
909.0	5.0
910.0	1.0
911.0	3.0
912.0	2.0
913.0	3.0
914.0	2.0
915.0	7.0
916.0	5.0
917.0	4.0
918.0	1.0
919.0	2.0
920.0	4.0
923.0	3.0
924.0	3.0
925.0	8.0
926.0	1.0
927.0	2.0
928.0	1.0
929.0	2.0
931.0	3.0
932.0	2.0
933.0	4.0
935.0	6.0
936.0	3.0
937.0	1.0
938.0	3.0
939.0	4.0
940.0	3.0
941.0	5.0
942.0	4.0
943.0	3.0
944.0	6.0
945.0	4.0
946.0	6.0
947.0	4.0
948.0	8.0
949.0	4.0
950.0	7.0
951.0	6.0
952.0	9.0
953.0	7.0
954.0	7.0
955.0	8.0
956.0	3.0
957.0	6.0
958.0	2.0
959.0	6.0
960.0	5.0
961.0	9.0
962.0	7.0
963.0	4.0
964.0	2.0
966.0	3.0
967.0	6.0
968.0	3.0
969.0	1.0
970.0	2.0
971.0	1.0
972.0	4.0
973.0	9.0
974.0	3.0
975.0	4.0
976.0	2.0
977.0	1.0
978.0	5.0
979.0	3.0
980.0	2.0
981.0	6.0
982.0	4.0
983.0	6.0
984.0	2.0
985.0	5.0
986.0	2.0
987.0	3.0
988.0	3.0
989.0	10.0
990.0	6.0
991.0	7.0
992.0	5.0
993.0	5.0
994.0	3.0
995.0	7.0
996.0	5.0
997.0	2.0
998.0	2.0
999.0	4.0
1000.0	9.0
1001.0	5.0
1002.0	8.0
1003.0	5.0
1004.0	6.0
1005.0	9.0
1006.0	4.0
1007.0	4.0
1008.0	5.0
1009.0	8.0
1010.0	5.0
1011.0	6.0
1012.0	7.0
1013.0	2.0
1014.0	2.0
1015.0	9.0
1016.0	5.0
1017.0	3.0
1018.0	8.0
1019.0	3.0
1020.0	4.0
1021.0	4.0
1022.0	4.0
1023.0	9.0
1024.0	4.0
1025.0	11.0
1026.0	1.0
1027.0	10.0
1028.0	7.0
1029.0	2.0
1030.0	3.0
1031.0	7.0
1032.0	4.0
1033.0	8.0
1034.0	3.0
1035.0	4.0
1036.0	4.0
1037.0	7.0
1038.0	5.0
1039.0	3.0
1040.0	3.0
1041.0	5.0
1042.0	10.0
1043.0	9.0
1044.0	7.0
1045.0	6.0
1046.0	7.0
1047.0	1.0
1048.0	7.0
1049.0	2.0
1050.0	3.0
1051.0	3.0
1052.0	2.0
1053.0	2.0
1054.0	2.0
1055.0	2.0
1056.0	3.0
1057.0	4.0
1059.0	2.0
1061.0	2.0
1062.0	3.0
1063.0	4.0
1064.0	2.0
1066.0	2.0
1067.0	3.0
1068.0	3.0
1069.0	6.0
1070.0	8.0
1071.0	5.0
1072.0	3.0
1074.0	3.0
1075.0	3.0
1076.0	2.0
1077.0	3.0
1078.0	5.0
1079.0	5.0
1080.0	7.0
1081.0	2.0
1082.0	4.0
1084.0	4.0
1085.0	2.0
1086.0	4.0
1087.0	1.0
1088.0	2.0
1089.0	3.0
1090.0	1.0
1091.0	7.0
1092.0	5.0
1093.0	5.0
1096.0	4.0
1097.0	2.0
1098.0	3.0
1099.0	3.0
1100.0	3.0
1101.0	4.0
1102.0	3.0
1103.0	5.0
1104.0	5.0
1105.0	5.0
1106.0	3.0
1107.0	3.0
1108.0	4.0
1109.0	1.0
1110.0	2.0
1111.0	2.0
1112.0	1.0
1113.0	3.0
1114.0	2.0
1115.0	4.0
1116.0	3.0
1117.0	1.0
1118.0	1.0
1119.0	6.0
1120.0	5.0
1121.0	8.0
1122.0	3.0
1123.0	7.0
1124.0	6.0
1125.0	5.0
1126.0	6.0
1127.0	2.0
1128.0	2.0
1129.0	2.0
1130.0	4.0
1131.0	3.0
1132.0	2.0
1133.0	2.0
1134.0	2.0
1135.0	3.0
1136.0	2.0
1137.0	2.0
1139.0	4.0
1140.0	3.0
1141.0	5.0
1142.0	5.0
1143.0	2.0
1144.0	2.0
1145.0	2.0
1146.0	8.0
1147.0	3.0
1148.0	2.0
1150.0	4.0
1151.0	4.0
1152.0	5.0
1153.0	5.0
1154.0	2.0
1155.0	8.0
1156.0	3.0
1157.0	6.0
1158.0	2.0
1159.0	4.0
1160.0	3.0
1161.0	1.0
1162.0	5.0
1163.0	1.0
1164.0	4.0
1165.0	2.0
1166.0	4.0
1167.0	2.0
1168.0	3.0
1169.0	1.0
1170.0	3.0
1171.0	5.0
1172.0	2.0
1173.0	2.0
1174.0	3.0
1175.0	2.0
1176.0	4.0
1177.0	3.0
1178.0	2.0
1179.0	2.0
1180.0	3.0
1181.0	2.0
1183.0	4.0
1184.0	5.0
1185.0	1.0
1186.0	3.0
1187.0	2.0
1189.0	1.0
1190.0	4.0
1191.0	2.0
1192.0	2.0
1193.0	3.0
1194.0	1.0
1195.0	4.0
1196.0	3.0
1197.0	2.0
1198.0	4.0
1199.0	1.0
1200.0	1.0
1201.0	3.0
1202.0	1.0
1203.0	2.0
1204.0	3.0
1205.0	3.0
1206.0	1.0
1207.0	3.0
1208.0	2.0
1209.0	2.0
1210.0	4.0
1211.0	4.0
1212.0	3.0
1213.0	4.0
1214.0	2.0
1215.0	1.0
1216.0	2.0
1217.0	2.0
1219.0	1.0
1220.0	4.0
1222.0	2.0
1223.0	2.0
1224.0	1.0
1225.0	2.0
1226.0	3.0
1227.0	3.0
1228.0	4.0
1229.0	4.0
1230.0	6.0
1231.0	1.0
1232.0	1.0
1233.0	7.0
1234.0	1.0
1235.0	4.0
1236.0	2.0
1237.0	2.0
1238.0	6.0
1239.0	2.0
1240.0	5.0
1241.0	7.0
1242.0	2.0
1243.0	3.0
1244.0	6.0
1245.0	2.0
1246.0	1.0
1248.0	3.0
1249.0	3.0
1250.0	3.0
1251.0	3.0
1252.0	4.0
1253.0	1.0
1254.0	3.0
1255.0	6.0
1256.0	2.0
1257.0	2.0
1258.0	2.0
1259.0	4.0
1260.0	4.0
1261.0	2.0
1264.0	3.0
1265.0	2.0
1266.0	2.0
1268.0	2.0
1269.0	3.0
1270.0	2.0
1271.0	2.0
1272.0	3.0
1274.0	2.0
1275.0	1.0
1277.0	4.0
1278.0	2.0
1279.0	3.0
1281.0	3.0
1282.0	1.0
1283.0	1.0
1284.0	4.0
1285.0	1.0
1286.0	4.0
1287.0	2.0
1288.0	2.0
1289.0	5.0
1291.0	1.0
1292.0	1.0
1293.0	4.0
1294.0	1.0
1295.0	1.0
1296.0	3.0
1298.0	2.0
1299.0	3.0
1301.0	1.0
1303.0	3.0
1304.0	2.0
1305.0	3.0
1306.0	3.0
1308.0	1.0
1309.0	1.0
1310.0	2.0
1311.0	1.0
1313.0	2.0
1316.0	2.0
1319.0	1.0
1320.0	2.0
1321.0	1.0
1322.0	1.0
1323.0	2.0
1324.0	2.0
1326.0	1.0
1327.0	1.0
1328.0	3.0
1329.0	1.0
1330.0	1.0
1332.0	1.0
1333.0	3.0
1334.0	2.0
1337.0	2.0
1339.0	2.0
1340.0	2.0
1341.0	1.0
1342.0	1.0
1343.0	2.0
1344.0	2.0
1345.0	3.0
1346.0	1.0
1347.0	2.0
1350.0	3.0
1351.0	1.0
1352.0	2.0
1353.0	1.0
1355.0	6.0
1356.0	2.0
1357.0	3.0
1358.0	3.0
1359.0	1.0
1362.0	2.0
1363.0	1.0
1364.0	4.0
1365.0	2.0
1366.0	5.0
1367.0	1.0
1368.0	5.0
1369.0	4.0
1370.0	1.0
1371.0	3.0
1372.0	1.0
1375.0	4.0
1377.0	2.0
1380.0	1.0
1381.0	1.0
1382.0	1.0
1383.0	1.0
1384.0	1.0
1385.0	2.0
1386.0	4.0
1387.0	3.0
1388.0	1.0
1389.0	1.0
1390.0	1.0
1391.0	1.0
1392.0	3.0
1394.0	2.0
1396.0	2.0
1398.0	3.0
1399.0	5.0
1401.0	1.0
1402.0	1.0
1404.0	1.0
1405.0	1.0
1406.0	2.0
1407.0	1.0
1408.0	1.0
1409.0	3.0
1411.0	2.0
1412.0	2.0
1413.0	4.0
1414.0	3.0
1416.0	1.0
1417.0	1.0
1418.0	2.0
1419.0	1.0
1421.0	2.0
1423.0	1.0
1424.0	2.0
1425.0	2.0
1427.0	4.0
1428.0	3.0
1429.0	4.0
1430.0	2.0
1431.0	1.0
1432.0	1.0
1434.0	1.0
1436.0	2.0
1437.0	2.0
1439.0	2.0
1440.0	1.0
1441.0	2.0
1442.0	1.0
1443.0	2.0
1448.0	1.0
1449.0	1.0
1450.0	2.0
1451.0	3.0
1452.0	4.0
1453.0	2.0
1454.0	2.0
1456.0	1.0
1457.0	1.0
1458.0	2.0
1459.0	4.0
1460.0	5.0
1461.0	1.0
1462.0	1.0
1464.0	3.0
1465.0	3.0
1468.0	1.0
1471.0	1.0
1472.0	2.0
1473.0	1.0
1474.0	2.0
1476.0	1.0
1479.0	1.0
1480.0	1.0
1483.0	2.0
1485.0	1.0
1486.0	1.0
1489.0	1.0
1490.0	2.0
1491.0	2.0
1492.0	1.0
1493.0	1.0
1494.0	1.0
1498.0	1.0
1499.0	1.0
1501.0	1.0
1502.0	1.0
1503.0	1.0
1504.0	1.0
1505.0	2.0
1506.0	1.0
1508.0	1.0
1511.0	2.0
1512.0	1.0
1514.0	3.0
1515.0	1.0
1517.0	1.0
1518.0	2.0
1519.0	1.0
1520.0	1.0
1522.0	2.0
1523.0	2.0
1525.0	1.0
1526.0	2.0
1527.0	2.0
1528.0	4.0
1529.0	2.0
1530.0	1.0
1531.0	1.0
1532.0	2.0
1533.0	2.0
1534.0	1.0
1535.0	4.0
1536.0	1.0
1537.0	1.0
1538.0	4.0
1539.0	2.0
1540.0	3.0
1541.0	2.0
1542.0	2.0
1543.0	2.0
1544.0	2.0
1549.0	2.0
1550.0	1.0
1554.0	2.0
1555.0	2.0
1557.0	1.0
1558.0	2.0
1559.0	1.0
1561.0	1.0
1562.0	3.0
1563.0	1.0
1565.0	1.0
1566.0	1.0
1567.0	2.0
1569.0	1.0
1570.0	1.0
1572.0	2.0
1573.0	2.0
1574.0	3.0
1575.0	1.0
1576.0	1.0
1578.0	2.0
1579.0	1.0
1580.0	1.0
1581.0	1.0
1582.0	2.0
1587.0	2.0
1590.0	1.0
1591.0	2.0
1597.0	2.0
1598.0	1.0
1599.0	1.0
1600.0	2.0
1601.0	1.0
1604.0	1.0
1605.0	1.0
1606.0	1.0
1609.0	1.0
1611.0	1.0
1612.0	1.0
1613.0	4.0
1614.0	2.0
1615.0	1.0
1618.0	2.0
1620.0	1.0
1621.0	1.0
1623.0	1.0
1625.0	1.0
1626.0	1.0
1630.0	1.0
1632.0	1.0
1641.0	1.0
1644.0	2.0
1645.0	1.0
1647.0	2.0
1648.0	1.0
1649.0	1.0
1650.0	3.0
1651.0	1.0
1653.0	1.0
1662.0	1.0
1669.0	1.0
1671.0	1.0
1677.0	1.0
1698.0	1.0
1703.0	1.0
1710.0	1.0
1712.0	1.0
1717.0	1.0
1721.0	1.0
1730.0	1.0
1736.0	1.0
1737.0	1.0
1738.0	1.0
1741.0	1.0
1744.0	1.0
1745.0	1.0
1746.0	1.0
1747.0	1.0
1749.0	1.0
1750.0	1.0
1751.0	1.0
1755.0	2.0
1768.0	1.0
1769.0	1.0
1773.0	2.0
1776.0	1.0
1777.0	1.0
1782.0	1.0
1784.0	1.0
1786.0	2.0
1791.0	1.0
1801.0	1.0
1802.0	1.0
1808.0	1.0
1809.0	1.0
1810.0	1.0
1812.0	1.0
1814.0	1.0
1824.0	1.0
1828.0	2.0
1840.0	1.0
1853.0	1.0
1855.0	1.0
1857.0	1.0
1858.0	2.0
1861.0	1.0
1862.0	2.0
1864.0	2.0
1871.0	1.0
1893.0	2.0
1897.0	1.0
1909.0	1.0
1913.0	1.0
1922.0	1.0
1931.0	2.0
1939.0	1.0
1940.0	1.0
1942.0	1.0
1943.0	1.0
1945.0	3.0
1950.0	1.0
1954.0	1.0
1956.0	1.0
1957.0	1.0
1959.0	1.0
1965.0	1.0
1968.0	1.0
1972.0	2.0
1983.0	2.0
1987.0	2.0
1993.0	1.0
1999.0	1.0
2000.0	1.0
2008.0	1.0
2009.0	2.0
2012.0	1.0
2014.0	1.0
2016.0	1.0
2017.0	3.0
2018.0	2.0
2019.0	1.0
2020.0	1.0
2021.0	1.0
2024.0	1.0
2025.0	1.0
2027.0	1.0
2028.0	2.0
2030.0	2.0
2034.0	1.0
2036.0	1.0
2040.0	1.0
2044.0	1.0
2045.0	2.0
2047.0	1.0
2051.0	1.0
2057.0	1.0
2058.0	1.0
2059.0	2.0
2060.0	1.0
2065.0	1.0
2070.0	1.0
2071.0	1.0
2072.0	1.0
2073.0	1.0
2077.0	1.0
2079.0	1.0
2081.0	1.0
2082.0	1.0
2083.0	1.0
2090.0	1.0
2092.0	1.0
2093.0	1.0
2095.0	2.0
2098.0	1.0
2101.0	1.0
2102.0	1.0
2104.0	2.0
2106.0	1.0
2107.0	1.0
2112.0	1.0
2113.0	1.0
2114.0	2.0
2115.0	1.0
2116.0	1.0
2117.0	2.0
2118.0	1.0
2119.0	2.0
2121.0	3.0
2122.0	1.0
2124.0	1.0
2125.0	1.0
2126.0	1.0
2127.0	2.0
2128.0	3.0
2129.0	2.0
2130.0	3.0
2131.0	1.0
2132.0	1.0
2133.0	3.0
2135.0	2.0
2136.0	1.0
2137.0	1.0
2139.0	1.0
2140.0	1.0
2141.0	3.0
2143.0	1.0
2144.0	1.0
2145.0	2.0
2146.0	4.0
2147.0	1.0
2151.0	4.0
2153.0	1.0
2155.0	1.0
2173.0	1.0
2174.0	1.0
2176.0	1.0
2177.0	1.0
2179.0	1.0
2180.0	3.0
2181.0	1.0
2183.0	1.0
2184.0	1.0
2187.0	1.0
2189.0	2.0
2191.0	3.0
2193.0	2.0
2194.0	2.0
2195.0	3.0
2197.0	1.0
2198.0	1.0
2202.0	1.0
2203.0	2.0
2204.0	1.0
2205.0	4.0
2206.0	1.0
2208.0	1.0
2210.0	1.0
2212.0	3.0
2214.0	2.0
2216.0	1.0
2217.0	1.0
2220.0	2.0
2221.0	3.0
2224.0	1.0
2225.0	2.0
2226.0	3.0
2227.0	1.0
2228.0	3.0
2229.0	1.0
2230.0	1.0
2233.0	2.0
2235.0	1.0
2236.0	1.0
2237.0	1.0
2239.0	2.0
2240.0	2.0
2241.0	1.0
2244.0	1.0
2245.0	1.0
2247.0	1.0
2248.0	1.0
2249.0	1.0
2250.0	1.0
2251.0	1.0
2252.0	1.0
2253.0	3.0
2254.0	2.0
2255.0	1.0
2256.0	1.0
2257.0	1.0
2258.0	3.0
2260.0	1.0
2261.0	4.0
2262.0	4.0
2264.0	2.0
2266.0	1.0
2269.0	1.0
2270.0	1.0
2271.0	2.0
2272.0	3.0
2274.0	1.0
2275.0	1.0
2276.0	1.0
2277.0	1.0
2278.0	1.0
2279.0	2.0
2284.0	1.0
2286.0	1.0
2287.0	1.0
2288.0	1.0
2290.0	1.0
2291.0	1.0
2292.0	4.0
2293.0	3.0
2294.0	2.0
2295.0	1.0
2296.0	1.0
2298.0	1.0
2299.0	1.0
2300.0	1.0
2303.0	1.0
2304.0	1.0
2305.0	1.0
2306.0	1.0
2307.0	1.0
2314.0	1.0
2315.0	1.0
2318.0	1.0
2321.0	1.0
2325.0	2.0
2327.0	1.0
2328.0	1.0
2331.0	1.0
2333.0	1.0
2336.0	1.0
2338.0	1.0
2340.0	1.0
2341.0	1.0
2348.0	1.0
2360.0	1.0
2417.0	1.0
2431.0	2.0
2439.0	1.0
2442.0	1.0
2447.0	1.0
2453.0	1.0
2458.0	1.0
2463.0	1.0
2466.0	1.0
2467.0	2.0
2472.0	1.0
2478.0	1.0
2485.0	1.0
2490.0	2.0
2500.0	1.0
2519.0	1.0
2524.0	1.0
2528.0	1.0
2542.0	1.0
2543.0	1.0
2546.0	1.0
2553.0	1.0
2566.0	1.0
2572.0	1.0
2605.0	1.0
2630.0	1.0
2633.0	1.0
2645.0	1.0
2652.0	1.0
2657.0	1.0
2659.0	1.0
2661.0	1.0
2663.0	1.0
2664.0	1.0
2667.0	1.0
2671.0	2.0
2673.0	1.0
2677.0	1.0
2687.0	3.0
2689.0	1.0
2693.0	1.0
2694.0	1.0
2695.0	2.0
2697.0	1.0
2709.0	1.0
2710.0	1.0
2725.0	1.0
2728.0	1.0
2731.0	1.0
2732.0	1.0
2738.0	1.0
2741.0	2.0
2750.0	1.0
2784.0	1.0
2810.0	1.0
2841.0	1.0
2848.0	1.0
2850.0	1.0
2852.0	1.0
2859.0	2.0
2861.0	1.0
2864.0	1.0
2865.0	1.0
2866.0	1.0
2867.0	1.0
2868.0	3.0
2870.0	2.0
2874.0	1.0
2876.0	3.0
2877.0	1.0
2879.0	1.0
2880.0	3.0
2882.0	1.0
2884.0	1.0
2890.0	1.0
2892.0	1.0
2905.0	1.0
2907.0	1.0
2950.0	1.0
2952.0	1.0
2958.0	1.0
2959.0	1.0
2965.0	1.0
2996.0	1.0
3006.0	1.0
3013.0	1.0
3029.0	1.0
3038.0	1.0
3045.0	1.0
3080.0	1.0
3102.0	1.0
3116.0	1.0
3117.0	1.0
3123.0	1.0
3127.0	1.0
3132.0	2.0
3137.0	1.0
3138.0	1.0
3143.0	1.0
3149.0	1.0
3150.0	2.0
3154.0	1.0
3155.0	1.0
3160.0	1.0
3164.0	1.0
3166.0	1.0
3173.0	1.0
3178.0	1.0
3204.0	1.0
3251.0	1.0
3278.0	1.0
3287.0	1.0
3393.0	1.0
3417.0	1.0
3474.0	1.0
3491.0	1.0
3519.0	1.0
3561.0	1.0
3599.0	1.0
3725.0	1.0
3751.0	1.0
3794.0	1.0
3818.0	1.0
3841.0	1.0
3878.0	1.0
3898.0	1.0
3922.0	1.0
3936.0	1.0
3983.0	1.0
4006.0	1.0
4018.0	1.0
4054.0	1.0
4060.0	1.0
4080.0	1.0
4082.0	1.0
4092.0	1.0
4135.0	1.0
4139.0	1.0
4159.0	1.0
4214.0	1.0
4553.0	1.0
4598.0	1.0
4641.0	1.0
4774.0	1.0
4823.0	1.0
4864.0	1.0
4889.0	1.0
4913.0	1.0
4937.0	1.0
4954.0	1.0
4989.0	1.0
5009.0	1.0
5052.0	1.0
5060.0	1.0
5100.0	1.0
5102.0	1.0
5103.0	1.0
5104.0	2.0
5105.0	3.0
5123.0	1.0
5124.0	1.0
5129.0	1.0
5130.0	1.0
5138.0	1.0
5139.0	1.0
5144.0	1.0
5146.0	1.0
5147.0	4.0
5148.0	1.0
5151.0	1.0
5223.0	1.0
5227.0	1.0
5257.0	1.0
5268.0	1.0
5285.0	1.0
5377.0	1.0
5427.0	1.0
5434.0	1.0
5482.0	1.0
5488.0	1.0
5507.0	1.0
5521.0	1.0
5549.0	1.0
5567.0	1.0
5592.0	1.0
5611.0	1.0
5614.0	1.0
5625.0	1.0
5636.0	1.0
5640.0	1.0
5674.0	1.0
5682.0	1.0
5714.0	1.0
5717.0	1.0
5735.0	1.0
5737.0	1.0
5739.0	1.0
5774.0	1.0
5799.0	1.0
5811.0	1.0
5818.0	1.0
5822.0	1.0
5824.0	1.0
5827.0	1.0
5835.0	1.0
5848.0	1.0
5859.0	1.0
5871.0	1.0
5882.0	1.0
5890.0	1.0
5895.0	1.0
5897.0	1.0
5903.0	1.0
5909.0	1.0
5918.0	1.0
5922.0	1.0
5945.0	1.0
5955.0	1.0
5963.0	1.0
5965.0	1.0
5975.0	1.0
5980.0	1.0
5999.0	1.0
6006.0	1.0
6010.0	1.0
6015.0	1.0
6028.0	1.0
6032.0	1.0
6050.0	1.0
6052.0	1.0
6056.0	1.0
6057.0	1.0
6066.0	1.0
6081.0	1.0
6093.0	1.0
6095.0	1.0
6096.0	1.0
6105.0	1.0
6112.0	1.0
6138.0	1.0
6140.0	1.0
6143.0	1.0
6144.0	1.0
6145.0	1.0
6152.0	1.0
6155.0	1.0
6156.0	1.0
6157.0	1.0
6159.0	1.0
6160.0	1.0
6164.0	1.0
6171.0	1.0
6173.0	1.0
6174.0	1.0
6178.0	1.0
6179.0	1.0
6180.0	1.0
6183.0	1.0
6184.0	1.0
6187.0	1.0
6189.0	1.0
6190.0	1.0
6191.0	2.0
6192.0	1.0
6195.0	1.0
6203.0	1.0
6215.0	1.0
6217.0	1.0
6218.0	2.0
6223.0	1.0
6231.0	1.0
6234.0	1.0
6244.0	2.0
6248.0	1.0
6250.0	2.0
6253.0	1.0
6255.0	1.0
6270.0	1.0
6287.0	1.0
6289.0	1.0
6291.0	1.0
6292.0	1.0
6294.0	1.0
6308.0	1.0
6309.0	1.0
6312.0	1.0
6315.0	1.0
6317.0	1.0
6318.0	2.0
6323.0	2.0
6325.0	3.0
6327.0	1.0
6334.0	1.0
6336.0	1.0
6337.0	1.0
6340.0	1.0
6343.0	2.0
6348.0	1.0
6353.0	1.0
6354.0	1.0
6355.0	1.0
6358.0	1.0
6359.0	1.0
6360.0	1.0
6361.0	3.0
6365.0	1.0
6378.0	1.0
6382.0	1.0
6384.0	1.0
6386.0	2.0
6388.0	1.0
6395.0	1.0
6396.0	1.0
6401.0	2.0
6414.0	2.0
6424.0	1.0
6433.0	1.0
6435.0	1.0
6438.0	1.0
6446.0	1.0
6458.0	1.0
6460.0	1.0
6461.0	1.0
6475.0	1.0
6477.0	1.0
6485.0	1.0
6487.0	1.0
6489.0	1.0
6493.0	1.0
6497.0	1.0
6500.0	1.0
6502.0	1.0
6503.0	1.0
6509.0	1.0
6518.0	1.0
6519.0	1.0
6520.0	1.0
6521.0	1.0
6522.0	1.0
6526.0	2.0
6528.0	1.0
6529.0	2.0
6533.0	1.0
6539.0	1.0
6547.0	1.0
6559.0	1.0
6560.0	1.0
6561.0	1.0
6564.0	1.0
6565.0	1.0
6568.0	1.0
6569.0	1.0
6580.0	1.0
6585.0	1.0
6612.0	1.0
6618.0	1.0
6619.0	1.0
6623.0	1.0
6628.0	1.0
6631.0	1.0
6633.0	1.0
6637.0	1.0
6654.0	1.0
6657.0	1.0
6665.0	2.0
6670.0	2.0
6689.0	1.0
6733.0	1.0
6746.0	1.0
6756.0	1.0
6758.0	1.0
6770.0	1.0
6775.0	1.0
6780.0	1.0
6781.0	1.0
6783.0	2.0
6804.0	1.0
6807.0	1.0
6812.0	1.0
6826.0	1.0
6852.0	1.0
6880.0	1.0
6882.0	1.0
6883.0	1.0
6891.0	1.0
6897.0	1.0
6905.0	1.0
6924.0	1.0
6925.0	1.0
6926.0	1.0
6932.0	1.0
6950.0	1.0
6963.0	1.0
6967.0	1.0
6975.0	2.0
6976.0	2.0
6977.0	3.0
6978.0	2.0
6979.0	1.0
6980.0	1.0
6981.0	1.0
6984.0	1.0
6987.0	2.0
6988.0	1.0
6996.0	1.0
7039.0	1.0
7044.0	1.0
7067.0	1.0
7074.0	1.0
7084.0	1.0
7090.0	1.0
7092.0	1.0
7108.0	1.0
7117.0	1.0
7118.0	1.0
7126.0	1.0
7128.0	1.0
7135.0	1.0
7136.0	1.0
7139.0	1.0
7143.0	1.0
7158.0	1.0
7159.0	1.0
7160.0	1.0
7161.0	1.0
7162.0	1.0
7163.0	2.0
7164.0	1.0
7165.0	1.0
7167.0	1.0
7174.0	1.0
7175.0	1.0
7176.0	1.0
7182.0	1.0
7186.0	1.0
7190.0	1.0
7193.0	1.0
7194.0	1.0
7196.0	1.0
7198.0	1.0
7206.0	1.0
7222.0	1.0
7224.0	1.0
7227.0	1.0
7234.0	1.0
7235.0	1.0
7237.0	1.0
7243.0	1.0
7253.0	1.0
7258.0	1.0
7261.0	1.0
7266.0	1.0
7267.0	1.0
7270.0	1.0
7272.0	1.0
7273.0	2.0
7278.0	2.0
7279.0	1.0
7282.0	1.0
7291.0	1.0
7301.0	1.0
7306.0	1.0
7313.0	1.0
7318.0	1.0
7323.0	1.0
7329.0	1.0
7349.0	1.0
7361.0	1.0
7372.0	1.0
7384.0	1.0
7391.0	1.0
7394.0	1.0
7397.0	5.0
7398.0	4.0
7399.0	1.0
7401.0	1.0
7402.0	3.0
7403.0	1.0
7405.0	2.0
7414.0	1.0
7416.0	1.0
7420.0	1.0
7421.0	1.0
7423.0	1.0
7424.0	1.0
7445.0	1.0
7458.0	1.0
7460.0	1.0
7466.0	1.0
7470.0	2.0
7471.0	3.0
7473.0	1.0
7677.0	1.0
7772.0	1.0
7855.0	1.0
7871.0	1.0
7922.0	1.0
7923.0	1.0
7951.0	1.0
7967.0	1.0
7969.0	1.0
7982.0	1.0
7983.0	1.0
7994.0	1.0
7995.0	3.0
7996.0	3.0
7997.0	4.0
7998.0	6.0
7999.0	1.0
8014.0	1.0
8051.0	1.0
8073.0	1.0
8074.0	1.0
8086.0	1.0
8089.0	2.0
8090.0	5.0
8091.0	1.0
8092.0	1.0
8093.0	1.0
8094.0	2.0
8095.0	1.0
8112.0	1.0
8122.0	1.0
8123.0	1.0
8124.0	1.0
8127.0	1.0
8132.0	2.0
8133.0	1.0
8134.0	2.0
8135.0	1.0
8136.0	1.0
8137.0	2.0
8139.0	1.0
8140.0	2.0
8622.0	1.0
8732.0	1.0
8743.0	2.0
8745.0	1.0
8749.0	2.0
8751.0	2.0
8766.0	1.0
8770.0	1.0
8772.0	1.0
8809.0	1.0
8816.0	1.0
8847.0	1.0
8853.0	1.0
8855.0	2.0
8857.0	1.0
8861.0	1.0
9712.0	1.0
9835.0	1.0
9897.0	1.0
9986.0	1.0
10099.0	1.0
10185.0	1.0
10193.0	1.0
10248.0	1.0
10252.0	1.0
10276.0	1.0
10300.0	1.0
10301.0	2.0
10306.0	2.0
10308.0	1.0
10309.0	1.0
10310.0	1.0
10311.0	5.0
10312.0	2.0
10313.0	1.0
10366.0	1.0
10431.0	1.0
10598.0	1.0
10607.0	1.0
10625.0	1.0
10694.0	1.0
10749.0	1.0
10771.0	1.0
10808.0	1.0
10827.0	1.0
10832.0	1.0
10836.0	1.0
10837.0	1.0
10844.0	1.0
10849.0	1.0
10858.0	1.0
10877.0	1.0
10883.0	1.0
10885.0	1.0
10889.0	1.0
10890.0	1.0
10891.0	2.0
10893.0	1.0
10897.0	1.0
11079.0	1.0
11254.0	1.0
11556.0	1.0
11835.0	1.0
12046.0	1.0
12406.0	1.0
12488.0	1.0
12624.0	1.0
12718.0	1.0
12830.0	1.0
12883.0	1.0
12909.0	1.0
12919.0	1.0
12926.0	1.0
12959.0	1.0
12993.0	1.0
13005.0	1.0
13015.0	1.0
13020.0	1.0
13239.0	1.0
13352.0	1.0
13487.0	1.0
13696.0	1.0
14192.0	1.0
17278.0	1.0
17442.0	1.0
17452.0	1.0
17514.0	1.0
17636.0	1.0
17660.0	1.0
17735.0	1.0
17807.0	1.0
17816.0	1.0
17847.0	1.0
17905.0	1.0
17909.0	1.0
17912.0	3.0
17913.0	3.0
17914.0	1.0
17915.0	2.0
17917.0	1.0
17918.0	1.0
17922.0	1.0
22173.0	1.0
24465.0	1.0
25286.0	1.0
25635.0	1.0
25871.0	1.0
25992.0	1.0
26253.0	1.0
27293.0	1.0
27453.0	1.0
27615.0	1.0
28039.0	1.0
28300.0	1.0
28462.0	1.0
28468.0	1.0
28650.0	1.0
28671.0	1.0
28749.0	1.0
28810.0	1.0
28857.0	1.0
28883.0	1.0
28894.0	1.0
28895.0	1.0
28898.0	1.0
28905.0	2.0
28906.0	2.0
30045.0	1.0
30207.0	1.0
30476.0	1.0
30663.0	1.0
30809.0	1.0
30832.0	1.0
30952.0	1.0
30970.0	1.0
31034.0	1.0
31116.0	1.0
31142.0	1.0
31220.0	1.0
31261.0	1.0
31295.0	1.0
31335.0	1.0
31337.0	1.0
31363.0	1.0
31364.0	1.0
31367.0	1.0
31369.0	1.0
31370.0	4.0
31371.0	1.0
31374.0	1.0
