# Position (bp)	A	C	G	T	N
0.0	25.96765257936326	23.812042399362223	23.828947087086537	26.39135793418798	0.0
1.0	26.183270869032675	19.76843345948373	15.164449871253288	38.88384580023031	0.0
2.0	28.591017868348278	18.714089725878686	18.411170043972984	34.28372236180005	0.0
3.0	22.792489594326643	22.322989047563613	15.036135978915748	39.848385379194	0.0
4.0	33.874151779951426	13.012463347515215	14.545835486789555	38.5675493857438	0.0
5.0	34.37423679968739	14.738685936965759	23.10783562496947	27.77924163837738	0.0
6.0	30.466003809704063	17.25247607869115	20.970648412852256	31.310871698752536	0.0
7.0	34.58782199707251	16.89285512592934	19.992666014417654	28.526656862580495	0.0
8.0	22.20163805064037	26.77669807332154	22.741622772139706	28.280041103898384	0.0
9.0	27.7109512965357	18.436197378081076	15.629898545260842	38.222952780122384	0.0
10.0	26.0225224331432	16.421593130932628	25.03138503195359	32.52449940397058	0.0
11.0	27.984125088335986	17.768115936498827	19.36159792358918	34.886161051576	0.0
12.0	25.983219596775793	19.491669325013852	21.235198475507847	33.28991260270251	0.0
13.0	26.093572803353027	20.551481755089146	18.49953981339166	34.85540562816617	0.0
14.0	30.47346371699516	18.243747033208226	20.228254084060755	31.054535165735864	0.0
15.0	29.780942016487348	18.313032591590872	19.594409991925748	32.31161539999603	0.0
16.0	29.553300369828246	17.444258656926685	18.520564922943546	34.48187605030152	0.0
17.0	30.23960230108567	17.76636066419504	19.743693993458177	32.25034304126111	0.0
18.0	30.53341962150224	17.46900418060073	18.51943925918351	33.47813693871352	0.0
19.0	29.494126706239154	18.16040975687189	19.919516949061997	32.42594658782696	0.0
20.0	29.628757999844314	17.577210994415182	19.782882355544906	33.0111486501956	0.0
21.0	28.987616172315846	18.143200456676066	19.347040610895817	33.52214276011228	0.0
22.0	29.700008700045334	18.88462175408177	22.282790776120358	29.132578769752538	0.0
23.0	29.774130796786785	20.005658845275036	20.794062295377223	29.42614806256096	0.0
24.0	32.24607887430571	19.128213483849205	18.15209129247568	30.473616349369397	0.0
25.0	29.379156370341086	20.992131419526867	19.11377064543652	30.51494156469552	0.0
26.0	31.944773028027885	16.62631130288521	21.538297752183023	29.890617916903885	0.0
27.0	26.137893429023656	21.155133255694334	24.903374167581187	27.803599147700826	0.0
28.0	26.086265528436176	19.43675982838016	18.25491781509809	36.22205682808558	0.0
29.0	27.98792181864527	19.635363165839653	17.258543215567283	35.1181717999478	0.0
30.0	26.325248814463826	18.929185119490196	16.05771234047108	38.6878537255749	0.0
31.0	33.895799785144504	14.057446937704857	17.984924430781142	34.061828846369494	0.0
32.0	33.87520234620192	15.530559901911948	22.540763307528177	28.053474444357956	0.0
33.0	30.881648534344926	17.380682092794892	20.627230193056473	31.110439179803713	0.0
34.0	33.20024103385176	16.21525187563033	21.773528346519374	28.81097874399854	0.0
35.0	26.073899211272433	20.299500764395738	25.388439835620748	28.23816018871109	0.0
