#Position (bp)	mapping quality
38.0	59.11817719646901
113.0	58.46368879127075
188.0	58.61436274457875
263.0	58.37914338919926
338.0	59.071247090975085
413.0	59.17631367022347
488.0	59.11069433575303
563.0	59.08675735412033
638.0	59.06240578836298
713.0	59.20802247258888
788.0	59.09372466690224
863.0	59.048907706073635
938.0	59.122331489835595
1013.0	57.83718461664081
1088.0	54.448137872840945
1163.0	54.84842196384421
1238.0	54.12220868859115
1313.0	51.94060581328486
1388.0	45.908294392523366
1463.0	47.366721456936304
1538.0	47.05064933128569
1613.0	51.09424985645148
1688.0	50.60827250608273
1763.0	46.504186762771496
1838.0	47.199977693508814
1913.0	55.50086209148619
1988.0	56.499030177618586
2063.0	56.458740827368175
2138.0	56.10084509434763
2213.0	54.86752832557741
2288.0	49.58475598536116
2363.0	48.311066632141035
2438.0	50.11817682838036
2513.0	52.59286619712398
2588.0	56.92599712329139
2663.0	57.16259843968898
2738.0	57.152823963590365
2813.0	57.074732142857144
2888.0	55.469438583140196
2963.0	52.87389652914211
3038.0	51.34497375360426
3113.0	51.080663909903386
3188.0	46.13178779862275
3263.0	41.74341507720254
3338.0	42.70300501193831
3413.0	42.31334912127633
3488.0	42.72406250446767
3563.0	37.39216245973168
3638.0	35.75855616376069
3713.0	37.39789013712478
3788.0	40.07303677718032
3863.0	38.98040167833866
3938.0	41.87912872116851
4013.0	41.537322393436064
4088.0	51.13936608720142
4163.0	51.14692628053336
4238.0	48.58636780960199
4313.0	48.72110961582647
4388.0	47.333178881523175
4463.0	38.37144781144781
4538.0	36.14391280891313
4613.0	36.19200047422161
4688.0	40.860832479569225
4763.0	38.301452746352375
4838.0	39.6126041142306
4913.0	39.54226532821155
4988.0	38.15091003875881
5063.0	33.69459741195348
5138.0	32.47542958956993
5213.0	31.095358042461317
5288.0	36.79679939916519
5363.0	41.86030756723799
5438.0	41.91527793048204
5513.0	43.867365608573174
5588.0	45.6564994560302
5663.0	42.37792956783316
5738.0	43.59207618665587
5813.0	40.23172720917588
5888.0	42.33770239013107
5963.0	34.65574187694674
6038.0	28.323169466915576
6113.0	32.29725398658741
6188.0	42.94165394496779
6263.0	47.12505690536006
6338.0	45.41059509858868
6413.0	44.91777696569843
6488.0	45.37731935074136
6563.0	36.398266881675006
6638.0	34.50665271756974
6713.0	37.72247184454689
6788.0	43.21247966228398
6863.0	37.520020412970084
6938.0	29.21521062781806
7013.0	35.30639842217507
7088.0	37.173090158293185
7163.0	32.00136782847023
7238.0	31.352776834904304
7313.0	33.787791183849
7388.0	35.46942352751793
7463.0	30.466771470410887
7538.0	30.942500728341763
7613.0	31.357249891660185
7688.0	33.14850438332428
7763.0	31.573252632451705
7838.0	30.7980175988672
7913.0	34.03615712257454
7988.0	42.40521349813666
8063.0	35.926166485271914
8138.0	37.19554526445316
8213.0	37.31023614230583
8288.0	40.59191276628114
8363.0	30.604909362725923
8438.0	28.78620807373901
8513.0	28.649136743686313
8588.0	31.648654934491045
8663.0	39.226767038010344
8738.0	39.77130593822827
8813.0	40.378965890923915
8888.0	39.89628722940312
8963.0	39.43637897104301
9038.0	32.737790544536495
9113.0	34.239507123604156
9188.0	34.45431684828164
9263.0	36.92761143246002
9338.0	36.42868210381338
9413.0	37.59314008121005
9488.0	42.67455127577063
9563.0	44.92321938421175
9638.0	41.29929506092205
9713.0	40.38212598425197
9788.0	40.0713746208473
9863.0	30.041816870944483
9938.0	27.702800735808484
10013.0	24.23447721795019
10088.0	33.1584472353964
10163.0	39.685974789984435
10238.0	38.82595734923183
10313.0	39.18246712586099
10388.0	42.38578196038534
10463.0	37.35687509505873
10538.0	34.231740139211134
10613.0	33.699210293191086
10688.0	38.948203060090215
10763.0	37.73842574019096
10838.0	36.17487934321488
10913.0	35.79003861509261
10988.0	37.42193539986491
11063.0	44.92837345162052
11138.0	41.45234099634062
11213.0	42.6487766872513
11288.0	44.126854146464105
11363.0	46.03251273516936
11438.0	37.97635527090961
11513.0	38.700842033884086
11588.0	45.256305244339345
11663.0	45.29401529330988
11738.0	38.75287796073964
11813.0	35.836477938335825
11888.0	36.93909623792464
11963.0	33.407255034162304
12038.0	31.725127028356006
12113.0	35.388801012337865
12188.0	43.868289079811845
12263.0	38.261224917483105
12338.0	38.290948283379315
12413.0	42.62322085666903
12488.0	46.162817559172616
12563.0	44.46030979428708
12638.0	43.26067451311553
12713.0	45.863430971578715
12788.0	40.43711980420762
12863.0	33.87370850889269
12938.0	33.24150143492287
13013.0	41.693022711993216
13088.0	49.68496454536392
13163.0	49.18373677718886
13238.0	46.26668502230138
13313.0	46.98525603910486
13388.0	32.166212846857164
13463.0	11.267728595206329
13538.0	9.429103191562694
13613.0	18.846812209779436
13688.0	33.86726842848314
13763.0	34.468946401092786
13838.0	35.2286116906527
13913.0	32.07471675249924
13988.0	17.723675375803985
14063.0	11.689391461850017
14138.0	13.005100303244738
14213.0	14.640829060417877
14288.0	16.2017709408337
14363.0	14.54698224852071
14438.0	14.528506651617818
14513.0	14.91354314625471
14588.0	16.096903005547766
14663.0	13.607991423916532
14738.0	14.30655183168198
14813.0	13.814985451018428
14888.0	15.145331551400329
14963.0	12.046175053134462
15038.0	12.233832675717247
15113.0	11.87277321541377
15188.0	20.142784649429508
15263.0	26.07613048395667
15338.0	26.41786768497935
15413.0	26.721692893667083
15488.0	27.263907189916928
15563.0	23.9751280636772
15638.0	20.698069115651872
15713.0	21.10248843597153
15788.0	20.244664382251134
15863.0	20.246597929537486
15938.0	16.38752296939132
16013.0	15.87207012395258
16088.0	16.79257731491021
16163.0	19.10336288126313
16238.0	14.629987915299944
16313.0	14.125216937692485
16388.0	14.349792258561722
16463.0	16.26737409459617
16538.0	9.866358527509972
16613.0	9.816007743345837
16688.0	10.38288268738336
16763.0	17.893140535640338
16838.0	26.81506469295812
16913.0	27.414317635675246
16988.0	27.118061613299066
17063.0	30.097715962558635
17138.0	33.35917369812114
17213.0	31.31277529562211
17288.0	28.683489750323854
17363.0	29.832283682926533
17438.0	27.349862501374986
17513.0	20.837002376185044
17588.0	19.922474816792686
17663.0	21.553373267084446
17738.0	20.85174612288675
17813.0	14.595316793557789
17888.0	14.624465499971251
17963.0	15.902806574849349
18038.0	22.44800353676426
18113.0	23.972271223011095
18188.0	23.491158351922707
18263.0	26.815358895684927
18338.0	24.998264983110143
18413.0	20.58458751017811
18488.0	21.87267836556936
18563.0	21.248877810897238
18638.0	28.117560951662643
18713.0	23.690253522272144
18788.0	24.904895908535057
18863.0	23.815252297063203
18938.0	26.362764277464823
19013.0	21.656643292657566
19088.0	22.437172006910263
19163.0	20.52979943429454
19238.0	20.55703871033987
19313.0	1.8711695124719412
19388.0	0.037464389317445654
19463.0	0.028882933048840778
19538.0	1.199607104436233
19613.0	14.109940433722146
19688.0	15.307782550101317
19763.0	17.2307892148676
19838.0	18.69546387256908
19913.0	20.196872490523354
19988.0	13.862568728980943
20063.0	15.330751663191341
20138.0	14.579554483930186
20213.0	13.168256344881895
20288.0	6.553741990085842
20363.0	7.279153067268817
20438.0	7.427155599603568
20513.0	24.864878589625317
20588.0	20.33835725194734
20663.0	22.628460117059138
20738.0	21.8587208636168
20813.0	28.195531822594972
20888.0	23.81874883199402
20963.0	21.649090942787776
21038.0	20.939272936667518
21113.0	22.175177586049205
21188.0	6.943130596919182
21263.0	6.36720084038336
21338.0	6.6618802154762875
21413.0	9.452247759526566
21488.0	8.831891173328332
21563.0	9.415040416058483
21638.0	10.061319895574039
21713.0	6.628156032972026
21788.0	0.21346620845430883
21863.0	0.21578444820349268
21938.0	0.24908928848240583
22013.0	0.7761116632816214
22088.0	7.210179197356764
22163.0	6.125321033597149
22238.0	5.353630225593223
22313.0	3.6729213950068726
22388.0	0.7960103485185203
22463.0	0.9312504788905065
22538.0	7.638878276151907
22613.0	13.563732465948364
22688.0	16.805177159425973
22763.0	14.569007112312661
22838.0	19.083391107911854
22913.0	10.76043608608349
22988.0	9.194915603298432
23063.0	10.508889414955723
23138.0	15.965535484846194
23213.0	21.853705715739164
23288.0	22.091618024749007
23363.0	22.723735646786196
23438.0	23.4337605484755
23513.0	25.364809075626408
23588.0	22.43457713525532
23663.0	23.08803276091116
23738.0	24.951553779788856
23813.0	24.683761181852617
23888.0	28.597411881721545
23963.0	24.851183745890374
24038.0	27.81441552890831
24113.0	29.55131891894607
24188.0	22.29766166075266
24263.0	23.821338617454312
24338.0	20.96047763039677
24413.0	25.538243746855304
24488.0	17.65402429738094
24563.0	16.794139487062317
24638.0	16.133670606765552
24713.0	23.29012585645561
24788.0	21.37915606744302
24863.0	18.630536609417373
24938.0	19.00250595929344
25013.0	28.973768196625528
25088.0	24.678472288695318
25163.0	23.85144592631718
25238.0	22.318633972144493
25313.0	30.815012640318503
25388.0	34.629553182604546
25463.0	33.61677613200402
25538.0	33.90625230243284
25613.0	38.76670597053525
25688.0	38.29359783446908
25763.0	36.60926393711377
25838.0	38.91921544162333
25913.0	48.11164953941111
25988.0	55.9001774558885
26063.0	56.43457973390504
26138.0	55.21560477647505
26213.0	56.14392226080931
26288.0	55.07974473329643
26363.0	47.516696703063715
26438.0	49.24729873687414
26513.0	52.480006810720496
26588.0	54.31852900030552
26663.0	53.76344180915609
26738.0	53.86150739365514
26813.0	54.34252479451396
26888.0	56.5671470360387
26963.0	56.81290471942857
27038.0	56.884711307181576
27113.0	56.82811981273332
27188.0	56.59701188751205
27263.0	54.9939943900118
27338.0	55.1921549043198
27413.0	55.966322323620695
27488.0	54.380348550576436
27563.0	33.17833838565483
27638.0	33.37957060533429
27713.0	33.54685045355496
27788.0	43.8118420440627
27863.0	48.98061275104746
27938.0	48.492924216373495
28013.0	49.33431408606105
28088.0	50.97286828407892
28163.0	52.164182464988514
28238.0	44.565624863781004
28313.0	50.91193983077405
28388.0	53.792648500876595
28463.0	53.46861668188813
28538.0	52.03108183407247
28613.0	52.72112495381248
28688.0	52.16716176073454
28763.0	46.80609614315321
28838.0	38.202772674127274
28913.0	35.81402891030393
28988.0	51.754442539757974
29063.0	59.99669930685444
29138.0	59.971798216237175
29213.0	59.968467689360175
29288.0	59.967122594785984
29363.0	59.942381319417244
29438.0	59.940239043824704
29513.0	60.0
29588.0	59.99754265540657
29663.0	59.99892525122252
29738.0	60.0
29813.0	59.997659860761715
29877.0	60.0
