# Position (bp)	A	C	G	T	N
0.0	25.86655034553864	24.768829783015434	24.187344309337295	25.17727556210863	0.0
1.0	25.454139073444537	20.46590937766995	14.783357907373293	39.296593641512224	0.0
2.0	27.614244285534163	19.165300718698777	18.69661545112308	34.523839544643984	0.0
3.0	23.442732752846617	23.00808792285144	15.263703735712896	38.285475588589044	0.0
4.0	33.2872525407437	13.978320427111345	14.286485727554513	38.44794130459044	0.0
5.0	34.72511652180172	15.607982868145909	22.83071496697799	26.83618564307438	0.0
6.0	32.6840099467754	17.69547177008698	20.218152505227096	29.40236577791053	0.0
7.0	34.138310734951204	17.524181708264962	19.68938019978697	28.64812735699686	0.0
8.0	23.712352920010073	26.238350545140516	21.708826598539098	28.340469936310313	0.0
9.0	29.34274580918148	18.878562510569246	15.827423550619043	35.95126812963023	0.0
10.0	26.453455949284198	17.030233035068594	24.50196264674877	32.01434836889844	0.0
11.0	27.76182869970644	18.52443446727681	19.762706498589765	33.95103033442698	0.0
12.0	25.955810406354324	19.81624841717509	21.093660066766432	33.134281109704155	0.0
13.0	27.092940440134385	21.05853830492867	18.223707401998517	33.62481385293842	0.0
14.0	30.390464269785777	18.211834779230866	20.01704864258276	31.38065230840059	0.0
15.0	30.08518916741883	18.984346625336677	18.717883252363468	32.21258095488103	0.0
16.0	29.394697672411933	16.96974926476404	18.9694472607517	34.66610580207232	0.0
17.0	29.867655833279414	18.13064763096034	20.25059846017814	31.751098075582107	0.0
18.0	30.861029958711093	17.644987297104027	18.567788905538606	32.92619383864627	0.0
19.0	29.734691971054694	18.127106403466538	19.564311327330607	32.573890298148164	0.0
20.0	30.38608138352715	17.83547264164161	19.51386868131671	32.264577293514535	0.0
21.0	29.813860930910867	17.50935724189458	19.706962075332083	32.96981975186247	0.0
22.0	28.802991175171233	18.38667619666761	19.481429069136805	33.32890355902435	0.0
23.0	29.390384933091028	17.745063532994777	20.309009546110804	32.55554198780339	0.0
24.0	30.389347352998215	18.824560269476347	18.514648107847993	32.271444269677446	0.0
25.0	29.56051177271144	17.82694096228495	18.992900823389576	33.61964644161403	0.0
26.0	31.076146396986747	17.768210755359906	19.785065151901414	31.370577695751933	0.0
27.0	29.26618219420069	18.20290396242945	19.6204167803645	32.91049706300536	0.0
28.0	29.73216529637741	17.822855706746132	19.557677808494596	32.88730118838186	0.0
29.0	29.45416947886899	18.212659936527995	19.787253902379483	32.54591668222353	0.0
30.0	29.882065734441472	18.1496706097758	19.278752086736432	32.68951156904629	0.0
31.0	29.648152802211612	18.220658456898718	19.322155602628083	32.80903313826159	0.0
32.0	29.732834979552415	18.266748528815118	19.66630403171081	32.334112459921656	0.0
33.0	30.64067252480492	17.81608989022275	19.3016917259483	32.241545859024036	0.0
34.0	29.747774214285972	17.96502670224572	19.586914283456817	32.700284800011495	0.0
35.0	30.003663450970812	18.200168087750427	19.420600087635496	32.37556837364327	0.0
36.0	29.955568965083746	17.689442510838372	18.75550000179592	33.599488522281966	0.0
37.0	29.07414458229467	19.046917766395357	18.678026738313662	33.200910912996314	0.0
38.0	29.881279522962807	17.947446881117877	19.485963683388114	32.68530991253121	0.0
39.0	28.631985831653893	18.956629198144896	19.96285479241433	32.44853017778688	0.0
40.0	30.185554417919562	18.044942609257962	19.470101129852164	32.29940184297031	0.0
41.0	29.545078933942676	18.087262066438164	20.564501641912237	31.80315735770693	0.0
42.0	29.9591839667723	18.544707209634883	19.195751683302078	32.30035714029074	0.0
43.0	29.657204455623425	18.363277039166366	19.35501257635645	32.62450592885375	0.0
44.0	29.581599580306	18.137032964663778	20.312039612214246	31.969327842815975	0.0
45.0	29.31573500452775	19.043495134466948	19.424760316798668	32.216009544206635	0.0
46.0	30.0872171372511	17.848068968739106	19.20322275767148	32.861491136338316	0.0
47.0	29.623799666494165	17.87993789891323	19.751236271634752	32.74502616295785	0.0
48.0	30.219594594594597	18.48907418056354	19.21686313973548	32.07446808510638	0.0
49.0	29.39064364478054	18.323101916413876	18.93842460140604	33.347829837399544	0.0
50.0	29.35385079905968	18.7008001380292	19.757586214333468	32.18776284857765	0.0
51.0	29.684242310955185	18.609357700547832	19.324341812012023	32.38205817648497	0.0
52.0	29.755806471326224	18.356393858674746	19.1670171578936	32.72078251210543	0.0
53.0	30.639954561141145	18.02420050615438	19.61743644311515	31.718408489589322	0.0
54.0	30.34185729641893	18.183256218610353	19.47748933156455	31.99739715340617	0.0
55.0	29.236969738370107	17.806076774010304	18.893654657170284	34.063298830449305	0.0
56.0	28.817617977528087	18.44530337078652	20.1438202247191	32.593258426966294	0.0
57.0	28.791174810239	18.08078011455775	19.488121734690576	33.63992334051267	0.0
58.0	29.54816764468991	17.900342308134853	19.064261880105857	33.48722816706938	0.0
59.0	29.55562108049019	17.711509694493987	20.299105344916864	32.43376388009896	0.0
60.0	29.309216440720633	18.612679348412385	19.654068826638856	32.42403538422813	0.0
61.0	29.919985615391532	17.735143396565675	19.34118493212263	33.00368605592017	0.0
62.0	28.900948332596098	18.169721685780765	19.931527293781713	32.99780268784142	0.0
63.0	29.092851131778264	17.806356947111755	20.041502132648585	33.0592897884614	0.0
64.0	28.659084860125024	18.36502010545473	19.553723645309567	33.42217138911068	0.0
65.0	29.67970506249438	17.897671072745254	20.46470641129395	31.95791745346642	0.0
66.0	30.033163558931857	17.975224447513813	20.270775782688766	31.72083621086556	0.0
67.0	29.35867923170995	17.607006690166173	19.09934537083663	33.93496870728725	0.0
68.0	29.48499814747535	17.954021417343228	20.065180090575865	32.495800344605556	0.0
69.0	29.816035224542066	17.644286803746926	19.541131271853462	32.99854669985755	0.0
70.0	28.61799030118141	18.289252154893298	19.689393176291137	33.403364367634154	0.0
71.0	29.743206003611956	17.505738111855408	20.511501406646858	32.23955447788578	0.0
72.0	29.600089220828746	17.977637230988407	19.98870349184421	32.43357005633863	0.0
73.0	29.894225580140315	17.67620075553157	19.28476344666307	33.14481021766505	0.0
74.0	29.321882667856347	18.106034985212954	20.382736214948228	32.18934613198247	0.0
75.0	30.612362380369863	17.78549327192919	19.195509822263798	32.40663452543714	0.0
76.0	28.975839674744098	18.262543400435355	19.409574181013546	33.352042743807004	0.0
77.0	29.233049810745076	18.090396212023087	20.878848063555115	31.797705913676726	0.0
78.0	30.11110951195291	18.118982167786875	18.460082612512775	33.30982570774744	0.0
79.0	29.66774372296865	17.7591951582841	19.120388028123404	33.452673090623854	0.0
80.0	30.69189360354655	18.05227704531061	19.722997869767976	31.532831481374863	0.0
81.0	29.904857177813444	18.44057891744453	19.49528244175921	32.15928146298282	0.0
82.0	29.912340045773178	17.920631036517783	18.192319318296317	33.97470959941272	0.0
83.0	29.97682519576232	18.309894633809304	19.852962344541687	31.860317825886685	0.0
84.0	30.852748328403113	18.057204960450267	18.734840469558584	32.355206241588036	0.0
85.0	29.585123764692334	17.244643101351013	18.940064635471774	34.23016849848488	0.0
86.0	30.675299249267624	17.48133965781575	19.946952084128093	31.896409008788535	0.0
87.0	29.45292002720824	18.612451728766956	19.943712053322393	31.99091619070241	0.0
88.0	29.718339259749794	17.738940155190534	18.841685501633965	33.70103508342571	0.0
89.0	29.73401957961417	18.219838756118627	20.060826374892024	31.985315289375183	0.0
90.0	30.100711241649392	18.332469477079012	19.647330684174154	31.919488597097445	0.0
91.0	29.98419800369313	18.13234081918413	19.37310349047741	32.510357686645335	0.0
92.0	28.879561702219565	18.70972851167378	20.31950813889029	32.09120164721636	0.0
93.0	29.97098548554314	18.57252908651077	19.44512440963023	32.01136101831587	0.0
94.0	29.834761321909426	17.49766001871985	19.217726258189934	33.44985240118079	0.0
95.0	30.305648558159625	18.04010512294344	20.326169132735718	31.328077186161213	0.0
96.0	29.981098450072906	18.663930442296266	19.388669870929416	31.966301236701412	0.0
97.0	29.683449507460107	18.302465579814506	19.245780286882884	32.768304625842504	0.0
98.0	28.7519218236351	17.756390176105658	21.177686322376687	32.31400167788255	0.0
99.0	29.516059340342792	18.781146478467523	19.11565605645974	32.58713812472994	0.0
100.0	29.441912000895076	18.4183837355768	19.56826950492834	32.57143475859978	0.0
101.0	29.631344239052986	18.369133172508327	20.426342991272772	31.57317959716591	0.0
102.0	30.043438218380388	17.7610825471185	19.354663263160184	32.84081597134093	0.0
103.0	29.35635393262512	17.329799533189362	19.602047568149263	33.711798966036255	0.0
104.0	30.04047254430103	18.04820243564501	19.459636840953838	32.451688179100124	0.0
105.0	30.191674011549445	18.231522895919657	19.389027659426624	32.18777543310427	0.0
106.0	28.998862760923	17.869327561539308	19.73513335045306	33.396676327084634	0.0
107.0	29.803145114694008	17.799376570993257	20.046149939460406	32.351328374852336	0.0
108.0	29.20494432284996	18.63016125519955	20.27002587317347	31.894868548777023	0.0
109.0	28.444176347158024	18.132463908636392	20.06128407909199	33.36207566511359	0.0
110.0	29.36805318533248	17.546411028833457	20.99217950049713	32.09335628533693	0.0
111.0	29.132570166600363	18.515654336777374	19.815813835898084	32.535961660724176	0.0
112.0	28.9173693588912	17.807003809822035	19.11807466058288	34.15755217070389	0.0
113.0	30.28882283663283	17.384704540781037	20.400800104686596	31.92567251789954	0.0
114.0	29.96204819728937	18.384498263667524	18.731764758826046	32.92168878021706	0.0
115.0	29.251874734263712	17.459015468203827	20.367534456355283	32.92157534117718	0.0
116.0	30.207228260664383	17.765226878890957	20.2603472555186	31.76719760492606	0.0
117.0	29.98454697643414	18.319407937097104	19.542772302727762	32.153272783740995	0.0
118.0	29.313096006990612	18.1037954485012	19.56042703544698	33.02268150906121	0.0
119.0	30.37149378684358	17.93146284490544	19.60697641629863	32.09006695195235	0.0
120.0	29.32268480483005	18.375972028506467	19.599915932669713	32.701427233993776	0.0
121.0	29.344806844260884	17.653932653147233	19.541621489078835	33.45963901351305	0.0
122.0	29.634453216542767	17.7951939145969	20.068383948980966	32.50196891987937	0.0
123.0	28.74088399705668	18.393426076102493	19.36156196185244	33.504127964988385	0.0
124.0	29.187102160075135	18.166428977239786	19.073900154981235	33.572568707703844	0.0
125.0	28.866063327361978	18.20642269424346	20.211478956796874	32.71603502159768	0.0
126.0	29.31443828621248	18.03773819902852	19.62884543529705	33.01897807946195	0.0
127.0	29.843453399264135	17.55329536843914	18.77114043104997	33.83211080124675	0.0
128.0	28.833954383201483	17.714223021554545	20.95230258646699	32.49952000877698	0.0
129.0	29.830507141818067	18.181067596629802	18.861240745910116	33.127184515642014	0.0
130.0	30.08166307180909	17.54040764501997	19.372010583471017	33.005918699699926	0.0
131.0	29.916314682106528	18.061949282584276	19.99628241026371	32.02545362504548	0.0
132.0	30.56130746955452	18.315284223888295	18.708001110714427	32.415407195842754	0.0
133.0	29.69796321127455	18.193827165406024	19.434044093949318	32.6741655293701	0.0
134.0	30.35069788239803	17.57521798843783	20.084879747037593	31.989204382126545	0.0
135.0	29.210219510338497	18.197042479797755	20.156169246116804	32.43656876374694	0.0
136.0	28.668797876832137	18.438184852323218	19.190140137121258	33.70287713372338	0.0
137.0	30.87646346386758	17.82276947920872	22.743237787646347	28.557529269277353	0.0
138.0	30.21961766505773	20.157489250122595	19.397601591913986	30.225291492905686	0.0
139.0	30.30438620397903	18.90871668042906	19.593311069439757	31.193586046152156	0.0
140.0	28.955177579401525	21.098090118331843	19.72292633546812	30.223805966798512	0.0
141.0	30.903714867250116	17.214689103574806	20.860345399519208	31.02125062965587	0.0
142.0	26.77259153066632	19.703174870503567	23.953451115866958	29.57078248296316	0.0
143.0	26.91729199375291	18.847585021819484	19.068046300989398	35.16707668343821	0.0
144.0	27.718617975577292	19.200433226129157	18.343488793167595	34.73746000512596	0.0
145.0	27.206126515025737	19.44794952681388	16.741656981570646	36.60426697658974	0.0
146.0	33.366693772023105	14.363336877879945	19.27858051333375	32.9913888367632	0.0
147.0	34.20921848413888	16.045165855219935	22.06742027325258	27.678195387388598	0.0
148.0	31.373021231577724	16.928065505244465	20.52500526811479	31.173907995063022	0.0
149.0	32.8895784941103	16.668349874677514	22.85459837126672	27.587473259945465	0.0
150.0	27.258273054478106	18.151797882377608	25.336338540028652	29.25359052311563	0.0
