#GC Content (%)	Sample
1.0	0.0
2.0	0.0
3.0	0.0
4.0	0.0
5.0	0.0
6.0	0.0
7.0	0.0
8.0	0.0
9.0	0.0
10.0	3.619346128928348E-6
11.0	0.0
12.0	0.0
13.0	3.619346128928348E-6
14.0	4.705149967606852E-5
15.0	4.705149967606853E-5
16.0	1.0858038386785043E-5
17.0	3.004057287010529E-4
18.0	3.0040572870105285E-4
19.0	4.343215354714018E-5
20.0	0.0035686752831233506
21.0	5.175664964367538E-4
22.0	0.0010858038386785045
23.0	0.010373046005508644
24.0	0.00124867441448028
25.0	0.016482502271139697
26.0	0.008266586558472346
27.0	0.0032320760931330147
28.0	0.03679065340055665
29.0	0.013156323178654544
30.0	0.007933606714610937
31.0	0.06944439417574821
32.0	0.017351145342082496
33.0	0.010608303503888986
34.0	0.07776165158002553
35.0	0.019989648670071265
36.0	0.03586772013767993
37.0	0.08317257404277342
38.0	0.021940476233563645
39.0	0.09705638579334258
40.0	0.032841946773895826
41.0	0.013489303022515954
42.0	0.10309345513639506
43.0	0.028115080729515407
44.0	0.009515260972952626
45.0	0.07733094939068307
46.0	0.020916201279076924
47.0	0.012805246604148494
48.0	0.0478658525550774
49.0	0.014792267628930158
50.0	0.02556706105474985
51.0	0.018009866337547458
52.0	0.00948992555005013
53.0	0.019989648670071265
54.0	0.0021064594470362984
55.0	0.005479690039197518
56.0	0.011440753113542508
57.0	9.98939531584224E-4
58.0	0.002283807407353787
59.0	0.003224837400875158
60.0	6.623403415938877E-4
61.0	9.663654164238689E-4
62.0	0.0012559131067381363
63.0	5.609986499838939E-4
64.0	4.4156022772925843E-4
65.0	3.257411516035513E-5
66.0	5.790953806285357E-5
67.0	7.238692257856696E-6
68.0	0.0
69.0	3.619346128928348E-6
70.0	0.0
71.0	0.0
72.0	0.0
73.0	0.0
74.0	0.0
75.0	7.238692257856696E-6
76.0	0.0
77.0	0.0
78.0	0.0
79.0	0.0
80.0	3.619346128928348E-6
81.0	0.0
82.0	0.0
83.0	0.0
84.0	0.0
85.0	0.0
86.0	0.0
87.0	0.0
88.0	0.0
89.0	0.0
90.0	0.0
91.0	0.0
92.0	0.0
93.0	0.0
94.0	0.0
95.0	0.0
96.0	0.0
97.0	0.0
98.0	0.0
99.0	0.0
100.0	3.981280741821182E-5
