#Position (bp)	mapping quality
38.0	59.99722523441985
113.0	59.99899324664444
188.0	59.989985256071435
263.0	59.956613149209254
338.0	59.997874016524136
413.0	59.99727869434096
488.0	59.99691702175674
563.0	59.99697058340518
638.0	59.997753866451475
713.0	59.9963078998928
788.0	59.999564269620684
863.0	59.999203039896436
938.0	59.99954991427491
1013.0	59.99783792506169
1088.0	59.99751330548131
1163.0	59.99828722964261
1238.0	59.99823062390484
1313.0	59.997632035290145
1388.0	60.0
1463.0	60.0
1538.0	60.0
1613.0	59.99915277327806
1688.0	59.998987771140726
1763.0	59.999646601155185
1838.0	59.998973912696556
1913.0	59.945303450164126
1988.0	59.98944640321737
2063.0	59.998516540572616
2138.0	59.999053168805375
2213.0	59.991414014787765
2288.0	59.99032467532467
2363.0	59.999160016799664
2438.0	60.0
2513.0	59.99735011593243
2588.0	59.999177013632945
2663.0	60.0
2738.0	59.99606238418777
2813.0	59.99679525698033
2888.0	59.99807506007574
2963.0	59.999588953293944
3038.0	59.94720508576587
3113.0	59.997482155819014
3188.0	59.999274166120564
3263.0	59.99949068289238
3338.0	59.999810586586285
3413.0	59.999775886822846
3488.0	59.999396850217806
3563.0	60.0
3638.0	60.0
3713.0	60.0
3788.0	59.99970175707688
3863.0	59.99914272844834
3938.0	59.99821107402884
4013.0	59.998738993134516
4088.0	59.99942881255959
4163.0	59.99846081325153
4238.0	59.99917975812492
4313.0	59.99101811681648
4388.0	59.99866548467876
4463.0	59.99949485222121
4538.0	59.999705465372344
4613.0	59.999017230544005
4688.0	59.99855974124498
4763.0	59.99911751238397
4838.0	59.99944590097959
4913.0	59.99943294232568
4988.0	59.99910446441075
5063.0	60.0
5138.0	60.0
5213.0	60.0
5288.0	59.997354888440704
5363.0	59.99869231498152
5438.0	59.99964804533176
5513.0	59.9992044256138
5588.0	59.99842764775341
5663.0	59.999725871332096
5738.0	59.98526333715292
5813.0	59.99790691314168
5888.0	59.999322580081234
5963.0	59.99921847836142
6038.0	60.0
6113.0	60.0
6188.0	59.98851834155627
6263.0	59.99932714424385
6338.0	59.99832205061228
6413.0	59.99606801099083
6488.0	59.99920285764161
6563.0	59.99788475344031
6638.0	59.99988243938281
6713.0	59.9985188396373
6788.0	59.99820549630845
6863.0	59.997641380066916
6938.0	60.0
7013.0	60.0
7088.0	60.0
7163.0	60.0
7238.0	60.0
7313.0	59.99937957562973
7388.0	59.9997564387165
7463.0	59.99997441424615
7538.0	59.998542321483185
7613.0	59.99942683487471
7688.0	59.9993467476881
7763.0	59.999285269402385
7838.0	59.997881578119426
7913.0	59.99813700561416
7988.0	59.999222633868136
8063.0	59.999689469070724
8138.0	59.999040715972214
8213.0	59.999281565105
8288.0	59.99934463379913
8363.0	59.99821249022455
8438.0	59.998817887057555
8513.0	60.0
8588.0	59.99784645202972
8663.0	59.99921937206289
8738.0	59.99769421439963
8813.0	59.9993260640412
8888.0	59.999085542652374
8963.0	59.99710373345042
9038.0	59.99608176621923
9113.0	59.997466357099384
9188.0	59.998255729223594
9263.0	59.997010463378174
9338.0	59.99927253202158
9413.0	59.99858669350522
9488.0	59.99968992066077
9563.0	59.99799516114032
9638.0	59.9988503177594
9713.0	59.99865690263086
9788.0	59.99718063432402
9863.0	59.99747661923683
9938.0	59.99952627803419
10013.0	60.0
10088.0	59.99842343800046
10163.0	59.99438043806364
10238.0	59.995454641867454
10313.0	59.997189870643815
10388.0	59.999324871333826
10463.0	59.999164962463205
10538.0	59.99954688744037
10613.0	59.996475100107155
10688.0	59.998879584728414
10763.0	59.99899354538196
10838.0	59.99965078264981
10913.0	59.998688726350615
10988.0	59.99873727718165
11063.0	59.996472557796636
11138.0	59.99532123834672
11213.0	59.99552671994585
11288.0	59.99774427560677
11363.0	59.99475097467942
11438.0	59.999718739276936
11513.0	59.99908115924565
11588.0	59.998827310632386
11663.0	59.999386814501335
11738.0	59.999321401306304
11813.0	59.9990581003371
11888.0	59.99838437700612
11963.0	59.99937533928744
12038.0	59.99924375749134
12113.0	59.99870063198997
12188.0	59.99919860431088
12263.0	59.9975299730086
12338.0	59.99848578006204
12413.0	59.99916028130576
12488.0	59.99879025263435
12563.0	59.99927186661441
12638.0	59.99939112688475
12713.0	59.998270694386704
12788.0	59.99781533333362
12863.0	59.99917539415666
12938.0	59.99887005883131
13013.0	59.9927699990518
13088.0	59.99925141602102
13163.0	59.99916919375377
13238.0	59.99811285206602
13313.0	59.99573628234897
13388.0	59.99550576309701
13463.0	59.99925287420409
13538.0	59.998884190744654
13613.0	59.999171236983685
13688.0	59.998846348865854
13763.0	59.99529710361302
13838.0	59.99807977796424
13913.0	59.99843471095327
13988.0	59.995591832524795
14063.0	59.99926720913546
14138.0	59.99869630383756
14213.0	59.9982887180701
14288.0	59.99960609950339
14363.0	59.98641174311464
14438.0	59.95475463161849
14513.0	59.99968506407317
14588.0	59.99843734449999
14663.0	59.99907318738207
14738.0	59.999414450909626
14813.0	59.999246725551444
14888.0	59.99798948316585
14963.0	60.0
15038.0	59.99919133106906
15113.0	59.9992486851991
15188.0	59.999868075793096
15263.0	59.99932908668878
15338.0	59.99756123188205
15413.0	59.999065038712075
15488.0	59.9994204998189
15563.0	59.99847968491725
15638.0	59.99852737266075
15713.0	59.99917002237603
15788.0	59.999075558235866
15863.0	59.99870265863166
15938.0	59.951052440974095
16013.0	59.99691614143739
16088.0	59.99916179459777
16163.0	59.999078001214826
16238.0	59.999253348266365
16313.0	60.0
16388.0	60.0
16463.0	60.0
16538.0	60.0
16613.0	59.993152025044026
16688.0	60.0
16763.0	59.999316915839806
16838.0	59.99876189378765
16913.0	59.99861803677396
16988.0	59.997617762291526
17063.0	59.99736486673085
17138.0	59.997739146154075
17213.0	59.99911133661772
17288.0	59.999141902205984
17363.0	59.99804043485039
17438.0	59.99681889879667
17513.0	59.99964904118869
17588.0	59.999151838112454
17663.0	59.997051730938935
17738.0	59.997953170282166
17813.0	59.99885096874127
17888.0	59.999376436754865
17963.0	59.999101799069784
18038.0	59.99769418533694
18113.0	59.99650569297212
18188.0	59.999333874148384
18263.0	59.99935153627483
18338.0	59.99432549950965
18413.0	59.9992223474449
18488.0	59.99790280185672
18563.0	59.99848038621323
18638.0	59.99687912509959
18713.0	59.998872187536904
18788.0	59.998572233546554
18863.0	59.90378616563216
18938.0	59.9985386875782
19013.0	59.99951925410425
19088.0	59.99930528981568
19163.0	59.999017697772906
19238.0	59.99561665741572
19313.0	59.998877266518214
19388.0	60.0
19463.0	60.0
19538.0	60.0
19613.0	60.0
19688.0	59.9987458942968
19763.0	59.99659059281937
19838.0	60.0
19913.0	59.99939722724533
19988.0	59.99740066839956
20063.0	60.0
20138.0	60.0
20213.0	60.0
20288.0	60.0
20363.0	60.0
20438.0	60.0
20513.0	59.999606856592884
20588.0	59.99880413590006
20663.0	59.99840774472963
20738.0	59.99921796699651
20813.0	59.99845879727732
20888.0	59.99950201226163
20963.0	59.998919326232986
21038.0	59.99928345255156
21113.0	59.99947964116853
21188.0	59.99966347591983
21263.0	60.0
21338.0	60.0
21413.0	60.0
21488.0	60.0
21563.0	60.0
21638.0	59.99433677321923
21713.0	59.99933322709698
21788.0	59.997447573951035
21863.0	59.99911411039748
21938.0	59.9993289409468
22013.0	59.99806804455993
22088.0	59.99958724017693
22163.0	59.99978308881527
22238.0	59.9951499484922
22313.0	59.99454001660776
22388.0	60.0
22463.0	59.962805526036135
22538.0	59.99950133622526
22613.0	59.99901205384532
22688.0	59.999141163349
22763.0	59.999593390878864
22838.0	59.99908352264499
22913.0	59.99845457178211
22988.0	59.99873828949277
23063.0	59.97794011206479
23138.0	59.998398714698816
23213.0	59.99819877833561
23288.0	59.99897276151552
23363.0	59.97025321072531
23438.0	59.948500336018945
23513.0	59.99621699947295
23588.0	59.99967434371212
23663.0	59.99950656775335
23738.0	59.999324032013845
23813.0	59.998068766227725
23888.0	59.99791325695581
23963.0	59.999162506749535
24038.0	59.99767489371638
24113.0	59.99955478672245
24188.0	59.998710305293685
24263.0	59.9993055605017
24338.0	59.99529468021518
24413.0	59.99870692371124
24488.0	59.99570573525192
24563.0	59.99837622721556
24638.0	59.9991345026677
24713.0	59.99331795371104
24788.0	59.99225828536425
24863.0	59.99885151928898
24938.0	59.996261240286934
25013.0	59.99874993954321
25088.0	59.99902445803967
25163.0	59.999973815722534
25238.0	59.998819986667385
25313.0	59.99951136754542
25388.0	59.999681970932144
25463.0	59.996503556404875
25538.0	59.97023723939612
25613.0	59.99689465103641
25688.0	59.98902512608582
25763.0	59.998881463848335
25838.0	59.999197799679116
25913.0	59.998978810314014
25988.0	59.999185515381654
26063.0	59.93441673781415
26138.0	60.0
26213.0	59.99963158746728
26288.0	59.99956031366981
26363.0	59.99986327268613
26438.0	59.99879549796355
26513.0	59.99947468886665
26588.0	59.998879310549945
26663.0	59.99849652988443
26738.0	59.97210084329674
26813.0	59.9915779216891
26888.0	59.99790298630835
26963.0	59.999300584067235
27038.0	59.999072965198394
27113.0	59.99135865146679
27188.0	59.99817072201251
27263.0	59.99754503449353
27338.0	59.99858403537266
27413.0	59.99374649026259
27488.0	59.999195555703466
27563.0	60.0
27638.0	60.0
27713.0	60.0
27788.0	60.0
27863.0	60.0
27938.0	60.0
28013.0	59.99569680949161
28088.0	59.99511015986222
28163.0	59.99870666917906
28238.0	59.9994610355103
28313.0	59.998284180434425
28388.0	59.98516040283777
28463.0	59.998115396672155
28538.0	59.99850950747917
28613.0	59.99943710929948
28688.0	59.99775821639473
28763.0	59.99951726143828
28838.0	59.911895982922566
28913.0	59.999775734469615
28988.0	59.99798064377933
29063.0	59.99843030453458
29138.0	59.9916988517119
29213.0	59.99784485847081
29288.0	59.9985524378744
29363.0	59.9987040741825
29438.0	60.0
29513.0	60.0
29588.0	60.0
29663.0	60.0
29738.0	60.0
29813.0	60.0
29877.0	60.0
