#Position (bp)	mapping quality
38.0	58.9464123524069
113.0	57.44386873920553
188.0	57.902129933582714
263.0	58.00481295121418
338.0	58.01699716713881
413.0	58.2544473701111
488.0	58.32878581173261
563.0	58.473846832928714
638.0	58.239450066832156
713.0	57.99155743168185
788.0	58.28603296567109
863.0	58.37469416288011
938.0	58.15001005429318
1013.0	58.108333333333334
1088.0	58.42705692555889
1163.0	58.4890915011397
1238.0	58.289295809266314
1313.0	57.62297962052003
1388.0	56.979039591882
1463.0	57.07443365695793
1538.0	56.000587285273824
1613.0	57.116675546084174
1688.0	58.2624091052798
1763.0	58.50205761316872
1838.0	58.290871140033154
1913.0	58.17887494941319
1988.0	58.10517586897934
2063.0	58.39173090399439
2138.0	58.355086715537276
2213.0	57.92493425770978
2288.0	57.16155007549069
2363.0	56.83904867256637
2438.0	57.60683760683761
2513.0	57.41022099447514
2588.0	55.735983498968686
2663.0	56.16368286445013
2738.0	56.549066113252294
2813.0	56.516784724360946
2888.0	57.57647565704438
2963.0	58.33963340703231
3038.0	58.41503154683492
3113.0	58.00281046899701
3188.0	57.66314481044127
3263.0	58.15527646387213
3338.0	58.298419420706345
3413.0	58.09651026882618
3488.0	57.59203767123287
3563.0	57.540879167551495
3638.0	57.33582750812248
3713.0	56.915097530725
3788.0	57.32197614991482
3863.0	57.94026588963759
3938.0	58.437392913439794
4013.0	58.48629320619786
4088.0	58.49210052663156
4163.0	58.45270148985819
4238.0	58.41211774792798
4313.0	58.304750154225786
4388.0	58.38902567710166
4463.0	58.45302013422819
4538.0	58.2581255916693
4613.0	57.766323024054984
4688.0	57.861145703611456
4763.0	58.24893699265559
4838.0	58.266507207150504
4913.0	58.09885406599475
4988.0	57.98445063811061
5063.0	57.73557101923864
5138.0	57.92803781064187
5213.0	57.81011335316344
5288.0	57.6668960770819
5363.0	58.25820065221561
5438.0	58.51403233655978
5513.0	58.35694725562567
5588.0	57.595481441635286
5663.0	55.61469557315332
5738.0	56.224674682918796
5813.0	56.14860335195531
5888.0	55.43065103113627
5963.0	52.51497005988024
6038.0	53.95648670427075
6113.0	54.44499259990133
6188.0	55.82778643251664
6263.0	58.38864241348713
6338.0	58.48434377081946
6413.0	58.473307833028436
6488.0	58.34622823984526
6563.0	58.245172652368076
6638.0	58.48692810457516
6713.0	58.467754970098596
6788.0	58.20380650277558
6863.0	55.68138195777351
6938.0	48.12142542894853
7013.0	52.07978879436785
7088.0	55.0354609929078
7163.0	55.69732467943644
7238.0	56.70616686819831
7313.0	57.63680724991286
7388.0	58.164374371016436
7463.0	58.27979530180652
7538.0	58.365276876806035
7613.0	58.12148782445812
7688.0	57.985304922850844
7763.0	58.25688649055657
7838.0	58.31279736488959
7913.0	57.97300255381248
7988.0	58.11033519553072
8063.0	58.366510538641684
8138.0	58.43617202107768
8213.0	58.20952623860231
8288.0	58.00205821817113
8363.0	57.14930733709595
8438.0	57.40059689997112
8513.0	57.405069254687646
8588.0	57.31707317073171
8663.0	57.74507358443502
8738.0	58.1894350985141
8813.0	58.34955564959797
8888.0	58.17937159389087
8963.0	58.257468906270034
9038.0	58.445942182365066
9113.0	58.524513131102175
9188.0	58.24301711932038
9263.0	57.5581084691424
9338.0	57.7027027027027
9413.0	57.7309301577084
9488.0	57.90969516387806
9563.0	58.195192433994485
9638.0	57.422721798474505
9713.0	57.01216603053435
9788.0	55.62588152327221
9863.0	55.18357906909512
9938.0	56.303527845573555
10013.0	56.815523999228944
10088.0	56.74656188605108
10163.0	56.60462570138223
10238.0	56.70373312152502
10313.0	56.562090601944426
10388.0	55.99386404004521
10463.0	55.849752662027335
10538.0	56.56619144602851
10613.0	56.59206856676417
10688.0	56.76149649259548
10763.0	56.90499752597724
10838.0	57.151628858945934
10913.0	57.02256173387813
10988.0	56.630309599620624
11063.0	56.58150931068278
11138.0	57.204289002413965
11213.0	57.198926534719895
11288.0	56.9146485712507
11363.0	57.239761861807686
11438.0	57.478126038320966
11513.0	57.41100323624595
11588.0	57.36549809094065
11663.0	57.04198228270638
11738.0	56.30919446704638
11813.0	56.17911450894732
11888.0	56.40727156753309
11963.0	57.11975935326189
12038.0	57.603605470368834
12113.0	57.58929976396538
12188.0	58.216672529018645
12263.0	58.222153273347814
12338.0	58.28672880603639
12413.0	58.17353787152445
12488.0	58.3242687049831
12563.0	58.42848373235113
12638.0	58.40681786167066
12713.0	58.31566634987938
12788.0	58.234763251308586
12863.0	57.813075264292856
12938.0	58.614373208967805
13013.0	58.53686858912328
13088.0	58.645887445887446
13163.0	58.82699436347941
13238.0	58.76525557881836
13313.0	54.42773925104022
13388.0	52.54096307060179
13463.0	52.97914504104936
13538.0	52.26929052304506
13613.0	51.81413252680781
13688.0	52.215725174898196
13763.0	53.04948001678869
13838.0	53.02984934967718
13913.0	54.49473860030065
13988.0	58.46848060344828
14063.0	58.61505427651199
14138.0	58.61554720526068
14213.0	58.50029599421167
14288.0	58.56549232158988
14363.0	58.77081892193902
14438.0	57.00743294193688
14513.0	58.20299500831947
14588.0	58.22678488100793
14663.0	58.4970285641255
14738.0	58.69906917117218
14813.0	58.569909289959334
14888.0	57.62754303599374
14963.0	54.11148913896886
15038.0	56.43479638726034
15113.0	56.19704102219233
15188.0	57.2723966541399
15263.0	58.234476367006486
15338.0	58.466116596780736
15413.0	58.437953180029005
15488.0	58.392971019627296
15563.0	58.38257947066237
15638.0	58.68087492989344
15713.0	58.6882749619317
15788.0	58.398835516739446
15863.0	58.16203143893591
15938.0	58.62665489849956
16013.0	58.8579838116262
16088.0	58.71136896128528
16163.0	58.60925959286615
16238.0	58.4646383235946
16313.0	58.54191081231111
16388.0	58.3974358974359
16463.0	57.48282903285688
16538.0	55.34819897084048
16613.0	54.763382467028705
16688.0	55.02212389380531
16763.0	55.360027496133355
16838.0	56.78809886376948
16913.0	57.68726906281491
16988.0	57.66487041313831
17063.0	57.720569857535615
17138.0	57.80536912751678
17213.0	57.87772473687237
17288.0	58.31843137254902
17363.0	58.106118603144694
17438.0	57.96998219282625
17513.0	58.16583484573503
17588.0	58.24274490941158
17663.0	58.142725386211666
17738.0	58.064044807013275
17813.0	58.07639097744361
17888.0	58.12366989832112
17963.0	58.132033008252066
18038.0	58.22574410514109
18113.0	58.45002251238181
18188.0	58.501040943789036
18263.0	58.36215727628804
18338.0	58.29965592743197
18413.0	58.36466832210004
18488.0	58.16515797465397
18563.0	55.95579096045198
18638.0	55.64199160167966
18713.0	53.96119514672083
18788.0	54.51923076923077
18863.0	54.14006817477533
18938.0	53.75395372065923
19013.0	53.110975609756096
19088.0	54.34203158248404
19163.0	55.42263185439321
19238.0	56.096035035583014
19313.0	37.901785714285715
19388.0	0.0
19463.0	0.0
19538.0	24.943342776203966
19613.0	52.29092041738047
19688.0	53.95688710266715
19763.0	54.726325858220854
19838.0	54.94986326344576
19913.0	51.85524807597839
19988.0	44.39962180901355
20063.0	43.90196710738471
20138.0	41.22587968217934
20213.0	35.56762092793682
20288.0	24.20824295010846
20363.0	35.782778864970645
20438.0	24.156408399710354
20513.0	52.777615855435734
20588.0	56.03112840466926
20663.0	56.39427249059879
20738.0	56.23360964581764
20813.0	56.44071443942328
20888.0	56.896807720861176
20963.0	57.31237213308926
21038.0	57.219340806424626
21113.0	55.80440841145174
21188.0	32.921225382932164
21263.0	23.68305209097579
21338.0	35.55555555555556
21413.0	37.125693160813306
21488.0	32.5609756097561
21563.0	43.41789052069426
21638.0	52.14409937888199
21713.0	56.890315052508754
21788.0	57.90113770105924
21863.0	58.01107057491508
21938.0	57.56509821836455
22013.0	56.785069235400364
22088.0	57.33978702807357
22163.0	57.55763688760807
22238.0	57.374778649127244
22313.0	54.24163328595426
22388.0	45.70642092035187
22463.0	47.035911901920365
22538.0	47.00466833134296
22613.0	47.287242535526104
22688.0	46.333333333333336
22763.0	45.508443688494715
22838.0	46.18213356461405
22913.0	46.691955818364384
22988.0	47.61801242236025
23063.0	47.529424018331426
23138.0	46.977175930981765
23213.0	46.33523741520885
23288.0	46.915168259432036
23363.0	47.72857859455515
23438.0	48.56707317073171
23513.0	42.510710150521035
23588.0	31.459407107966985
23663.0	31.179801071155318
23738.0	30.264811133200794
23813.0	34.802671523983
23888.0	41.130228568545334
23963.0	42.83866825644318
24038.0	43.28787946528368
24113.0	43.621239512353405
24188.0	43.070179663792686
24263.0	47.341901022644265
24338.0	49.75941510624868
24413.0	58.702524866105584
24488.0	59.568663594470046
24563.0	59.63927005234121
24638.0	59.66905471375135
24713.0	59.64560973852914
24788.0	59.63601812600497
24863.0	59.68506924682224
24938.0	59.67614935229871
25013.0	59.679452054794524
25088.0	59.6530506338498
25163.0	59.70413853830349
25238.0	59.68701095461659
25313.0	59.70428408947302
25388.0	59.871825302634704
25463.0	59.95337995337995
25538.0	59.933370349805664
25613.0	59.95918089665964
25688.0	58.97389123247064
25763.0	59.10414746543779
25838.0	59.14458051544507
25913.0	59.12643678160919
25988.0	59.38515472257804
26063.0	59.45747386267307
26138.0	59.423236285288105
26213.0	59.50861518825782
26288.0	59.462666134276425
26363.0	59.13351185921959
26438.0	58.152753108348136
26513.0	58.38761345435131
26588.0	59.23296888141295
26663.0	59.45546218487395
26738.0	59.4492123845736
26813.0	59.38493479530267
26888.0	59.321125502456454
26963.0	59.36974789915966
27038.0	59.41039842772914
27113.0	59.37261286081022
27188.0	58.41549295774648
27263.0	59.42639985749065
27338.0	59.46831183398766
27413.0	59.34273532305674
27488.0	59.044585987261144
27563.0	49.11660777385159
27638.0	47.32394366197183
27713.0	44.97576736672052
27788.0	56.359223300970875
27863.0	58.99462535567499
27938.0	59.29259010521603
28013.0	59.305290927744394
28088.0	59.0603889457523
28163.0	59.019316493313525
28238.0	59.202988792029885
28313.0	59.300278383868786
28388.0	59.36706225275869
28463.0	59.29105046500991
28538.0	59.29470650690126
28613.0	59.271366378981135
28688.0	59.274401185924944
28763.0	56.64227292294447
28838.0	49.997812294902644
28913.0	51.85372918175236
28988.0	56.212016095462744
29063.0	59.94629578628477
29138.0	59.94919272891498
29213.0	59.950669485553206
29288.0	59.96794229613304
29363.0	59.993231046931406
29438.0	59.96761424973012
29513.0	59.94499738082766
29588.0	59.97481319788431
29663.0	59.99007936507937
29738.0	59.99474099395214
29813.0	59.98552647449041
29877.0	34.30738916256158
