#Position (bp)	mapping quality
38.0	59.99960119322986
113.0	59.99893540844196
188.0	59.988867623312366
263.0	59.94744281505512
338.0	59.99746593911347
413.0	59.99653628997478
488.0	59.9951912638441
563.0	59.99701009977188
638.0	59.997386228970775
713.0	59.994943593537215
788.0	59.99905085489994
863.0	59.996422041018036
938.0	59.99836963554022
1013.0	59.998927550311976
1088.0	59.99818686306254
1163.0	59.99248695922975
1238.0	59.997054094638536
1313.0	59.996719593469756
1388.0	59.99843580107968
1463.0	59.99940377735893
1538.0	59.99860101182633
1613.0	59.998848851485874
1688.0	59.99706863848908
1763.0	59.99845467324547
1838.0	59.99697786247041
1913.0	59.99556125002062
1988.0	59.997600429807
2063.0	59.99708272966137
2138.0	59.995943303266884
2213.0	59.99764777825542
2288.0	59.99600139082058
2363.0	59.99640911342249
2438.0	59.99957330602492
2513.0	59.99512469831054
2588.0	59.99943689370089
2663.0	59.99825134333889
2738.0	59.997648153069356
2813.0	59.996489023288696
2888.0	59.99802577304924
2963.0	59.998619450839506
3038.0	59.94451044796981
3113.0	59.99795680572423
3188.0	59.998662239089185
3263.0	59.99694275450363
3338.0	59.998173335725824
3413.0	59.99858761763909
3488.0	59.99884599542659
3563.0	60.0
3638.0	60.0
3713.0	59.99923844337827
3788.0	59.99918168094022
3863.0	59.99861504715244
3938.0	59.99901270863386
4013.0	59.99899560008035
4088.0	59.99925044738463
4163.0	59.99857380162938
4238.0	59.99825958106015
4313.0	59.99885929673164
4388.0	59.99820169414504
4463.0	59.9978612351913
4538.0	59.99846586960212
4613.0	59.998959921917894
4688.0	59.97307978209113
4763.0	59.99771568572333
4838.0	59.998874810136705
4913.0	59.9989839378671
4988.0	59.998144616690944
5063.0	59.999376631472316
5138.0	59.99768533827128
5213.0	59.98238292214507
5288.0	59.99681493581088
5363.0	59.99749083017844
5438.0	59.998662451703545
5513.0	59.99927198385884
5588.0	59.99872526478764
5663.0	59.99893152977005
5738.0	59.9840212058179
5813.0	59.998659929906076
5888.0	59.99840193372489
5963.0	59.998698916809055
6038.0	60.0
6113.0	60.0
6188.0	59.976194736091834
6263.0	59.99848465633662
6338.0	59.99848437309234
6413.0	59.99751025706437
6488.0	59.99879927222821
6563.0	59.99893395794389
6638.0	59.9992180125807
6713.0	59.99850341105662
6788.0	59.99781917966494
6863.0	59.99818672474198
6938.0	60.0
7013.0	60.0
7088.0	59.996736089524404
7163.0	60.0
7238.0	59.99560954192887
7313.0	59.97766446087972
7388.0	59.99859554870753
7463.0	59.99801910937274
7538.0	59.999082129721295
7613.0	59.998426459148575
7688.0	59.99861743592948
7763.0	59.9991750795459
7838.0	59.997863450418194
7913.0	59.99673364756471
7988.0	59.998618209742425
8063.0	59.99938624250931
8138.0	59.997542105718935
8213.0	59.99808689936856
8288.0	59.9994278962006
8363.0	59.999821111790226
8438.0	59.998360924438614
8513.0	59.9984889042397
8588.0	59.996944294654966
8663.0	59.998197430925636
8738.0	59.998659341767045
8813.0	59.99691258236529
8888.0	59.99791397320685
8963.0	59.999108845627106
9038.0	59.996303815757514
9113.0	59.99788936285959
9188.0	59.99799235842777
9263.0	59.99764506960783
9338.0	59.99960792914484
9413.0	59.99932496075353
9488.0	59.99933717371764
9563.0	59.99738841930359
9638.0	59.99827279155846
9713.0	59.99899025474661
9788.0	59.99701391318777
9863.0	59.99765439021334
9938.0	59.99912718395792
10013.0	59.9880054825159
10088.0	59.99536223012708
10163.0	59.975776764179926
10238.0	59.99880813138257
10313.0	59.99876145797428
10388.0	59.99912303537975
10463.0	59.99815667558015
10538.0	59.999653383109234
10613.0	59.998649857343416
10688.0	59.99852079273586
10763.0	59.997697367083596
10838.0	59.99878094005697
10913.0	59.9980671498792
10988.0	59.99834079611817
11063.0	59.99610845295056
11138.0	59.9985206675502
11213.0	59.99818839040517
11288.0	59.998399653374705
11363.0	59.999163587704885
11438.0	59.99899127962603
11513.0	59.996618034131686
11588.0	59.99560977891057
11663.0	59.998733719639034
11738.0	59.99840936354659
11813.0	59.997990429833884
11888.0	59.9985111810728
11963.0	59.99873048686033
12038.0	59.99694116181148
12113.0	59.995908883611136
12188.0	59.99954069827946
12263.0	59.99827999627191
12338.0	59.999284769783095
12413.0	59.998697736664
12488.0	59.99858330660327
12563.0	59.99865245808401
12638.0	59.998728784844495
12713.0	59.99690371609024
12788.0	59.99867765471082
12863.0	59.990968577174996
12938.0	59.99603144497503
13013.0	59.99789311427919
13088.0	59.998271189208296
13163.0	59.99866005061825
13238.0	59.998090853673276
13313.0	59.997282411685575
13388.0	59.99214306392654
13463.0	59.997849883442996
13538.0	59.99732140209609
13613.0	59.99825190880791
13688.0	59.998357774298626
13763.0	59.994829011871715
13838.0	59.99802956406389
13913.0	59.9965779200578
13988.0	59.99661941323761
14063.0	59.99872754924881
14138.0	59.99896109922405
14213.0	59.99686845509618
14288.0	59.999231129452774
14363.0	59.986824465354786
14438.0	59.95281851321494
14513.0	59.999202102628146
14588.0	59.99765976901894
14663.0	59.99829182682911
14738.0	59.99922858500225
14813.0	59.99913128719462
14888.0	59.99590971457172
14963.0	59.99766052814095
15038.0	59.9964896572074
15113.0	59.99976162534839
15188.0	59.99946846360262
15263.0	59.999064106254366
15338.0	59.99742457585409
15413.0	59.99781570290205
15488.0	59.99822290551524
15563.0	59.99821739796211
15638.0	59.99877272136739
15713.0	59.99828068000254
15788.0	59.99748502517569
15863.0	59.99838131350821
15938.0	59.99877187705455
16013.0	59.99757263872997
16088.0	59.99905146258146
16163.0	59.9991887694634
16238.0	59.99952898111887
16313.0	59.99706857851184
16388.0	59.996745228242915
16463.0	59.99865067294828
16538.0	59.99578338654298
16613.0	60.0
16688.0	60.0
16763.0	59.999293652462256
16838.0	59.996958116276666
16913.0	59.99863418319599
16988.0	59.9992700248274
17063.0	59.99757815416862
17138.0	59.99759355477391
17213.0	59.99931236458306
17288.0	59.99820988031572
17363.0	59.99869201164968
17438.0	59.997591356549066
17513.0	59.994126130627585
17588.0	59.99320340158837
17663.0	59.99846980413493
17738.0	59.99927218174661
17813.0	59.998865981719625
17888.0	59.99959068088981
17963.0	59.99882127295707
18038.0	59.99798765912502
18113.0	59.99835653600565
18188.0	59.99917640063154
18263.0	59.99971374583811
18338.0	59.99884174519043
18413.0	59.99865206460097
18488.0	59.99915910820015
18563.0	59.99934982685454
18638.0	59.997094559466326
18713.0	59.99747612464647
18788.0	59.99862287419482
18863.0	59.89823190387809
18938.0	59.99833839686741
19013.0	59.9974054155094
19088.0	59.99908305291477
19163.0	59.9967175758891
19238.0	59.997803792754425
19313.0	59.99620663602594
19388.0	60.0
19463.0	60.0
19538.0	59.99829561594546
19613.0	59.99977495664606
19688.0	60.0
19763.0	60.0
19838.0	59.99842073202831
19913.0	59.997532624845604
19988.0	59.99581105837735
20063.0	59.99876530377622
20138.0	59.999590379541466
20213.0	59.99880107353415
20288.0	59.99940467045629
20363.0	59.99980665950591
20438.0	59.991849840415114
20513.0	59.98786499810391
20588.0	59.999708926395805
20663.0	59.998580664921136
20738.0	59.999525777782985
20813.0	59.998424127468034
20888.0	59.99913319299315
20963.0	59.99818797082746
21038.0	59.998341546770824
21113.0	59.998298952792815
21188.0	59.99899702690117
21263.0	60.0
21338.0	60.0
21413.0	60.0
21488.0	60.0
21563.0	60.0
21638.0	59.995728321230246
21713.0	59.99763606530022
21788.0	59.99844625591859
21863.0	59.9984499110304
21938.0	59.99894994242088
22013.0	59.99824312798735
22088.0	59.999392004863964
22163.0	59.998951546110426
22238.0	59.99828051115714
22313.0	59.99912777080832
22388.0	60.0
22463.0	59.97774244833068
22538.0	59.99696275096749
22613.0	59.99521366682212
22688.0	59.9982290881688
22763.0	59.999330861145445
22838.0	59.99873781166401
22913.0	59.99797813770482
22988.0	59.998219267887364
23063.0	59.99906996427482
23138.0	59.99752813690618
23213.0	59.99807372670764
23288.0	59.99847765409313
23363.0	59.96695792706726
23438.0	59.95073775966644
23513.0	59.99353724790165
23588.0	59.999286790213624
23663.0	59.998115659519165
23738.0	59.99949944784453
23813.0	59.99788776808739
23888.0	59.9984219101988
23963.0	59.99866044133178
24038.0	59.99475622758554
24113.0	59.9971533338714
24188.0	59.997952904355834
24263.0	59.998848322332236
24338.0	59.99877737759174
24413.0	59.99894442412048
24488.0	59.998745056282324
24563.0	59.99842680304248
24638.0	59.99802003196708
24713.0	59.996407887487116
24788.0	59.99787298693406
24863.0	59.99781101414736
24938.0	59.998853342918764
25013.0	59.99845056214921
25088.0	59.99838302100826
25163.0	59.99884188049654
25238.0	59.998089018036296
25313.0	59.99802978001551
25388.0	59.99900012253401
25463.0	59.99665984587601
25538.0	59.970696627078794
25613.0	59.993835499586126
25688.0	59.988607953069156
25763.0	59.998063375135196
25838.0	59.99877795289979
25913.0	59.999328832563464
25988.0	59.99878986947878
26063.0	59.998397217745655
26138.0	59.594988443542476
26213.0	59.98179256215761
26288.0	59.99802814410353
26363.0	59.99906312321067
26438.0	59.99899346138022
26513.0	59.9991195982392
26588.0	59.99788355237453
26663.0	59.99666962972673
26738.0	59.96575185993576
26813.0	59.9954723756128
26888.0	59.995964904193364
26963.0	59.997920101403224
27038.0	59.99873469225731
27113.0	59.998144560903846
27188.0	59.997718679242546
27263.0	59.999321679533224
27338.0	59.99889736691219
27413.0	59.99868150465901
27488.0	59.99911189551712
27563.0	60.0
27638.0	60.0
27713.0	60.0
27788.0	60.0
27863.0	60.0
27938.0	60.0
28013.0	59.9988965604212
28088.0	59.99288168231252
28163.0	59.998740075852055
28238.0	59.998208541262834
28313.0	59.99702853672337
28388.0	59.997272289097445
28463.0	59.99779538727183
28538.0	59.99805855012857
28613.0	59.99245200332545
28688.0	59.86617462327402
28763.0	59.99858211138129
28838.0	59.94724961387668
28913.0	59.99978363264151
28988.0	59.99731063141021
29063.0	59.997932026734034
29138.0	59.9977730270299
29213.0	59.9966951470295
29288.0	59.99792239496948
29363.0	59.99845540596783
29438.0	60.0
29513.0	59.99729854893486
29588.0	60.0
29663.0	59.998198383692795
29738.0	60.0
29813.0	60.0
29877.0	59.56521739130435
