#Position (bp)	insert size
38.0	16451.923076923078
113.0	235.34083601286173
188.0	196.67828418230562
263.0	192.4144144144144
338.0	354.07815442561207
413.0	233.3
488.0	200.84821428571428
563.0	154.2549019607843
638.0	276.00582241630275
713.0	390.4193548387097
788.0	190.61764705882354
863.0	156.35585585585585
938.0	272.36574074074076
1013.0	248.38867924528302
1088.0	217.98545454545456
1163.0	171.6969696969697
1238.0	289.22383252818037
1313.0	929.6330935251799
1388.0	252.91608391608392
1463.0	193.22222222222223
1538.0	280.1090047393365
1613.0	287.4170381376919
1688.0	242.09294320137693
1763.0	208.28438661710038
1838.0	170.9082455052697
1913.0	279.25779625779626
1988.0	238.97625329815304
2063.0	219.51404494382024
2138.0	128.14718614718615
2213.0	203.6689189189189
2288.0	255.35714285714286
2363.0	225.125
2438.0	195.52631578947367
2513.0	298.1746575342466
2588.0	241.60256410256412
2663.0	302.4852941176471
2738.0	831.735632183908
2813.0	341.14525139664806
2888.0	23.06542765029395
2963.0	222.8421052631579
3038.0	439.9767441860465
3113.0	325.5265654648956
3188.0	243.61414392059552
3263.0	203.40314136125656
3338.0	217.00975609756097
3413.0	322.03643724696354
3488.0	268.7676767676768
3563.0	240.03333333333333
3638.0	234.68965517241378
3713.0	218.82608695652175
3788.0	268.21392617449663
3863.0	243.81438515081206
3938.0	301.0496760259179
4013.0	268.24749163879596
4088.0	306.33492632417364
4163.0	86.31624728176452
4238.0	188.04041720990872
4313.0	118.68020784128484
4388.0	399.47159090909093
4463.0	191.64774951076322
4538.0	144.36511627906978
4613.0	272.0544850498339
4688.0	159.45620437956205
4763.0	223.18954248366012
4838.0	160.66008771929825
4913.0	203.03053435114504
4988.0	683.8837209302326
5063.0	208.0
5138.0	153.375
5213.0	236.33513513513515
5288.0	234.97627643115007
5363.0	212.0759493670886
5438.0	203.4051593323217
5513.0	219.7435294117647
5588.0	275.2526041666667
5663.0	246.51498127340824
5738.0	182.43112244897958
5813.0	140.84108527131784
5888.0	287.32807881773397
5963.0	256.5035211267606
6038.0	206.83150183150184
6113.0	168.82186234817814
6188.0	315.7922335600907
6263.0	255.0630472854641
6338.0	185.10183486238532
6413.0	140.60453400503778
6488.0	371.2637061403509
6563.0	227.01733333333334
6638.0	200.5904
6713.0	168.73636363636365
6788.0	319.31963470319636
6863.0	775.9354838709677
6938.0	166.65
7013.0	223.91788856304984
7088.0	329.438202247191
7163.0	219.98611111111111
7238.0	179.79787234042553
7313.0	238.7050912584054
7388.0	282.46762589928056
7463.0	234.6904761904762
7538.0	157.33050847457628
7613.0	284.9528962444303
7688.0	277.25426944971537
7763.0	208.7189781021898
7838.0	168.00213675213675
7913.0	219.76169590643275
7988.0	387.2755905511811
8063.0	219.2888888888889
8138.0	200.41499085923218
8213.0	260.4428904428904
8288.0	280.33734939759034
8363.0	246.36917562724014
8438.0	245.07662835249042
8513.0	292.05
8588.0	986.0536398467433
8663.0	276.75735294117646
8738.0	221.1954887218045
8813.0	163.43859649122808
8888.0	262.66630958757366
8963.0	232.5564304461942
9038.0	263.1039119804401
9113.0	165.85690235690237
9188.0	1160.0999296270231
9263.0	487.5264317180617
9338.0	264.5403225806452
9413.0	191.77272727272728
9488.0	261.1265108783239
9563.0	235.0808988764045
9638.0	255.68563685636857
9713.0	174.82619647355165
9788.0	315.8998211091234
9863.0	37.40542718968297
9938.0	211.27055702917772
10013.0	290.86297376093296
10088.0	345.07486423584174
10163.0	229.13275613275613
10238.0	178.51694915254237
10313.0	174.7398190045249
10388.0	645.4759136212624
10463.0	245.33870967741936
10538.0	210.0222222222222
10613.0	166.13245033112582
10688.0	136.41910752899548
10763.0	235.75
10838.0	200.57185628742516
10913.0	169.81882770870337
10988.0	225.274302213667
11063.0	252.77667493796525
11138.0	207.52754237288136
11213.0	288.4673366834171
11288.0	270.32597945987067
11363.0	342.93835616438355
11438.0	214.49600798403193
11513.0	180.69885277246655
11588.0	169.2858249419055
11663.0	42.44141954302382
11738.0	213.59595959595958
11813.0	160.39880952380952
11888.0	304.5910041841004
11963.0	223.38547904191617
12038.0	199.70332480818414
12113.0	270.0596453519613
12188.0	345.2192575406032
12263.0	195.53451676528599
12338.0	174.99012345679012
12413.0	235.57871930669234
12488.0	248.78909952606634
12563.0	198.3708609271523
12638.0	170.68205128205128
12713.0	441.0676132521974
12788.0	235.04754937820044
12863.0	200.30334394904457
12938.0	152.35765673175746
13013.0	225.093986013986
13088.0	273.7647058823529
13163.0	203.4276119402985
13238.0	142.94841735052756
13313.0	265.3778103616813
13388.0	232.417704011065
13463.0	230.2642947903431
13538.0	172.70684039087948
13613.0	259.7873633049818
13688.0	220.5295743504699
13763.0	193.6462472406181
13838.0	139.92257597684514
13913.0	447.50791139240505
13988.0	104.01795332136446
14063.0	298.6308724832215
14138.0	163.38385826771653
14213.0	252.70808442851452
14288.0	272.7940425531915
14363.0	201.83407407407407
14438.0	167.47224126113775
14513.0	187.60603520536463
14588.0	73.24341216216216
14663.0	212.5850622406639
14738.0	168.9492574257426
14813.0	121.00184842883549
14888.0	227.22945830797323
14963.0	312.35036496350364
15038.0	190.3587786259542
15113.0	138.37777777777777
15188.0	264.21589991928977
15263.0	232.1825813221406
15338.0	201.46
15413.0	195.83620689655172
15488.0	268.9100806451613
15563.0	239.52347417840375
15638.0	208.54496883348173
15713.0	160.66458519179304
15788.0	110.6042944785276
15863.0	79.97952620859685
15938.0	201.25
16013.0	188.001221001221
16088.0	193.59474979491387
16163.0	257.96064814814815
16238.0	220.29464285714286
16313.0	268.93142857142857
16388.0	362.31632653061223
16463.0	218.97196261682242
16538.0	251.4848484848485
16613.0	210.28947368421052
16688.0	171.8148148148148
16763.0	243.3813488759367
16838.0	285.9329140461216
16913.0	220.2399299474606
16988.0	183.943359375
17063.0	317.4045403796055
17138.0	388.969014084507
17213.0	203.16850393700787
17288.0	166.1039354187689
17363.0	214.67627906976745
17438.0	291.48979591836735
17513.0	216.60835913312692
17588.0	165.68635437881875
17663.0	216.85545023696682
17738.0	908.6994727592268
17813.0	223.890625
17888.0	167.60683760683762
17963.0	220.43958333333333
18038.0	243.71018651362985
18113.0	238.8082368082368
18188.0	158.90322580645162
18263.0	241.0982766651141
18338.0	241.59727272727272
18413.0	205.33333333333334
18488.0	170.359375
18563.0	321.0691624365482
18638.0	526.6673040152964
18713.0	199.2718181818182
18788.0	178.73012939001848
18863.0	220.84358974358975
18938.0	241.05729984301414
19013.0	217.22512437810946
19088.0	227.36323529411766
19163.0	139.0668380462725
19238.0	150.37820512820514
19313.0	203.54545454545453
19388.0	201.5
19463.0	135.33333333333334
19538.0	232.98192771084337
19613.0	178.75547445255475
19688.0	251.1497797356828
19763.0	168.38197424892704
19838.0	225.9135053110774
19913.0	260.34415584415586
19988.0	231.12173913043478
20063.0	192.76
20138.0	359.1909090909091
20213.0	547.045871559633
20288.0	273.12820512820514
20363.0	222.4375
20438.0	247.6206896551724
20513.0	263.7008681925809
20588.0	238.41157556270096
20663.0	221.88834154351395
20738.0	173.07218683651806
20813.0	221.73538856775852
20888.0	220.71452991452992
20963.0	186.4562383612663
21038.0	133.33417721518987
21113.0	320.81985294117646
21188.0	237.62745098039215
21263.0	180.54098360655738
21338.0	236.11510791366908
21413.0	144.0
21488.0	234.57894736842104
21563.0	168.1012658227848
21638.0	226.2865296803653
21713.0	261.5854700854701
21788.0	224.58527131782947
21863.0	186.13584905660377
21938.0	221.36876640419948
22013.0	276.5502008032129
22088.0	226.352422907489
22163.0	173.12953367875647
22238.0	199.11238532110093
22313.0	255.32203389830508
22388.0	237.71621621621622
22463.0	181.22666666666666
22538.0	247.07976653696497
22613.0	241.75409836065575
22688.0	203.83333333333334
22763.0	265.90987460815046
22838.0	258.56307842182173
22913.0	236.0385164051355
22988.0	211.80297107114933
23063.0	176.7545717035611
23138.0	225.96715703044816
23213.0	216.1569433032046
23288.0	193.77905759162303
23363.0	154.43261455525607
23438.0	217.30206378986867
23513.0	247.70190895741555
23588.0	215.2993079584775
23663.0	171.3891304347826
23738.0	135.02549575070822
23813.0	240.84810126582278
23888.0	222.39291217257318
23963.0	195.09485530546624
24038.0	139.6004514672686
24113.0	224.45087427144045
24188.0	216.10011248593926
24263.0	180.38518518518518
24338.0	132.66843971631207
24413.0	226.06246746486204
24488.0	239.125468164794
24563.0	198.38566552901023
24638.0	160.5707656612529
24713.0	205.8613595706619
24788.0	206.06629318394025
24863.0	173.51106194690266
24938.0	146.38754325259515
25013.0	225.91063829787234
25088.0	215.9318181818182
25163.0	182.41206030150755
25238.0	146.14935064935065
25313.0	395.23065476190476
25388.0	246.2565180824222
25463.0	177.98329853862214
25538.0	127.97670807453416
25613.0	52.46229868228404
25688.0	262.7738095238095
25763.0	209.80232558139534
25838.0	144.3015873015873
25913.0	231.83908045977012
25988.0	258.72030651341
26063.0	214.99358974358975
26138.0	165.09342560553634
26213.0	256.80120481927713
26288.0	170.2955223880597
26363.0	214.7828282828283
26438.0	164.77314814814815
26513.0	232.41602634467617
26588.0	228.3125
26663.0	194.80485115766263
26738.0	157.1135303265941
26813.0	211.9355424421244
26888.0	234.9269949066214
26963.0	205.33111954459204
27038.0	167.07112970711296
27113.0	202.0517522412388
27188.0	116.80647948164147
27263.0	210.58505747126438
27338.0	172.13101604278074
27413.0	120.97291666666666
27488.0	121.9349593495935
27563.0	255.25
27638.0	295.3
27713.0	210.9
27788.0	262.2818311874106
27863.0	261.310502283105
27938.0	213.12156862745098
28013.0	165.3574144486692
28088.0	222.2367441860465
28163.0	222.12152777777777
28238.0	177.11134903640257
28313.0	142.54063018242124
28388.0	202.21866897147797
28463.0	233.16483516483515
28538.0	202.15140845070422
28613.0	176.06589147286823
28688.0	179.17981072555204
28763.0	237.30769230769232
28838.0	192.43333333333334
28913.0	152.6
28988.0	107.34108838079958
29063.0	227.83218842001963
29138.0	197.71698113207546
29213.0	152.91694915254237
29288.0	127.1376673040153
29363.0	156.90084985835693
29438.0	203.83333333333334
29513.0	115.79638009049773
29588.0	162.83333333333334
29663.0	171.22222222222223
29738.0	117.5
29813.0	70.0
29877.0	0.0
