# Position (bp)	A	C	G	T	N
0.0	26.882559905380816	24.26419190471682	23.676193860387425	25.176405897617794	6.484318971431387E-4
1.0	27.08574690642892	20.125486427808497	15.195662478189048	37.592845878747255	2.583088262834397E-4
2.0	28.355809442411434	19.913013145852936	17.854959267549578	33.875703276745114	5.148674409414866E-4
3.0	23.617343342564524	22.08411811303652	15.164447457313763	39.13280719391024	0.0012838931749522713
4.0	34.64959116621981	13.581271238742026	14.425827334629105	37.341517691375955	0.0017925690331138718
5.0	36.260916590916935	14.809999220129356	22.476383343497222	26.447586939595823	0.005113905860663964
6.0	32.526544752704254	17.516473192288938	20.14860976724356	29.808372287763245	0.0
7.0	35.53929383077547	16.56357844099995	20.454319375400132	27.442298225522176	5.10127302268281E-4
8.0	22.72601589447516	27.04341610166144	22.470664537889224	27.75990346597418	0.0
9.0	28.64011714895107	18.178970489924552	16.01960971572279	37.15977461560501	0.0015280297965810333
10.0	26.719863571574017	16.951868254937892	25.12382915903075	31.202657299938913	0.0017817145184280188
11.0	28.36216918900905	18.382571797083088	19.722224342193968	33.5330346717139	0.0
12.0	26.353830545193794	19.6184329969258	21.44591670417242	32.58181975370798	0.0
13.0	27.491180985493102	21.34824178840465	18.450293289416166	32.710156861549095	1.2707513698699769E-4
14.0	31.595326684762163	18.37646263482672	20.497473746276697	29.530228633586468	5.083005479479907E-4
15.0	29.704321571258653	18.836347555582662	19.590665568737485	31.86853822928421	1.2707513698699769E-4
16.0	30.613035875852674	17.53636890420568	19.11502333099515	32.73531773867252	2.5415027397399537E-4
17.0	30.167891670987224	18.200717720373703	20.417289334837903	31.213465898116237	6.353756849349884E-4
18.0	31.394039667774763	18.021668852359024	18.462619577703904	32.12167190216231	0.0
19.0	30.654716520784408	18.255360029278112	19.73692905140952	31.352613173117	3.81225410960993E-4
20.0	30.126719326603435	18.079996340236054	19.77314546545081	32.01963056716175	5.083005479479907E-4
21.0	30.187080016672258	17.23748818201226	19.4663860847642	33.10828326572936	7.62450821921986E-4
22.0	28.58923724419775	19.14514013846107	19.726000589628637	32.53962202771255	0.0
23.0	29.933692193520184	17.61083493448006	20.137088657781575	32.316986387711324	0.0013978265068569744
24.0	30.705292425305235	18.060045543729096	18.60545203167729	32.62908292415139	1.2707513698699769E-4
25.0	29.394131161873393	17.996126749824636	19.395605233462444	33.21413685483953	0.0
26.0	31.938556629764047	17.639426840302132	19.889292140656927	30.53221608872894	5.083005479479907E-4
27.0	29.13553325810485	18.205165350168247	20.17851515243933	32.48065916415058	1.2707513698699769E-4
28.0	30.001042016123293	18.07338843311273	20.013825774904184	31.911616700722806	1.2707513698699769E-4
29.0	29.350364833645514	18.40535546818412	19.718044969463765	32.5262347287066	0.0
30.0	30.02690231929253	18.440605854971466	19.36013907368084	32.17159028669968	7.624653554804103E-4
31.0	30.46346927805234	18.24382110855965	19.617924726113305	31.67198915254927	0.0027957347254397883
32.0	29.110650513851173	18.379313280832026	19.673249875143124	32.83640508780647	3.8124236721010646E-4
33.0	29.647218798053093	18.139638323018463	19.566521368933394	32.64662150999504	0.0
34.0	29.832017141419247	17.993279668965236	19.568007767523312	32.606187076325575	5.08345766623542E-4
35.0	30.143755043645832	17.581926628158882	19.776819467391	32.49648058530475	0.0010182754995277747
36.0	30.883837965798666	17.54852659714679	19.05370111207183	32.513297618335116	6.367066475994249E-4
37.0	29.20084434089053	18.986332327377	19.20251314983229	32.60929106193574	0.0010191199644327131
38.0	30.563942691890528	18.388709675363657	19.411649997897023	31.635315274897685	3.8235995110890765E-4
39.0	29.661081823146056	18.578110407406083	19.808927924387717	31.951241917457274	6.379276028722052E-4
40.0	29.685057300688527	18.786284679134056	19.788375086034186	31.739003615354893	0.0012793187883315892
41.0	29.72369805703139	18.32832832832833	20.520263853597186	31.426939760273093	7.7000077000077E-4
42.0	29.431691473121447	18.346144893016938	19.75183685227888	32.47019817298628	1.2860859645580432E-4
43.0	29.157428652037858	18.470403784440457	20.494801160994598	31.877237574897165	1.2882762991944409E-4
44.0	29.446766785364094	18.761418176188265	20.11676214068225	31.674665840945448	3.8705681994116736E-4
45.0	29.27047976153406	18.64223260765918	19.798771750520388	32.28774063340254	7.752468838305466E-4
46.0	30.156196438850554	17.529832549656238	19.642591502655016	32.67086208792275	5.174209154469547E-4
47.0	29.558078290524808	18.18531398814533	19.82834296190607	32.4273584392649	9.063201588908712E-4
48.0	30.285433632080117	17.684289098420564	19.275128682283054	32.75475981898951	3.887682267503642E-4
49.0	29.275244616618103	17.876149133754886	20.316606945010236	32.531869568940245	1.2973567653263242E-4
50.0	29.749811191747295	18.704950870857758	19.78138539111581	31.76307261545901	7.799308201362539E-4
51.0	30.243903075129552	18.244221254932437	19.442481176535022	32.069264091844424	1.304015585594279E-4
52.0	29.859477881213852	18.134250515980675	19.845591882514764	32.16015621421345	5.235060772511743E-4
53.0	31.454828153151972	17.710625981625547	19.465470418599278	31.369075446623206	0.0
54.0	30.04071267598584	18.34638834703374	19.436845301051207	32.1753951078932	6.585680360052317E-4
55.0	29.089682148747887	18.59328800210237	18.509959180762795	33.80707066838695	0.0
56.0	29.395637853980894	18.11842077393938	20.351253891936544	32.13455510134921	1.3237879397623534E-4
57.0	28.215692801001467	18.601733743009795	19.692185691116855	33.48972471492168	6.630499502049488E-4
58.0	31.07045688839765	17.794761565685015	22.03936530879024	29.095416237127097	0.0
59.0	29.64586159566636	20.226932943884485	21.037826151206087	29.08911304977588	2.662594671881802E-4
60.0	31.355808864077297	19.34124948426628	19.524977534706043	29.777964116950383	0.0
61.0	29.433913721622655	20.85659308411566	19.539932626004646	30.168086594611687	0.0014739736453512212
62.0	31.151025642407227	16.492583153277906	21.61944814134306	30.736404243740267	5.38819231536012E-4
63.0	26.781716278760708	20.287868124178726	25.433775278979038	27.495962279349246	6.780387322845431E-4
64.0	26.50149894276479	19.682706740266415	18.23420588752544	35.580770452491215	8.179769521360786E-4
65.0	27.737984753293148	19.292937739643495	18.51648253729768	34.45163536764414	9.596021215432047E-4
66.0	26.71700306922564	19.362708632954778	16.992461937744864	36.923969164476325	0.0038571955983887946
67.0	33.52493524436858	14.12191917555802	17.836144371486203	34.51298642865944	0.004014779927761649
68.0	34.41928052553697	15.232080399982065	23.00093045154926	27.34686785345949	8.407694722209767E-4
69.0	31.61009548623538	17.05080669405752	20.502483787382072	30.83632771677666	2.86315548365854E-4
70.0	33.046157929497745	15.74711898721676	22.166361128085477	29.040053330370537	3.086248294847817E-4
71.0	25.33507510923303	19.880896691078703	25.852755234547725	28.930496542005464	7.764231350801561E-4
