#Insert size (bp)	insert size
35.0	1.0
66.0	2.0
68.0	1.0
69.0	1.0
70.0	2.0
72.0	1.0
75.0	3.0
76.0	2.0
80.0	2.0
81.0	3.0
83.0	3.0
84.0	1.0
85.0	2.0
87.0	1.0
88.0	4.0
89.0	3.0
91.0	1.0
92.0	1.0
93.0	1.0
94.0	1.0
95.0	3.0
96.0	4.0
98.0	3.0
99.0	1.0
100.0	1.0
101.0	2.0
102.0	4.0
103.0	2.0
104.0	2.0
105.0	2.0
108.0	1.0
109.0	3.0
110.0	10.0
111.0	4.0
112.0	2.0
113.0	3.0
114.0	2.0
116.0	5.0
117.0	3.0
118.0	3.0
119.0	4.0
120.0	2.0
121.0	2.0
122.0	1.0
123.0	8.0
124.0	3.0
125.0	3.0
126.0	4.0
127.0	3.0
128.0	2.0
130.0	1.0
131.0	1.0
132.0	2.0
133.0	1.0
134.0	2.0
135.0	5.0
136.0	1.0
137.0	1.0
138.0	1.0
139.0	3.0
140.0	2.0
141.0	2.0
142.0	2.0
143.0	1.0
145.0	3.0
146.0	3.0
147.0	4.0
148.0	2.0
149.0	2.0
151.0	1.0
154.0	1.0
155.0	2.0
156.0	2.0
157.0	7.0
158.0	1.0
159.0	4.0
160.0	3.0
161.0	7.0
162.0	2.0
163.0	1.0
164.0	1.0
165.0	2.0
166.0	3.0
167.0	3.0
169.0	2.0
170.0	4.0
171.0	3.0
172.0	4.0
173.0	3.0
174.0	1.0
175.0	9.0
176.0	3.0
177.0	1.0
178.0	3.0
179.0	2.0
180.0	1.0
181.0	1.0
182.0	2.0
183.0	3.0
184.0	3.0
185.0	2.0
186.0	3.0
187.0	1.0
188.0	1.0
190.0	3.0
191.0	4.0
192.0	4.0
193.0	11.0
194.0	2.0
195.0	2.0
197.0	2.0
198.0	2.0
199.0	3.0
200.0	2.0
201.0	3.0
202.0	3.0
205.0	4.0
206.0	1.0
207.0	2.0
208.0	7.0
209.0	3.0
210.0	20.0
212.0	4.0
213.0	3.0
214.0	2.0
215.0	56.0
216.0	2.0
217.0	2.0
218.0	3.0
219.0	3.0
220.0	6.0
221.0	2.0
222.0	4.0
224.0	9.0
225.0	2.0
226.0	9.0
227.0	4.0
228.0	2.0
229.0	3.0
230.0	3.0
231.0	7.0
232.0	1.0
233.0	7.0
234.0	4.0
235.0	4.0
236.0	2.0
237.0	3.0
239.0	12.0
240.0	2.0
241.0	7.0
242.0	10.0
243.0	1.0
244.0	13.0
245.0	9.0
246.0	2.0
247.0	5.0
249.0	5.0
250.0	7.0
251.0	5.0
253.0	1.0
254.0	4.0
256.0	3.0
257.0	3.0
258.0	2.0
259.0	6.0
260.0	1.0
261.0	3.0
262.0	2.0
263.0	4.0
264.0	2.0
265.0	2.0
268.0	2.0
269.0	5.0
270.0	5.0
271.0	3.0
272.0	1.0
274.0	2.0
275.0	2.0
276.0	1.0
277.0	2.0
278.0	3.0
279.0	2.0
280.0	4.0
281.0	1.0
282.0	2.0
283.0	6.0
284.0	9.0
285.0	1.0
287.0	3.0
288.0	2.0
289.0	1.0
290.0	2.0
291.0	1.0
292.0	5.0
293.0	1.0
294.0	1.0
295.0	2.0
296.0	2.0
297.0	2.0
298.0	2.0
299.0	3.0
300.0	6.0
301.0	2.0
302.0	4.0
303.0	5.0
305.0	3.0
306.0	4.0
307.0	3.0
308.0	1.0
309.0	2.0
310.0	5.0
311.0	1.0
312.0	4.0
313.0	7.0
314.0	4.0
315.0	3.0
317.0	1.0
318.0	2.0
319.0	2.0
320.0	3.0
321.0	3.0
322.0	3.0
323.0	1.0
324.0	1.0
325.0	3.0
326.0	6.0
327.0	2.0
328.0	2.0
329.0	2.0
331.0	1.0
333.0	1.0
334.0	4.0
335.0	3.0
336.0	5.0
338.0	6.0
339.0	6.0
340.0	6.0
341.0	2.0
342.0	1.0
343.0	2.0
344.0	2.0
345.0	3.0
346.0	1.0
348.0	3.0
349.0	2.0
350.0	2.0
352.0	1.0
353.0	2.0
354.0	3.0
355.0	2.0
356.0	2.0
357.0	5.0
358.0	1.0
359.0	1.0
360.0	2.0
362.0	3.0
363.0	2.0
365.0	1.0
366.0	1.0
367.0	3.0
368.0	4.0
369.0	3.0
370.0	4.0
371.0	2.0
372.0	2.0
373.0	1.0
374.0	11.0
375.0	10.0
376.0	11.0
377.0	16.0
378.0	24.0
379.0	50.0
380.0	32.0
381.0	55.0
382.0	35.0
383.0	34.0
384.0	37.0
385.0	24.0
386.0	36.0
387.0	28.0
388.0	24.0
389.0	21.0
390.0	24.0
391.0	29.0
392.0	40.0
393.0	41.0
394.0	28.0
395.0	20.0
396.0	11.0
397.0	18.0
398.0	16.0
399.0	32.0
400.0	7.0
401.0	20.0
402.0	5.0
403.0	11.0
404.0	17.0
405.0	12.0
406.0	34.0
407.0	16.0
408.0	13.0
409.0	12.0
410.0	11.0
411.0	6.0
412.0	10.0
413.0	2.0
414.0	4.0
415.0	7.0
416.0	7.0
417.0	8.0
418.0	3.0
419.0	4.0
420.0	3.0
422.0	1.0
423.0	5.0
424.0	1.0
425.0	2.0
426.0	3.0
428.0	1.0
430.0	1.0
431.0	1.0
432.0	2.0
433.0	2.0
435.0	1.0
437.0	4.0
438.0	1.0
439.0	1.0
440.0	2.0
441.0	3.0
443.0	3.0
445.0	3.0
446.0	2.0
447.0	3.0
448.0	2.0
450.0	1.0
452.0	1.0
453.0	2.0
454.0	1.0
455.0	1.0
457.0	1.0
459.0	2.0
461.0	4.0
463.0	2.0
464.0	3.0
465.0	3.0
466.0	2.0
468.0	1.0
469.0	2.0
470.0	1.0
476.0	2.0
478.0	1.0
479.0	3.0
480.0	2.0
481.0	3.0
482.0	3.0
485.0	4.0
486.0	1.0
487.0	2.0
488.0	2.0
489.0	1.0
490.0	1.0
495.0	1.0
496.0	1.0
497.0	4.0
498.0	1.0
499.0	1.0
500.0	1.0
503.0	1.0
504.0	1.0
505.0	2.0
511.0	2.0
512.0	1.0
518.0	1.0
519.0	1.0
524.0	1.0
536.0	3.0
538.0	2.0
550.0	1.0
555.0	1.0
556.0	2.0
558.0	1.0
564.0	2.0
570.0	1.0
571.0	1.0
578.0	1.0
581.0	2.0
585.0	1.0
587.0	1.0
588.0	6.0
592.0	1.0
608.0	1.0
609.0	1.0
611.0	1.0
613.0	3.0
615.0	1.0
616.0	2.0
625.0	1.0
626.0	1.0
634.0	1.0
642.0	1.0
645.0	1.0
648.0	1.0
649.0	3.0
665.0	1.0
670.0	1.0
673.0	1.0
675.0	1.0
681.0	2.0
700.0	1.0
726.0	2.0
753.0	2.0
762.0	1.0
763.0	1.0
765.0	1.0
775.0	1.0
777.0	1.0
795.0	1.0
803.0	3.0
809.0	1.0
810.0	2.0
814.0	1.0
815.0	1.0
817.0	1.0
819.0	1.0
825.0	25.0
828.0	1.0
830.0	2.0
834.0	12.0
842.0	1.0
846.0	1.0
849.0	4.0
851.0	1.0
858.0	4.0
865.0	1.0
867.0	3.0
868.0	1.0
870.0	2.0
871.0	1.0
876.0	3.0
877.0	1.0
880.0	1.0
881.0	1.0
888.0	1.0
903.0	4.0
918.0	1.0
937.0	1.0
939.0	1.0
949.0	1.0
950.0	3.0
957.0	1.0
964.0	1.0
966.0	2.0
967.0	3.0
968.0	2.0
970.0	1.0
973.0	2.0
977.0	2.0
978.0	2.0
979.0	1.0
982.0	1.0
983.0	1.0
984.0	1.0
985.0	1.0
986.0	1.0
989.0	1.0
992.0	1.0
993.0	1.0
997.0	1.0
998.0	4.0
999.0	1.0
1000.0	1.0
1006.0	2.0
1007.0	1.0
1008.0	2.0
1011.0	1.0
1013.0	1.0
1015.0	1.0
1016.0	1.0
1018.0	2.0
1019.0	1.0
1020.0	1.0
1021.0	1.0
1022.0	2.0
1027.0	1.0
1029.0	1.0
1032.0	1.0
1033.0	2.0
1034.0	2.0
1035.0	1.0
1036.0	1.0
1038.0	1.0
1039.0	1.0
1043.0	1.0
1044.0	1.0
1046.0	1.0
1047.0	1.0
1048.0	1.0
1049.0	1.0
1055.0	1.0
1056.0	3.0
1168.0	1.0
1174.0	1.0
1318.0	1.0
1345.0	1.0
1360.0	2.0
1401.0	1.0
1436.0	1.0
1437.0	2.0
1446.0	3.0
1450.0	1.0
1451.0	1.0
1454.0	2.0
1457.0	1.0
1460.0	1.0
1464.0	10.0
1470.0	2.0
1480.0	2.0
1488.0	1.0
1490.0	1.0
1492.0	2.0
1495.0	1.0
1498.0	3.0
1502.0	1.0
1504.0	1.0
1512.0	8.0
1545.0	1.0
1576.0	1.0
1581.0	1.0
1587.0	3.0
1600.0	1.0
1611.0	2.0
1619.0	1.0
1623.0	1.0
1626.0	2.0
1660.0	1.0
1668.0	1.0
1707.0	1.0
1911.0	1.0
1915.0	1.0
1953.0	1.0
1955.0	1.0
1990.0	1.0
2034.0	2.0
2042.0	1.0
2047.0	3.0
2048.0	2.0
2057.0	1.0
2062.0	1.0
2074.0	1.0
2075.0	2.0
2082.0	1.0
2088.0	1.0
2089.0	3.0
2116.0	1.0
2118.0	1.0
2119.0	1.0
2125.0	1.0
2126.0	1.0
2137.0	3.0
2150.0	2.0
2171.0	2.0
2190.0	1.0
2255.0	1.0
2296.0	1.0
2316.0	1.0
2516.0	1.0
2598.0	1.0
2611.0	1.0
2631.0	2.0
2658.0	2.0
2663.0	2.0
2670.0	14.0
2671.0	1.0
2694.0	1.0
2718.0	4.0
2722.0	2.0
2729.0	1.0
2736.0	7.0
2750.0	1.0
2779.0	1.0
2842.0	1.0
2855.0	1.0
2863.0	1.0
2872.0	19.0
2877.0	2.0
2922.0	1.0
2945.0	1.0
3068.0	1.0
3138.0	1.0
3173.0	1.0
3224.0	1.0
3243.0	1.0
3247.0	4.0
3249.0	1.0
3285.0	1.0
3286.0	1.0
3295.0	1.0
3296.0	1.0
3314.0	1.0
3318.0	6.0
3336.0	1.0
3346.0	1.0
3352.0	1.0
3363.0	1.0
3411.0	1.0
3447.0	1.0
3527.0	1.0
3590.0	1.0
3596.0	1.0
3779.0	1.0
3784.0	1.0
3816.0	1.0
3872.0	1.0
3880.0	1.0
3907.0	1.0
3926.0	1.0
3940.0	1.0
3960.0	2.0
3974.0	1.0
3997.0	1.0
4089.0	2.0
4134.0	10.0
4407.0	1.0
4469.0	1.0
4494.0	1.0
4508.0	1.0
4517.0	1.0
4545.0	1.0
4559.0	1.0
4600.0	1.0
4614.0	2.0
4659.0	2.0
4752.0	1.0
5002.0	1.0
5096.0	1.0
5102.0	3.0
5112.0	1.0
5118.0	1.0
5127.0	1.0
5155.0	2.0
5245.0	1.0
5289.0	1.0
5615.0	1.0
5690.0	1.0
5705.0	1.0
5717.0	1.0
5727.0	1.0
5732.0	1.0
5821.0	1.0
5829.0	1.0
5862.0	1.0
5917.0	1.0
5927.0	3.0
6306.0	1.0
6342.0	1.0
6404.0	1.0
6452.0	1.0
6803.0	1.0
6905.0	2.0
7069.0	1.0
7077.0	1.0
7078.0	1.0
7372.0	1.0
7524.0	1.0
7530.0	1.0
7590.0	1.0
7664.0	2.0
7667.0	1.0
8099.0	1.0
8225.0	2.0
8311.0	1.0
8428.0	1.0
8430.0	1.0
8757.0	1.0
8796.0	1.0
8916.0	2.0
8929.0	1.0
8937.0	1.0
9382.0	1.0
9387.0	1.0
9394.0	1.0
9521.0	1.0
9534.0	1.0
10141.0	5.0
10145.0	1.0
10407.0	6.0
10572.0	5.0
10575.0	1.0
10782.0	1.0
11364.0	2.0
11419.0	1.0
11919.0	4.0
12670.0	1.0
12973.0	1.0
13142.0	1.0
13330.0	1.0
13751.0	1.0
13807.0	1.0
13919.0	1.0
14165.0	1.0
14177.0	1.0
14242.0	1.0
14303.0	1.0
14350.0	1.0
14386.0	1.0
14896.0	4.0
14901.0	1.0
15446.0	1.0
15448.0	1.0
15487.0	1.0
15754.0	1.0
16178.0	1.0
16179.0	2.0
16189.0	1.0
16634.0	1.0
16689.0	1.0
16730.0	1.0
16820.0	1.0
17266.0	1.0
17272.0	1.0
17277.0	1.0
18484.0	1.0
18642.0	2.0
19146.0	1.0
19267.0	20.0
19655.0	1.0
19764.0	1.0
19901.0	1.0
20542.0	1.0
20883.0	1.0
20985.0	10.0
21014.0	1.0
21104.0	1.0
21139.0	5.0
21469.0	1.0
21491.0	1.0
21652.0	1.0
21713.0	69.0
22108.0	1.0
22127.0	1.0
22131.0	1.0
22151.0	1.0
22162.0	2.0
22199.0	1.0
22213.0	1.0
22316.0	9.0
22342.0	1.0
23284.0	1.0
23381.0	1.0
23460.0	1.0
23492.0	7.0
23919.0	1.0
23983.0	1.0
23990.0	1.0
24139.0	3.0
24515.0	5.0
24546.0	1.0
24605.0	1.0
24752.0	1.0
24759.0	1.0
25148.0	1.0
25162.0	1.0
25185.0	1.0
25348.0	3.0
25593.0	4.0
25656.0	1.0
25657.0	1.0
25669.0	1.0
25796.0	1.0
25952.0	1.0
25964.0	34.0
25973.0	2.0
25990.0	1.0
26304.0	1.0
26393.0	33.0
26396.0	1.0
26427.0	1.0
26430.0	1.0
26445.0	1.0
26552.0	1.0
26559.0	1.0
26560.0	77.0
26574.0	2.0
26586.0	2.0
26967.0	3.0
27023.0	1.0
27173.0	1.0
27178.0	2.0
27181.0	1.0
27184.0	1.0
27185.0	219.0
27194.0	1.0
27211.0	1.0
27222.0	3.0
27311.0	1.0
27491.0	1.0
27651.0	1.0
27673.0	1.0
27822.0	1.0
27824.0	4.0
27836.0	3.0
28269.0	1.0
28422.0	1.0
28425.0	1.0
28428.0	1.0
28431.0	1.0
28433.0	3.0
28434.0	841.0
28437.0	1.0
28447.0	2.0
28448.0	2.0
28451.0	2.0
28457.0	2.0
28458.0	1.0
28459.0	1.0
28460.0	1.0
28599.0	1.0
28880.0	1.0
28912.0	1.0
29411.0	1.0
29413.0	1.0
