#Read position (bp)	Clipping profile
0.0	6.2265139945440895
1.0	0.0886662677886056
2.0	0.08434108399403949
3.0	0.08207551153021914
4.0	0.08156060869753269
5.0	0.08073676416523438
6.0	0.08032484189908522
7.0	0.07980993906639879
8.0	0.07919205566717505
9.0	0.0778533083021903
10.0	0.0769264832033547
11.0	0.07569071640490724
12.0	0.07352812450762417
13.0	0.06992380467881906
14.0	0.06601054315040208
15.0	0.06065555369046307
16.0	0.05808103952703085
17.0	0.05499162253091219
18.0	0.05231412780094269
19.0	0.05056345816980877
20.0	0.04840086627252571
21.0	0.04582635210909349
22.0	0.04438462417757145
23.0	0.043045876812586696
24.0	0.04273693511297483
25.0	0.04160414888106465
26.0	0.040677323782229054
27.0	0.04016242094954261
28.0	0.03944155698378159
29.0	0.038102809618796835
30.0	0.4064642961226787
31.0	0.18896933959592485
32.0	0.13768501746035505
33.0	0.22254100428708098
34.0	0.2149204423633216
35.0	0.18217262220446379
36.0	0.17341927404879426
37.0	0.3377762582423071
38.0	0.37855656259107345
39.0	0.2570394940770727
40.0	0.2823727134452458
41.0	1.0476213033838384
42.0	0.31542947530371546
43.0	0.6098509150338239
44.0	0.5662901353885508
45.0	60.59829649546834
46.0	15.928313168022063
47.0	5.075500202356813
48.0	0.32624243479013076
49.0	0.11956043774979223
50.0	0.3203725424975053
51.0	0.14036251219032456
52.0	0.058287000660105434
53.0	0.1343896393311618
54.0	0.1527201801747992
55.0	0.04500250757679518
56.0	0.057875078393956274
57.0	0.01802159914402553
58.0	0.041398187747990076
59.0	0.04057434321569177
60.0	0.06662842654962582
61.0	0.04541442984294434
62.0	0.08207551153021914
63.0	0.11739784585250918
64.0	0.010606998353340742
65.0	0.0228616857712781
66.0	0.032644839592320535
67.0	0.03408656752384258
68.0	0.06652544598308853
69.0	0.05169624440171895
70.0	0.04737106060715283
71.0	0.017506696311339085
72.0	0.02399447200318828
73.0	0.008856328722206833
74.0	0.042427993413362966
75.0	0.008959309288744121
76.0	0.07898609453410046
77.0	0.05262306950055456
78.0	0.059522767458552894
79.0	0.1421131818214585
80.0	0.031615033926947644
81.0	0.11605909848752442
82.0	0.02955542259620187
83.0	0.05015153590365962
84.0	0.034910412056140885
85.0	0.03923559585070702
86.0	0.03357166469115613
87.0	0.008547387022594966
88.0	0.01966928820862215
89.0	0.019875249341696728
90.0	0.04253097397990025
91.0	0.017918618577488242
92.0	0.01977226877515944
93.0	0.008753348155669543
94.0	0.01977226877515944
95.0	0.03254185902578324
96.0	0.0219348606724425
97.0	0.01977226877515944
98.0	0.030894169961186622
99.0	0.03377762582423071
100.0	0.031718014493484936
101.0	0.07517581357222078
102.0	0.045929332675630784
103.0	0.009474212121430564
104.0	0.021213996706681483
105.0	0.00988613438757972
106.0	0.00988613438757972
107.0	0.009783153821042431
108.0	0.021111016140144195
109.0	0.009268250988355988
110.0	0.009577192687967853
111.0	0.00988613438757972
112.0	0.010092095520654298
113.0	0.010504017786803451
114.0	0.010504017786803451
115.0	0.010812959486415318
116.0	0.010915940052952608
117.0	0.011018920619489897
118.0	0.01153382345217634
119.0	0.01153382345217634
120.0	0.010812959486415318
121.0	0.010606998353340742
122.0	0.010812959486415318
123.0	0.010812959486415318
124.0	0.01070997891987803
125.0	0.011018920619489897
126.0	0.011121901186027185
127.0	0.01143084288563905
128.0	0.011327862319101762
129.0	0.011739784585250917
130.0	0.011945745718325495
131.0	0.012151706851400074
132.0	0.012460648551011939
133.0	0.012975551383698382
134.0	0.012975551383698382
135.0	0.013078531950235672
136.0	0.013490454216384826
137.0	0.013593434782922114
138.0	0.014005357049071271
139.0	0.014520259881757713
140.0	0.014520259881757713
141.0	0.01482920158136958
142.0	0.01493218214790687
143.0	0.015344104414056023
144.0	0.01575602668020518
145.0	0.01627092951289162
146.0	0.01637391007942891
147.0	0.01668285177904078
148.0	0.016888812912115355
149.0	0.0174037157448018
150.0	0.017712657444413665
151.0	0.017712657444413665
152.0	0.017815638010950954
153.0	0.017815638010950954
154.0	0.017815638010950954
155.0	0.017712657444413665
156.0	0.017609676877876377
157.0	0.017712657444413665
158.0	0.017712657444413665
159.0	0.01730073517826451
160.0	0.0174037157448018
161.0	0.017712657444413665
162.0	0.01802159914402553
163.0	0.01802159914402553
164.0	0.018433521410174684
165.0	0.0183305408436374
166.0	0.0183305408436374
167.0	0.0183305408436374
168.0	0.01884544367632384
169.0	0.01884544367632384
170.0	0.019463327075547574
171.0	0.01966928820862215
172.0	0.019566307642084863
173.0	0.01997822990823402
174.0	0.020081210474771304
175.0	0.020390152174383173
176.0	0.021111016140144195
177.0	0.021728899539367925
178.0	0.021728899539367925
179.0	0.02224380237205437
180.0	0.022758705204740815
181.0	0.02317062747088997
182.0	0.02317062747088997
183.0	0.023582549737039125
184.0	0.023685530303576414
185.0	0.023685530303576414
186.0	0.023685530303576414
187.0	0.0237885108701137
188.0	0.02399447200318828
189.0	0.02389149143665099
190.0	0.02389149143665099
191.0	0.0237885108701137
192.0	0.0237885108701137
193.0	0.02481831653548659
194.0	0.024303413702800147
195.0	0.024303413702800147
196.0	0.02461235540241201
197.0	0.02512725823509845
198.0	0.026466005600083206
199.0	0.026363025033545918
200.0	0.019875249341696728
201.0	0.006796717391461057
202.0	0.006796717391461057
203.0	0.007208639657610212
204.0	0.007208639657610212
205.0	0.007208639657610212
206.0	0.0070026785245356354
207.0	0.006899697957998345
208.0	0.0070026785245356354
209.0	0.0070026785245356354
210.0	0.007105659091072924
211.0	0.0070026785245356354
212.0	0.007105659091072924
213.0	0.007208639657610212
214.0	0.007105659091072924
215.0	0.0070026785245356354
216.0	0.006899697957998345
217.0	0.007105659091072924
218.0	0.006899697957998345
219.0	0.006281814558774613
220.0	0.0035013392622678177
