# Position (bp)	A	C	G	T	N
0.0	25.78315411039962	24.28657331294819	24.382528482692887	25.547744093959302	0.0
1.0	25.18439385119272	20.18353025466502	14.977002744317854	39.6550731498244	0.0
2.0	27.5085570743275	18.85528557138246	18.574683843668403	35.06147351062164	0.0
3.0	23.274182524321457	22.781046190010795	15.280519198461823	38.664252087205924	0.0
4.0	33.21936721670482	13.966116628518343	14.023897768881824	38.790618385895016	0.0
5.0	34.52424259830107	15.50192421834613	22.787148901951024	27.186684281401774	0.0
6.0	32.28650190478014	17.690844931115237	20.374447230889984	29.648205933214644	0.0
7.0	33.98522242923866	17.316109849161585	19.631007376024094	29.067660345575664	0.0
8.0	23.808232637072386	25.891592553367953	21.679894348674893	28.620280460884768	0.0
9.0	29.331011297596948	18.68824118551407	15.952832054299911	36.02791546258907	0.0
10.0	26.1322174878167	16.906718036384046	24.399446329701732	32.561618146097516	0.0
11.0	27.61218066260815	18.25696236036214	19.874736509779034	34.256120467250675	0.0
12.0	25.918934173477425	19.574804605911407	21.28528015255248	33.220981068058684	0.0
13.0	26.925321165858374	20.88335358057285	18.205297443108446	33.98602781046033	0.0
14.0	30.09995058264654	17.950614528701916	20.147933238749584	31.801501649901965	0.0
15.0	29.82645176098544	18.75972303690291	18.925811634490323	32.48801356762133	0.0
16.0	29.233946796371495	16.9775417705219	18.74780868112884	35.04070275197776	0.0
17.0	29.961635035752067	17.795416597626726	20.372305849063817	31.87064251755739	0.0
18.0	30.635747918113527	17.488164945300703	18.554753454943963	33.3213336816418	0.0
19.0	29.448880593449505	17.947770582970495	19.539369539528796	33.0639792840512	0.0
20.0	30.214257963020756	17.489666065844197	19.6175966676645	32.678479303470546	0.0
21.0	29.66926596594907	17.214918216003998	19.644079615613627	33.4717362024333	0.0
22.0	28.722252645789027	18.121903694553048	19.45434979177545	33.701493867882476	0.0
23.0	29.1698104798016	17.61203913291246	20.40979405238309	32.80835633490285	0.0
24.0	29.981887229701123	18.780937343821126	18.51099658435808	32.72617884211967	0.0
25.0	29.553636511215586	17.659416668523463	18.87758187680839	33.909364943452566	0.0
26.0	31.03506443491739	17.65379877973093	19.56217993398962	31.74895685136206	0.0
27.0	29.19365156149055	18.200045191411085	19.51727934975288	33.089023897345484	0.0
28.0	29.234583145044773	17.653723021697207	19.432333865845198	33.67935996741282	0.0
29.0	29.425877666090734	17.97747803647171	19.726923578694823	32.86972071874274	0.0
30.0	29.95471628463504	18.00688006975538	19.048119118765534	32.99028452684405	0.0
31.0	29.514483390723754	18.09166767444673	19.476039233408226	32.917809701421284	0.0
32.0	29.416894218589878	17.999516253254153	19.807837970300497	32.77575155785548	0.0
33.0	30.425579322638146	17.601858925388335	19.457601222307105	32.51496052966642	0.0
34.0	29.460133128324628	18.02389433774866	19.483467193831913	33.0325053400948	0.0
35.0	29.853811036757357	17.94507726494203	19.550545343410356	32.650566354890266	0.0
36.0	29.728697102939726	17.61924623579568	18.802713984150383	33.84934267711421	0.0
37.0	28.999656107905697	18.773642581483323	18.854839325971497	33.37186198463948	0.0
38.0	29.722423011154664	17.86879973506475	19.398546040459944	33.01023121332064	0.0
39.0	28.277810154356665	18.978513628416657	19.940257250496	32.803418966730675	0.0
40.0	29.87028703730243	17.921280505476098	19.39356881029041	32.81486364693106	0.0
41.0	29.436400812785447	18.092756909631763	20.290972093941694	32.1798701836411	0.0
42.0	29.93129676167907	18.394440038348954	19.098353606681126	32.575909593290845	0.0
43.0	29.45341840456403	18.037606750484976	19.338202737526796	33.1707721074242	0.0
44.0	29.427243447816682	17.987085182365252	20.380818278257934	32.20485309156013	0.0
45.0	29.150457984866584	19.031142970927917	19.268817204301076	32.54958183990442	0.0
46.0	29.789972727041008	17.70575790788367	19.317602528483675	33.18666683659164	0.0
47.0	29.364626713016218	17.72296692337349	19.49835429365264	33.414052069957656	0.0
48.0	30.13892429263319	18.29084884017334	19.12789956665817	32.442327300535304	0.0
49.0	29.097467402526224	18.24821239659941	18.91959927093822	33.734720929936145	0.0
50.0	29.211120033650722	18.512995041617273	19.69555020203179	32.580334722700215	0.0
51.0	29.410789915645026	18.240368650670984	19.418852555665676	32.929988878018314	0.0
52.0	29.39044796098867	18.3388312536852	19.279692753900335	32.9910280314258	0.0
53.0	30.268781733168872	17.88117252963356	19.61854858501541	32.23149715218216	0.0
54.0	30.28840636993026	17.940291466384465	19.378817049380984	32.39248511430429	0.0
55.0	28.658589065593056	17.823319211876047	18.88163158616161	34.63646013636929	0.0
56.0	28.657865961930206	18.181818181818183	20.18827684921594	32.972039007035676	0.0
57.0	28.531850656906848	17.994879920425163	19.231222921123354	34.242046501544635	0.0
58.0	29.413771445150473	17.74818347898447	19.129982878950674	33.70806219691438	0.0
59.0	29.488663357023743	17.706908481039697	20.24621447633988	32.55821368559668	0.0
60.0	29.625815091752628	18.28962262646876	19.703139199336768	32.38142308244185	0.0
61.0	29.69218848154183	17.629408069489575	19.36664742778244	33.311756021186156	0.0
62.0	28.830676020408163	17.8609693877551	20.00956632653061	33.29878826530612	0.0
63.0	28.831147295276182	17.87129960042222	19.77415723529168	33.52339586900992	0.0
64.0	28.540857396174186	18.124788712630043	19.42727568457108	33.907078206624696	0.0
65.0	29.266736835390557	17.827640098236213	20.443338755461998	32.46228431091124	0.0
66.0	29.77710155467519	17.820073619005697	20.416515154414906	31.986309671904205	0.0
67.0	28.867439442172614	17.602439537865788	19.154263768652193	34.3758572513094	0.0
68.0	29.430679567052337	17.679334181875024	20.00229680457064	32.887689446502	0.0
69.0	29.391929613005512	17.68798629520811	19.596321143852464	33.323762947933915	0.0
70.0	28.532459577074746	18.082798402225652	19.4336323842826	33.951109636417	0.0
71.0	29.416757067194183	17.505902622678835	20.703209750494544	32.37413055963244	0.0
72.0	29.379857822929562	17.838181052416626	19.924253059870075	32.857708064783736	0.0
73.0	29.812088974546334	17.431148749333904	19.22761516689907	33.529147109220695	0.0
74.0	29.183340034591254	17.882466318201253	20.333531179995788	32.6006624672117	0.0
75.0	30.34567712122953	17.553836530974355	19.192228647289344	32.90825770050677	0.0
76.0	28.720059999680853	18.196179807554216	19.458087988893677	33.625672203871254	0.0
77.0	29.022549191708023	17.835405263073902	20.882179276447026	32.25986626877104	0.0
78.0	30.022629561420587	18.05290019054793	18.42250572122551	33.50196452680598	0.0
79.0	29.54492497342709	17.768258700433144	18.967790123496197	33.71902620264356	0.0
80.0	30.327570576743828	18.031384466093797	19.744570283073074	31.896474674089305	0.0
81.0	29.796307941787674	18.263653688387222	19.59670185496717	32.34333651485793	0.0
82.0	29.689255797323526	17.949675656348962	18.02852691796915	34.332541628358356	0.0
83.0	29.674750028732326	18.266099682028887	19.66855661545927	32.39059367377951	0.0
84.0	30.59626202836363	17.835820419005294	18.880779520972613	32.68713803165846	0.0
85.0	29.30106926090413	17.14265645403838	18.917521000488495	34.63875328456899	0.0
86.0	30.303930114273125	17.244737337841677	20.002426587738707	32.44890596014649	0.0
87.0	29.339808801272106	18.507130039402007	19.84373303702001	32.30932812230588	0.0
88.0	29.351845347196054	17.63026637629883	19.013877624007712	34.0040106524974	0.0
89.0	29.394670958512158	18.064709789495197	19.968577559779277	32.57204169221337	0.0
90.0	29.83106597687935	18.172063613719104	19.76591939707479	32.230951012326756	0.0
91.0	29.753232693235056	18.162163197915238	19.190812732132763	32.89379137671695	0.0
92.0	28.8226426664282	18.32786131302937	20.271280197248235	32.5782158232942	0.0
93.0	29.904213763961508	18.340237565196283	19.34249568019726	32.41305299064495	0.0
94.0	29.53637307354468	17.43320290665176	19.222869919348398	33.807554100455164	0.0
95.0	30.137226967526786	17.89764197049748	20.244172006465256	31.720959055510477	0.0
96.0	29.844552633596567	18.55561092795625	19.31975005750211	32.28008638094508	0.0
97.0	29.495878857580987	18.25698038463996	19.12433710306051	33.122803654718545	0.0
98.0	28.71460154373051	17.681017737565814	21.029813934468127	32.57456678423555	0.0
99.0	29.221607011064215	18.53120377263244	19.13920847564307	33.107980740660274	0.0
100.0	29.298288305018538	18.292979681226427	19.355344804400588	33.05338720935445	0.0
101.0	29.694142408423996	18.150609116372188	20.187627734767275	31.967620740436537	0.0
102.0	29.721099395120444	17.677532631660185	19.245202928890475	33.3561650443289	0.0
103.0	29.071240871205404	17.340276322365344	19.46089732222025	34.127585484209	0.0
104.0	29.953602664209388	17.82175016570477	19.23080653765944	32.993840632426405	0.0
105.0	30.15997587227874	17.990718610450806	19.13516388365509	32.71414163361536	0.0
106.0	28.828805390604167	17.80596946972013	19.662892116371488	33.70233302330421	0.0
107.0	29.703625901908847	17.79679814203515	20.014221781506464	32.485354174549535	0.0
108.0	29.029229742636957	18.464522628845074	20.395726752934095	32.11052087558387	0.0
109.0	28.38306230796221	18.02933566811935	19.72238344925284	33.865218574665604	0.0
110.0	29.19641331071931	17.42233003326365	21.0349859977123	32.34627065830474	0.0
111.0	29.028527751878734	18.39132339908213	19.722662414464516	32.857486434574625	0.0
112.0	28.816851256676458	17.774481986371278	19.018441384276432	34.390225372675836	0.0
113.0	29.998940200831942	17.51748668627295	20.317343613385262	32.16622949950984	0.0
114.0	29.896965448039154	18.33390371701881	18.58708762090196	33.18204321404008	0.0
115.0	29.139006638406784	17.373497027380093	20.094177397424616	33.3933189367885	0.0
116.0	29.99993313362576	17.695182946399914	20.122097999358083	32.18278592061624	0.0
117.0	29.757393234913376	18.236087169408876	19.49037152304999	32.51614807262776	0.0
118.0	29.139899231115923	17.91674794997881	19.437698863827467	33.5056539550778	0.0
119.0	30.46273404007731	17.809138651564876	19.578921805064137	32.14920550329368	0.0
120.0	28.99473511579702	18.331062140511882	19.597068977760344	33.07713376593075	0.0
121.0	29.169477334436134	17.431450779134057	19.489368048893756	33.90970383753606	0.0
122.0	29.55094551200367	17.81640246699628	19.903155104745398	32.729496916254654	0.0
123.0	28.613292896938308	18.425025130765167	19.268055815855384	33.69362615644114	0.0
124.0	29.018627849814884	18.057288586382423	19.035686570786854	33.88839699301584	0.0
125.0	28.65614613951989	18.016374156682915	19.869528085417258	33.45795161837994	0.0
126.0	28.979237861220952	17.903344036176296	19.57622248147651	33.54119562112624	0.0
127.0	29.67369500443659	17.43009353086795	18.908150547064086	33.98806091763138	0.0
128.0	28.734366178645526	17.463467686350302	20.747306185641996	33.05485994936218	0.0
129.0	29.80825364172134	18.10922384076504	18.829575781163125	33.252946736350495	0.0
130.0	29.95504443282802	17.485973166056805	19.338212232096183	33.22077016901899	0.0
131.0	29.802731835530636	17.8831070784459	19.94177024060844	32.37239084541502	0.0
132.0	30.278471073221347	18.25275526515045	18.59839030819709	32.87038335343111	0.0
133.0	29.391899015314984	18.09929785843308	19.362309265597872	33.14649386065407	0.0
134.0	30.1193946721846	17.241196978296045	19.91850000528763	32.720908344231724	0.0
135.0	29.061020078304328	18.07542538630488	19.99200687550178	32.87154765988902	0.0
136.0	28.55195911413969	18.330139125496878	19.070840431572968	34.04706132879046	0.0
137.0	30.545660506404865	17.702440831564097	22.664610079651187	29.087288582379845	0.0
138.0	29.944906634442468	19.88044632418924	19.48789268770535	30.68675435366294	0.0
139.0	30.173737141873374	18.86109636601007	19.54901510695379	31.41615138516276	0.0
140.0	28.565879763497477	20.88961776933811	19.634816509142176	30.909685958022244	0.0
141.0	30.736263379473804	17.01750018939599	20.9551329920598	31.291103439070405	0.0
142.0	26.67030812527582	19.518097566975108	24.03507375762355	29.776520550125525	0.0
143.0	26.645723675857642	18.600930826462168	19.06706956531202	35.68627593236817	0.0
144.0	27.60975964775022	19.03386037371955	18.29442695729699	35.061953021233236	0.0
145.0	27.07683314456907	19.253589565598624	16.620145409374885	37.04943188045742	0.0
146.0	33.07451135879701	14.126540082529331	19.14915488200655	33.64979367666711	0.0
147.0	34.17487319431673	16.020155429656217	21.90623794975232	27.89873342627473	0.0
148.0	31.2037926885561	16.885106962595252	20.35278360032993	31.558316748518717	0.0
149.0	32.735828099440596	16.755457721590563	22.42744915887473	28.081265020094108	0.0
150.0	26.854955989284345	18.443679040693965	25.04247990815155	29.658885061870137	0.0
