#Position (bp)	Coverage
38.0	2305.9066666666668
113.0	3866.0666666666666
188.0	4056.2933333333335
263.0	3551.4
338.0	10716.746666666666
413.0	10006.853333333333
488.0	9256.12
563.0	9839.453333333333
638.0	9142.64
713.0	13465.853333333333
788.0	8865.373333333333
863.0	7331.706666666667
938.0	10235.546666666667
1013.0	12011.466666666667
1088.0	5771.786666666667
1163.0	7811.16
1238.0	7145.693333333334
1313.0	5759.28
1388.0	3010.306666666667
1463.0	3056.173333333333
1538.0	3792.2
1613.0	8226.68
1688.0	5789.8
1763.0	6304.96
1838.0	7144.173333333333
1913.0	17050.8
1988.0	10193.08
2063.0	11829.32
2138.0	9583.533333333333
2213.0	11123.586666666666
2288.0	3315.72
2363.0	2877.2933333333335
2438.0	3325.84
2513.0	8748.906666666666
2588.0	9602.733333333334
2663.0	10947.853333333333
2738.0	9597.56
2813.0	10843.146666666667
2888.0	15479.253333333334
2963.0	7723.373333333333
3038.0	6730.626666666667
3113.0	7349.1466666666665
3188.0	13189.28
3263.0	5263.573333333334
3338.0	6977.68
3413.0	5523.613333333334
3488.0	8683.253333333334
3563.0	3587.88
3638.0	3163.96
3713.0	3691.213333333333
3788.0	7968.88
3863.0	4500.68
3938.0	6239.946666666667
4013.0	5256.0
4088.0	15863.8
4163.0	18501.226666666666
4238.0	13811.92
4313.0	22330.106666666667
4388.0	17563.28
4463.0	14962.493333333334
4538.0	10634.493333333334
4613.0	12196.773333333333
4688.0	15629.386666666667
4763.0	6317.92
4838.0	9098.84
4913.0	6882.48
4988.0	8668.413333333334
5063.0	1232.7866666666666
5138.0	1470.4
5213.0	1450.9333333333334
5288.0	8418.226666666667
5363.0	9715.32
5438.0	9797.8
5513.0	9333.6
5588.0	17418.18666666667
5663.0	8275.226666666667
5738.0	11277.626666666667
5813.0	8043.6
5888.0	9150.666666666666
5963.0	3204.2533333333336
6038.0	1097.8533333333332
6113.0	1888.2266666666667
6188.0	14803.266666666666
6263.0	14137.746666666666
6338.0	14044.266666666666
6413.0	12850.506666666666
6488.0	19690.613333333335
6563.0	6216.1466666666665
6638.0	5465.173333333333
6713.0	6231.7733333333335
6788.0	4299.746666666667
6863.0	4531.32
6938.0	229.0
7013.0	776.3333333333334
7088.0	6619.133333333333
7163.0	4663.1466666666665
7238.0	4274.266666666666
7313.0	6235.973333333333
7388.0	9289.986666666666
7463.0	5429.253333333333
7538.0	5300.066666666667
7613.0	6468.1466666666665
7688.0	6120.64
7763.0	3980.2
7838.0	3560.04
7913.0	3180.786666666667
7988.0	13392.026666666667
8063.0	4707.906666666667
8138.0	6774.8533333333335
8213.0	5188.173333333333
8288.0	9976.546666666667
8363.0	1641.5733333333333
8438.0	1501.2933333333333
8513.0	1478.12
8588.0	1719.8
8663.0	5744.493333333333
8738.0	4811.013333333333
8813.0	5124.653333333334
8888.0	5793.8533333333335
8963.0	12912.573333333334
9038.0	5914.08
9113.0	7754.2
9188.0	11958.133333333333
9263.0	31914.613333333335
9338.0	25348.72
9413.0	32855.36
9488.0	36530.2
9563.0	39877.253333333334
9638.0	29805.066666666666
9713.0	26864.68
9788.0	30647.533333333333
9863.0	30621.426666666666
9938.0	22445.706666666665
10013.0	20765.946666666667
10088.0	26849.373333333333
10163.0	16812.08
10238.0	6269.506666666667
10313.0	7493.826666666667
10388.0	20415.36
10463.0	20848.226666666666
10538.0	18725.466666666667
10613.0	18067.64
10688.0	28652.426666666666
10763.0	26842.493333333332
10838.0	17450.693333333333
10913.0	23602.746666666666
10988.0	28246.386666666665
11063.0	32958.986666666664
11138.0	24551.013333333332
11213.0	29699.44
11288.0	29643.88
11363.0	43622.013333333336
11438.0	16208.36
11513.0	18459.706666666665
11588.0	28249.306666666667
11663.0	22172.893333333333
11738.0	12433.786666666667
11813.0	9439.893333333333
11888.0	15183.8
11963.0	8944.04
12038.0	7161.1466666666665
12113.0	11004.786666666667
12188.0	14933.306666666667
12263.0	7775.933333333333
12338.0	7752.133333333333
12413.0	11843.84
12488.0	14660.12
12563.0	9573.866666666667
12638.0	9041.68
12713.0	13747.72
12788.0	16257.026666666667
12863.0	9274.373333333333
12938.0	9741.84
13013.0	30356.68
13088.0	31902.226666666666
13163.0	46087.13333333333
13238.0	33097.48
13313.0	35402.68
13388.0	31074.946666666667
13463.0	12620.186666666666
13538.0	15070.026666666667
13613.0	14083.053333333333
13688.0	16909.066666666666
13763.0	16863.786666666667
13838.0	15080.386666666667
13913.0	15270.226666666667
13988.0	11653.84
14063.0	5959.586666666667
14138.0	6514.0
14213.0	11532.933333333332
14288.0	9832.866666666667
14363.0	9901.413333333334
14438.0	6152.08
14513.0	8926.466666666667
14588.0	15218.053333333333
14663.0	6209.133333333333
14738.0	8197.893333333333
14813.0	7203.413333333333
14888.0	11005.853333333333
14963.0	3655.2266666666665
15038.0	3535.44
15113.0	4279.24
15188.0	9676.36
15263.0	8171.893333333333
15338.0	8793.226666666667
15413.0	8896.706666666667
15488.0	14130.733333333334
15563.0	10043.946666666667
15638.0	8929.8
15713.0	8696.266666666666
15788.0	6950.026666666667
15863.0	15930.573333333334
15938.0	9397.506666666666
16013.0	9731.906666666666
16088.0	8957.133333333333
16163.0	14090.08
16238.0	6032.093333333333
16313.0	4909.293333333333
16388.0	4650.346666666666
16463.0	6803.546666666667
16538.0	1515.2533333333333
16613.0	1241.92
16688.0	1682.9066666666668
16763.0	10566.28
16838.0	17966.266666666666
16913.0	17693.786666666667
16988.0	20578.106666666667
17063.0	20277.306666666667
17138.0	27251.826666666668
17213.0	15377.426666666666
17288.0	13569.773333333333
17363.0	8420.653333333334
17438.0	19517.706666666665
17513.0	6192.666666666667
17588.0	5906.066666666667
17663.0	6407.866666666667
17738.0	12879.853333333333
17813.0	5412.6
17888.0	7683.386666666666
17963.0	8531.293333333333
18038.0	9453.573333333334
18113.0	11125.653333333334
18188.0	8938.48
18263.0	12362.786666666667
18338.0	13277.32
18413.0	10503.666666666666
18488.0	10837.826666666666
18563.0	8239.293333333333
18638.0	19669.72
18713.0	9516.053333333333
18788.0	10195.586666666666
18863.0	8666.306666666667
18938.0	15357.386666666667
19013.0	6224.92
19088.0	8243.013333333334
19163.0	5778.426666666666
19238.0	7929.6
19313.0	819.5866666666667
19388.0	7.253333333333333
19463.0	8.906666666666666
19538.0	413.84
19613.0	2659.5866666666666
19688.0	2501.6666666666665
19763.0	2400.32
19838.0	3680.32
19913.0	6999.986666666667
19988.0	3103.1066666666666
20063.0	5054.013333333333
20138.0	3846.2266666666665
20213.0	4005.32
20288.0	3999.346666666667
20363.0	3676.8933333333334
20438.0	4337.946666666667
20513.0	12340.893333333333
20588.0	9429.146666666667
20663.0	11409.546666666667
20738.0	9062.08
20813.0	16952.81333333333
20888.0	9030.413333333334
20963.0	6046.84
21038.0	6452.426666666666
21113.0	7152.346666666666
21188.0	731.1466666666666
21263.0	297.38666666666666
21338.0	313.3466666666667
21413.0	1014.24
21488.0	652.0666666666667
21563.0	505.7866666666667
21638.0	1337.24
21713.0	5852.68
21788.0	5750.373333333333
21863.0	4669.026666666667
21938.0	4825.573333333334
22013.0	6417.12
22088.0	3448.5066666666667
22163.0	2912.733333333333
22238.0	3265.346666666667
22313.0	3067.68
22388.0	233.77333333333334
22463.0	306.6666666666667
22538.0	3928.826666666667
22613.0	4607.64
22688.0	6870.92
22763.0	5827.586666666667
22838.0	14750.586666666666
22913.0	13769.973333333333
22988.0	13620.546666666667
23063.0	16565.306666666667
23138.0	15761.306666666667
23213.0	14736.973333333333
23288.0	11661.853333333333
23363.0	11085.786666666667
23438.0	10838.386666666667
23513.0	11199.8
23588.0	3182.4266666666667
23663.0	3266.56
23738.0	3495.2
23813.0	4364.546666666667
23888.0	3651.6666666666665
23963.0	2375.5733333333333
24038.0	3114.4266666666667
24113.0	6554.76
24188.0	4864.333333333333
24263.0	4936.866666666667
24338.0	3621.653333333333
24413.0	8602.373333333333
24488.0	3942.0933333333332
24563.0	4578.76
24638.0	3918.36
24713.0	14352.653333333334
24788.0	11197.12
24863.0	9829.066666666668
24938.0	12079.866666666667
25013.0	19696.146666666667
25088.0	11618.933333333332
25163.0	11390.04
25238.0	11958.533333333333
25313.0	17131.8
25388.0	9607.186666666666
25463.0	9140.2
25538.0	7740.0
25613.0	18431.2
25688.0	7715.426666666666
25763.0	7378.093333333333
25838.0	9454.706666666667
25913.0	10185.773333333333
25988.0	10123.76
26063.0	9760.826666666666
26138.0	5967.573333333334
26213.0	10933.013333333334
26288.0	12119.866666666667
26363.0	7343.56
26438.0	7354.48
26513.0	10461.026666666667
26588.0	14937.693333333333
26663.0	8961.253333333334
26738.0	8614.106666666667
26813.0	10477.56
26888.0	23267.36
26963.0	12791.72
27038.0	11222.706666666667
27113.0	12892.506666666666
27188.0	20880.18666666667
27263.0	9865.546666666667
27338.0	8677.333333333334
27413.0	10114.16
27488.0	10051.706666666667
27563.0	96.45333333333333
27638.0	116.58666666666667
27713.0	85.76
27788.0	363.5733333333333
27863.0	522.4533333333334
27938.0	516.4933333333333
28013.0	649.2133333333334
28088.0	4569.893333333333
28163.0	6411.693333333334
28238.0	6318.266666666666
28313.0	6883.08
28388.0	13883.706666666667
28463.0	18951.453333333335
28538.0	12930.4
28613.0	16848.333333333332
28688.0	16819.826666666668
28763.0	14119.48
28838.0	9464.56
28913.0	9627.52
28988.0	11928.8
29063.0	16952.213333333333
29138.0	13836.093333333334
29213.0	13299.613333333333
29288.0	13307.32
29363.0	9310.08
29438.0	76.08
29513.0	225.38666666666666
29588.0	273.9066666666667
29663.0	268.05333333333334
29738.0	143.22666666666666
29813.0	118.02666666666667
29877.0	2.4339622641509435
