#Coverage	Number of genomic locations
0.0	26677.0
1.0	323.0
2.0	263.0
3.0	4.0
4.0	3.0
5.0	2.0
7.0	2.0
8.0	6.0
10.0	1.0
11.0	4.0
12.0	1.0
13.0	3.0
14.0	1.0
15.0	1.0
16.0	3.0
17.0	1.0
18.0	4.0
19.0	3.0
23.0	3.0
24.0	1.0
26.0	1.0
28.0	9.0
29.0	1.0
32.0	2.0
33.0	3.0
34.0	1.0
35.0	3.0
36.0	1.0
40.0	6.0
41.0	1.0
42.0	2.0
43.0	3.0
44.0	5.0
46.0	5.0
47.0	1.0
48.0	1.0
49.0	1.0
52.0	3.0
53.0	8.0
54.0	2.0
55.0	5.0
58.0	10.0
59.0	5.0
60.0	4.0
61.0	13.0
62.0	2.0
63.0	7.0
65.0	7.0
66.0	4.0
67.0	9.0
68.0	4.0
69.0	1.0
70.0	2.0
71.0	5.0
72.0	2.0
73.0	3.0
75.0	3.0
76.0	2.0
77.0	8.0
78.0	1.0
79.0	1.0
80.0	4.0
82.0	4.0
83.0	4.0
84.0	5.0
85.0	2.0
86.0	1.0
87.0	7.0
88.0	4.0
89.0	4.0
90.0	9.0
91.0	1.0
92.0	4.0
93.0	1.0
95.0	5.0
96.0	13.0
97.0	6.0
98.0	4.0
99.0	14.0
100.0	4.0
101.0	4.0
102.0	4.0
104.0	3.0
105.0	8.0
106.0	5.0
107.0	11.0
108.0	2.0
109.0	2.0
110.0	3.0
111.0	6.0
112.0	12.0
113.0	11.0
114.0	1.0
115.0	6.0
116.0	8.0
117.0	7.0
118.0	2.0
119.0	9.0
120.0	8.0
121.0	6.0
122.0	3.0
123.0	18.0
124.0	7.0
125.0	5.0
126.0	6.0
127.0	8.0
128.0	4.0
129.0	6.0
130.0	5.0
131.0	6.0
132.0	8.0
133.0	6.0
135.0	10.0
136.0	8.0
137.0	3.0
138.0	2.0
139.0	7.0
140.0	8.0
142.0	7.0
143.0	2.0
144.0	3.0
145.0	13.0
146.0	2.0
148.0	1.0
149.0	4.0
150.0	1.0
151.0	5.0
152.0	2.0
153.0	3.0
154.0	4.0
156.0	4.0
157.0	12.0
158.0	9.0
159.0	1.0
161.0	4.0
162.0	2.0
163.0	2.0
164.0	2.0
167.0	3.0
169.0	1.0
172.0	1.0
173.0	1.0
174.0	1.0
175.0	2.0
176.0	1.0
183.0	1.0
185.0	1.0
186.0	2.0
187.0	2.0
189.0	3.0
190.0	3.0
191.0	5.0
192.0	2.0
193.0	1.0
196.0	1.0
197.0	3.0
198.0	2.0
199.0	2.0
200.0	5.0
201.0	2.0
202.0	3.0
205.0	2.0
206.0	1.0
207.0	4.0
208.0	2.0
209.0	1.0
210.0	8.0
211.0	2.0
212.0	2.0
214.0	6.0
215.0	2.0
216.0	2.0
217.0	2.0
221.0	3.0
222.0	7.0
223.0	1.0
224.0	1.0
225.0	3.0
226.0	1.0
227.0	1.0
228.0	4.0
229.0	5.0
232.0	2.0
233.0	1.0
234.0	2.0
235.0	1.0
236.0	2.0
237.0	5.0
238.0	5.0
239.0	2.0
240.0	1.0
241.0	1.0
242.0	2.0
243.0	7.0
244.0	3.0
245.0	3.0
246.0	4.0
247.0	1.0
249.0	1.0
250.0	6.0
251.0	5.0
252.0	3.0
253.0	7.0
254.0	4.0
256.0	2.0
257.0	2.0
258.0	2.0
259.0	6.0
261.0	1.0
262.0	5.0
263.0	1.0
264.0	1.0
265.0	4.0
266.0	2.0
267.0	4.0
268.0	1.0
269.0	2.0
270.0	3.0
271.0	2.0
272.0	1.0
273.0	5.0
274.0	1.0
279.0	2.0
280.0	4.0
281.0	6.0
282.0	1.0
283.0	3.0
284.0	8.0
285.0	2.0
286.0	3.0
287.0	1.0
288.0	6.0
289.0	7.0
290.0	4.0
291.0	2.0
292.0	4.0
293.0	6.0
294.0	2.0
295.0	2.0
296.0	3.0
297.0	1.0
298.0	3.0
299.0	2.0
300.0	3.0
301.0	4.0
302.0	1.0
303.0	6.0
304.0	1.0
305.0	3.0
306.0	2.0
307.0	3.0
308.0	3.0
309.0	3.0
310.0	2.0
311.0	3.0
312.0	7.0
313.0	4.0
314.0	2.0
315.0	4.0
316.0	1.0
317.0	13.0
318.0	7.0
319.0	5.0
320.0	2.0
321.0	1.0
322.0	8.0
323.0	5.0
324.0	2.0
325.0	2.0
326.0	6.0
327.0	5.0
328.0	6.0
329.0	3.0
330.0	1.0
332.0	2.0
333.0	4.0
334.0	8.0
335.0	5.0
336.0	4.0
337.0	1.0
338.0	4.0
339.0	7.0
340.0	3.0
341.0	3.0
342.0	4.0
343.0	6.0
344.0	4.0
345.0	5.0
346.0	2.0
347.0	2.0
348.0	4.0
349.0	2.0
350.0	2.0
351.0	6.0
352.0	5.0
353.0	5.0
355.0	2.0
357.0	3.0
359.0	3.0
360.0	5.0
361.0	1.0
362.0	1.0
363.0	1.0
364.0	4.0
366.0	1.0
367.0	7.0
368.0	3.0
369.0	2.0
370.0	3.0
372.0	1.0
373.0	2.0
374.0	4.0
375.0	1.0
376.0	4.0
378.0	2.0
380.0	3.0
382.0	1.0
383.0	1.0
384.0	5.0
387.0	2.0
391.0	2.0
392.0	1.0
393.0	4.0
394.0	2.0
396.0	1.0
398.0	3.0
399.0	3.0
400.0	1.0
401.0	4.0
402.0	4.0
404.0	3.0
407.0	1.0
409.0	4.0
413.0	3.0
415.0	3.0
416.0	1.0
417.0	1.0
420.0	1.0
422.0	2.0
424.0	1.0
425.0	1.0
427.0	1.0
428.0	1.0
429.0	3.0
430.0	1.0
432.0	3.0
435.0	4.0
436.0	2.0
437.0	2.0
440.0	4.0
441.0	2.0
442.0	1.0
443.0	5.0
444.0	1.0
445.0	3.0
446.0	1.0
447.0	1.0
448.0	2.0
449.0	4.0
450.0	1.0
451.0	1.0
452.0	3.0
457.0	1.0
461.0	5.0
462.0	1.0
463.0	6.0
464.0	1.0
465.0	2.0
466.0	2.0
467.0	1.0
468.0	2.0
469.0	3.0
470.0	1.0
472.0	1.0
473.0	5.0
474.0	4.0
475.0	1.0
476.0	2.0
477.0	2.0
478.0	1.0
482.0	1.0
484.0	1.0
486.0	3.0
487.0	3.0
488.0	2.0
489.0	5.0
490.0	2.0
491.0	1.0
492.0	1.0
493.0	1.0
494.0	1.0
498.0	1.0
499.0	1.0
502.0	1.0
503.0	3.0
507.0	2.0
508.0	3.0
509.0	1.0
511.0	2.0
512.0	8.0
513.0	3.0
516.0	2.0
517.0	3.0
518.0	4.0
519.0	2.0
520.0	1.0
521.0	1.0
522.0	5.0
524.0	3.0
525.0	2.0
526.0	1.0
527.0	1.0
528.0	2.0
529.0	1.0
532.0	1.0
533.0	2.0
534.0	2.0
535.0	1.0
536.0	2.0
537.0	1.0
538.0	3.0
539.0	2.0
540.0	4.0
541.0	2.0
542.0	6.0
543.0	3.0
544.0	1.0
545.0	2.0
546.0	1.0
547.0	5.0
548.0	3.0
550.0	2.0
551.0	4.0
552.0	2.0
553.0	2.0
554.0	1.0
555.0	1.0
556.0	5.0
557.0	2.0
558.0	1.0
560.0	4.0
561.0	9.0
562.0	2.0
563.0	3.0
564.0	4.0
565.0	3.0
566.0	1.0
567.0	2.0
569.0	1.0
570.0	1.0
572.0	3.0
573.0	4.0
574.0	8.0
575.0	2.0
576.0	2.0
577.0	3.0
578.0	4.0
579.0	1.0
580.0	2.0
581.0	3.0
582.0	1.0
583.0	2.0
584.0	1.0
585.0	2.0
586.0	5.0
587.0	1.0
588.0	2.0
589.0	4.0
590.0	2.0
591.0	5.0
594.0	5.0
595.0	2.0
596.0	5.0
597.0	4.0
598.0	2.0
599.0	2.0
600.0	1.0
602.0	1.0
603.0	1.0
604.0	5.0
605.0	3.0
607.0	2.0
609.0	1.0
610.0	3.0
611.0	3.0
612.0	4.0
614.0	2.0
615.0	2.0
616.0	1.0
617.0	1.0
618.0	1.0
619.0	2.0
620.0	1.0
622.0	2.0
624.0	7.0
626.0	1.0
628.0	1.0
629.0	2.0
630.0	1.0
631.0	2.0
632.0	3.0
633.0	3.0
634.0	2.0
636.0	1.0
637.0	1.0
638.0	1.0
639.0	1.0
643.0	1.0
644.0	3.0
645.0	2.0
646.0	3.0
647.0	1.0
648.0	1.0
649.0	2.0
651.0	5.0
652.0	4.0
653.0	4.0
654.0	2.0
655.0	5.0
656.0	3.0
657.0	3.0
658.0	2.0
659.0	4.0
660.0	1.0
661.0	8.0
662.0	4.0
663.0	3.0
664.0	2.0
667.0	2.0
668.0	4.0
670.0	2.0
672.0	1.0
675.0	2.0
676.0	2.0
677.0	1.0
679.0	2.0
680.0	2.0
682.0	2.0
683.0	1.0
684.0	1.0
685.0	3.0
686.0	1.0
688.0	2.0
689.0	2.0
691.0	2.0
693.0	3.0
694.0	2.0
696.0	1.0
698.0	1.0
700.0	2.0
702.0	3.0
703.0	3.0
704.0	2.0
707.0	1.0
708.0	2.0
709.0	1.0
711.0	2.0
712.0	1.0
713.0	1.0
714.0	2.0
715.0	2.0
716.0	2.0
718.0	1.0
719.0	1.0
720.0	2.0
721.0	1.0
722.0	1.0
724.0	1.0
727.0	2.0
729.0	1.0
730.0	1.0
731.0	1.0
732.0	1.0
733.0	3.0
734.0	1.0
735.0	1.0
736.0	2.0
737.0	1.0
740.0	7.0
741.0	2.0
742.0	2.0
743.0	2.0
745.0	3.0
746.0	3.0
747.0	4.0
748.0	2.0
751.0	1.0
753.0	3.0
754.0	4.0
757.0	3.0
760.0	1.0
761.0	2.0
762.0	6.0
763.0	1.0
765.0	5.0
766.0	4.0
767.0	1.0
768.0	1.0
769.0	2.0
774.0	1.0
782.0	2.0
783.0	3.0
784.0	2.0
786.0	2.0
787.0	1.0
788.0	1.0
789.0	2.0
794.0	1.0
795.0	3.0
802.0	1.0
804.0	5.0
806.0	1.0
812.0	1.0
814.0	3.0
817.0	1.0
818.0	2.0
819.0	2.0
820.0	2.0
821.0	2.0
823.0	1.0
824.0	1.0
825.0	4.0
826.0	1.0
827.0	2.0
828.0	1.0
829.0	3.0
833.0	1.0
834.0	2.0
836.0	3.0
838.0	1.0
841.0	1.0
844.0	1.0
846.0	2.0
847.0	1.0
849.0	2.0
850.0	1.0
851.0	3.0
852.0	6.0
854.0	2.0
855.0	2.0
858.0	1.0
859.0	3.0
860.0	4.0
861.0	1.0
862.0	4.0
863.0	1.0
866.0	3.0
867.0	1.0
868.0	1.0
870.0	1.0
873.0	2.0
876.0	2.0
878.0	1.0
879.0	1.0
880.0	2.0
882.0	4.0
883.0	5.0
884.0	2.0
885.0	6.0
886.0	2.0
887.0	1.0
888.0	1.0
889.0	1.0
890.0	1.0
891.0	1.0
893.0	5.0
894.0	2.0
895.0	5.0
896.0	2.0
897.0	3.0
898.0	6.0
899.0	2.0
900.0	1.0
901.0	2.0
903.0	4.0
904.0	4.0
905.0	2.0
906.0	1.0
909.0	1.0
911.0	2.0
913.0	3.0
914.0	1.0
915.0	4.0
916.0	1.0
917.0	4.0
918.0	2.0
920.0	4.0
921.0	1.0
922.0	4.0
923.0	4.0
924.0	2.0
925.0	3.0
926.0	1.0
927.0	4.0
929.0	2.0
930.0	6.0
931.0	2.0
932.0	2.0
933.0	1.0
934.0	3.0
935.0	1.0
936.0	1.0
937.0	1.0
938.0	2.0
939.0	2.0
940.0	4.0
941.0	5.0
942.0	5.0
943.0	4.0
944.0	4.0
945.0	2.0
946.0	2.0
947.0	4.0
948.0	2.0
949.0	4.0
950.0	7.0
951.0	1.0
952.0	7.0
953.0	2.0
954.0	5.0
955.0	9.0
956.0	3.0
957.0	6.0
958.0	3.0
959.0	4.0
960.0	4.0
961.0	4.0
962.0	10.0
963.0	2.0
964.0	5.0
965.0	1.0
966.0	3.0
967.0	3.0
968.0	1.0
969.0	1.0
970.0	1.0
972.0	3.0
973.0	4.0
974.0	4.0
975.0	3.0
977.0	5.0
978.0	4.0
979.0	2.0
980.0	5.0
981.0	3.0
982.0	1.0
983.0	1.0
984.0	2.0
985.0	1.0
986.0	1.0
987.0	2.0
988.0	2.0
989.0	3.0
990.0	3.0
991.0	3.0
992.0	1.0
994.0	3.0
995.0	1.0
996.0	1.0
997.0	4.0
998.0	1.0
999.0	3.0
1000.0	5.0
1001.0	3.0
1002.0	5.0
1003.0	4.0
1004.0	1.0
1005.0	2.0
1006.0	2.0
1007.0	5.0
1008.0	3.0
1009.0	2.0
1010.0	3.0
1013.0	2.0
1014.0	2.0
1015.0	7.0
1016.0	4.0
1017.0	5.0
1018.0	10.0
1019.0	3.0
1020.0	2.0
1021.0	4.0
1022.0	3.0
1023.0	2.0
1024.0	4.0
1025.0	4.0
1026.0	1.0
1027.0	1.0
1028.0	5.0
1029.0	1.0
1030.0	5.0
1031.0	1.0
1032.0	6.0
1033.0	1.0
1034.0	4.0
1035.0	3.0
1036.0	3.0
1037.0	2.0
1038.0	4.0
1039.0	1.0
1040.0	6.0
1041.0	1.0
1042.0	3.0
1044.0	2.0
1045.0	1.0
1046.0	6.0
1047.0	3.0
1048.0	2.0
1049.0	5.0
1050.0	7.0
1051.0	3.0
1053.0	3.0
1056.0	1.0
1057.0	3.0
1059.0	1.0
1060.0	2.0
1061.0	2.0
1062.0	1.0
1064.0	3.0
1065.0	2.0
1066.0	1.0
1067.0	1.0
1068.0	3.0
1069.0	2.0
1070.0	1.0
1071.0	2.0
1072.0	3.0
1073.0	2.0
1076.0	2.0
1078.0	1.0
1079.0	2.0
1081.0	1.0
1082.0	6.0
1083.0	2.0
1084.0	3.0
1086.0	1.0
1087.0	1.0
1088.0	4.0
1089.0	4.0
1091.0	2.0
1092.0	2.0
1094.0	2.0
1097.0	2.0
1098.0	1.0
1100.0	1.0
1101.0	1.0
1103.0	1.0
1105.0	3.0
1106.0	2.0
1107.0	1.0
1108.0	1.0
1109.0	2.0
1110.0	1.0
1111.0	1.0
1112.0	2.0
1113.0	3.0
1114.0	2.0
1115.0	3.0
1116.0	2.0
1117.0	1.0
1118.0	1.0
1119.0	4.0
1120.0	2.0
1121.0	1.0
1122.0	4.0
1123.0	3.0
1125.0	2.0
1126.0	6.0
1128.0	1.0
1129.0	2.0
1131.0	1.0
1132.0	1.0
1133.0	1.0
1134.0	1.0
1136.0	2.0
1137.0	2.0
1139.0	2.0
1140.0	2.0
1141.0	3.0
1142.0	2.0
1143.0	3.0
1145.0	2.0
1146.0	1.0
1148.0	3.0
1149.0	2.0
1150.0	3.0
1151.0	3.0
1152.0	1.0
1153.0	2.0
1154.0	2.0
1155.0	1.0
1156.0	2.0
1157.0	1.0
1160.0	1.0
1161.0	1.0
1162.0	3.0
1164.0	1.0
1166.0	4.0
1167.0	2.0
1168.0	1.0
1170.0	1.0
1171.0	1.0
1172.0	2.0
1173.0	7.0
1174.0	1.0
1177.0	3.0
1178.0	1.0
1179.0	1.0
1180.0	1.0
1182.0	3.0
1184.0	1.0
1185.0	4.0
1186.0	2.0
1189.0	1.0
1190.0	2.0
1191.0	2.0
1192.0	2.0
1197.0	2.0
1203.0	1.0
1206.0	3.0
1207.0	1.0
1208.0	1.0
1209.0	1.0
1210.0	1.0
1212.0	1.0
1215.0	1.0
1223.0	1.0
1229.0	1.0
1232.0	1.0
1251.0	1.0
1254.0	1.0
1257.0	1.0
1258.0	1.0
1264.0	2.0
1265.0	1.0
1271.0	1.0
1272.0	1.0
