#Read position (bp)	Clipping profile
0.0	36.28477790949027
1.0	0.7865560281709782
2.0	0.7206610417683564
3.0	0.6732445436162052
4.0	0.6286172512377101
5.0	0.5846872603026289
6.0	0.5669060734955721
7.0	0.5581898054528972
8.0	0.5452897287497385
9.0	0.5383167143155987
10.0	0.5289031448295097
11.0	0.5215814796736629
12.0	0.5090300536922112
13.0	0.49961648420612226
14.0	0.4912488668851545
15.0	0.48462450317272154
16.0	0.4671919670873719
17.0	0.4521999860539711
18.0	0.43372149780350044
19.0	0.41594031099644374
20.0	0.40443483718011297
21.0	0.39397531552890314
22.0	0.38351579387769336
23.0	0.3741022243916045
24.0	0.3594588940799108
25.0	0.35178857820235687
26.0	0.343420960881389
27.0	0.33505334356042116
28.0	0.3256397740743323
29.0	0.3155289031448295
30.0	0.9124189387072033
31.0	0.8214211003416776
32.0	1.036189944913186
33.0	0.9019594170559933
34.0	0.9765706715012901
35.0	0.9103270343769612
36.0	0.7820235687887873
37.0	1.084652395230458
38.0	1.0421170071822048
39.0	0.9964437626385887
40.0	1.0497873230597587
41.0	0.6122306673174813
42.0	0.8486158566348233
43.0	0.7032285056830068
44.0	0.801199358482672
45.0	0.8113102294121748
46.0	0.4480161773934872
47.0	1.1801826929781745
48.0	0.6756850986681542
49.0	0.631755107733073
50.0	0.631755107733073
51.0	0.4121051530576668
52.0	0.6725472421727913
53.0	0.49508402482393143
54.0	0.5857332124677498
55.0	0.6007251935011506
56.0	0.5899170211282337
57.0	0.6735931943379123
58.0	0.6136252702043093
59.0	0.45882434976640396
60.0	1.041768356460498
61.0	0.4696325221393208
62.0	0.30018827138972176
63.0	1.2966320340283104
64.0	0.7931803918834113
65.0	0.6589498640262186
66.0	0.44243776584617533
67.0	0.33749389861237017
68.0	0.5641168677219162
69.0	0.6680147827906004
70.0	0.4912488668851545
71.0	0.6648769262952374
72.0	0.3831671431559863
73.0	0.5079841015270902
74.0	0.3664319085140506
75.0	0.3612021476884457
76.0	0.3566696883062548
77.0	0.33086953489993726
78.0	0.10145736001673523
79.0	0.10598981939892616
80.0	0.05996792413360296
81.0	0.06415173279408688
82.0	0.07182204867164076
83.0	0.07600585733212468
84.0	0.05787601980336099
85.0	0.06275712990725892
86.0	0.06728958928944984
87.0	0.07321665155846872
88.0	0.07705180949724566
89.0	0.08158426887943658
90.0	0.08681402970504148
91.0	0.09030053692211143
92.0	0.09901680496478626
93.0	0.1042465657903912
94.0	0.10633847012063313
95.0	0.11087092950282408
96.0	0.11784394393696396
97.0	0.12272505404086187
98.0	0.12934941775329473
99.0	0.13527648002231366
100.0	0.13911163796109058
101.0	0.14469004950840247
102.0	0.15201171466424937
103.0	0.1558468726030263
104.0	0.1544522697161983
105.0	0.16247123631545915
106.0	0.16979290147130605
107.0	0.172233456523255
108.0	0.1778118680705669
109.0	0.1844362317829998
110.0	0.1900146433303117
111.0	0.19280384910396767
112.0	0.19803360992957253
113.0	0.2001255142598145
114.0	0.20779583013736838
115.0	0.21093368663273132
116.0	0.21755805034516423
117.0	0.22313646189247613
118.0	0.23080677777003
119.0	0.23394463426539294
120.0	0.23812844292587687
121.0	0.2409176486995328
122.0	0.24545010808172374
123.0	0.2531204239592776
124.0	0.25660693117634753
125.0	0.26253399344536643
126.0	0.2698556586012133
127.0	0.27299351509657627
128.0	0.28415033819120006
129.0	0.29705041489435885
130.0	0.30716128582386165
131.0	0.3249424726309183
132.0	0.33888850149919814
133.0	0.35109127675894286
134.0	0.3535318318108919
135.0	0.36085349696673874
136.0	0.3702670664528276
137.0	0.37758873160867445
138.0	0.3786346837737954
139.0	0.38281849243427934
140.0	0.3842130953211073
141.0	0.3901401575901262
142.0	0.40443483718011297
143.0	0.4121051530576668
144.0	0.42047277037863473
145.0	0.4403458615159333
146.0	0.4671919670873719
147.0	0.49578132626734533
148.0	0.52193013039537
149.0	0.510076005857332
150.0	0.39362666480719616
