#Position (bp)	Coverage
38.0	29.56
113.0	170.17333333333335
188.0	219.09333333333333
263.0	185.97333333333333
338.0	234.84
413.0	46.93333333333333
488.0	18.24
563.0	18.946666666666665
638.0	25.386666666666667
713.0	74.12
788.0	83.42666666666666
863.0	65.65333333333334
938.0	85.17333333333333
1013.0	47.96
1088.0	31.173333333333332
1163.0	43.653333333333336
1238.0	40.6
1313.0	20.626666666666665
1388.0	9.48
1463.0	7.173333333333333
1538.0	9.866666666666667
1613.0	27.973333333333333
1688.0	28.2
1763.0	30.8
1838.0	23.04
1913.0	70.68
1988.0	68.0
2063.0	47.013333333333335
2138.0	38.45333333333333
2213.0	23.013333333333332
2288.0	33.93333333333333
2363.0	29.786666666666665
2438.0	48.14666666666667
2513.0	30.96
2588.0	35.50666666666667
2663.0	33.32
2738.0	30.48
2813.0	31.933333333333334
2888.0	38.38666666666666
2963.0	34.64
3038.0	39.946666666666665
3113.0	46.586666666666666
3188.0	44.82666666666667
3263.0	51.82666666666667
3338.0	62.29333333333334
3413.0	58.6
3488.0	36.82666666666667
3563.0	12.906666666666666
3638.0	10.293333333333333
3713.0	15.306666666666667
3788.0	15.746666666666666
3863.0	14.986666666666666
3938.0	15.52
4013.0	17.826666666666668
4088.0	93.18666666666667
4163.0	191.06666666666666
4238.0	224.84
4313.0	241.96
4388.0	211.77333333333334
4463.0	138.09333333333333
4538.0	83.44
4613.0	61.333333333333336
4688.0	24.773333333333333
4763.0	12.706666666666667
4838.0	13.346666666666666
4913.0	13.186666666666667
4988.0	10.453333333333333
5063.0	6.386666666666667
5138.0	6.0
5213.0	6.8
5288.0	7.986666666666666
5363.0	9.96
5438.0	19.866666666666667
5513.0	17.373333333333335
5588.0	65.02666666666667
5663.0	114.58666666666667
5738.0	145.68
5813.0	66.89333333333333
5888.0	45.61333333333334
5963.0	23.213333333333335
6038.0	17.613333333333333
6113.0	19.506666666666668
6188.0	343.37333333333333
6263.0	603.6
6338.0	558.2
6413.0	584.2666666666667
6488.0	462.61333333333334
6563.0	73.10666666666667
6638.0	43.333333333333336
6713.0	39.053333333333335
6788.0	23.8
6863.0	19.626666666666665
6938.0	10.333333333333334
7013.0	16.24
7088.0	8.08
7163.0	11.453333333333333
7238.0	7.693333333333333
7313.0	18.386666666666667
7388.0	56.92
7463.0	66.05333333333333
7538.0	52.56
7613.0	58.53333333333333
7688.0	80.57333333333334
7763.0	68.82666666666667
7838.0	74.4
7913.0	71.68
7988.0	81.24
8063.0	37.8
8138.0	33.72
8213.0	42.49333333333333
8288.0	43.08
8363.0	26.2
8438.0	28.30666666666667
8513.0	21.546666666666667
8588.0	27.08
8663.0	25.946666666666665
8738.0	19.386666666666667
8813.0	24.533333333333335
8888.0	55.86666666666667
8963.0	398.8666666666667
9038.0	431.94666666666666
9113.0	560.7333333333333
9188.0	448.1066666666667
9263.0	127.34666666666666
9338.0	37.28
9413.0	35.346666666666664
9488.0	92.97333333333333
9563.0	212.97333333333333
9638.0	201.53333333333333
9713.0	166.06666666666666
9788.0	129.72
9863.0	29.346666666666668
9938.0	8.12
10013.0	7.693333333333333
10088.0	63.973333333333336
10163.0	224.6
10238.0	248.70666666666668
10313.0	242.21333333333334
10388.0	283.8933333333333
10463.0	156.06666666666666
10538.0	124.62666666666667
10613.0	115.04
10688.0	165.64
10763.0	123.36
10838.0	82.06666666666666
10913.0	80.78666666666666
10988.0	89.02666666666667
11063.0	128.92
11138.0	115.21333333333334
11213.0	113.53333333333333
11288.0	128.2
11363.0	202.33333333333334
11438.0	66.57333333333334
11513.0	69.29333333333334
11588.0	203.76
11663.0	230.89333333333335
11738.0	209.56
11813.0	138.06666666666666
11888.0	373.82666666666665
11963.0	627.3066666666666
12038.0	597.6266666666667
12113.0	637.88
12188.0	512.5333333333333
12263.0	194.57333333333332
12338.0	146.29333333333332
12413.0	220.76
12488.0	81.98666666666666
12563.0	50.14666666666667
12638.0	39.42666666666667
12713.0	146.65333333333334
12788.0	413.94666666666666
12863.0	498.6
12938.0	428.05333333333334
13013.0	534.08
13088.0	493.25333333333333
13163.0	542.7866666666666
13238.0	484.4
13313.0	533.64
13388.0	180.97333333333333
13463.0	73.10666666666667
13538.0	72.26666666666667
13613.0	134.25333333333333
13688.0	321.17333333333335
13763.0	360.5733333333333
13838.0	356.97333333333336
13913.0	291.16
13988.0	276.74666666666667
14063.0	226.45333333333335
14138.0	287.3333333333333
14213.0	323.82666666666665
14288.0	384.0
14363.0	378.2133333333333
14438.0	359.46666666666664
14513.0	297.24
14588.0	308.46666666666664
14663.0	257.73333333333335
14738.0	246.18666666666667
14813.0	254.02666666666667
14888.0	212.74666666666667
14963.0	133.42666666666668
15038.0	119.66666666666667
15113.0	112.70666666666666
15188.0	158.70666666666668
15263.0	204.33333333333334
15338.0	201.17333333333335
15413.0	236.45333333333335
15488.0	354.6533333333333
15563.0	438.29333333333335
15638.0	360.28
15713.0	364.1066666666667
15788.0	387.52
15863.0	507.38666666666666
15938.0	420.29333333333335
16013.0	385.4533333333333
16088.0	412.7866666666667
16163.0	246.53333333333333
16238.0	73.42666666666666
16313.0	73.72
16388.0	73.88
16463.0	82.12
16538.0	84.14666666666666
16613.0	81.49333333333334
16688.0	87.41333333333333
16763.0	87.26666666666667
16838.0	99.49333333333334
16913.0	104.17333333333333
16988.0	144.05333333333334
17063.0	201.24
17138.0	513.48
17213.0	897.32
17288.0	680.7733333333333
17363.0	761.6
17438.0	588.68
17513.0	422.14666666666665
17588.0	380.92
17663.0	430.74666666666667
17738.0	246.32
17813.0	116.41333333333333
17888.0	99.32
17963.0	110.28
18038.0	181.66666666666666
18113.0	178.82666666666665
18188.0	147.73333333333332
18263.0	180.4
18338.0	206.73333333333332
18413.0	201.68
18488.0	190.52
18563.0	201.37333333333333
18638.0	859.8266666666667
18713.0	985.2133333333334
18788.0	1154.5733333333333
18863.0	910.16
18938.0	717.1866666666666
19013.0	308.12
19088.0	282.85333333333335
19163.0	281.53333333333336
19238.0	276.0
19313.0	80.82666666666667
19388.0	69.0
19463.0	69.0
19538.0	70.04
19613.0	88.68
19688.0	101.98666666666666
19763.0	108.22666666666667
19838.0	113.28
19913.0	104.16
19988.0	76.56
20063.0	77.73333333333333
20138.0	77.52
20213.0	75.0
20288.0	69.94666666666667
20363.0	70.76
20438.0	70.21333333333334
20513.0	244.66666666666666
20588.0	215.77333333333334
20663.0	290.96
20738.0	241.66666666666666
20813.0	317.4
20888.0	234.94666666666666
20963.0	181.34666666666666
21038.0	168.45333333333335
21113.0	178.12
21188.0	72.68
21263.0	69.0
21338.0	69.50666666666666
21413.0	71.06666666666666
21488.0	71.57333333333334
21563.0	70.4
21638.0	72.2
21713.0	68.86666666666666
21788.0	65.14666666666666
21863.0	67.06666666666666
21938.0	67.49333333333334
22013.0	66.32
22088.0	69.12
22163.0	67.82666666666667
22238.0	69.02666666666667
22313.0	72.44
22388.0	64.0
22463.0	64.0
22538.0	80.14666666666666
22613.0	95.04
22688.0	107.78666666666666
22763.0	106.21333333333334
22838.0	111.04
22913.0	69.36
22988.0	64.0
23063.0	64.0
23138.0	111.49333333333334
23213.0	185.93333333333334
23288.0	223.96
23363.0	238.92
23438.0	245.13333333333333
23513.0	206.01333333333332
23588.0	130.41333333333333
23663.0	143.88
23738.0	168.09333333333333
23813.0	125.30666666666667
23888.0	98.97333333333333
23963.0	91.90666666666667
24038.0	99.42666666666666
24113.0	134.90666666666667
24188.0	154.25333333333333
24263.0	140.73333333333332
24338.0	142.52
24413.0	174.28
24488.0	141.24
24563.0	152.82666666666665
24638.0	158.16
24713.0	286.50666666666666
24788.0	328.8
24863.0	317.56
24938.0	302.94666666666666
25013.0	253.86666666666667
25088.0	143.02666666666667
25163.0	137.34666666666666
25238.0	114.0
25313.0	143.22666666666666
25388.0	121.62666666666667
25463.0	116.0
25538.0	126.36
25613.0	162.42666666666668
25688.0	113.53333333333333
25763.0	98.89333333333333
25838.0	106.41333333333333
25913.0	74.54666666666667
25988.0	19.666666666666668
26063.0	14.293333333333333
26138.0	6.986666666666666
26213.0	35.54666666666667
26288.0	119.37333333333333
26363.0	49.6
26438.0	60.6
26513.0	92.90666666666667
26588.0	80.12
26663.0	87.16
26738.0	92.37333333333333
26813.0	74.18666666666667
26888.0	65.97333333333333
26963.0	9.0
27038.0	8.573333333333334
27113.0	11.186666666666667
27188.0	78.30666666666667
27263.0	90.14666666666666
27338.0	45.25333333333333
27413.0	55.266666666666666
27488.0	28.906666666666666
27563.0	0.8
27638.0	0.18666666666666668
27713.0	0.52
27788.0	8.466666666666667
27863.0	29.373333333333335
27938.0	28.16
28013.0	31.88
28088.0	179.77333333333334
28163.0	513.8933333333333
28238.0	419.61333333333334
28313.0	621.0
28388.0	809.84
28463.0	729.3733333333333
28538.0	535.4533333333334
28613.0	608.2533333333333
28688.0	525.0266666666666
28763.0	162.4
28838.0	0.0
28913.0	0.0
28988.0	18.426666666666666
29063.0	102.81333333333333
29138.0	151.62666666666667
29213.0	98.72
29288.0	94.4
29363.0	40.21333333333333
29438.0	6.253333333333333
29513.0	16.85333333333333
29588.0	23.053333333333335
29663.0	27.30666666666667
29738.0	21.186666666666667
29813.0	10.253333333333334
29877.0	0.18867924528301888
