#Position (bp)	mapping quality
38.0	55.8377465303141
113.0	52.157977380692095
188.0	52.20951051897101
263.0	50.5924889941355
338.0	52.588436417831936
413.0	29.873230831890847
488.0	4.506963004642003
563.0	7.233492353649293
638.0	38.68220545058271
713.0	56.365199660987805
788.0	56.95284140935139
863.0	56.79842762789717
938.0	56.85844113790669
1013.0	49.80760618691653
1088.0	11.072801686717103
1163.0	10.828867007353857
1238.0	20.17565112053301
1313.0	40.58114161019869
1388.0	44.33537780266205
1463.0	43.89616917387714
1538.0	44.349252134266905
1613.0	39.65649662846603
1688.0	10.229340830065842
1763.0	11.269421607330411
1838.0	16.243374199213033
1913.0	57.69562962468484
1988.0	58.65383095872736
2063.0	58.705685175183504
2138.0	58.63057888029075
2213.0	57.83866419581003
2288.0	32.084975727148255
2363.0	6.0656591974986975
2438.0	10.833150624862968
2513.0	56.98623144603398
2588.0	59.110986495312616
2663.0	59.138231987188846
2738.0	57.33622978136298
2813.0	57.27667709419534
2888.0	51.713158520681425
2963.0	15.00935203740815
3038.0	15.942784252586593
3113.0	16.55772952053322
3188.0	42.8536517068452
3263.0	45.512865551580504
3338.0	45.845848860993584
3413.0	45.61264484434239
3488.0	40.86914534041526
3563.0	2.0611934734608437
3638.0	2.026282566280271
3713.0	2.2524543778670134
3788.0	35.11656260390882
3863.0	41.57152628938848
3938.0	42.06510595806058
4013.0	41.41394630094649
4088.0	45.46829898757809
4163.0	25.682746998104065
4238.0	15.007571799254332
4313.0	39.074951193996654
4388.0	48.937787000002174
4463.0	49.665427358076116
4538.0	49.301321721333046
4613.0	49.43395912527761
4688.0	29.547391703080326
4763.0	2.504866235118374
4838.0	2.9208610461980946
4913.0	3.089658571556591
4988.0	40.36944451957144
5063.0	42.30887084418569
5138.0	41.90073812305851
5213.0	42.29184238225023
5288.0	37.1585790197718
5363.0	1.2835448304555857
5438.0	1.8474005906187763
5513.0	1.4047632777809815
5588.0	38.11255792280411
5663.0	48.25835212014912
5738.0	48.676250086590436
5813.0	46.87550991336329
5888.0	45.64535407378874
5963.0	16.910700466864526
6038.0	1.1716899642409324
6113.0	1.390765244748774
6188.0	47.860942713360814
6263.0	53.14555603495498
6338.0	52.24086371870038
6413.0	51.90070148912604
6488.0	50.77449891682292
6563.0	20.204826941654165
6638.0	6.410373018307193
6713.0	24.38520038798375
6788.0	47.38595901914679
6863.0	45.290589763816065
6938.0	42.908670613726194
7013.0	45.92920421276757
7088.0	31.995236113701914
7163.0	0.9386907522025766
7238.0	0.8737246828736641
7313.0	17.530117861957986
7388.0	41.04345687959416
7463.0	42.483887168326774
7538.0	42.78177923142704
7613.0	42.397663980965774
7688.0	19.546386627726342
7763.0	3.3431323250686575
7838.0	3.443762307424997
7913.0	3.395679561000116
7988.0	45.056772390153334
8063.0	43.51082781037612
8138.0	44.283181282910355
8213.0	44.63655408753746
8288.0	44.121950822959406
8363.0	5.6871378910776365
8438.0	0.8376180615182585
8513.0	0.7375206116024584
8588.0	14.381259078786574
8663.0	45.295128996615915
8738.0	47.21285413938099
8813.0	46.92864975799668
8888.0	47.22197322627209
8963.0	40.0933344422574
9038.0	15.424539039380834
9113.0	17.73696705711539
9188.0	25.137785930082003
9263.0	46.29832709621262
9338.0	46.822150908302824
9413.0	47.976850063872135
9488.0	49.406941626931584
9563.0	38.09561918279335
9638.0	18.24924483271834
9713.0	16.219091551344388
9788.0	21.614982268067948
9863.0	36.305842310835224
9938.0	36.70883526244424
10013.0	34.75516246179406
10088.0	36.22160890529553
10163.0	18.24416700600411
10238.0	6.448512458679407
10313.0	6.880562551320133
10388.0	29.3742553495687
10463.0	39.99037254515463
10538.0	39.26159430262162
10613.0	39.21998009229934
10688.0	38.90148548425912
10763.0	18.80806750852834
10838.0	6.629017447199265
10913.0	5.644310984590244
10988.0	16.05743663962842
11063.0	44.193491325547114
11138.0	44.81994824912467
11213.0	45.133167605995446
11288.0	35.22266451497221
11363.0	40.69823402107553
11438.0	4.081432240519716
11513.0	4.235187766017552
11588.0	38.374134045572156
11663.0	43.910078172616586
11738.0	43.96848260431336
11813.0	42.83099373524343
11888.0	41.02543856856315
11963.0	21.109772487071645
12038.0	17.10066495869196
12113.0	26.145346591640603
12188.0	42.733757075790656
12263.0	36.11271874856874
12338.0	37.800134853546766
12413.0	39.231903886442346
12488.0	16.055879560558797
12563.0	2.632585910948697
12638.0	2.418198692758832
12713.0	19.164601100701592
12788.0	40.098969018109365
12863.0	39.506982624727456
12938.0	40.32715818560935
13013.0	38.69340879799417
13088.0	18.661064186973743
13163.0	5.9862847236975165
13238.0	5.1656983139015775
13313.0	13.590725806451612
13388.0	33.92381345570605
13463.0	33.04279303772983
13538.0	31.34320890317494
13613.0	31.956043956043956
13688.0	13.986707323753356
13763.0	5.411221026788938
13838.0	5.214612335408318
13913.0	7.1034347646601965
13988.0	27.093012627152948
14063.0	26.748240675580575
14138.0	28.109134165169195
14213.0	28.933708615799098
14288.0	15.061280072628234
14363.0	3.422919372564692
14438.0	3.645432362178709
14513.0	3.8804431847461993
14588.0	29.947891893728343
14663.0	30.906855842503305
14738.0	31.878371692388395
14813.0	31.390232069216463
14888.0	28.008481089340773
14963.0	2.4208175171790898
15038.0	1.793751850755108
15113.0	2.0969081528698905
15188.0	25.946597561591823
15263.0	38.86480932810857
15338.0	38.98197375164331
15413.0	38.95049743582877
15488.0	36.796482556280246
15563.0	16.124332471205552
15638.0	5.159794873385093
15713.0	4.7891545107588565
15788.0	5.047754805582205
15863.0	29.511708943275142
15938.0	34.46453000862701
16013.0	33.65333978883075
16088.0	34.94910362533752
16163.0	30.119208319866154
16238.0	0.6737359585909514
16313.0	0.4945221386378553
16388.0	0.5755268730462841
16463.0	24.168391504928774
16538.0	27.357423267858007
16613.0	27.61451478803398
16688.0	28.83185419339479
16763.0	28.94761462389395
16838.0	11.65674545510495
16913.0	5.146222425686108
16988.0	6.917506072631299
17063.0	20.987252359141326
17138.0	41.75211909459855
17213.0	43.187779250523185
17288.0	39.61097694165423
17363.0	41.34628884410933
17438.0	29.59224723017455
17513.0	6.582199280463007
17588.0	6.271803316516504
17663.0	10.064825555891327
17738.0	26.59169467427836
17813.0	27.260980525337104
17888.0	29.841799090372408
17963.0	26.944701599965104
18038.0	17.48733005441999
18113.0	4.462089100081844
18188.0	4.163111915308219
18263.0	16.80982644133489
18338.0	35.32113610786439
18413.0	34.895307594015854
18488.0	36.94405921308921
18563.0	38.539263007360844
18638.0	37.49905883676551
18713.0	15.017582712279351
18788.0	18.211414128831866
18863.0	17.36644679394414
18938.0	36.667908170591616
19013.0	38.408746013861574
19088.0	38.22949417712604
19163.0	36.068211038557074
19238.0	37.29400036727092
19313.0	5.421869088157397
19388.0	0.02079002079002079
19463.0	0.014208073188903842
19538.0	3.327658459926663
19613.0	30.03097957770855
19688.0	30.474309648160673
19763.0	31.709643956905634
19838.0	33.86168053148324
19913.0	22.870955984820874
19988.0	0.3954705032009362
20063.0	0.36878895354843155
20138.0	0.22058062066346784
20213.0	21.12864790450075
20288.0	25.514755665299294
20363.0	26.817422628723257
20438.0	26.935408936719977
20513.0	20.73417377108652
20588.0	4.224358664669791
20663.0	3.9206183007523667
20738.0	2.649990616962324
20813.0	27.72971915364094
20888.0	36.856514757012114
20963.0	35.30861850594187
21038.0	34.769807085437755
21113.0	34.05333580235174
21188.0	2.329834632135765
21263.0	0.012844471959129121
21338.0	0.9011884743637244
21413.0	18.829784699444872
21488.0	26.556932872722346
21563.0	30.47525187495042
21638.0	34.98987998757044
21713.0	29.99377722464219
21788.0	0.8797159569848527
21863.0	0.30793830917625215
21938.0	0.6436997777397846
22013.0	26.253750597921407
22088.0	32.79699138763934
22163.0	28.43495169352622
22238.0	30.60400266718072
22313.0	21.808193079775155
22388.0	0.21250064277266417
22463.0	0.3153153153153153
22538.0	18.038598264070593
22613.0	28.722301055165875
22688.0	31.40109332628226
22763.0	28.655116985175923
22838.0	30.316601725177833
22913.0	7.113908504758981
22988.0	0.6644509795165889
23063.0	0.7634550352496131
23138.0	24.548613652902954
23213.0	41.1807290283776
23288.0	42.26188318368993
23363.0	43.04754515911819
23438.0	43.09073121346488
23513.0	29.57462274809294
23588.0	2.466774313749845
23663.0	2.629245212910897
23738.0	3.5773334849198486
23813.0	30.1149672474527
23888.0	40.83590981176308
23963.0	38.043046158805
24038.0	40.65866279927514
24113.0	38.34850892773675
24188.0	9.511684687826996
24263.0	7.572099059807132
24338.0	6.857575548977765
24413.0	26.78229092926703
24488.0	37.8172780187974
24563.0	37.223924267373434
24638.0	38.09778854433794
24713.0	40.65124469881465
24788.0	22.377724679377774
24863.0	15.275650398387128
24938.0	15.429330697289283
25013.0	45.93286931092077
25088.0	48.11881856160494
25163.0	47.932526322102
25238.0	48.15960013112292
25313.0	39.6704105685792
25388.0	6.379582675201596
25463.0	4.274875730356675
25538.0	4.552107135626066
25613.0	45.801782626047626
25688.0	52.581197615661594
25763.0	51.10732241705783
25838.0	52.67097334866783
25913.0	55.665215631413375
25988.0	54.52029920041269
26063.0	17.198129937127195
26138.0	13.518907563025211
26213.0	51.728939212235424
26288.0	57.80041896781565
26363.0	57.14182687132678
26438.0	58.21927774667154
26513.0	58.73628323677244
26588.0	53.94397266067
26663.0	35.03361384044003
26738.0	35.377909672632846
26813.0	51.2242031691479
26888.0	59.31659741592497
26963.0	59.53297852520274
27038.0	59.53881250064956
27113.0	59.5622994447966
27188.0	59.213294317102545
27263.0	48.08722573697671
27338.0	41.692636514065086
27413.0	41.98167628096369
27488.0	58.229106254567746
27563.0	58.381827502046626
27638.0	58.46074372649026
27713.0	58.518502978937654
27788.0	58.60477038653408
27863.0	52.332848280615764
27938.0	46.08324974924774
28013.0	48.96912680535312
28088.0	57.615865611630205
28163.0	59.23425697319028
28238.0	58.892030745947665
28313.0	59.136598939792
28388.0	59.5718403689706
28463.0	51.41028704957646
28538.0	26.37328351597558
28613.0	28.614057163401043
28688.0	43.321456886587896
28763.0	50.77376643824398
28838.0	47.39195101875785
28913.0	43.50776438583897
28988.0	49.64638260652256
29063.0	40.506041446347005
29138.0	37.302502292676536
29213.0	33.386071088445824
29288.0	39.86192283512236
29363.0	53.17142162057406
29438.0	54.0638774450538
29513.0	55.00676229508197
29588.0	59.99786212660098
29663.0	59.999352614627675
29738.0	60.0
29813.0	60.0
29877.0	60.0
