#Read position (bp)	Clipping profile
0.0	15.614181687955114
1.0	15.614181687955114
2.0	10.970514503999045
3.0	6.404440730571803
4.0	2.673988301301182
5.0	0.8893398591381163
6.0	0.0
7.0	0.0
8.0	0.0
9.0	0.0
10.0	0.0
11.0	0.0
12.0	0.0
13.0	0.0
14.0	0.0
15.0	0.0
16.0	0.0
17.0	0.0
18.0	0.0
19.0	0.0
20.0	0.0
21.0	0.0
22.0	0.0
23.0	0.0
24.0	0.0
25.0	0.0
26.0	0.0
27.0	0.0
28.0	0.0
29.0	0.0
30.0	1.5817118300107438
31.0	4.052763519159604
32.0	6.464127969440134
33.0	11.28088814611436
34.0	13.483347260355735
35.0	10.970514503999045
