# Position (bp)	A	C	G	T	N
0.0	32.00155159038014	17.97258856995087	19.08456167571761	30.941298163951387	0.0
1.0	22.743728988880267	25.265063356607186	24.96767520041376	27.023532454098785	0.0
2.0	29.90593995619121	18.76046901172529	18.67027444916892	32.663316582914575	0.0
3.0	30.72863027806385	20.790422245108136	20.146755921730175	28.33419155509784	0.0
4.0	30.073349633251834	18.98082614850084	19.585638913910692	31.360185304336635	0.0
5.0	30.598070739549836	18.829581993569132	18.09646302250804	32.475884244372985	0.0
6.0	31.63173460203163	18.863314902918862	20.547769062620546	28.957181432428957	0.0
7.0	31.268474489140214	20.035985091890502	18.930728698110784	29.764811720858503	0.0
8.0	29.894655704008223	20.721993833504627	19.039054470709146	30.344295991778008	0.0
9.0	28.092485549132952	20.423892100192678	16.981374438021838	34.50224791265254	0.0
10.0	25.863618851932706	18.95466803647104	20.123282393733145	35.058430717863104	0.0
11.0	25.147625160462134	18.973042362002566	20.73170731707317	35.147625160462134	0.0
12.0	27.040554414784395	19.982032854209443	18.044147843942504	34.93326488706365	0.0
13.0	28.754649224060536	20.828523791201743	18.16083108888034	32.25599589585738	0.0
14.0	29.157584305680217	18.96396973971022	20.643672265675086	31.23477368893448	0.0
15.0	26.78548531863059	19.39992306705988	23.028593409411464	30.785998204898064	0.0
16.0	27.71794871794872	19.012820512820515	22.141025641025642	31.128205128205128	0.0
17.0	29.22702217664402	18.061786950390974	20.89475708242533	31.816433790539673	0.0
18.0	27.245931052159428	21.004741765987443	20.889401512238884	30.859925669614253	0.0
19.0	26.031258006661545	22.469894952600562	21.944657955418908	29.55418908531899	0.0
20.0	26.80834720266291	21.38010498015619	19.741390346946613	32.070157470234285	0.0
21.0	25.320020481310806	20.506912442396313	20.289298515104967	33.883768561187914	0.0
22.0	27.516950236663686	20.6217218881924	19.82857873864654	32.03274913649738	0.0
23.0	28.430745619644455	21.217547000895255	18.531781557743958	31.819925821716332	0.0
24.0	29.980830670926515	17.878594249201278	17.686900958466452	34.453674121405754	0.0
25.0	28.086301544746583	20.01787310098302	17.043278437380312	34.852546916890084	0.0
26.0	31.231652839821315	17.868538608806634	16.247606892150607	34.65220165922144	0.0
27.0	27.009441183975504	19.77545292166369	18.5251339627456	34.68997193161521	0.0
28.0	29.405763835756183	18.694210660545778	16.52639632746748	35.37362917623055	0.0
29.0	28.8883222845487	17.261601223865377	17.14686384497705	36.703212646608876	0.0
30.0	31.194068013295833	17.719253387880336	17.949373561748914	33.13730503707492	0.0
31.0	30.809701013730272	16.322340562042857	16.938277941742587	35.92968048248429	0.0
32.0	29.386077575134856	18.880041099409194	19.213973799126638	32.51990752632931	0.0
33.0	27.573340195573852	19.840452907874422	20.07205352547607	32.51415337107566	0.0
34.0	32.25889633831872	16.645177926766376	19.533264569365652	31.56266116554925	0.0
35.0	30.537995097406785	19.133015094826476	18.191201135337376	32.137788672429366	0.0
36.0	30.978822314049587	16.916322314049587	17.44576446280992	34.659090909090914	0.0
37.0	30.301462026135333	20.7012550135852	18.889895199896493	30.107387760382977	0.0
38.0	27.90395846852693	20.28552887735237	17.98831927319922	33.822193380921476	0.0
39.0	31.44082109912953	17.77315837339223	16.201117318435752	34.58490320904248	0.0
40.0	26.86547727568694	19.273342883187915	19.67704128141685	34.184138559708295	0.0
41.0	28.52283134894675	16.35483448907497	23.19769723930394	31.924636922674342	0.0
42.0	32.44946180099764	15.778419532685744	20.41218167498031	31.35993699133631	0.0
43.0	30.890672279963162	18.102881199842127	18.93171951059071	32.074727009604	0.0
44.0	30.155385830919144	19.528575190940217	16.5788780616276	33.737160916513034	0.0
45.0	32.59917739153509	16.598115961257793	18.16372562027332	32.63898102693379	0.0
46.0	31.200957574145498	14.443410027929247	20.414948796382497	33.94068360154276	0.0
47.0	33.72852004795524	15.50552817370454	19.968029838817102	30.79792193952311	0.0
48.0	28.52756641302897	18.702442931517822	20.090775597383526	32.67921505806968	0.0
49.0	30.729096989966553	18.581939799331103	17.872909698996654	32.81605351170568	0.0
50.0	28.9977251438512	19.33627726482002	19.6172889067309	32.04870868459789	0.0
51.0	30.001339943722368	17.513064451293044	18.035642503014873	34.44995310196972	0.0
52.0	28.79581151832461	16.700228218552827	21.962679554302593	32.541280708819976	0.0
53.0	30.309139784946236	19.865591397849464	19.22043010752688	30.604838709677416	0.0
54.0	30.352814435766227	20.374360355507676	18.637220576353354	30.635604632372743	0.0
55.0	29.95012804960237	17.616929505324165	18.14260682032619	34.29033562474727	0.0
56.0	26.350621285791465	17.78768233387358	20.056726094003242	35.80497028633171	0.0
57.0	30.736984448951993	18.593644354293442	19.756592292089252	30.912778904665316	0.0
58.0	29.44760357432981	21.269970213918224	17.831031681559708	31.451394530192257	0.0
59.0	28.13008130081301	19.308943089430894	19.78319783197832	32.77777777777778	0.0
60.0	30.24013024013024	17.188983855650523	19.54958621625288	33.021299687966355	0.0
61.0	30.070594623947866	16.861254412163998	22.074395872929678	30.99375509095846	0.0
62.0	28.421911105070002	21.911105070001362	20.280005436998778	29.38697838792986	0.0
63.0	30.7891156462585	18.72108843537415	19.07482993197279	31.414965986394556	0.0
64.0	28.89464358729726	19.59929126345918	19.953659533869427	31.55240561537413	0.0
65.0	29.58265139116203	18.78068739770867	19.44899072558647	32.187670485542824	0.0
66.0	30.963427947598255	16.90775109170306	20.087336244541483	32.04148471615721	0.0
67.0	30.25255972696246	20.96928327645051	17.58361774744027	31.194539249146757	0.0
68.0	28.59093391589295	20.91753140360459	19.538503549972695	30.95303113052977	0.0
69.0	28.913192071086808	20.587833219412165	19.75393028024607	30.745044429254953	0.0
70.0	28.284072249589492	21.839080459770116	17.966611932129172	31.91023535851122	0.0
71.0	28.166506914966455	21.59386553471176	20.662741339175682	29.576886211146103	0.0
72.0	28.401150842581174	19.304014248527196	21.50979586244691	30.785039046444716	0.0
73.0	29.909489851892484	15.345584201865057	22.723532638507955	32.0213933077345	0.0
74.0	29.640307523338826	17.806150466776497	20.222405271828666	32.33113673805602	0.0
75.0	29.411764705882355	19.351291918636612	21.907641561297417	29.329301814183616	0.0
76.0	29.749793786087437	20.470167720648885	19.15039868023096	30.62963981303272	0.0
77.0	31.022148851286286	19.713853349841795	17.980464988306508	31.28353281056541	0.0
78.0	29.216577171967508	17.169213823488917	22.057001239157373	31.557207765386202	0.0
79.0	30.527620884419342	19.864995178399226	17.123570739771317	32.48381319741011	0.0
80.0	31.854505373381098	17.153485808762746	17.69082391843483	33.30118489942133	0.0
81.0	28.23091760815652	18.255717828602922	20.73573987324332	32.77762468999724	0.0
82.0	31.091510474090406	16.45534729878721	22.009371554575523	30.44377067254686	0.0
83.0	31.738590927891906	15.758996277402455	20.818971460085482	31.683441334620156	0.0
84.0	28.500482825217272	17.423092840391778	20.678714305421437	33.39771002896951	0.0
85.0	29.998620118669795	17.17952256105975	20.47743894025114	32.34441838001932	0.0
86.0	28.62073726356482	20.10216761010631	20.088361176308158	31.18873395002071	0.0
87.0	30.727800027620493	17.318049993094874	20.74299129954426	31.211158679740368	0.0
88.0	32.68885513050684	17.677116420383925	18.326198038944895	31.307830410164346	0.0
89.0	31.6247582205029	14.727825366123238	19.45288753799392	34.19452887537994	0.0
90.0	29.524730588560377	16.358109975131253	20.22658192870959	33.890577507598785	0.0
91.0	30.389718076285238	18.255942509673854	17.48203427307905	33.872305140961856	0.0
92.0	29.304383902641405	17.826026828930992	17.494122528004425	35.37546674042318	0.0
93.0	31.05022831050228	16.839629168396293	20.298879202988793	31.81126331811263	0.0
94.0	30.044284528092994	16.509825629670633	19.45751453086078	33.98837531137559	0.0
95.0	31.616832779623476	16.48671096345515	18.839977851605756	33.056478405315616	0.0
96.0	28.502214839424138	17.580287929125138	19.40753045404208	34.50996677740864	0.0
97.0	29.19435215946844	18.023255813953487	18.660022148394244	34.12236987818383	0.0
98.0	31.56583137200609	19.21639208085283	16.655129447597954	32.56264709954312	0.0
99.0	28.99072407586875	19.756333933268724	18.39955697078776	32.85338502007476	0.0
100.0	32.70509977827051	17.281042128603104	19.830931263858094	30.182926829268293	0.0
101.0	30.21772292331161	21.30079045902094	20.108168076549717	28.373318541117737	0.0
102.0	28.55557097266546	18.89829332593312	19.994449840432914	32.551685860968504	0.0
103.0	28.965995836224845	20.041637751561417	20.943789035392086	30.04857737682165	0.0
104.0	27.92279922243821	16.98139405720633	20.43876700916412	34.65703971119133	0.0
105.0	28.93238928224351	19.83895599055949	18.284048313202835	32.94460641399417	0.0
106.0	32.142857142857146	19.941634241245136	17.676486937187327	30.239021678710394	0.0
107.0	31.562847608453836	19.813681868743046	19.688542825361512	28.934927697441605	0.0
108.0	32.507653771221825	17.965488449763427	19.162259949902587	30.36459782911216	0.0
109.0	29.237406067353188	19.176175897578627	18.229891455608126	33.35652657946006	0.0
110.0	28.13762362446023	19.375957654269396	18.74912940520964	33.73728931606073	0.0
111.0	31.394700139470018	18.85634588563459	19.191073919107392	30.557880055788004	0.0
112.0	29.014241831890537	19.631387880480315	18.626082099972074	32.72828818765708	0.0
113.0	29.984630431745146	17.926505519072236	19.519351683666343	32.56951236551628	0.0
114.0	30.854187054382777	16.38473367817699	19.138822871522436	33.6222563959178	0.0
115.0	27.371956339210747	18.401903162608452	16.960537363560032	37.26560313462077	0.0
116.0	29.596412556053814	18.105381165919283	17.29260089686099	35.00560538116592	0.0
117.0	32.341798793321175	17.39862494738319	17.188157710116457	33.07141854917918	0.0
118.0	30.398764392024713	19.095759618084806	20.05054759898905	30.454928390901433	0.0
119.0	24.838346921563115	19.820073095305034	23.081248242901324	32.26033174023053	0.0
120.0	29.001406469760898	20.168776371308017	20.436005625879044	30.39381153305204	0.0
121.0	30.205402363534045	19.428812605514914	18.922341024198087	31.44344400675295	0.0
122.0	29.874700830634943	18.27396874560045	19.37209629733915	32.47923412642545	0.0
123.0	31.896308819385744	15.793181177796562	19.62524654832347	32.685263454494226	0.0
124.0	32.42633582405188	17.016777104187227	18.29973213026928	32.25715494149161	0.0
125.0	31.838691483361536	17.526790750141004	18.654822335025383	31.979695431472084	0.0
126.0	32.35045146726862	16.591422121896162	19.596501128668173	31.461625282167045	0.0
127.0	28.57949731714205	18.92120869810788	20.85569048291443	31.64360350183564	0.0
128.0	30.586572438162545	17.879858657243815	18.04946996466431	33.48409893992933	0.0
129.0	31.23055162659123	19.207920792079207	19.985855728429986	29.575671852899575	0.0
130.0	32.05944798301486	18.03255484784147	17.820240622788393	32.08775654635527	0.0
131.0	30.254957507082153	18.937677053824363	19.80169971671388	31.005665722379604	0.0
132.0	28.0187074829932	17.21938775510204	22.151360544217688	32.61054421768708	0.0
133.0	27.270147559591372	19.12599318955732	20.374574347332576	33.22928490351873	0.0
134.0	25.699275876757067	20.85758909555587	21.65270481328979	31.790430214397276	0.0
135.0	28.18362706083002	17.794201250710632	21.489482660602615	32.53268902785674	0.0
136.0	28.569397042093286	17.974971558589306	19.3259385665529	34.129692832764505	0.0
137.0	29.163108454312553	16.310845431255338	19.2712781098776	35.254768004554506	0.0
138.0	27.048596266210634	18.426678067550235	20.03705287159755	34.48767279464158	0.0
139.0	29.503990877993157	17.702394526795896	19.312998859749143	33.4806157354618	0.0
140.0	28.48173515981735	17.52283105022831	20.96175799086758	33.03367579908676	0.0
141.0	28.118302614659235	17.516788112587513	22.84612087441063	31.518788398342622	0.0
142.0	31.746712407089767	17.795883361921096	18.36763865065752	32.08976558033162	0.0
143.0	33.271348877127735	17.722786439708198	19.196109283364326	29.80975539979974	0.0
144.0	31.038923869490553	19.204350314825415	18.603319977103606	31.153405838580422	0.0
145.0	33.02318923561408	16.375608359576297	17.348983681649013	33.25221872316061	0.0
146.0	29.20784987824094	17.404383326171036	18.822518263859045	34.565248531728976	0.0
147.0	29.191745485812554	20.263685869876756	19.389509888220122	31.15505875609057	0.0
148.0	29.673165137614678	18.534977064220186	19.15137614678899	32.64048165137615	0.0
149.0	29.782047605391455	17.852021795239462	18.210496128477203	34.15543447089188	0.0
150.0	27.64309281308277	18.07488165256061	20.55659159374552	33.725433940611104	0.0
151.0	29.182209469153513	19.985652797704446	20.18651362984218	30.645624103299856	0.0
152.0	27.50897343862168	20.416367552045944	18.73653984206748	33.33811916726489	0.0
153.0	32.14080459770115	17.945402298850574	16.580459770114942	33.33333333333333	0.0
154.0	30.529191832039114	16.26402070750647	18.86683922922059	34.33994823123383	0.0
155.0	30.34403339571038	18.166114869727938	19.15934935943573	32.33050237512595	0.0
156.0	30.912235192390835	16.803574002017584	19.988470961233606	32.295719844357976	0.0
157.0	31.649588685235962	18.81945446673402	20.233799971135806	29.297156876894213	0.0
158.0	31.325823223570193	19.00635470826112	17.85095320623917	31.81686886192952	0.0
159.0	30.935875216637783	15.800115540150204	21.606008087810512	31.6580011554015	0.0
160.0	26.542407166594423	18.566681115445746	22.959109955208785	31.93180176275105	0.0
161.0	29.835212489158717	17.38941890719861	22.304134142815844	30.471234460826828	0.0
162.0	30.292076344707926	17.654713707345287	22.238288027761712	29.81492192018508	0.0
163.0	30.497685185185187	15.089699074074073	21.49884259259259	32.913773148148145	0.0
164.0	31.895803183791603	17.52532561505065	20.911722141823443	29.667149059334296	0.0
165.0	32.52244425137562	16.058499855198377	22.03880683463655	29.38024905878946	0.0
166.0	29.23010004349717	18.90677105988111	20.9366391184573	30.926489778164417	0.0
167.0	29.13100246627013	17.27839837516321	21.07935586827216	32.5112432902945	0.0
168.0	28.08597153645077	18.152773743828057	20.418239907057796	33.34301481266338	0.0
169.0	27.205348059875018	18.19502979218137	18.805406190960618	35.794215956982995	0.0
170.0	27.88125727590221	16.137951105937137	20.256111757857976	35.72467986030268	0.0
171.0	27.88055353241078	17.04297159504734	19.941733430444284	35.13474144209759	0.0
172.0	28.32580504152703	20.457525863325078	18.3884598572053	32.82820923794259	0.0
173.0	27.04319906596614	16.59369527145359	19.497956800934034	36.86514886164623	0.0
174.0	30.432242990654206	19.027453271028037	18.516355140186917	32.02394859813084	0.0
175.0	28.448275862068968	18.58562244301578	20.309760374050263	32.65634132086499	0.0
176.0	30.267582979967834	15.513964029828923	17.985085538821465	36.23336745138178	0.0
177.0	28.03628914252268	19.402985074626866	19.754170324846356	32.8065554580041	0.0
178.0	31.63519250475772	17.523056653491437	17.874396135265698	32.96735470648514	0.0
179.0	26.68814999267614	18.675845905961623	21.649333528636298	32.98667057272594	0.0
180.0	30.967741935483872	17.463343108504397	18.387096774193548	33.18181818181819	0.0
181.0	29.055441478439427	18.612496333235555	17.879143443825168	34.452918744499854	0.0
182.0	32.315820369826824	17.91899031405929	18.520692691517464	31.24449662459642	0.0
183.0	31.170165908089853	21.4359124944942	17.48641902804287	29.907502569373072	0.0
184.0	31.89769219462002	21.06423636630898	17.962663530795236	29.075407908275764	0.0
185.0	30.358718024110555	20.493972361070274	20.714495736548074	28.432813878271094	0.0
186.0	34.074183102737706	18.31027377097439	20.63585516632323	26.979687959964675	0.0
187.0	30.677466863033874	21.030927835051546	18.792341678939618	29.499263622974965	0.0
188.0	30.685335298452472	18.9240972733972	19.012527634487842	31.378039793662495	0.0
189.0	34.09560342283859	17.792859250516376	18.05842431395692	30.053113012688108	0.0
190.0	35.69212586792732	17.62446447037967	17.077854926872508	29.605554734820505	0.0
191.0	30.981958000591543	18.175096125406682	18.78142561372375	32.06152026027802	0.0
192.0	33.57999112031967	17.196980908687287	18.306940950125796	30.91608702086725	0.0
193.0	30.76467101363367	17.442205097806756	20.06520450503853	31.72791938352104	0.0
194.0	29.107354685646502	19.51364175563464	20.759193357058127	30.619810201660734	0.0
195.0	29.718100890207715	20.608308605341247	18.887240356083083	30.78635014836795	0.0
196.0	31.66023166023166	18.354618354618353	18.206118206118205	31.77903177903178	0.0
197.0	30.89153046062407	19.10846953937593	19.955423476968797	30.044576523031203	0.0
198.0	32.58895340181629	19.175227035879114	17.909781152300134	30.326038410004468	0.0
199.0	30.302578625726635	19.10866000894321	18.67640482933373	31.912356535996423	0.0
200.0	27.62686567164179	18.343283582089555	21.417910447761194	32.61194029850746	0.0
201.0	30.94170403587444	15.53064275037369	20.0	33.52765321375187	0.0
202.0	31.886877150980098	16.669160556636243	19.78153523866527	31.66242705371839	0.0
203.0	32.21889055472264	14.752623688155921	20.47976011994003	32.548725637181406	0.0
204.0	29.830355802432067	19.156282840414352	19.35144873142171	31.66191262573187	0.0
205.0	32.637114951164534	15.311795642374154	21.45755071374906	30.593538692712247	0.0
206.0	30.882574049015187	16.884678995639753	19.771462937904076	32.46128401744099	0.0
207.0	29.52251845157403	17.246573279108297	20.89170055731285	32.33920771200482	0.0
208.0	28.35370454202505	17.62486796438811	21.72928927116342	32.29213822242342	0.0
209.0	30.02117362371446	17.120387174833635	18.572292800967936	34.28614640048397	0.0
210.0	29.998486453761164	16.90631148781595	20.311790525200546	32.78341153322234	0.0
211.0	29.918157017277963	16.52015762352228	21.703546529251287	31.85813882994847	0.0
212.0	29.04841402337229	16.952496585217787	21.763545302777356	32.235544088632565	0.0
213.0	30.77742279020234	18.439068918302144	19.275825346112885	31.507682945382626	0.0
214.0	30.138656102392197	20.28035959165016	20.585098278226422	28.99588602773122	0.0
215.0	31.63996948893974	19.267734553775746	18.53546910755149	30.556826849733028	0.0
216.0	33.5777574091048	17.751298502902536	18.89703635808127	29.773907729911397	0.0
217.0	28.217291507268556	18.087222647283856	20.48967100229533	33.20581484315226	0.0
218.0	26.862925482980682	18.36859858938976	20.19319227230911	34.575283655320455	0.0
219.0	26.431312356101305	19.87720644666155	22.287029930928625	31.40445126630852	0.0
220.0	28.87453874538745	19.772447724477242	20.633456334563345	30.719557195571955	0.0
221.0	28.696857670979668	19.731977818853974	17.667898952556992	33.903265557609366	0.0
222.0	30.6648156717569	18.309424649082214	19.589696128335646	31.43606355082523	0.0
223.0	32.6382452888477	18.3812171763979	18.072289156626507	30.908248378127894	0.0
224.0	34.58623356535189	16.117556071152357	19.02552204176334	30.270688321732404	0.0
225.0	35.82274558413387	16.9042454291912	19.11992562751782	28.15308335915711	0.0
226.0	31.71375349270413	18.519093449239364	19.295249922384354	30.47190313567215	0.0
227.0	30.736940298507463	16.15360696517413	18.874378109452735	34.23507462686567	0.0
228.0	29.72594207412021	16.86390532544379	19.775770787916535	33.634381812519464	0.0
229.0	32.26158888715467	20.321523333853598	15.717184329639458	31.699703449352274	0.0
230.0	30.206378986866795	21.701063164477798	16.948092557848653	31.144465290806757	0.0
231.0	30.878897070343097	19.47360175466082	18.1889393702021	31.458561804793984	0.0
232.0	29.45979899497487	17.77638190954774	18.23178391959799	34.5320351758794	0.0
233.0	29.46077660745166	18.04747681182204	20.29555101399151	32.196195566734794	0.0
234.0	26.289228828260526	19.413341744204384	21.936603059454345	32.360826368080744	0.0
235.0	26.94251421351864	18.82501579279848	20.67277321541377	33.559696778269114	0.0
236.0	28.634709697832623	17.40230976111375	20.91441227653852	33.04856826451511	0.0
237.0	29.16997302015553	18.901761625138867	20.23488335184891	31.69338200285669	0.0
238.0	30.542734362565653	15.788636001909918	20.11777813146586	33.55085150405857	0.0
239.0	27.086991221069432	17.07901037509976	21.46847565841979	34.36552274541101	0.0
240.0	27.792	15.984000000000002	20.272000000000002	35.952	0.0
241.0	27.729608220937703	16.859344894026975	22.591522157996145	32.81952472703918	0.0
242.0	28.98294174444802	15.91567428387512	22.07917605407145	33.02220791760541	0.0
243.0	27.75984506132989	14.99354422207876	22.59522272433828	34.65138799225307	0.0
244.0	27.02571567200388	16.85266052078279	20.685751253436845	35.435872553776484	0.0
245.0	29.405089965958826	17.27994812773545	21.72151077970498	31.593451126600748	0.0
246.0	29.392659954530693	16.352711919454368	20.574861968171483	33.67976615784345	0.0
247.0	26.799088244871378	17.95831976554868	22.191468577010745	33.0511234125692	0.0
248.0	26.727658879268095	16.82731579807221	23.541904917497142	32.903120405162554	0.0
249.0	28.068739770867428	18.461538461538463	18.854337152209492	34.61538461538461	0.0
250.0	26.75640183847669	17.662508207485224	21.142481943532502	34.43860801050558	0.0
251.0	27.38643844634628	18.630678077682685	20.6714944042133	33.31138907175774	0.0
252.0	28.59027205276175	19.225061830173125	19.884583676834293	32.30008244023083	0.0
253.0	31.473509933774835	15.596026490066226	19.47019867549669	33.46026490066225	0.0
254.0	30.083056478405318	17.109634551495017	20.996677740863788	31.81063122923588	0.0
255.0	30.944842526245626	17.43042826195634	19.03016163972671	32.59456757207132	0.0
256.0	28.511705685618725	20.03344481605351	19.498327759197323	31.956521739130434	0.0
257.0	30.238015420717403	17.4488769694938	17.348307073416024	34.96480053637278	0.0
258.0	32.794612794612796	17.912457912457914	17.59259259259259	31.700336700336702	0.0
259.0	31.867388362652232	18.098782138024358	16.001353179972934	34.03247631935047	0.0
260.0	29.78578714722883	18.718123087385244	17.715062903774225	33.78102686161169	0.0
261.0	30.628629996583534	18.209771096686026	19.67885206696276	31.482746839767678	0.0
262.0	31.90173509706236	16.646624291358872	19.841951554715685	31.609689056863083	0.0
263.0	30.953612691843425	20.90015519917227	17.27884117951371	30.867390929470602	0.0
264.0	31.01539526033558	19.270022487458917	20.221414980107248	29.493167272098255	0.0
265.0	30.754553339115354	20.086730268863835	18.300086730268863	30.85862966175195	0.0
266.0	32.024432809773124	18.32460732984293	19.022687609075042	30.628272251308903	0.0
267.0	31.86678352322524	17.651183172655564	19.36897458369851	31.113058720420682	0.0
268.0	30.911024459411557	17.83055654023396	20.11697979439915	31.141439205955336	0.0
269.0	31.891795693183838	19.8611852642819	19.006940736785904	29.24007830574835	0.0
270.0	32.485673352435526	19.84240687679083	15.848853868194842	31.823065902578797	0.0
271.0	32.77477477477477	19.0990990990991	17.08108108108108	31.045045045045043	0.0
272.0	30.862411860423073	18.061833303200146	18.51383113361056	32.56192370276623	0.0
273.0	31.48619186046512	16.424418604651162	19.240552325581394	32.848837209302324	0.0
274.0	29.861364465523533	20.08391098139365	19.37249179131704	30.682232761765775	0.0
275.0	29.954086317722684	19.4674012855831	20.36730945821855	30.21120293847567	0.0
276.0	30.901684873171636	19.45935937789298	20.3295685984077	29.309387150527684	0.0
277.0	29.3953488372093	19.70232558139535	20.35348837209302	30.548837209302327	0.0
278.0	28.43229069114066	19.853905225697694	21.183742273834053	30.53006180932759	0.0
279.0	30.578045565806818	20.542270758802488	20.222180380342685	28.657503295048016	0.0
280.0	29.79731009660921	21.74654290585338	21.045652585716994	27.41049441182042	0.0
281.0	30.213903743315505	17.39877769289534	21.065699006875477	31.321619556913678	0.0
282.0	28.966046422405523	18.070209092652984	23.633224630730865	29.33051985421063	0.0
283.0	28.590733590733592	20.63706563706564	20.714285714285715	30.057915057915057	0.0
284.0	25.669383003492435	21.284439270469537	21.982925882809468	31.063251843228564	0.0
285.0	29.04799063597347	18.90362856028092	21.67381974248927	30.37456106125634	0.0
286.0	27.490196078431374	16.725490196078432	23.627450980392155	32.15686274509804	0.0
287.0	26.660098522167488	18.83743842364532	22.5615763546798	31.940886699507388	0.0
288.0	25.168450257629804	20.194213238208484	22.294887039239	32.342449464922716	0.0
289.0	28.548612497504493	18.985825514074666	21.161908564583747	31.30365342383709	0.0
290.0	30.09045226130653	16.603015075376884	20.723618090452263	32.582914572864325	0.0
291.0	30.03640776699029	16.76779935275081	22.957119741100325	30.23867313915858	0.0
292.0	27.546249237649928	19.96340719658467	22.911160805041675	29.579182760723725	0.0
293.0	29.12661075884639	16.99734096952342	20.61771323379014	33.25833503784005	0.0
294.0	30.735930735930733	18.84147598433313	19.439290867862297	30.983302411873844	0.0
295.0	31.50571131879543	17.424714434060228	21.287642782969883	29.781931464174455	0.0
296.0	30.027259383518555	17.425036695323968	22.03816313692598	30.509540784231493	0.0
297.0	29.59660297239915	17.81316348195329	24.28874734607219	28.301486199575372	0.0
298.0	29.126213592233007	19.35275080906149	22.761596548004313	28.759439050701186	0.0
299.0	29.835152078012538	16.368702112839564	21.63919201300209	32.15695379614581	0.0
300.0	32.83450704225352	8.18661971830986	22.051056338028168	36.92781690140845	0.0
