# Position (bp)	A	C	G	T	N
0.0	41.982802225594334	13.370426572247512	18.883830719946047	25.762940482212105	0.0
1.0	18.799527904232	40.71825998988366	21.547799696509866	18.934412409374474	0.0
2.0	25.109023817510902	35.91076819859108	16.15229788661523	22.827910097282793	0.0
3.0	42.214417126609796	18.14684729887941	16.658304064224787	22.980431510286	0.0
4.0	43.16510695187166	15.023395721925134	16.092914438502675	25.718582887700535	0.0
5.0	25.926544240400666	33.772954924874796	15.492487479131887	24.808013355592653	0.0
6.0	23.223223223223226	36.51985318651985	16.249582916249583	24.00734067400734	0.0
7.0	43.78648874061718	15.512927439532945	16.063386155129276	24.6371976647206	0.0
8.0	44.71490496832277	15.955318439479827	16.472157385795267	22.857619206402134	0.0
9.0	24.050632911392405	35.57628247834777	14.873417721518987	25.49966688874084	0.0
10.0	22.116824762855718	12.880678981527707	17.85654851056748	47.14594774504909	0.0
11.0	22.49002659574468	17.137632978723406	15.575132978723405	44.797207446808514	0.0
12.0	21.775933609958507	14.83817427385892	14.556016597510373	48.8298755186722	0.0
13.0	22.91632145816073	33.28914664457332	15.890637945318971	27.90389395194698	0.0
14.0	22.35819414585745	15.991400694559285	38.59765172812965	23.052753431453613	0.0
15.0	40.54455445544555	15.907590759075907	17.17821782178218	26.36963696369637	0.0
16.0	20.408836135839103	15.595120342894825	19.419716452357402	44.576327068908675	0.0
17.0	24.823045267489714	33.23456790123457	16.51028806584362	25.432098765432098	0.0
18.0	21.986515375760565	17.20111823713205	18.582469988488736	42.22989639861865	0.0
19.0	24.039408866995075	35.02463054187192	15.779967159277506	25.1559934318555	0.0
20.0	23.2055063913471	18.23992133726647	15.912815470337593	42.641756801048835	0.0
21.0	24.32918848167539	16.63939790575916	15.968586387434556	43.06282722513089	0.0
22.0	24.68189233278956	13.931484502446981	35.774877650897224	25.61174551386623	0.0
23.0	22.836185819070902	17.99511002444988	17.180114099429503	41.98859005704971	0.0
24.0	43.61771409964181	12.699446434386195	16.265060240963855	27.417779225008143	0.0
25.0	24.46324007807417	13.972023422251139	33.897202342225114	27.667534157449573	0.0
26.0	44.18113942541795	14.55932478493751	15.094952118162636	26.1645836714819	0.0
27.0	20.92382495948136	19.124797406807133	14.100486223662884	45.850891410048625	0.0
28.0	23.915857605177994	33.78640776699029	13.155339805825243	29.142394822006473	0.0
29.0	26.90379951495554	11.73807599029911	14.130962004850446	47.22716248989491	0.0
30.0	25.662278563302454	14.594506744677393	32.5694783032667	27.173736388753454	0.0
31.0	25.10220768601799	13.246116107931316	15.486508585445623	46.16516762060507	0.0
32.0	22.930354796320632	14.536793692509855	15.045992115637318	47.48685939553219	0.0
33.0	24.641029872916324	33.850470374649284	15.283050008252186	26.22544974418221	0.0
34.0	26.816752193345472	13.739447111405395	16.752193345472605	42.691607349776525	0.0
35.0	23.691643130088057	34.62369164313009	15.36800132912444	26.316663897657417	0.0
36.0	23.303883980663446	15.16919486581097	15.46924487414569	46.0576762793799	0.0
37.0	40.96304965724795	16.702892492894165	17.488714261829124	24.845343588028758	0.0
38.0	42.43034575360859	16.750587445451494	14.132259147364886	26.686807653575023	0.0
39.0	44.28739693757361	15.867407033484774	12.417970721857648	27.427225307083962	0.0
40.0	24.53977368687722	34.18341496368857	15.841918594831956	25.434892754602263	0.0
41.0	24.001359850416453	13.20754716981132	37.565867754547	25.225225225225223	0.0
42.0	46.05510867704946	15.4030463802841	15.53996234810885	23.00188259455759	0.0
43.0	46.11541774332472	14.987080103359174	15.434969853574504	23.4625322997416	0.0
44.0	25.805892547660314	35.805892547660314	13.39688041594454	24.991334488734836	0.0
45.0	33.361486486486484	16.596283783783782	17.48310810810811	32.55912162162162	0.0
46.0	30.082536924413557	16.311902693310167	21.568201563857514	32.03735881841877	0.0
47.0	33.31143232588699	18.309242225142356	19.73280770915462	28.64651773981603	0.0
48.0	28.20908689898544	19.651521835024262	17.997353330392592	34.142037935597706	0.0
49.0	27.716186252771617	19.866962305986696	21.574279379157428	30.842572062084255	0.0
50.0	25.674169823935816	25.518163583686203	18.78760864720303	30.020057945174948	0.0
51.0	27.392961219457522	18.583277292086976	16.700291414481057	37.32347007397445	0.0
52.0	29.238715472715022	16.999775432292836	20.21109364473389	33.55041545025826	0.0
53.0	32.18079096045198	19.90960451977401	21.062146892655367	26.847457627118644	0.0
54.0	31.055758683729433	21.914990859232176	18.715722120658135	28.313528336380255	0.0
55.0	30.013799448022077	18.836246550137993	18.46826126954922	32.681692732290706	0.0
56.0	27.822673747402447	18.86400369429693	21.95797737243131	31.355345185869314	0.0
57.0	32.33588494548829	17.536534446764094	19.554627696590117	30.572952911157504	0.0
58.0	30.446927374301673	19.809124767225324	18.528864059590315	31.21508379888268	0.0
59.0	26.372342910534925	22.004204625087596	18.733940668068207	32.88951179630927	0.0
60.0	27.106313072048817	17.883126026754283	19.314714855667685	35.695846045529215	0.0
61.0	29.5481428909392	17.340903714218122	21.764845043766265	31.346108351076413	0.0
62.0	27.27272727272727	20.847215611613517	22.489290813898144	29.39076630176107	0.0
63.0	34.16867469879518	17.06024096385542	18.433734939759034	30.337349397590362	0.0
64.0	28.46079380445305	19.022265246853824	21.10358180058083	31.413359148112296	0.0
65.0	29.7270955165692	20.175438596491226	21.369395711500974	28.728070175438596	0.0
66.0	28.854625550660796	16.519823788546255	20.26431718061674	34.36123348017621	0.0
67.0	29.275505174963033	17.39773287333662	19.911286347954658	33.41547560374568	0.0
68.0	25.788036733680812	20.153884338545545	20.426904939190866	33.63117398858277	0.0
69.0	27.973954420235415	19.984973703981968	21.838216879539193	30.202854996243428	0.0
70.0	29.357106981416376	21.64741336012054	18.935208437970868	30.06027122049221	0.0
71.0	27.88703983862834	20.04538577912254	21.18003025718608	30.887544125063037	0.0
72.0	28.91260162601626	18.851626016260163	20.147357723577237	32.08841463414634	0.0
73.0	28.036669213139803	18.920295390883627	22.86732874968169	30.17570664629488	0.0
74.0	29.59079283887468	17.391304347826086	22.148337595907925	30.869565217391305	0.0
75.0	29.715165511932256	19.656145753143445	19.835771105978957	30.792917628945343	0.0
76.0	27.700258397932814	20.49095607235142	19.147286821705425	32.661498708010335	0.0
77.0	29.83640612827837	20.28044663723708	19.08595170085692	30.79719553362763	0.0
78.0	29.88746401465585	18.00575765506412	20.047108086888247	32.05967024339178	0.0
79.0	29.770992366412212	20.63700973940511	18.241642537509872	31.35035535667281	0.0
80.0	31.319554848966614	18.335983041865394	21.01218865924748	29.33227344992051	0.0
81.0	27.49131712530056	19.690088164573872	18.461127437884052	34.357467272241514	0.0
82.0	33.22597960279119	15.593129361245303	21.121846484165324	30.059044551798173	0.0
83.0	30.05390835579515	20.40431266846361	20.40431266846361	29.137466307277627	0.0
84.0	29.074174336762315	19.355711965349215	21.007038440714673	30.563075257173793	0.0
85.0	33.242876526458616	16.716417910447763	20.054274084124827	29.986431478968793	0.0
86.0	30.3459547807137	18.74148733315173	21.35657858894034	29.555979297194224	0.0
87.0	30.169584245076585	18.7363238512035	21.170678336980306	29.923413566739605	0.0
88.0	34.046639231824415	16.81755829903978	18.079561042524006	31.0562414266118	0.0
89.0	29.554879734586674	16.256566215095383	19.795410561238597	34.39314348907935	0.0
90.0	30.655509065550905	16.20641562064156	18.326359832635983	34.81171548117155	0.0
91.0	28.775968556990456	20.662549129702416	17.349803481190342	33.21167883211679	0.0
92.0	29.632768361581917	16.101694915254235	18.785310734463277	35.48022598870057	0.0
93.0	33.663646659116644	17.29898074745187	16.874292185730464	32.16308040770102	0.0
94.0	30.609929078014186	15.092198581560284	21.02127659574468	33.276595744680854	0.0
95.0	30.26765375854214	18.080865603644646	21.26993166287016	30.38154897494305	0.0
96.0	28.162564396107616	17.68746422438466	19.891242129364624	34.258729250143105	0.0
97.0	30.81345214141995	17.620005748778382	19.4021270480023	32.16441506179937	0.0
98.0	32.02785030461271	19.52422396286626	17.78357992457209	30.66434580794894	0.0
99.0	29.854227405247812	20.408163265306122	18.862973760932945	30.87463556851312	0.0
100.0	32.15226939970717	13.206442166910687	20.732064421669108	33.90922401171303	0.0
101.0	32.960893854748605	18.72978535724787	19.641281975889445	28.668038812114084	0.0
102.0	31.178033658104514	16.415707115441393	20.84440507824033	31.561854148213758	0.0
103.0	29.74739970282318	17.97919762258544	19.970282317979198	32.30312035661218	0.0
104.0	28.12687013764213	17.65409934171155	20.46678635547576	33.75224416517056	0.0
105.0	30.866425992779785	18.140794223826713	17.90012033694344	33.092659446450064	0.0
106.0	29.92125984251969	18.927922471229557	19.018776499091462	32.1320411871593	0.0
107.0	30.647613256308908	20.55335968379447	18.789905746427486	30.00912131346914	0.0
108.0	35.05501222493888	17.1760391198044	15.95354523227384	31.815403422982886	0.0
109.0	30.092307692307692	17.876923076923077	20.06153846153846	31.969230769230773	0.0
110.0	25.44158661295321	21.81592810660056	19.987604586303068	32.75488069414317	0.0
111.0	30.45241809672387	18.720748829953198	19.06396255850234	31.76287051482059	0.0
112.0	25.774163278073193	19.674695026587425	21.73913043478261	32.81201126055677	0.0
113.0	29.32496075353218	18.524332810047095	18.58712715855573	33.56357927786499	0.0
114.0	29.72887767969735	16.51954602774275	19.798234552332914	33.95334174022699	0.0
115.0	27.416798732171156	19.207606973058635	19.746434231378764	33.629160063391446	0.0
116.0	28.198599618077658	19.509866327180138	17.568427753023553	34.72310630171865	0.0
117.0	30.540454109370003	19.41157659098177	18.963863127598337	31.084106172049886	0.0
118.0	28.814648249277226	15.03372952136203	22.550594282043047	33.601027947317704	0.0
119.0	24.193548387096776	22.129032258064516	25.61290322580645	28.064516129032256	0.0
120.0	25.04860661049903	22.683084899546337	21.19248217757615	31.075826312378485	0.0
121.0	29.33897753174862	17.974601107131228	19.53760989905568	33.14881146206447	0.0
122.0	28.824107435309532	18.3426138224697	21.585325908942025	31.24795283327874	0.0
123.0	32.36937232993756	18.435754189944134	18.37002957607624	30.824843904042066	0.0
124.0	31.803170409511228	16.77675033025099	20.640686922060766	30.779392338177015	0.0
125.0	26.485230667109192	19.31629605044806	21.274477265184203	32.923996017258546	0.0
126.0	30.11325782811459	20.21985343104597	17.754830113257828	31.91205862758161	0.0
127.0	29.2715676401477	18.596844578717693	21.114467942262504	31.017119838872105	0.0
128.0	31.568296795952783	17.672849915682967	19.93254637436762	30.826306913996625	0.0
129.0	32.159783344617466	17.77251184834123	16.519972918077183	33.547731888964115	0.0
130.0	30.408163265306122	19.79591836734694	16.598639455782312	33.197278911564624	0.0
131.0	31.11720356408499	18.88279643591501	19.396847155586016	30.603152844413984	0.0
132.0	29.968997588701345	17.3269032035825	22.252841887702377	30.45125732001378	0.0
133.0	29.224376731301938	19.044321329639892	21.018005540166204	30.713296398891966	0.0
134.0	27.12691771269177	20.711297071129707	18.758716875871688	33.40306834030684	0.0
135.0	27.339642481598318	15.983175604626709	20.960392569225377	35.716789344549596	0.0
136.0	25.203252032520325	17.674089784376104	22.481442205726403	34.641215977377165	0.0
137.0	27.430801987224985	16.50106458481192	20.44002838892832	35.62810503903477	0.0
138.0	30.139435109045404	18.01930639971398	19.091884161601715	32.7493743296389	0.0
139.0	29.29547088425593	18.044572250179726	20.92020129403307	31.739755571531276	0.0
140.0	30.00363240101707	15.982564475118052	21.72175808209226	32.29204504177261	0.0
141.0	29.791132282887506	16.489556614144373	20.556980578966655	33.16233052400147	0.0
142.0	32.79352226720648	16.709606183290393	18.439455281560544	32.057416267942585	0.0
143.0	33.91530460624072	19.799405646359585	18.907875185735513	27.377414561664192	0.0
144.0	30.815258040388933	17.352281226626776	16.903515332834704	34.928945400149594	0.0
145.0	30.08682521706304	18.57304643261608	18.195545488863722	33.14458286145715	0.0
146.0	28.771796815769523	19.067475360121307	19.82562547384382	32.33510235026535	0.0
147.0	29.736942432329393	17.76591688905833	17.041555470834922	35.455585207777354	0.0
148.0	25.105404369490223	21.694135684170178	20.1609812188578	33.03947872748179	0.0
149.0	30.520231213872833	19.229287090558767	17.186897880539497	33.0635838150289	0.0
150.0	28.499613302397524	19.06419180201083	18.71616395978345	33.7200309358082	0.0
151.0	26.873786407766993	20.07766990291262	22.485436893203882	30.563106796116507	0.0
152.0	28.638497652582164	20.38341158059468	17.214397496087635	33.76369327073552	0.0
153.0	32.24151539068666	17.600631412786107	17.876874506708763	32.28097868981847	0.0
154.0	31.747919143876334	16.012683313515655	20.72929052715022	31.510107015457788	0.0
155.0	30.76923076923077	19.489836588282184	17.218015145476283	32.52291749701076	0.0
156.0	31.32530120481928	17.14859437751004	17.710843373493976	33.81526104417671	0.0
157.0	31.105710814094774	16.848926690968003	20.17010935601458	31.875253138922645	0.0
158.0	28.58312858312858	22.11302211302211	16.461916461916463	32.841932841932845	0.0
159.0	35.16075845012366	14.46826051112943	18.796372629843365	31.574608408903543	0.0
160.0	26.453488372093027	19.89202657807309	22.632890365448503	31.021594684385384	0.0
161.0	30.801335559265443	18.48914858096828	22.16193656093489	28.547579298831387	0.0
162.0	32.35046335299073	18.44987363100253	19.460825610783488	29.73883740522325	0.0
163.0	27.81794980859209	18.8855806039983	17.737133134836238	35.559336452573376	0.0
164.0	30.86472602739726	15.111301369863014	22.26027397260274	31.76369863013699	0.0
165.0	29.396551724137932	16.767241379310345	22.370689655172413	31.46551724137931	0.0
166.0	29.190125595495886	19.05586834127328	21.351234300563014	30.402771762667825	0.0
167.0	29.350196249454864	19.319668556476234	21.15133013519407	30.178805058874836	0.0
168.0	26.769230769230766	20.0	20.835164835164836	32.395604395604394	0.0
169.0	26.849800620292424	18.56446610544971	20.07089056269384	34.51484271156403	0.0
170.0	29.451137884872825	17.090584560464077	19.410977242302543	34.04730031236055	0.0
171.0	30.551816958277257	16.509645580978017	18.124719605204128	34.8138178555406	0.0
172.0	28.855721393034827	19.900497512437813	18.407960199004975	32.83582089552239	0.0
173.0	28.279618701770314	18.066273263731276	19.609623241034953	34.04448479346346	0.0
174.0	28.434504792332266	20.356001825650388	19.397535371976264	31.811958010041074	0.0
175.0	28.077455048409405	19.409866297833105	20.470262793914245	32.042415859843246	0.0
176.0	29.82292637465051	18.54613233923579	17.707362534948743	33.92357875116495	0.0
177.0	28.65221489161169	21.86616399622997	18.614514608859565	30.867106503298775	0.0
178.0	28.57142857142857	19.743711438063595	20.360702420503085	31.324157570004747	0.0
179.0	25.095785440613028	19.779693486590038	24.760536398467433	30.3639846743295	0.0
180.0	32.14800576645843	16.194137433926	19.269581931763575	32.388274867852	0.0
181.0	28.8135593220339	18.353510895883776	19.757869249394673	33.07506053268765	0.0
182.0	32.796486090775986	16.05661298194241	22.15714982918497	28.989751098096633	0.0
183.0	28.402948402948404	22.555282555282556	20.49140049140049	28.55036855036855	0.0
184.0	29.52522255192878	20.5242334322453	19.13946587537092	30.811078140454995	0.0
185.0	27.84176264396595	22.183274912368553	23.73560340510766	26.239359038557836	0.0
186.0	31.77004538577912	17.95259707513868	21.986888552697934	28.290468986384266	0.0
187.0	31.377551020408163	22.244897959183675	16.83673469387755	29.54081632653061	0.0
188.0	28.733264675592174	19.618949536560248	19.979402677651905	31.668383110195673	0.0
189.0	29.635416666666664	18.4375	19.6875	32.239583333333336	0.0
190.0	30.761154855643046	16.535433070866144	20.41994750656168	32.28346456692913	0.0
191.0	27.041357370095444	18.29268292682927	21.1558854718982	33.51007423117709	0.0
192.0	31.90118152524167	20.247046186895812	18.367346938775512	29.484425349087	0.0
193.0	30.151843817787416	17.570498915401302	21.0412147505423	31.23644251626898	0.0
194.0	28.986301369863014	19.945205479452056	21.80821917808219	29.26027397260274	0.0
195.0	28.697571743929362	18.101545253863137	20.6401766004415	32.560706401766005	0.0
196.0	28.245125348189415	20.167130919220057	21.16991643454039	30.41782729805014	0.0
197.0	28.27313769751693	19.469525959367946	22.404063205417607	29.853273137697517	0.0
198.0	27.129521586931155	22.63710618436406	19.953325554259045	30.280046674445742	0.0
199.0	28.597672994488672	23.086344151867728	18.799755052051438	29.51622780159216	0.0
200.0	27.053824362606232	15.934844192634563	21.671388101983002	35.3399433427762	0.0
201.0	31.32295719844358	17.704280155642024	18.579766536964982	32.39299610894942	0.0
202.0	35.19607843137255	18.235294117647058	16.862745098039216	29.705882352941178	0.0
203.0	36.075322101090194	18.23587710604559	19.326065411298316	26.362735381565905	0.0
204.0	35.140562248995984	17.670682730923694	21.586345381526105	25.602409638554217	0.0
205.0	34.10931174089069	18.11740890688259	21.558704453441297	26.214574898785425	0.0
206.0	30.706243602865918	19.75435005117707	21.28966223132037	28.249744114636645	0.0
207.0	26.446280991735538	23.863636363636363	14.669421487603307	35.0206611570248	0.0
208.0	29.035639412997906	17.19077568134172	21.069182389937108	32.70440251572327	0.0
209.0	22.962962962962962	19.47089947089947	21.375661375661377	36.19047619047619	0.0
210.0	27.98708288482239	17.976318622174382	19.483315392895587	34.55328310010764	0.0
211.0	30.36876355748373	19.414316702819956	19.739696312364423	30.47722342733189	0.0
212.0	29.54796030871003	14.22271223814774	24.696802646085995	31.532524807056227	0.0
213.0	29.555555555555557	21.11111111111111	17.22222222222222	32.111111111111114	0.0
214.0	28.603603603603606	26.351351351351347	19.48198198198198	25.563063063063062	0.0
215.0	31.506849315068493	22.146118721461185	16.894977168949772	29.45205479452055	0.0
216.0	31.16279069767442	18.255813953488374	18.372093023255815	32.2093023255814	0.0
217.0	26.666666666666668	17.142857142857142	24.88095238095238	31.30952380952381	0.0
218.0	24.720496894409937	18.88198757763975	21.614906832298136	34.78260869565217	0.0
219.0	17.373461012311903	24.623803009575923	25.03419972640219	32.968536251709985	0.0
220.0	0.0	34.090909090909086	25.413223140495866	40.49586776859504	0.0
