#Read position (bp)	Clipping profile
0.0	14.652642402690603
1.0	14.652642402690603
2.0	11.227265911184423
3.0	6.540134101668774
4.0	3.648165206400891
5.0	1.1225123712002743
6.0	0.0
7.0	0.0
8.0	0.0
9.0	0.0
10.0	0.0
11.0	0.0
12.0	0.0
13.0	0.0
14.0	0.0
15.0	0.0
16.0	0.0
17.0	0.0
18.0	0.0
19.0	0.0
20.0	0.0
21.0	0.0
22.0	0.0
23.0	0.0
24.0	0.0
25.0	0.0
26.0	0.0
27.0	0.0
28.0	0.0
29.0	0.0
30.0	1.6195025813500141
31.0	4.17728840427583
32.0	7.671215269595767
33.0	11.02375698892483
34.0	13.335189905957456
35.0	10.329684454060537
