#Position (bp)	insert size
38.0	17719.128205128207
113.0	0.0
188.0	0.0
263.0	432.0
338.0	390.27272727272725
413.0	642.0
488.0	0.0
563.0	450.0
638.0	371.97777777777776
713.0	322.8333333333333
788.0	0.0
863.0	0.0
938.0	376.3333333333333
1013.0	357.25
1088.0	0.0
1163.0	0.0
1238.0	710.6923076923077
1313.0	367.0
1388.0	0.0
1463.0	0.0
1538.0	380.1666666666667
1613.0	384.14285714285717
1688.0	0.0
1763.0	0.0
1838.0	396.0
1913.0	0.0
1988.0	0.0
2063.0	0.0
2138.0	0.0
2213.0	0.0
2288.0	0.0
2363.0	0.0
2438.0	0.0
2513.0	398.0
2588.0	0.0
2663.0	0.0
2738.0	0.0
2813.0	374.0
2888.0	0.0
2963.0	0.0
3038.0	0.0
3113.0	381.8181818181818
3188.0	376.125
3263.0	0.0
3338.0	0.0
3413.0	0.0
3488.0	377.8857142857143
3563.0	0.0
3638.0	0.0
3713.0	0.0
3788.0	393.0
3863.0	0.0
3938.0	0.0
4013.0	378.8
4088.0	362.25
4163.0	0.0
4238.0	211.0
4313.0	387.61224489795916
4388.0	0.0
4463.0	0.0
4538.0	0.0
4613.0	373.5
4688.0	356.8333333333333
4763.0	0.0
4838.0	0.0
4913.0	376.7241379310345
4988.0	368.5
5063.0	0.0
5138.0	0.0
5213.0	0.0
5288.0	378.21875
5363.0	0.0
5438.0	0.0
5513.0	0.0
5588.0	384.9142857142857
5663.0	0.0
5738.0	0.0
5813.0	0.0
5888.0	396.75757575757575
5963.0	0.0
6038.0	0.0
6113.0	0.0
6188.0	382.5
6263.0	0.0
6338.0	0.0
6413.0	0.0
6488.0	400.0967741935484
6563.0	0.0
6638.0	0.0
6713.0	391.1162790697674
6788.0	345.2857142857143
6863.0	0.0
6938.0	0.0
7013.0	365.92452830188677
7088.0	363.4032258064516
7163.0	0.0
7238.0	0.0
7313.0	479.0
7388.0	836.0
7463.0	0.0
7538.0	0.0
7613.0	419.48387096774195
7688.0	368.0
7763.0	0.0
7838.0	0.0
7913.0	389.3076923076923
7988.0	378.25
8063.0	0.0
8138.0	0.0
8213.0	393.87179487179486
8288.0	626.1632653061224
8363.0	0.0
8438.0	0.0
8513.0	175.0
8588.0	375.45652173913044
8663.0	343.6666666666667
8738.0	456.0
8813.0	421.0
8888.0	595.5405405405405
8963.0	343.6666666666667
9038.0	0.0
9113.0	0.0
9188.0	377.0769230769231
9263.0	0.0
9338.0	0.0
9413.0	0.0
9488.0	376.7692307692308
9563.0	0.0
9638.0	0.0
9713.0	154.0
9788.0	378.36842105263156
9863.0	0.0
9938.0	0.0
10013.0	434.5
10088.0	374.0
10163.0	332.0
10238.0	0.0
10313.0	0.0
10388.0	384.1219512195122
10463.0	0.0
10538.0	0.0
10613.0	433.0
10688.0	397.5416666666667
10763.0	345.0
10838.0	0.0
10913.0	0.0
10988.0	388.24242424242425
11063.0	365.0
11138.0	0.0
11213.0	0.0
11288.0	380.40625
11363.0	368.0
11438.0	0.0
11513.0	0.0
11588.0	686.0
11663.0	0.0
11738.0	0.0
11813.0	0.0
11888.0	971.5
11963.0	0.0
12038.0	0.0
12113.0	374.60869565217394
12188.0	0.0
12263.0	0.0
12338.0	0.0
12413.0	462.3125
12488.0	0.0
12563.0	0.0
12638.0	0.0
12713.0	379.0
12788.0	0.0
12863.0	0.0
12938.0	0.0
13013.0	374.94736842105266
13088.0	0.0
13163.0	0.0
13238.0	0.0
13313.0	376.43589743589746
13388.0	0.0
13463.0	0.0
13538.0	154.0
13613.0	379.2
13688.0	0.0
13763.0	0.0
13838.0	0.0
13913.0	379.6363636363636
13988.0	0.0
14063.0	0.0
14138.0	0.0
14213.0	0.0
14288.0	0.0
14363.0	0.0
14438.0	0.0
14513.0	381.0
14588.0	0.0
14663.0	0.0
14738.0	0.0
14813.0	430.5
14888.0	429.0
14963.0	0.0
15038.0	0.0
15113.0	0.0
15188.0	385.1020408163265
15263.0	326.0
15338.0	0.0
15413.0	456.0
15488.0	391.3469387755102
15563.0	352.1666666666667
15638.0	0.0
15713.0	0.0
15788.0	0.0
15863.0	372.5925925925926
15938.0	0.0
16013.0	0.0
16088.0	382.48936170212767
16163.0	374.1764705882353
16238.0	0.0
16313.0	484.0
16388.0	390.4102564102564
16463.0	382.88235294117646
16538.0	0.0
16613.0	0.0
16688.0	0.0
16763.0	385.94594594594594
16838.0	336.5
16913.0	215.0
16988.0	177.0
17063.0	375.6666666666667
17138.0	337.0
17213.0	0.0
17288.0	0.0
17363.0	368.9268292682927
17438.0	339.0
17513.0	0.0
17588.0	0.0
17663.0	380.78125
17738.0	360.0
17813.0	0.0
17888.0	165.0
17963.0	377.9259259259259
18038.0	320.2857142857143
18113.0	0.0
18188.0	192.0
18263.0	396.6666666666667
18338.0	362.3333333333333
18413.0	0.0
18488.0	0.0
18563.0	371.4583333333333
18638.0	360.125
18713.0	304.0
18788.0	477.0
18863.0	382.7631578947368
18938.0	410.7647058823529
19013.0	278.0
19088.0	0.0
19163.0	0.0
19238.0	385.7977528089888
19313.0	0.0
19388.0	262.0
19463.0	0.0
19538.0	379.225
19613.0	363.0
19688.0	0.0
19763.0	0.0
19838.0	396.09615384615387
19913.0	375.85714285714283
19988.0	0.0
20063.0	0.0
20138.0	391.88461538461536
20213.0	384.35
20288.0	0.0
20363.0	231.95238095238096
20438.0	409.76666666666665
20513.0	389.0967741935484
20588.0	0.0
20663.0	0.0
20738.0	0.0
20813.0	365.87179487179486
20888.0	296.5
20963.0	0.0
21038.0	381.5
21113.0	349.06756756756755
21188.0	0.0
21263.0	0.0
21338.0	379.8095238095238
21413.0	374.6666666666667
21488.0	0.0
21563.0	192.0
21638.0	377.5882352941176
21713.0	0.0
21788.0	0.0
21863.0	0.0
21938.0	377.11764705882354
22013.0	368.0
22088.0	0.0
22163.0	0.0
22238.0	382.9736842105263
22313.0	365.10526315789474
22388.0	0.0
22463.0	0.0
22538.0	376.39130434782606
22613.0	0.0
22688.0	0.0
22763.0	400.6875
22838.0	726.0625
22913.0	0.0
22988.0	0.0
23063.0	0.0
23138.0	387.1470588235294
23213.0	0.0
23288.0	0.0
23363.0	188.0
23438.0	391.42857142857144
23513.0	360.875
23588.0	263.0
23663.0	476.0
23738.0	0.0
23813.0	364.1521739130435
23888.0	0.0
23963.0	0.0
24038.0	409.0
24113.0	370.9
24188.0	0.0
24263.0	0.0
24338.0	0.0
24413.0	383.9642857142857
24488.0	0.0
24563.0	0.0
24638.0	0.0
24713.0	370.44827586206895
24788.0	0.0
24863.0	0.0
24938.0	407.0
25013.0	383.53333333333336
25088.0	0.0
25163.0	0.0
25238.0	0.0
25313.0	376.89473684210526
25388.0	0.0
25463.0	226.0
25538.0	0.0
25613.0	376.93939393939394
25688.0	338.0
25763.0	0.0
25838.0	160.0
25913.0	397.7083333333333
25988.0	352.6666666666667
26063.0	0.0
26138.0	0.0
26213.0	389.0243902439024
26288.0	388.57142857142856
26363.0	0.0
26438.0	273.5
26513.0	393.64285714285717
26588.0	344.3333333333333
26663.0	0.0
26738.0	0.0
26813.0	365.2857142857143
26888.0	351.93333333333334
26963.0	0.0
27038.0	0.0
27113.0	408.7586206896552
27188.0	360.5
27263.0	0.0
27338.0	0.0
27413.0	387.375
27488.0	378.9268292682927
27563.0	0.0
27638.0	221.7
27713.0	172.0
27788.0	418.0
27863.0	329.5
27938.0	0.0
28013.0	341.0
28088.0	369.05882352941177
28163.0	331.0
28238.0	202.0
28313.0	182.0
28388.0	362.3478260869565
28463.0	0.0
28538.0	0.0
28613.0	408.0
28688.0	380.89285714285717
28763.0	381.0
28838.0	0.0
28913.0	0.0
28988.0	381.1764705882353
29063.0	0.0
29138.0	0.0
29213.0	453.5
29288.0	391.5
29363.0	354.27272727272725
29438.0	0.0
29513.0	363.57575757575756
29588.0	313.5
29663.0	0.0
29738.0	0.0
29813.0	0.0
29877.0	0.0
