# Position (bp)	A	C	G	T	N
0.0	25.969630502274782	24.702716071881856	24.908390338516412	24.41926308732695	0.0
1.0	25.08184664249777	20.533256097005356	14.754525159299927	39.63037210119695	0.0
2.0	27.224356118137973	19.282143681843166	18.868771363803415	34.624728836215446	0.0
3.0	23.133117674789084	23.17180616740088	15.070305769136985	38.62477038867305	0.0
4.0	33.664396027247676	13.643011283864592	14.274478706255525	38.41811398263221	0.0
5.0	35.114692312690885	15.374293326401975	23.150951978686074	26.360062382221066	0.0
6.0	32.452538430552124	17.932091947451173	20.493587327988358	29.12178229400834	0.0
7.0	34.361001659904694	17.45011352968501	19.909436119656064	28.279448690754233	0.0
8.0	23.248252475118882	26.581867318036533	22.027908427097678	28.1419717797469	0.0
9.0	29.648732481283595	18.692044107377757	15.470061873751565	36.18916153758708	0.0
10.0	26.528782819949853	16.73898639782781	24.85092175178309	31.881309030439247	0.0
11.0	27.93673476015719	18.42778734045663	19.7846773407814	33.85080055860479	0.0
12.0	26.288817152618556	19.74064523671887	21.246240882312822	32.724296728349756	0.0
13.0	26.824127718167883	21.11922267543062	18.363058896884986	33.693590709516506	0.0
14.0	30.661921338390396	18.23660830259261	20.154764378864236	30.94670598015275	0.0
15.0	30.317660274933278	18.825851780183246	18.75799507795404	32.09849286692943	0.0
16.0	29.652559540815	16.991533127288783	18.87547723554009	34.48043009635613	0.0
17.0	30.115320075689954	18.1662387739006	20.273678265752242	31.44476288465721	0.0
18.0	30.929718608326546	17.573755382982796	18.503181922913413	32.993344085777245	0.0
19.0	29.627430366274695	18.254679022921373	19.52924227085118	32.588648339952755	0.0
20.0	30.504042462073528	17.768664754662133	19.553058125802977	32.17423465746136	0.0
21.0	29.99523128278493	17.530712809682765	19.511514667860467	32.962541239671836	0.0
22.0	28.976264544737944	18.32434238483422	19.689041855757722	33.010351214670116	0.0
23.0	29.422449416481243	17.827973869777036	20.293413600949716	32.456163112792005	0.0
24.0	30.369183566904184	18.72966863318079	18.470854184977732	32.43029361493729	0.0
25.0	29.484526720676662	17.821676212468134	19.27949198606724	33.41430508078796	0.0
26.0	31.008493567395597	17.7284977185091	19.870537147601272	31.39247156649403	0.0
27.0	29.533890472530572	18.261712732803435	19.395124545581314	32.80927224908468	0.0
28.0	29.595231764026796	17.654860656216155	19.57849883582922	33.17140874392783	0.0
29.0	29.68341110509402	18.261176920757116	19.652961758344386	32.40245021580447	0.0
30.0	30.127248907164073	18.03827844291959	19.25920641303361	32.575266236882726	0.0
31.0	29.8550395641458	18.21507329095862	19.500259437021665	32.42962770787391	0.0
32.0	29.876923575864694	18.163745155588707	19.55698973552352	32.402341533023076	0.0
33.0	30.580745180457175	17.831984120806414	19.58401442619548	32.00325627254093	0.0
34.0	29.781264798033195	17.932135003470442	19.617083660376625	32.66951653811974	0.0
35.0	30.077034105836752	18.081120967872724	19.619532605698904	32.22231232059162	0.0
36.0	30.09935160347585	17.586498820949792	18.893995763852622	33.42015381172174	0.0
37.0	29.04405086285195	19.064162449721035	18.850720124562088	33.04106656286493	0.0
38.0	29.93415077202543	18.046581030232257	19.5919294148177	32.427338782924615	0.0
39.0	28.68028702670438	18.863052448550594	20.014338359328367	32.442322165416655	0.0
40.0	30.30675602904061	18.048842203608665	19.393819462917428	32.2505823044333	0.0
41.0	29.904913916437142	18.140646948713208	20.577004804588526	31.377434330261124	0.0
42.0	30.119453924914673	18.695739628077188	19.046120505067545	32.138685941940594	0.0
43.0	29.73241282653551	18.33335496178253	19.51686370183885	32.41736850984311	0.0
44.0	29.668682516611295	18.119938745847175	20.27843386627907	31.932944871262457	0.0
45.0	29.336664341449964	19.240140810797655	19.256687701766623	32.166507145985754	0.0
46.0	30.08906409694846	17.743709543972354	19.257636962411382	32.909589396667805	0.0
47.0	29.50339882217427	18.211197456156007	19.768977433118643	32.51642628855108	0.0
48.0	30.417895628303594	18.477417931320918	19.122480831443248	31.98220560893224	0.0
49.0	29.481318039489267	18.195239872154712	19.045378587536707	33.27806350081931	0.0
50.0	29.636768361141936	18.464004568788166	19.6753175113084	32.22390955876149	0.0
51.0	29.7292736824685	18.422888591074436	19.368467506676488	32.47937021978058	0.0
52.0	29.615435786440468	18.319936917320803	19.297978044372044	32.76664925186668	0.0
53.0	30.63086743054812	18.020333394989017	19.668811635400747	31.67998753906212	0.0
54.0	30.252965324765942	17.972707653864255	19.518408541433416	32.2559184799364	0.0
55.0	29.292394965891905	17.870889017258502	18.952222705411213	33.884493311438376	0.0
56.0	29.14201519493459	18.397813902618708	20.260670044039998	32.19950085840671	0.0
57.0	28.767078830363808	18.079057540648428	19.35611592509655	33.79774770389121	0.0
58.0	29.66448790429889	17.880023107430077	19.125617442215198	33.329871546055834	0.0
59.0	29.747369514277	17.706528018486424	20.329873619846943	32.21622884738964	0.0
60.0	29.826947168905015	18.24941417786923	19.80241079600408	32.121227857221676	0.0
61.0	30.055306359582218	17.515952509233955	19.66621443547916	32.76252669570467	0.0
62.0	28.949785620855632	18.067569190422557	20.01856546110179	32.96407972762002	0.0
63.0	29.070809098462817	17.885983589530536	19.8915273161612	33.15167999584545	0.0
64.0	28.79251137639811	18.22690477581517	19.537543736651802	33.44304011113491	0.0
65.0	29.46715484838452	17.89198979492473	20.566277809154705	32.074577547536045	0.0
66.0	30.078521879980652	18.04769741647109	20.277731792110156	31.596048911438096	0.0
67.0	29.153912323697924	17.792349017252853	19.45920503789785	33.59453362115138	0.0
68.0	29.5735191004233	17.99542940244631	19.996364297400472	32.434687199729915	0.0
69.0	29.83707349060064	17.787523575488635	19.590135463702673	32.78526747020805	0.0
70.0	28.6225803205355	18.131973367700382	19.913519690177147	33.331926621586966	0.0
71.0	29.69731007213396	17.666651517020625	20.68478564332972	31.951252767515697	0.0
72.0	29.648963902983787	18.039418110514852	19.90611334573468	32.40550464076667	0.0
73.0	29.926400644116107	17.442105844120007	19.30010811021398	33.33138540154991	0.0
74.0	29.377083881189147	18.103104029296894	20.528603754963168	31.99120833455079	0.0
75.0	30.35171050196585	17.71409277001646	19.221191588557478	32.71300513946021	0.0
76.0	29.30487012987013	18.358766233766232	19.3525974025974	32.98376623376623	0.0
77.0	29.16286514865694	18.026825459185496	21.00386050241728	31.806448889740285	0.0
78.0	30.25030277251962	18.08030858445324	18.552081743709962	33.11730689931718	0.0
79.0	29.734012156475657	17.88437061665541	19.186061613590315	33.19555561327861	0.0
80.0	30.70414120489126	18.17564890998708	19.68322412639864	31.436985758723026	0.0
81.0	30.130011819256296	18.40297169872586	19.398841453119115	32.06817502889873	0.0
82.0	30.03578317086951	17.994518875460276	18.389042946299266	33.58065500737094	0.0
83.0	30.070236622407524	18.323867787595102	19.76302040206651	31.842875187930865	0.0
84.0	30.55528494885533	18.135736320831302	18.895599935054392	32.41337879525897	0.0
85.0	29.753689782266314	17.302440370845442	19.05372712659728	33.89014272029096	0.0
86.0	30.526473033357583	17.54455471266757	19.90868232359971	32.02028993037514	0.0
87.0	29.56817967778286	18.651377427913577	19.853927366373416	31.92651552793014	0.0
88.0	29.730063262363444	17.852781855262986	19.004689468829973	33.4124654135436	0.0
89.0	29.877173496495775	18.27685652487383	20.12704846158343	31.718921517046965	0.0
90.0	30.315775115374997	18.406087512869064	19.421322533605707	31.856814838150232	0.0
91.0	29.92906972212479	18.293126518310665	19.413915844992662	32.36388791457189	0.0
92.0	29.127355043633873	18.55162177698821	20.22065390723702	32.1003692721409	0.0
93.0	30.119261049185443	18.37795879128017	19.435458726323173	32.06732143321121	0.0
94.0	29.832829363829173	17.59140469454901	19.54860355517735	33.027162386444466	0.0
95.0	30.45267489711934	17.882558520987004	20.171429870631837	31.493336711261822	0.0
96.0	29.97989430706817	18.601176459124382	19.201423963777273	32.21750527003017	0.0
97.0	29.698863470264758	18.236771073223178	19.275856132680673	32.78850932383139	0.0
98.0	28.900568117222498	17.82211986656229	20.936532633445832	32.340779382769384	0.0
99.0	29.54026460852815	18.549558065427757	19.284653939730585	32.62552338631351	0.0
100.0	29.57126854493116	18.232646894090372	19.775832649499172	32.4202519114793	0.0
101.0	29.822018989428194	18.590252006488655	20.227755637588494	31.35997336649466	0.0
102.0	30.153185331661465	17.8338631579292	19.27830360095205	32.73464790945729	0.0
103.0	29.5053914597176	17.499006447417255	19.606651711373797	33.38895038149134	0.0
104.0	30.25234180844963	18.01659865918694	19.468816538012774	32.26224299435066	0.0
105.0	30.120529761885066	18.134055034094406	19.394605110356032	32.35081009366449	0.0
106.0	29.245799944873756	17.95023362235867	19.71327712227731	33.090689310490255	0.0
107.0	29.794916763079016	17.850343583605344	20.050545632770643	32.304194020545005	0.0
108.0	29.220455556633468	18.522669110931954	20.328102471807878	31.928772860626697	0.0
109.0	28.6325159263461	18.055676760624838	19.977243282069182	33.33456403095988	0.0
110.0	29.253922294794965	17.781630866608307	21.1504275806343	31.81401925796243	0.0
111.0	29.333202760930938	18.51471641024948	19.78847270811665	32.36360812070293	0.0
112.0	29.141803814732363	17.914468400882356	19.230208831013933	33.71351895337135	0.0
113.0	30.311160075214303	17.70596375976307	20.32996365095395	31.652912514068674	0.0
114.0	30.0134198853334	18.445683611690665	18.768034038019593	32.77286246495634	0.0
115.0	29.492174103897174	17.42170674494849	20.36310511804003	32.72301403311431	0.0
116.0	30.1522734239649	17.927689928461458	20.21781884939018	31.70221779818346	0.0
117.0	29.92893176203558	18.306818260454367	19.52438948439198	32.23986049311808	0.0
118.0	29.43706550024146	17.8504052725384	19.732064996473625	32.98046423074651	0.0
119.0	30.306931245726403	18.028634822288275	19.656786815701707	32.00764711628361	0.0
120.0	29.474392020620865	18.23237700325003	19.535189958534126	32.75804101759498	0.0
121.0	29.375601937447716	17.753376122152	19.649698767653902	33.22132317274638	0.0
122.0	29.448608288166216	18.13989103432701	20.055259146341463	32.35624153116532	0.0
123.0	28.992698660239597	18.529099028850926	19.504146877436735	32.97405543347274	0.0
124.0	29.108226957930533	18.08399651053072	19.24121846570172	33.56655806583703	0.0
125.0	28.949214416091053	18.20872552879281	20.118821803085073	32.72323825203107	0.0
126.0	29.33204816503863	17.966221173627194	19.673504912891485	33.02822574844269	0.0
127.0	29.818687973390695	17.447531589508124	19.0090204089011	33.72476002820007	0.0
128.0	29.081539948687755	17.56717470146596	21.062730305475004	32.28855504437128	0.0
129.0	29.87679746437935	18.08126839456945	19.024457930752433	33.01747621029877	0.0
130.0	30.13027224735218	17.73441483878305	19.387856175917058	32.74745673794771	0.0
131.0	29.80694468499077	18.152137463933403	20.175551731380793	31.865366119695032	0.0
132.0	30.623373450265984	18.18107778933613	18.79412276447745	32.401425995920434	0.0
133.0	29.648200084806913	18.211169219553202	19.797579283307172	32.34305141233271	0.0
134.0	30.41477066655699	17.485576689387507	20.19712169422955	31.902530949825948	0.0
135.0	29.24345295829292	18.18697884946503	20.049022924984396	32.52054526725765	0.0
136.0	28.608160687884503	18.446814866351815	19.692357721117887	33.25266672464579	0.0
137.0	30.679708424640857	17.824750426101776	22.71426832237643	28.781272826880933	0.0
138.0	30.093319145352798	19.873379929111135	19.768118382876434	30.265182542659634	0.0
139.0	30.476663280071424	18.907976971152365	19.63340106523814	30.981958683538068	0.0
140.0	28.888949070706758	20.982218852040422	19.805320416595737	30.323511660657083	0.0
141.0	31.107992099656308	17.03122813020015	20.943686723379106	30.91709304676444	0.0
142.0	27.00004688525615	19.566389522708093	24.208811302472416	29.224752289563344	0.0
143.0	27.005525035439547	18.875830031532363	19.213536533167883	34.90510839986021	0.0
144.0	27.81732425300615	19.143346974892157	18.587545625483905	34.451783146617785	0.0
145.0	27.17817826175113	19.408895196975298	16.89228677408967	36.5206397671839	0.0
146.0	33.22228006246746	14.395947623433308	19.256396908661355	33.12537540543787	0.0
147.0	34.32910263168566	15.903248043469445	22.124406958355298	27.643242366489602	0.0
148.0	31.37381781981085	17.03915712626514	20.995934959349594	30.59109009457441	0.0
149.0	33.070148935413926	16.652596594746385	22.80817900686027	27.46907546297942	0.0
150.0	27.312087203083347	17.90074197327538	25.69174434464687	29.0954264789944	0.0
