#GC Content (%)	Sample
1.0	0.0
2.0	5.2471403085318505E-6
3.0	0.0
4.0	0.0
5.0	0.0
6.0	0.0
7.0	0.0
8.0	0.0
9.0	0.0
10.0	0.0
11.0	0.0
12.0	5.2471403085318505E-6
13.0	0.0
14.0	3.14828418511911E-5
15.0	6.296568370238219E-5
16.0	0.0
17.0	3.3581697974603843E-4
18.0	2.833455766607199E-4
19.0	1.1018994647916886E-4
20.0	0.0035890439710357853
21.0	5.929268548640992E-4
22.0	0.0011123937454087522
23.0	0.009623255325847414
24.0	0.001537412110399832
25.0	0.01619792213243782
26.0	0.008484625878896
27.0	0.0035575611291845948
28.0	0.03594291111344317
29.0	0.013023402245776054
30.0	0.008705005771854341
31.0	0.0708416413054885
32.0	0.017892748452093606
33.0	0.011722111449260154
34.0	0.08118900199391332
35.0	0.020988561234127394
36.0	0.037186483366565215
37.0	0.08520306432994017
38.0	0.022699128974708785
39.0	0.09651589883513485
40.0	0.0335921922552209
41.0	0.014188267394270124
42.0	0.10128030223528178
43.0	0.027715395109665236
44.0	0.01015321649700913
45.0	0.0754381362157624
46.0	0.021114492601532166
47.0	0.012713820967572674
48.0	0.04491552104103263
49.0	0.014371917305068739
50.0	0.023612131388393326
51.0	0.01679609612761045
52.0	0.009392381152272011
53.0	0.018254801133382306
54.0	0.0019729247560079754
55.0	0.005457025920873124
56.0	0.012708573827264143
57.0	0.0012173365515793892
58.0	0.0016266134956448737
59.0	0.0022667646132857595
60.0	5.142197502361213E-4
61.0	0.0011438765872599434
62.0	0.0012015951306537937
63.0	4.0402980375695246E-4
64.0	3.672998215972296E-4
65.0	4.7224262776786645E-5
66.0	5.24714030853185E-5
67.0	5.2471403085318505E-6
68.0	0.0
69.0	0.0
70.0	0.0
71.0	0.0
72.0	0.0
73.0	0.0
74.0	0.0
75.0	1.0494280617063701E-5
76.0	0.0
77.0	0.0
78.0	0.0
79.0	0.0
80.0	0.0
81.0	0.0
82.0	0.0
83.0	0.0
84.0	0.0
85.0	0.0
86.0	0.0
87.0	0.0
88.0	0.0
89.0	0.0
90.0	0.0
91.0	0.0
92.0	0.0
93.0	0.0
94.0	0.0
95.0	0.0
96.0	0.0
97.0	0.0
98.0	0.0
99.0	0.0
100.0	2.623570154265925E-5
