#Position (bp)	mapping quality
38.0	59.998579989508876
113.0	59.99831353719636
188.0	59.98830175992916
263.0	59.94893999788352
338.0	59.997329762490956
413.0	59.99785085790561
488.0	59.99749268069947
563.0	59.99681819118195
638.0	59.99486523683039
713.0	59.993816730655205
788.0	59.99834021232922
863.0	59.99820617327425
938.0	59.99922764577689
1013.0	59.99891730902734
1088.0	59.99811850197869
1163.0	59.995081463264675
1238.0	59.99711030269751
1313.0	59.99617006746219
1388.0	60.0
1463.0	60.0
1538.0	59.99569595582264
1613.0	59.999287894391564
1688.0	59.999219737348206
1763.0	59.99855804784397
1838.0	59.99728790060638
1913.0	59.93288448313101
1988.0	59.9850511318808
2063.0	59.99795084095133
2138.0	59.99720234414112
2213.0	59.99414014916761
2288.0	59.99135565312843
2363.0	60.0
2438.0	60.0
2513.0	59.99644180874722
2588.0	59.99885803778263
2663.0	59.99763991908294
2738.0	59.99623634304089
2813.0	59.9965099604347
2888.0	59.99672725305637
2963.0	59.99914556416882
3038.0	59.94862775642153
3113.0	59.99913177404986
3188.0	59.99871928188033
3263.0	59.99833190112723
3338.0	59.99931264319933
3413.0	59.99607902277183
3488.0	59.998776502492014
3563.0	59.9985568383659
3638.0	60.0
3713.0	60.0
3788.0	59.99889343413791
3863.0	59.997289687963644
3938.0	59.99712963689122
4013.0	59.99889482409284
4088.0	59.99875657018081
4163.0	59.99803118075763
4238.0	59.99826448599464
4313.0	59.99822080577055
4388.0	59.99666115163879
4463.0	59.996456792407116
4538.0	59.998341531153436
4613.0	59.99892362164229
4688.0	59.9986203733234
4763.0	59.99738226240395
4838.0	59.9968165174939
4913.0	59.99657015462886
4988.0	59.99878157647115
5063.0	60.0
5138.0	59.99372872245117
5213.0	60.0
5288.0	59.99589741315267
5363.0	59.996348092247615
5438.0	59.998153413402676
5513.0	59.99850001363624
5588.0	59.998712883634795
5663.0	59.998965994838876
5738.0	59.981501340728514
5813.0	59.9983167093903
5888.0	59.9978176568149
5963.0	59.998876427343994
6038.0	59.9932079414838
6113.0	59.99649875762367
6188.0	59.9822248409425
6263.0	59.99822226434866
6338.0	59.99502312529668
6413.0	59.997826135419814
6488.0	59.99893449178819
6563.0	59.99821188697476
6638.0	59.998846440159795
6713.0	59.999525310548236
6788.0	59.998841737089556
6863.0	59.99851886914896
6938.0	60.0
7013.0	60.0
7088.0	59.99461372730071
7163.0	59.99857006673022
7238.0	59.99753852739726
7313.0	59.99806475170399
7388.0	59.99853498568874
7463.0	59.99856178057599
7538.0	59.99905145963934
7613.0	59.99938637565138
7688.0	59.998321968177564
7763.0	59.9780362499569
7838.0	59.98881428763261
7913.0	59.99756690997567
7988.0	59.9991951671083
8063.0	59.99611935354109
8138.0	59.99750135111228
8213.0	59.998037249718955
8288.0	59.998920453288996
8363.0	59.996320387427595
8438.0	59.99653547113564
8513.0	59.997947314403014
8588.0	59.99939608316797
8663.0	59.99980357339284
8738.0	59.99827909436139
8813.0	60.0
8888.0	59.99807942708333
8963.0	59.99860376473946
9038.0	59.998135565529104
9113.0	59.9970322565898
9188.0	59.99810662046721
9263.0	59.99836781988706
9338.0	59.999814123432664
9413.0	59.99846702130447
9488.0	59.99927061821697
9563.0	59.99810033055522
9638.0	59.99768578885237
9713.0	59.99860228232154
9788.0	59.997481199054405
9863.0	59.99757259753336
9938.0	59.998543660016296
10013.0	59.99745977336894
10088.0	59.998574870009065
10163.0	59.998390717939635
10238.0	59.99856858082049
10313.0	59.99734765940599
10388.0	59.999061113547135
10463.0	59.998970621749585
10538.0	59.997840083834035
10613.0	59.997198937350085
10688.0	59.998546927886494
10763.0	59.997215468275506
10838.0	59.99639914691759
10913.0	59.997215970303685
10988.0	59.99811236150085
11063.0	59.994835629052616
11138.0	59.9985312271059
11213.0	59.99833578351194
11288.0	59.99617297434864
11363.0	59.99801563020525
11438.0	59.99905742393045
11513.0	59.997181338162896
11588.0	59.998272705646286
11663.0	59.99902396870527
11738.0	59.99912089752177
11813.0	59.998695951862
11888.0	59.99704367953098
11963.0	59.998142280341625
12038.0	59.994923890709025
12113.0	59.997643963268445
12188.0	59.998970585819585
12263.0	59.99773198185586
12338.0	59.99947513311383
12413.0	59.99855948904468
12488.0	59.99667003622411
12563.0	59.99864912997538
12638.0	59.998865475415855
12713.0	59.997157995199295
12788.0	59.999251522430065
12863.0	59.99888856932549
12938.0	59.99669182181638
13013.0	59.99806425440031
13088.0	59.99857892192318
13163.0	59.99745478077086
13238.0	59.996309250240564
13313.0	59.995867296822226
13388.0	59.99268154042916
13463.0	59.99870005352721
13538.0	59.99924736443152
13613.0	59.99901574225362
13688.0	59.998328754855805
13763.0	59.994247380513016
13838.0	59.996134310400386
13913.0	59.996778160354154
13988.0	59.99441217395145
14063.0	59.99852307309622
14138.0	59.998601546400835
14213.0	59.997188190704776
14288.0	59.99881958339931
14363.0	59.986151471431704
14438.0	59.95387690097742
14513.0	59.99935956112275
14588.0	59.99758965887812
14663.0	59.99759695023713
14738.0	59.99902655460288
14813.0	59.998652605753634
14888.0	59.99697930025756
14963.0	59.99909323782105
15038.0	59.998202861045215
15113.0	59.99579599286344
15188.0	59.99794341574823
15263.0	59.996536501356566
15338.0	59.998384526682834
15413.0	59.99888950583009
15488.0	59.99711804074266
15563.0	59.99787447376915
15638.0	59.99639070443866
15713.0	59.99795704430277
15788.0	59.99600546723163
15863.0	59.9980203887393
15938.0	59.998576043344684
16013.0	59.99860963270383
16088.0	59.99747258386478
16163.0	59.9987675351563
16238.0	59.99804068837148
16313.0	59.99724821133737
16388.0	59.99914442162902
16463.0	59.99601570108904
16538.0	59.99632838889705
16613.0	59.9982146045349
16688.0	60.0
16763.0	59.99947349746478
16838.0	59.99843231808703
16913.0	59.998513548626846
16988.0	59.99887274940419
17063.0	59.996825252329856
17138.0	59.99620253487429
17213.0	59.99907176317538
17288.0	59.99877447051784
17363.0	59.99868757163816
17438.0	59.99716591678339
17513.0	59.998459739187595
17588.0	59.99864936472332
17663.0	59.998310417152176
17738.0	59.998551224560195
17813.0	59.99785810884901
17888.0	59.99798107391753
17963.0	59.998546231587056
18038.0	59.99759423745793
18113.0	59.99810711903517
18188.0	59.99881338362116
18263.0	59.99976047262533
18338.0	59.99862421766711
18413.0	59.99912066998756
18488.0	59.98987090813914
18563.0	59.99922496707169
18638.0	59.99593139565562
18713.0	59.99803423881696
18788.0	59.99895805283727
18863.0	59.89978674570696
18938.0	59.99775818135345
19013.0	59.998629673217366
19088.0	59.99914369707104
19163.0	59.99883728410534
19238.0	59.998860925708804
19313.0	59.99523255592212
19388.0	60.0
19463.0	60.0
19538.0	60.0
19613.0	59.998303465221035
19688.0	59.99816562378982
19763.0	59.99844854717525
19838.0	59.99900773561217
19913.0	59.99558007204134
19988.0	59.99978031634446
20063.0	59.997467071935155
20138.0	60.0
20213.0	60.0
20288.0	60.0
20363.0	60.0
20438.0	60.0
20513.0	59.99860272358007
20588.0	59.99952602987227
20663.0	59.99800904040578
20738.0	59.998141808887105
20813.0	59.99882071877853
20888.0	59.99856957341066
20963.0	59.99881160094607
21038.0	59.99816321175545
21113.0	59.99402715847501
21188.0	59.98408529048208
21263.0	60.0
21338.0	60.0
21413.0	60.0
21488.0	60.0
21563.0	60.0
21638.0	59.999519995199954
21713.0	59.998250405393875
21788.0	59.997622474110564
21863.0	59.99647531821296
21938.0	59.99769765000063
22013.0	59.99814729774667
22088.0	59.99903835879902
22163.0	59.997417805972546
22238.0	59.996584797362566
22313.0	59.99075969764672
22388.0	59.99755301794453
22463.0	59.96153846153846
22538.0	59.99756564266485
22613.0	59.998679948416445
22688.0	59.9979702676955
22763.0	59.99931756781168
22838.0	59.99850145334687
22913.0	59.99831745009833
22988.0	59.9992767941317
23063.0	59.997857616375896
23138.0	59.99785280971517
23213.0	59.99573616226266
23288.0	59.99811109418729
23363.0	59.97011717146844
23438.0	59.950497957250285
23513.0	59.99356889342158
23588.0	59.99983085863406
23663.0	59.99889644801785
23738.0	60.0
23813.0	59.99729517261596
23888.0	59.99959866060465
23963.0	59.993876839720535
24038.0	59.9972771077467
24113.0	59.99903904953263
24188.0	59.99821825712378
24263.0	59.994254603365704
24338.0	59.998768907912236
24413.0	59.99960671582247
24488.0	59.99857231319664
24563.0	59.99849648918417
24638.0	59.998243078334475
24713.0	59.99607131598471
24788.0	59.9983256123449
24863.0	59.99547922543976
24938.0	59.998776471321044
25013.0	59.996679574887445
25088.0	59.998147166634745
25163.0	59.999239907955975
25238.0	59.99657273620903
25313.0	59.998441345658094
25388.0	59.99935803438044
25463.0	59.99761232947223
25538.0	59.98562148091719
25613.0	59.992714784090424
25688.0	59.99376926791219
25763.0	59.997188664696054
25838.0	59.999697453105235
25913.0	59.999438057552275
25988.0	59.99596681136326
26063.0	59.998818076477406
26138.0	59.99706221613438
26213.0	59.98093533956893
26288.0	59.9982887234377
26363.0	59.998779609400366
26438.0	59.998300570289395
26513.0	59.99960131192606
26588.0	59.998556365812455
26663.0	59.99768217560394
26738.0	59.96340833349189
26813.0	59.99553071754213
26888.0	59.996033160018904
26963.0	59.99685378317151
27038.0	59.9990243023762
27113.0	59.9969915480037
27188.0	59.99737152440522
27263.0	59.99883503955407
27338.0	59.998702504629456
27413.0	59.99724480277185
27488.0	59.995145350025204
27563.0	60.0
27638.0	60.0
27713.0	60.0
27788.0	60.0
27863.0	60.0
27938.0	60.0
28013.0	60.0
28088.0	59.99291533462177
28163.0	59.99883992061701
28238.0	59.99796144846882
28313.0	59.99674541995022
28388.0	59.99685068368326
28463.0	59.99645698053221
28538.0	59.99429983947371
28613.0	59.99236220145114
28688.0	59.995680681896125
28763.0	59.99684628814287
28838.0	59.96123900744973
28913.0	59.999590289869914
28988.0	59.998082719707135
29063.0	59.99847046662574
29138.0	59.997428554730874
29213.0	59.99480053361808
29288.0	59.99626680506804
29363.0	59.99709152536914
29438.0	60.0
29513.0	60.0
29588.0	60.0
29663.0	60.0
29738.0	60.0
29813.0	60.0
29877.0	41.07983193277311
