#Position (bp)	Coverage
38.0	40.6
113.0	238.14666666666668
188.0	442.46666666666664
263.0	365.64
338.0	387.6933333333333
413.0	432.24
488.0	522.4133333333333
563.0	526.4133333333333
638.0	468.48
713.0	350.82666666666665
788.0	321.93333333333334
863.0	369.2
938.0	353.46666666666664
1013.0	469.3333333333333
1088.0	506.2
1163.0	386.62666666666667
1238.0	396.56
1313.0	208.77333333333334
1388.0	110.69333333333333
1463.0	114.70666666666666
1538.0	100.70666666666666
1613.0	238.65333333333334
1688.0	445.46666666666664
1763.0	423.41333333333336
1838.0	380.49333333333334
1913.0	329.08
1988.0	464.58666666666664
2063.0	447.17333333333335
2138.0	434.18666666666667
2213.0	263.70666666666665
2288.0	182.82666666666665
2363.0	185.0
2438.0	155.73333333333332
2513.0	141.25333333333333
2588.0	58.29333333333334
2663.0	29.013333333333332
2738.0	40.50666666666667
2813.0	54.08
2888.0	191.02666666666667
2963.0	292.4
3038.0	322.0
3113.0	254.45333333333335
3188.0	215.21333333333334
3263.0	293.85333333333335
3338.0	325.08
3413.0	339.81333333333333
3488.0	188.82666666666665
3563.0	155.85333333333332
3638.0	145.37333333333333
3713.0	158.22666666666666
3788.0	154.82666666666665
3863.0	211.96
3938.0	218.10666666666665
4013.0	268.18666666666667
4088.0	348.1066666666667
4163.0	248.97333333333333
4238.0	239.73333333333332
4313.0	304.28
4388.0	493.4266666666667
4463.0	270.16
4538.0	216.8
4613.0	246.96
4688.0	179.76
4763.0	313.70666666666665
4838.0	382.14666666666665
4913.0	472.12
4988.0	243.36
5063.0	151.56
5138.0	130.58666666666667
5213.0	131.72
5288.0	143.77333333333334
5363.0	253.16
5438.0	256.3333333333333
5513.0	306.88
5588.0	326.12
5663.0	515.9866666666667
5738.0	515.4133333333333
5813.0	509.61333333333334
5888.0	411.8666666666667
5963.0	230.41333333333333
6038.0	256.44
6113.0	301.18666666666667
6188.0	393.74666666666667
6263.0	481.72
6338.0	457.49333333333334
6413.0	376.37333333333333
6488.0	363.50666666666666
6563.0	427.28
6638.0	495.16
6713.0	467.08
6788.0	545.6
6863.0	267.82666666666665
6938.0	168.13333333333333
7013.0	235.62666666666667
7088.0	194.45333333333335
7163.0	219.72
7238.0	214.32
7313.0	218.30666666666667
7388.0	368.52
7463.0	388.96
7538.0	335.5733333333333
7613.0	254.01333333333332
7688.0	215.0
7763.0	307.6
7838.0	307.41333333333336
7913.0	382.70666666666665
7988.0	454.88
8063.0	485.52
8138.0	400.96
8213.0	439.93333333333334
8288.0	390.3066666666667
8363.0	275.6
8438.0	285.37333333333333
8513.0	243.02666666666667
8588.0	188.69333333333333
8663.0	221.62666666666667
8738.0	339.8666666666667
8813.0	249.76
8888.0	247.86666666666667
8963.0	403.12
9038.0	507.50666666666666
9113.0	450.4533333333333
9188.0	473.56
9263.0	297.6666666666667
9338.0	284.61333333333334
9413.0	290.37333333333333
9488.0	427.8933333333333
9563.0	706.2266666666667
9638.0	631.64
9713.0	578.5866666666667
9788.0	413.64
9863.0	347.2133333333333
9938.0	399.70666666666665
10013.0	386.28
10088.0	436.68
10163.0	268.3066666666667
10238.0	307.28
10313.0	326.41333333333336
10388.0	369.6666666666667
10463.0	373.49333333333334
10538.0	326.7866666666667
10613.0	323.37333333333333
10688.0	328.0
10763.0	389.8933333333333
10838.0	522.88
10913.0	454.6666666666667
10988.0	418.81333333333333
11063.0	469.26666666666665
11138.0	571.0933333333334
11213.0	551.5866666666667
11288.0	512.0
11363.0	414.61333333333334
11438.0	393.7866666666667
11513.0	360.05333333333334
11588.0	295.3066666666667
11663.0	277.85333333333335
11738.0	208.92
11813.0	260.24
11888.0	270.2
11963.0	431.8
12038.0	524.6
12113.0	497.6
12188.0	717.3866666666667
12263.0	455.70666666666665
12338.0	458.46666666666664
12413.0	442.1066666666667
12488.0	509.9066666666667
12563.0	589.16
12638.0	559.7733333333333
12713.0	597.8666666666667
12788.0	547.36
12863.0	476.53333333333336
12938.0	570.04
13013.0	564.2533333333333
13088.0	708.0133333333333
13163.0	646.6133333333333
13238.0	657.6
13313.0	626.4533333333334
13388.0	149.64
13463.0	43.25333333333333
13538.0	28.653333333333332
13613.0	109.38666666666667
13688.0	571.1066666666667
13763.0	676.5066666666667
13838.0	683.7333333333333
13913.0	580.48
13988.0	468.81333333333333
14063.0	573.44
14138.0	591.76
14213.0	517.4133333333333
14288.0	575.1733333333333
14363.0	560.2533333333333
14438.0	593.52
14513.0	364.73333333333335
14588.0	296.29333333333335
14663.0	439.32
14738.0	400.24
14813.0	411.53333333333336
14888.0	269.74666666666667
14963.0	271.2
15038.0	286.29333333333335
15113.0	174.05333333333334
15188.0	193.73333333333332
15263.0	592.8
15338.0	674.5733333333334
15413.0	610.3466666666667
15488.0	323.14666666666665
15563.0	626.0666666666667
15638.0	613.5066666666667
15713.0	522.7866666666666
15788.0	496.72
15863.0	376.4
15938.0	687.9333333333333
16013.0	725.0
16088.0	926.36
16163.0	503.50666666666666
16238.0	206.57333333333332
16313.0	213.13333333333333
16388.0	263.06666666666666
16463.0	291.9866666666667
16538.0	280.6
16613.0	233.72
16688.0	205.4
16763.0	317.94666666666666
16838.0	616.2666666666667
16913.0	632.6
16988.0	748.08
17063.0	758.3466666666667
17138.0	696.2533333333333
17213.0	781.76
17288.0	757.44
17363.0	697.7733333333333
17438.0	453.18666666666667
17513.0	542.1066666666667
17588.0	525.3066666666666
17663.0	489.3066666666667
17738.0	409.06666666666666
17813.0	426.6
17888.0	405.9066666666667
17963.0	437.96
18038.0	414.17333333333335
18113.0	398.5733333333333
18188.0	483.02666666666664
18263.0	578.44
18338.0	538.32
18413.0	536.4533333333334
18488.0	558.92
18563.0	573.48
18638.0	525.7866666666666
18713.0	697.8133333333334
18788.0	729.5866666666667
18863.0	700.1866666666666
18938.0	520.9733333333334
19013.0	379.94666666666666
19088.0	424.85333333333335
19163.0	424.02666666666664
19238.0	295.85333333333335
19313.0	20.706666666666667
19388.0	9.266666666666667
19463.0	4.626666666666667
19538.0	16.053333333333335
19613.0	231.6
19688.0	304.49333333333334
19763.0	335.70666666666665
19838.0	320.38666666666666
19913.0	172.85333333333332
19988.0	109.81333333333333
20063.0	80.29333333333334
20138.0	89.98666666666666
20213.0	85.86666666666666
20288.0	81.36
20363.0	73.2
20438.0	82.50666666666666
20513.0	271.4266666666667
20588.0	324.85333333333335
20663.0	353.53333333333336
20738.0	415.0933333333333
20813.0	421.24
20888.0	366.7866666666667
20963.0	421.73333333333335
21038.0	428.72
21113.0	298.0
21188.0	28.08
21263.0	18.813333333333333
21338.0	33.21333333333333
21413.0	78.12
21488.0	123.38666666666667
21563.0	108.13333333333334
21638.0	109.29333333333334
21713.0	195.09333333333333
21788.0	257.38666666666666
21863.0	280.28
21938.0	204.4
22013.0	160.68
22088.0	215.76
22163.0	200.69333333333333
22238.0	182.85333333333332
22313.0	96.94666666666667
22388.0	49.8
22463.0	29.706666666666667
22538.0	131.06666666666666
22613.0	344.05333333333334
22688.0	322.6533333333333
22763.0	272.7733333333333
22838.0	328.7733333333333
22913.0	324.52
22988.0	357.8666666666667
23063.0	404.88
23138.0	419.97333333333336
23213.0	359.6
23288.0	363.6666666666667
23363.0	351.7866666666667
23438.0	277.02666666666664
23513.0	309.97333333333336
23588.0	383.36
23663.0	342.52
23738.0	380.61333333333334
23813.0	203.57333333333332
23888.0	437.97333333333336
23963.0	517.6666666666666
24038.0	471.74666666666667
24113.0	333.05333333333334
24188.0	327.14666666666665
24263.0	370.16
24338.0	330.6666666666667
24413.0	246.25333333333333
24488.0	331.26666666666665
24563.0	357.38666666666666
24638.0	434.8
24713.0	477.76
24788.0	643.6933333333334
24863.0	595.4533333333334
24938.0	527.4666666666667
25013.0	451.32
25088.0	370.3466666666667
25163.0	372.73333333333335
25238.0	303.24
25313.0	334.81333333333333
25388.0	424.53333333333336
25463.0	363.2266666666667
25538.0	310.5466666666667
25613.0	233.49333333333334
25688.0	167.24
25763.0	223.4
25838.0	203.58666666666667
25913.0	225.18666666666667
25988.0	273.37333333333333
26063.0	384.16
26138.0	389.88
26213.0	417.52
26288.0	371.16
26363.0	289.97333333333336
26438.0	298.56
26513.0	317.08
26588.0	398.9066666666667
26663.0	478.44
26738.0	387.1333333333333
26813.0	263.85333333333335
26888.0	293.81333333333333
26963.0	342.14666666666665
27038.0	326.6666666666667
27113.0	332.04
27188.0	498.72
27263.0	634.5333333333333
27338.0	613.2133333333334
27413.0	657.1066666666667
27488.0	237.32
27563.0	27.14666666666667
27638.0	26.426666666666666
27713.0	26.413333333333334
27788.0	60.84
27863.0	237.86666666666667
27938.0	287.7866666666667
28013.0	259.4533333333333
28088.0	228.09333333333333
28163.0	374.02666666666664
28238.0	383.82666666666665
28313.0	516.0533333333333
28388.0	391.9866666666667
28463.0	317.52
28538.0	373.37333333333333
28613.0	357.2133333333333
28688.0	269.06666666666666
28763.0	160.08
28838.0	97.85333333333334
28913.0	52.76
28988.0	92.29333333333334
29063.0	339.16
29138.0	379.32
29213.0	326.56
29288.0	369.16
29363.0	153.36
29438.0	70.30666666666667
29513.0	113.49333333333334
29588.0	186.78666666666666
29663.0	167.13333333333333
29738.0	153.96
29813.0	60.25333333333333
29877.0	0.7735849056603774
