#Position (bp)	Coverage
38.0	727.4933333333333
113.0	47.013333333333335
188.0	46.946666666666665
263.0	53.24
338.0	75.52
413.0	59.18666666666667
488.0	40.8
563.0	38.17333333333333
638.0	44.77333333333333
713.0	60.81333333333333
788.0	33.026666666666664
863.0	46.81333333333333
938.0	67.26666666666667
1013.0	90.94666666666667
1088.0	56.82666666666667
1163.0	65.98666666666666
1238.0	86.84
1313.0	100.52
1388.0	42.586666666666666
1463.0	41.88
1538.0	42.56
1613.0	60.693333333333335
1688.0	19.88
1763.0	19.573333333333334
1838.0	20.266666666666666
1913.0	59.82666666666667
1988.0	44.413333333333334
2063.0	44.96
2138.0	38.57333333333333
2213.0	58.46666666666667
2288.0	28.586666666666666
2363.0	18.30666666666667
2438.0	16.813333333333333
2513.0	50.92
2588.0	63.89333333333333
2663.0	62.306666666666665
2738.0	62.82666666666667
2813.0	75.4
2888.0	98.70666666666666
2963.0	66.76
3038.0	65.53333333333333
3113.0	65.85333333333334
3188.0	76.82666666666667
3263.0	34.68
3338.0	38.306666666666665
3413.0	27.85333333333333
3488.0	60.053333333333335
3563.0	43.093333333333334
3638.0	45.72
3713.0	35.346666666666664
3788.0	53.57333333333333
3863.0	33.96
3938.0	18.186666666666667
4013.0	17.786666666666665
4088.0	36.4
4163.0	25.453333333333333
4238.0	18.933333333333334
4313.0	41.78666666666667
4388.0	54.86666666666667
4463.0	36.86666666666667
4538.0	30.546666666666667
4613.0	38.61333333333334
4688.0	58.373333333333335
4763.0	41.70666666666666
4838.0	54.22666666666667
4913.0	55.0
4988.0	85.88
5063.0	47.56
5138.0	60.68
5213.0	49.0
5288.0	75.44
5363.0	47.653333333333336
5438.0	58.86666666666667
5513.0	47.946666666666665
5588.0	73.02666666666667
5663.0	42.12
5738.0	36.06666666666667
5813.0	28.746666666666666
5888.0	63.76
5963.0	63.12
6038.0	51.85333333333333
6113.0	42.666666666666664
6188.0	64.98666666666666
6263.0	48.72
6338.0	35.10666666666667
6413.0	26.96
6488.0	66.06666666666666
6563.0	70.30666666666667
6638.0	62.82666666666667
6713.0	91.49333333333334
6788.0	132.78666666666666
6863.0	108.24
6938.0	78.30666666666667
7013.0	85.61333333333333
7088.0	136.32
7163.0	91.77333333333333
7238.0	110.70666666666666
7313.0	113.52
7388.0	116.12
7463.0	44.74666666666667
7538.0	45.61333333333334
7613.0	51.38666666666666
7688.0	49.88
7763.0	25.2
7838.0	30.866666666666667
7913.0	30.826666666666668
7988.0	71.36
8063.0	43.093333333333334
8138.0	46.54666666666667
8213.0	44.6
8288.0	93.38666666666667
8363.0	59.57333333333333
8438.0	44.4
8513.0	51.06666666666667
8588.0	71.49333333333334
8663.0	52.52
8738.0	30.813333333333333
8813.0	32.18666666666667
8888.0	41.54666666666667
8963.0	50.16
9038.0	32.50666666666667
9113.0	33.8
9188.0	44.36
9263.0	69.09333333333333
9338.0	57.48
9413.0	60.70666666666666
9488.0	68.73333333333333
9563.0	63.333333333333336
9638.0	36.56
9713.0	35.0
9788.0	45.82666666666667
9863.0	45.96
9938.0	34.973333333333336
10013.0	34.06666666666667
10088.0	63.36
10163.0	62.026666666666664
10238.0	43.32
10313.0	42.45333333333333
10388.0	62.53333333333333
10463.0	44.68
10538.0	32.053333333333335
10613.0	30.0
10688.0	56.986666666666665
10763.0	50.266666666666666
10838.0	34.52
10913.0	43.026666666666664
10988.0	60.82666666666667
11063.0	69.34666666666666
11138.0	36.946666666666665
11213.0	41.346666666666664
11288.0	51.86666666666667
11363.0	70.16
11438.0	40.45333333333333
11513.0	43.0
11588.0	56.50666666666667
11663.0	54.14666666666667
11738.0	37.16
11813.0	39.28
11888.0	65.6
11963.0	42.53333333333333
12038.0	32.013333333333335
12113.0	44.68
12188.0	60.81333333333333
12263.0	46.93333333333333
12338.0	39.74666666666667
12413.0	43.86666666666667
12488.0	44.68
12563.0	30.866666666666667
12638.0	34.77333333333333
12713.0	40.61333333333334
12788.0	48.72
12863.0	30.52
12938.0	31.266666666666666
13013.0	46.266666666666666
13088.0	48.306666666666665
13163.0	38.0
13238.0	34.32
13313.0	51.013333333333335
13388.0	57.17333333333333
13463.0	55.053333333333335
13538.0	49.586666666666666
13613.0	58.36
13688.0	41.13333333333333
13763.0	23.346666666666668
13838.0	16.626666666666665
13913.0	24.373333333333335
13988.0	28.88
14063.0	26.8
14138.0	33.53333333333333
14213.0	47.013333333333335
14288.0	53.0
14363.0	35.93333333333333
14438.0	43.25333333333333
14513.0	45.45333333333333
14588.0	77.26666666666667
14663.0	49.49333333333333
14738.0	58.17333333333333
14813.0	53.06666666666667
14888.0	73.93333333333334
14963.0	35.266666666666666
15038.0	43.82666666666667
15113.0	32.74666666666667
15188.0	50.17333333333333
15263.0	33.04
15338.0	27.4
15413.0	29.213333333333335
15488.0	42.45333333333333
15563.0	36.42666666666667
15638.0	22.76
15713.0	23.0
15788.0	22.8
15863.0	40.96
15938.0	25.373333333333335
16013.0	31.04
16088.0	28.88
16163.0	85.74666666666667
16238.0	71.58666666666667
16313.0	86.42666666666666
16388.0	70.34666666666666
16463.0	97.32
16538.0	39.666666666666664
16613.0	34.29333333333334
16688.0	31.493333333333332
16763.0	52.85333333333333
16838.0	40.49333333333333
16913.0	26.813333333333333
16988.0	26.186666666666667
17063.0	43.88
17138.0	56.10666666666667
17213.0	37.733333333333334
17288.0	35.96
17363.0	43.21333333333333
17438.0	62.666666666666664
17513.0	41.053333333333335
17588.0	47.70666666666666
17663.0	47.08
17738.0	60.70666666666666
17813.0	35.84
17888.0	44.026666666666664
17963.0	57.413333333333334
18038.0	73.93333333333334
18113.0	49.44
18188.0	50.906666666666666
18263.0	65.38666666666667
18338.0	58.46666666666667
18413.0	34.70666666666666
18488.0	33.586666666666666
18563.0	35.82666666666667
18638.0	56.22666666666667
18713.0	25.093333333333334
18788.0	33.4
18863.0	24.293333333333333
18938.0	52.45333333333333
19013.0	31.453333333333333
19088.0	33.306666666666665
19163.0	31.786666666666665
19238.0	68.98666666666666
19313.0	52.78666666666667
19388.0	43.45333333333333
19463.0	44.8
19538.0	57.88
19613.0	58.64
19688.0	38.42666666666667
19763.0	39.77333333333333
19838.0	44.06666666666667
19913.0	62.986666666666665
19988.0	37.693333333333335
20063.0	39.16
20138.0	41.28
20213.0	76.56
20288.0	45.82666666666667
20363.0	50.61333333333334
20438.0	45.74666666666667
20513.0	71.78666666666666
20588.0	37.12
20663.0	20.626666666666665
20738.0	25.533333333333335
20813.0	51.373333333333335
20888.0	48.306666666666665
20963.0	45.76
21038.0	36.49333333333333
21113.0	121.98666666666666
21188.0	97.38666666666667
21263.0	114.62666666666667
21338.0	95.97333333333333
21413.0	155.54666666666665
21488.0	106.62666666666667
21563.0	155.38666666666666
21638.0	145.37333333333333
21713.0	142.85333333333332
21788.0	41.22666666666667
21863.0	45.70666666666666
21938.0	51.053333333333335
22013.0	100.30666666666667
22088.0	66.6
22163.0	89.38666666666667
22238.0	89.37333333333333
22313.0	132.68
22388.0	76.58666666666667
22463.0	88.69333333333333
22538.0	97.6
22613.0	105.22666666666667
22688.0	57.04
22763.0	56.28
22838.0	68.65333333333334
22913.0	41.36
22988.0	26.333333333333332
23063.0	33.13333333333333
23138.0	51.346666666666664
23213.0	39.266666666666666
23288.0	24.013333333333332
23363.0	23.76
23438.0	40.93333333333333
23513.0	56.82666666666667
23588.0	44.93333333333333
23663.0	44.986666666666665
23738.0	41.68
23813.0	59.266666666666666
23888.0	29.32
23963.0	34.346666666666664
24038.0	27.373333333333335
24113.0	43.96
24188.0	25.186666666666667
24263.0	21.72
24338.0	19.69333333333333
24413.0	42.93333333333333
24488.0	41.81333333333333
24563.0	43.24
24638.0	35.16
24713.0	51.86666666666667
24788.0	43.04
24863.0	35.46666666666667
24938.0	27.133333333333333
25013.0	44.733333333333334
25088.0	25.826666666666668
25163.0	16.386666666666667
25238.0	15.64
25313.0	39.626666666666665
25388.0	32.04
25463.0	36.72
25538.0	33.56
25613.0	48.72
25688.0	33.93333333333333
25763.0	25.626666666666665
25838.0	23.053333333333335
25913.0	42.42666666666667
25988.0	45.14666666666667
26063.0	30.773333333333333
26138.0	25.066666666666666
26213.0	57.76
26288.0	86.68
26363.0	56.906666666666666
26438.0	38.12
26513.0	75.48
26588.0	71.86666666666666
26663.0	37.81333333333333
26738.0	31.6
26813.0	46.6
26888.0	82.54666666666667
26963.0	58.373333333333335
27038.0	87.44
27113.0	85.06666666666666
27188.0	101.85333333333334
27263.0	46.21333333333333
27338.0	53.026666666666664
27413.0	54.8
27488.0	105.72
27563.0	70.68
27638.0	76.84
27713.0	69.50666666666666
27788.0	101.74666666666667
27863.0	78.96
27938.0	60.026666666666664
28013.0	61.81333333333333
28088.0	80.69333333333333
28163.0	82.93333333333334
28238.0	66.54666666666667
28313.0	98.02666666666667
28388.0	95.96
28463.0	63.373333333333335
28538.0	22.76
28613.0	30.186666666666667
28688.0	53.64
28763.0	55.86666666666667
28838.0	45.653333333333336
28913.0	39.693333333333335
28988.0	59.81333333333333
29063.0	50.81333333333333
29138.0	27.506666666666668
29213.0	21.413333333333334
29288.0	34.64
29363.0	40.56
29438.0	31.30666666666667
29513.0	60.346666666666664
29588.0	66.93333333333334
29663.0	71.46666666666667
29738.0	44.013333333333335
29813.0	40.973333333333336
29877.0	11.50943396226415
