#Read position (bp)	Clipping profile
0.0	28.326156231160105
1.0	0.09301524416501593
2.0	0.07019205925415554
3.0	0.060718284385496514
4.0	0.05899577986392214
5.0	0.056842649211954185
6.0	0.05512014469037981
7.0	0.05512014469037981
8.0	0.053397640168805445
9.0	0.05210576177762466
10.0	0.05167513564723107
11.0	0.0503832572560503
12.0	0.048660752734475926
13.0	0.04823012660408234
14.0	0.04564636982172078
15.0	0.04306261303935923
16.0	0.04220136077857205
17.0	0.039186977865816895
18.0	0.03832572560502971
19.0	0.037895099474636124
20.0	0.03445009043148738
21.0	0.03186633364912583
22.0	0.03057445525794505
23.0	0.029713202997157868
24.0	0.028421324605977093
25.0	0.0279906984755835
26.0	0.0279906984755835
27.0	0.027560072345189906
28.0	0.027560072345189906
29.0	0.026698820084402723
30.0	0.13220222203083284
31.0	0.16363792954956505
32.0	0.027560072345189906
33.0	0.08095771251399535
34.0	0.45603307208681426
35.0	0.19851864611144604
36.0	0.14167599689949187
37.0	0.4276117474808372
38.0	0.356989062096288
39.0	0.679097407630695
40.0	0.04823012660408234
41.0	2.7900266988200846
42.0	3.081129962966153
43.0	0.31435707518732237
44.0	0.5064163293428645
45.0	36.59676169149944
46.0	3.6702265093445865
47.0	2.1225561967100166
48.0	0.38196537765911637
49.0	0.07363706829730428
50.0	0.14425975368185343
51.0	0.12660408233571613
52.0	0.015502540694169321
53.0	0.03832572560502971
54.0	0.13306347429162002
55.0	0.4056498148307639
56.0	0.7574713633623289
57.0	0.30143829127551464
58.0	0.22564809232624236
59.0	0.33631900783739554
60.0	0.05856515373352855
61.0	0.2114374300232538
62.0	0.11799155972784428
63.0	0.11454655068469555
64.0	2.7150977521315993
65.0	0.14253724916027904
66.0	0.057273275342347774
67.0	0.07579019894927225
68.0	0.010765653259839808
69.0	0.12746533459650333
70.0	0.9805356989062095
71.0	0.09129273964344156
72.0	0.18215485315648952
73.0	0.1515803978985445
74.0	1.1148910515890105
75.0	0.1670829385927138
76.0	1.8603048833003188
77.0	0.05425889242959262
78.0	0.007320644216691069
79.0	0.04349323916975282
80.0	0.007751270347084661
81.0	0.04349323916975282
82.0	0.05296701403841185
83.0	0.058134527603134964
84.0	0.27129446214796316
85.0	0.04435449143054
86.0	0.4482818017397296
87.0	0.043923865300146414
88.0	0.09904400999052622
89.0	0.0891396089914736
90.0	0.007751270347084661
91.0	0.007320644216691069
92.0	0.3449315304452674
93.0	0.8827835673068641
94.0	0.1899061235035742
95.0	1.458530703643097
96.0	0.007751270347084661
97.0	0.05253638790801826
98.0	0.45732495047799504
99.0	0.007751270347084661
100.0	0.006459391955903884
101.0	0.007751270347084661
102.0	0.007751270347084661
103.0	0.007751270347084661
104.0	0.10851778485918524
105.0	0.007320644216691069
106.0	0.0068900180862974765
107.0	0.007320644216691069
108.0	0.7854620618379123
109.0	0.008612522607871846
110.0	0.008612522607871846
111.0	0.008612522607871846
112.0	0.009043148738265437
113.0	0.008612522607871846
114.0	0.008181896477478254
115.0	0.009043148738265437
116.0	0.009473774868659031
117.0	0.009473774868659031
118.0	0.009473774868659031
119.0	0.009473774868659031
120.0	0.009904400999052623
121.0	0.010335027129446214
122.0	0.010335027129446214
123.0	0.010335027129446214
124.0	0.010765653259839808
125.0	0.010335027129446214
126.0	0.009904400999052623
127.0	0.009904400999052623
128.0	0.011626905520626991
129.0	0.012057531651020584
130.0	0.012488157781414178
131.0	0.013349410042201361
132.0	0.013349410042201361
133.0	0.012057531651020584
134.0	0.012488157781414178
135.0	0.012918783911807768
136.0	0.013349410042201361
137.0	0.013780036172594953
138.0	0.013780036172594953
139.0	0.013780036172594953
140.0	0.013349410042201361
141.0	0.013780036172594953
142.0	0.015502540694169321
143.0	0.015933166824562917
144.0	0.015933166824562917
145.0	0.015933166824562917
146.0	0.0167944190853501
147.0	0.01722504521574369
148.0	0.017655671346137283
149.0	0.018086297476530875
150.0	0.01851692360692447
151.0	0.017655671346137283
152.0	0.01722504521574369
153.0	0.01722504521574369
154.0	0.015933166824562917
155.0	0.015933166824562917
156.0	0.015502540694169321
157.0	0.016363792954956508
158.0	0.0167944190853501
159.0	0.015502540694169321
160.0	0.0167944190853501
161.0	0.0167944190853501
162.0	0.015933166824562917
163.0	0.015502540694169321
164.0	0.014641288433382138
165.0	0.016363792954956508
166.0	0.01851692360692447
167.0	0.018947549737318062
168.0	0.019378175867711653
169.0	0.020239428128498837
170.0	0.021100680389286024
171.0	0.021961932650073207
172.0	0.023253811041253982
173.0	0.023684437171647577
174.0	0.0223925587804668
175.0	0.02282318491086039
176.0	0.025406941693221944
177.0	0.025406941693221944
178.0	0.02626819395400913
179.0	0.027560072345189906
180.0	0.0279906984755835
181.0	0.029282576866764276
182.0	0.029713202997157868
183.0	0.02885195073637068
184.0	0.0279906984755835
185.0	0.028421324605977093
186.0	0.028421324605977093
187.0	0.02885195073637068
188.0	0.028421324605977093
189.0	0.028421324605977093
190.0	0.029282576866764276
191.0	0.029282576866764276
192.0	0.02885195073637068
193.0	0.029282576866764276
194.0	0.029713202997157868
195.0	0.029713202997157868
196.0	0.030143829127551463
197.0	0.03229695977951942
198.0	0.03746447334424253
199.0	0.03875635173542331
200.0	0.029713202997157868
201.0	0.008612522607871846
202.0	0.008612522607871846
203.0	0.008181896477478254
204.0	0.008181896477478254
205.0	0.007751270347084661
206.0	0.007751270347084661
207.0	0.007751270347084661
208.0	0.007751270347084661
209.0	0.007320644216691069
210.0	0.0068900180862974765
211.0	0.006459391955903884
212.0	0.006459391955903884
213.0	0.006459391955903884
214.0	0.006028765825510292
215.0	0.006028765825510292
216.0	0.006028765825510292
217.0	0.006028765825510292
218.0	0.0055981396951167
219.0	0.005167513564723107
220.0	0.0025837567823615536
