#Position (bp)	Coverage
38.0	629765.32
113.0	11243.92
188.0	9626.48
263.0	10667.413333333334
338.0	10282.506666666666
413.0	11251.826666666666
488.0	12616.893333333333
563.0	12429.36
638.0	13645.466666666667
713.0	14286.453333333333
788.0	14663.56
863.0	14606.066666666668
938.0	14325.226666666667
1013.0	13896.36
1088.0	11186.96
1163.0	11254.92
1238.0	13329.2
1313.0	14811.186666666666
1388.0	13223.8
1463.0	12165.026666666667
1538.0	11810.986666666666
1613.0	9743.28
1688.0	8797.493333333334
1763.0	9280.413333333334
1838.0	11827.36
1913.0	11762.96
1988.0	10406.853333333333
2063.0	10908.853333333333
2138.0	10802.92
2213.0	9660.626666666667
2288.0	9545.12
2363.0	11099.306666666667
2438.0	11711.666666666666
2513.0	10694.96
2588.0	11526.333333333334
2663.0	11239.866666666667
2738.0	9284.786666666667
2813.0	9306.573333333334
2888.0	9831.173333333334
2963.0	8829.293333333333
3038.0	8487.88
3113.0	7710.666666666667
3188.0	7309.2
3263.0	8608.746666666666
3338.0	8904.226666666667
3413.0	8513.426666666666
3488.0	8541.426666666666
3563.0	9373.04
3638.0	8466.093333333334
3713.0	6144.346666666666
3788.0	7269.2266666666665
3863.0	9252.146666666667
3938.0	9033.88
4013.0	9768.746666666666
4088.0	10608.813333333334
4163.0	10630.933333333332
4238.0	11281.946666666667
4313.0	9927.733333333334
4388.0	9993.666666666666
4463.0	8605.053333333333
4538.0	7163.68
4613.0	9394.866666666667
4688.0	9566.4
4763.0	8796.16
4838.0	8787.293333333333
4913.0	9405.853333333333
4988.0	9019.866666666667
5063.0	7799.893333333333
5138.0	8826.906666666666
5213.0	8612.466666666667
5288.0	6740.08
5363.0	5837.12
5438.0	6769.04
5513.0	8085.106666666667
5588.0	9812.866666666667
5663.0	9050.813333333334
5738.0	7056.533333333334
5813.0	7103.44
5888.0	8045.266666666666
5963.0	9359.226666666667
6038.0	8964.053333333333
6113.0	7828.413333333333
6188.0	7627.546666666667
6263.0	9297.973333333333
6338.0	10230.786666666667
6413.0	10281.2
6488.0	9615.066666666668
6563.0	8401.24
6638.0	6737.2
6713.0	5062.906666666667
6788.0	3678.9866666666667
6863.0	4057.56
6938.0	3785.76
7013.0	2802.56
7088.0	3836.9066666666668
7163.0	3965.5733333333333
7238.0	2896.32
7313.0	2604.0533333333333
7388.0	3518.9866666666667
7463.0	4851.546666666667
7538.0	5303.626666666667
7613.0	5606.386666666666
7688.0	5899.173333333333
7763.0	5013.826666666667
7838.0	4146.96
7913.0	3880.2533333333336
7988.0	4692.8
8063.0	5019.4
8138.0	4817.04
8213.0	6160.52
8288.0	6053.626666666667
8363.0	4355.106666666667
8438.0	4430.906666666667
8513.0	4010.16
8588.0	3526.8533333333335
8663.0	4958.6
8738.0	6034.746666666667
8813.0	5388.973333333333
8888.0	4364.44
8963.0	3746.6133333333332
9038.0	4036.693333333333
9113.0	5184.04
9188.0	5596.053333333333
9263.0	4288.693333333334
9338.0	3737.1866666666665
9413.0	4167.026666666667
9488.0	3339.6
9563.0	2622.7466666666664
9638.0	1994.52
9713.0	1549.8933333333334
9788.0	2044.5733333333333
9863.0	3083.24
9938.0	4430.253333333333
10013.0	5425.786666666667
10088.0	5712.013333333333
10163.0	5889.746666666667
10238.0	6184.173333333333
10313.0	6095.92
10388.0	6237.68
10463.0	6626.426666666666
10538.0	6829.293333333333
10613.0	6566.653333333334
10688.0	6711.666666666667
10763.0	6620.4
10838.0	5141.893333333333
10913.0	4510.506666666667
10988.0	5043.106666666667
11063.0	3890.28
11138.0	2684.64
11213.0	3431.16
11288.0	4604.48
11363.0	5134.4
11438.0	5201.12
11513.0	3854.68
11588.0	2508.8933333333334
11663.0	3731.2533333333336
11738.0	5760.28
11813.0	6038.2266666666665
11888.0	5563.986666666667
11963.0	7131.986666666667
12038.0	7421.693333333334
12113.0	6033.666666666667
12188.0	6750.48
12263.0	7787.386666666666
12338.0	7221.053333333333
12413.0	7023.906666666667
12488.0	6744.48
12563.0	6250.653333333334
12638.0	6599.013333333333
12713.0	7606.2266666666665
12788.0	7446.293333333333
12863.0	6255.306666666666
12938.0	5938.426666666666
13013.0	6964.626666666667
13088.0	6837.586666666667
13163.0	6300.426666666666
13238.0	6838.666666666667
13313.0	6402.746666666667
13388.0	6358.88
13463.0	7494.266666666666
13538.0	5828.04
13613.0	3926.8933333333334
13688.0	4868.453333333333
13763.0	5483.6
13838.0	5833.613333333334
13913.0	5712.386666666666
13988.0	5814.666666666667
14063.0	6871.1866666666665
14138.0	7167.0
14213.0	7857.0
14288.0	7421.266666666666
14363.0	5775.12
14438.0	6281.24
14513.0	6668.64
14588.0	6773.6
14663.0	6970.893333333333
14738.0	6445.32
14813.0	6203.346666666666
14888.0	6518.466666666666
14963.0	5450.746666666667
15038.0	5865.96
15113.0	8172.706666666667
15188.0	7901.013333333333
15263.0	6977.733333333334
15338.0	7406.893333333333
15413.0	7563.92
15488.0	7878.24
15563.0	7843.32
15638.0	6376.986666666667
15713.0	5830.36
15788.0	6753.013333333333
15863.0	7594.413333333333
15938.0	7717.333333333333
16013.0	7421.92
16088.0	7810.013333333333
16163.0	8144.08
16238.0	7781.88
16313.0	8430.013333333334
16388.0	8028.426666666666
16463.0	7512.173333333333
16538.0	8300.64
16613.0	9193.986666666666
16688.0	9265.893333333333
16763.0	8921.533333333333
16838.0	8705.56
16913.0	8877.666666666666
16988.0	7585.693333333334
17063.0	4799.466666666666
17138.0	3677.733333333333
17213.0	4149.68
17288.0	5299.866666666667
17363.0	6810.8
17438.0	8051.106666666667
17513.0	7480.466666666666
17588.0	8145.613333333334
17663.0	9089.173333333334
17738.0	9450.293333333333
17813.0	9771.093333333334
17888.0	9082.44
17963.0	9631.64
18038.0	10803.32
18113.0	11237.173333333334
18188.0	10832.4
18263.0	9918.866666666667
18338.0	10061.613333333333
18413.0	10895.92
18488.0	11292.56
18563.0	10511.346666666666
18638.0	9886.653333333334
18713.0	10328.933333333332
18788.0	9650.52
18863.0	9863.4
18938.0	10895.973333333333
19013.0	10368.133333333333
19088.0	9420.64
19163.0	8796.706666666667
19238.0	8595.586666666666
19313.0	7693.533333333334
19388.0	6457.613333333334
19463.0	7869.013333333333
19538.0	10611.826666666666
19613.0	11384.626666666667
19688.0	11001.946666666667
19763.0	12405.666666666666
19838.0	12674.173333333334
19913.0	12059.266666666666
19988.0	13250.64
20063.0	13830.6
20138.0	14346.426666666666
20213.0	11837.12
20288.0	9268.92
20363.0	11068.746666666666
20438.0	8314.146666666667
20513.0	7033.333333333333
20588.0	9241.066666666668
20663.0	10848.453333333333
20738.0	11069.066666666668
20813.0	10027.413333333334
20888.0	10764.32
20963.0	11347.84
21038.0	10909.386666666667
21113.0	10758.866666666667
21188.0	11355.44
21263.0	11966.933333333332
21338.0	8741.84
21413.0	5768.306666666666
21488.0	6110.0
21563.0	13120.306666666667
21638.0	18062.92
21713.0	14599.306666666667
21788.0	14156.466666666667
21863.0	13577.16
21938.0	12372.773333333333
22013.0	13087.44
22088.0	11806.746666666666
22163.0	9992.693333333333
22238.0	12800.573333333334
22313.0	14769.346666666666
22388.0	14200.88
22463.0	14374.026666666667
22538.0	13911.2
22613.0	12312.72
22688.0	11599.973333333333
22763.0	11925.0
22838.0	12868.88
22913.0	13746.186666666666
22988.0	15310.32
23063.0	17176.093333333334
23138.0	19020.906666666666
23213.0	21420.706666666665
23288.0	22928.693333333333
23363.0	22296.106666666667
23438.0	20906.146666666667
23513.0	20632.266666666666
23588.0	21634.02666666667
23663.0	18919.693333333333
23738.0	17763.906666666666
23813.0	20638.013333333332
23888.0	18685.72
23963.0	14210.2
24038.0	15662.706666666667
24113.0	16449.96
24188.0	15029.733333333334
24263.0	15769.693333333333
24338.0	16473.293333333335
24413.0	17015.12
24488.0	17936.72
24563.0	20161.986666666668
24638.0	19267.0
24713.0	18819.386666666665
24788.0	22565.56
24863.0	22950.533333333333
24938.0	23888.573333333334
25013.0	24858.2
25088.0	21590.08
25163.0	19379.853333333333
25238.0	18867.533333333333
25313.0	21400.653333333332
25388.0	25860.333333333332
25463.0	27952.533333333333
25538.0	22232.413333333334
25613.0	20742.44
25688.0	22619.48
25763.0	20982.573333333334
25838.0	19669.24
25913.0	20645.04
25988.0	20357.306666666667
26063.0	19972.786666666667
26138.0	22827.97333333333
26213.0	25672.733333333334
26288.0	25275.546666666665
26363.0	20857.226666666666
26438.0	17924.32
26513.0	23680.97333333333
26588.0	23283.88
26663.0	25010.56
26738.0	27756.546666666665
26813.0	30988.12
26888.0	37595.693333333336
26963.0	36623.24
27038.0	34651.36
27113.0	32385.373333333333
27188.0	25928.12
27263.0	26033.426666666666
27338.0	28329.493333333332
27413.0	23553.013333333332
27488.0	0.0
27563.0	0.0
27638.0	9.786666666666667
27713.0	23719.146666666667
27788.0	26306.013333333332
27863.0	31044.866666666665
27938.0	42310.08
28013.0	43988.16
28088.0	45241.573333333334
28163.0	45766.14666666667
28238.0	52775.41333333333
28313.0	76492.56
28388.0	78066.17333333334
28463.0	78533.62666666666
28538.0	72185.29333333333
28613.0	76732.72
28688.0	77182.82666666666
28763.0	74425.82666666666
28838.0	71593.01333333334
28913.0	71891.38666666667
28988.0	73133.21333333333
29063.0	72545.4
29138.0	73762.66666666667
29213.0	72551.74666666667
29288.0	69656.94666666667
29363.0	67854.84
29438.0	66308.10666666667
29513.0	63718.973333333335
29588.0	53756.386666666665
29663.0	55590.746666666666
29738.0	43332.88
29813.0	17892.893333333333
29877.0	3524.4528301886794
