#Position (bp)	Coverage
38.0	4.613333333333333
113.0	15.746666666666666
188.0	26.093333333333334
263.0	22.813333333333333
338.0	23.08
413.0	15.066666666666666
488.0	13.813333333333333
563.0	15.933333333333334
638.0	32.42666666666667
713.0	133.68
788.0	124.82666666666667
863.0	144.36
938.0	119.14666666666666
1013.0	34.06666666666667
1088.0	10.253333333333334
1163.0	10.213333333333333
1238.0	12.12
1313.0	12.413333333333334
1388.0	13.773333333333333
1463.0	10.986666666666666
1538.0	12.346666666666666
1613.0	22.626666666666665
1688.0	18.69333333333333
1763.0	19.426666666666666
1838.0	14.093333333333334
1913.0	25.053333333333335
1988.0	12.426666666666666
2063.0	9.64
2138.0	11.36
2213.0	13.24
2288.0	22.933333333333334
2363.0	21.666666666666668
2438.0	26.653333333333332
2513.0	13.706666666666667
2588.0	12.333333333333334
2663.0	11.066666666666666
2738.0	12.933333333333334
2813.0	13.88
2888.0	39.733333333333334
2963.0	34.8
3038.0	38.17333333333333
3113.0	33.06666666666667
3188.0	23.733333333333334
3263.0	15.6
3338.0	15.826666666666666
3413.0	11.68
3488.0	10.4
3563.0	8.346666666666666
3638.0	9.76
3713.0	9.213333333333333
3788.0	8.906666666666666
3863.0	8.12
3938.0	10.013333333333334
4013.0	7.8533333333333335
4088.0	33.10666666666667
4163.0	69.26666666666667
4238.0	63.76
4313.0	72.17333333333333
4388.0	59.06666666666667
4463.0	26.706666666666667
4538.0	18.053333333333335
4613.0	11.373333333333333
4688.0	10.76
4763.0	9.48
4838.0	8.306666666666667
4913.0	10.92
4988.0	11.786666666666667
5063.0	9.0
5138.0	8.72
5213.0	11.386666666666667
5288.0	11.973333333333333
5363.0	10.293333333333333
5438.0	10.066666666666666
5513.0	9.92
5588.0	25.2
5663.0	39.52
5738.0	44.88
5813.0	26.96
5888.0	18.4
5963.0	12.68
6038.0	9.066666666666666
6113.0	13.626666666666667
6188.0	179.13333333333333
6263.0	317.72
6338.0	256.0
6413.0	259.53333333333336
6488.0	227.86666666666667
6563.0	64.42666666666666
6638.0	51.22666666666667
6713.0	52.04
6788.0	32.84
6863.0	19.373333333333335
6938.0	14.346666666666666
7013.0	17.973333333333333
7088.0	12.573333333333334
7163.0	12.0
7238.0	12.0
7313.0	16.12
7388.0	34.53333333333333
7463.0	33.693333333333335
7538.0	33.093333333333334
7613.0	25.68
7688.0	32.18666666666667
7763.0	33.42666666666667
7838.0	29.52
7913.0	35.74666666666667
7988.0	72.46666666666667
8063.0	62.76
8138.0	71.6
8213.0	80.6
8288.0	74.24
8363.0	23.16
8438.0	19.773333333333333
8513.0	22.96
8588.0	21.186666666666667
8663.0	16.333333333333332
8738.0	14.213333333333333
8813.0	16.4
8888.0	32.44
8963.0	148.92
9038.0	195.08
9113.0	208.98666666666668
9188.0	195.36
9263.0	68.44
9338.0	28.493333333333332
9413.0	27.546666666666667
9488.0	46.306666666666665
9563.0	85.21333333333334
9638.0	90.42666666666666
9713.0	85.25333333333333
9788.0	66.41333333333333
9863.0	29.653333333333332
9938.0	19.826666666666668
10013.0	19.85333333333333
10088.0	51.81333333333333
10163.0	145.53333333333333
10238.0	172.02666666666667
10313.0	158.89333333333335
10388.0	177.22666666666666
10463.0	84.97333333333333
10538.0	50.81333333333333
10613.0	57.8
10688.0	69.6
10763.0	55.57333333333333
10838.0	45.54666666666667
10913.0	49.88
10988.0	49.86666666666667
11063.0	45.8
11138.0	51.93333333333333
11213.0	48.21333333333333
11288.0	61.44
11363.0	85.24
11438.0	46.12
11513.0	41.08
11588.0	100.24
11663.0	107.32
11738.0	87.16
11813.0	66.62666666666667
11888.0	143.88
11963.0	290.93333333333334
12038.0	292.38666666666666
12113.0	257.48
12188.0	229.32
12263.0	90.78666666666666
12338.0	63.54666666666667
12413.0	75.17333333333333
12488.0	39.733333333333334
12563.0	27.826666666666668
12638.0	28.493333333333332
12713.0	45.45333333333333
12788.0	74.78666666666666
12863.0	91.64
12938.0	61.586666666666666
13013.0	70.53333333333333
13088.0	53.586666666666666
13163.0	43.053333333333335
13238.0	40.026666666666664
13313.0	37.46666666666667
13388.0	25.32
13463.0	26.08
13538.0	26.64
13613.0	48.74666666666667
13688.0	90.58666666666667
13763.0	97.57333333333334
13838.0	84.72
13913.0	91.38666666666667
13988.0	181.13333333333333
14063.0	177.82666666666665
14138.0	169.14666666666668
14213.0	190.22666666666666
14288.0	254.8
14363.0	214.18666666666667
14438.0	216.70666666666668
14513.0	224.4
14588.0	139.09333333333333
14663.0	114.61333333333333
14738.0	113.53333333333333
14813.0	115.72
14888.0	84.50666666666666
14963.0	36.17333333333333
15038.0	32.89333333333333
15113.0	35.2
15188.0	35.77333333333333
15263.0	44.373333333333335
15338.0	39.053333333333335
15413.0	52.986666666666665
15488.0	74.12
15563.0	87.33333333333333
15638.0	65.09333333333333
15713.0	76.06666666666666
15788.0	73.85333333333334
15863.0	208.13333333333333
15938.0	285.0933333333333
16013.0	294.6666666666667
16088.0	257.62666666666667
16163.0	181.45333333333335
16238.0	27.68
16313.0	26.96
16388.0	26.346666666666668
16463.0	30.453333333333333
16538.0	29.666666666666668
16613.0	35.733333333333334
16688.0	32.14666666666667
16763.0	37.36
16838.0	33.026666666666664
16913.0	33.6
16988.0	34.77333333333333
17063.0	52.84
17138.0	154.70666666666668
17213.0	301.8933333333333
17288.0	214.93333333333334
17363.0	247.85333333333332
17438.0	155.84
17513.0	86.49333333333334
17588.0	82.02666666666667
17663.0	104.56
17738.0	65.24
17813.0	34.626666666666665
17888.0	29.48
17963.0	37.986666666666665
18038.0	59.6
18113.0	67.89333333333333
18188.0	61.12
18263.0	67.08
18338.0	73.86666666666666
18413.0	55.50666666666667
18488.0	53.10666666666667
18563.0	49.92
18638.0	137.24
18713.0	179.02666666666667
18788.0	177.76
18863.0	173.94666666666666
18938.0	207.93333333333334
19013.0	152.33333333333334
19088.0	151.26666666666668
19163.0	132.33333333333334
19238.0	134.98666666666668
19313.0	34.74666666666667
19388.0	26.0
19463.0	26.0
19538.0	27.04
19613.0	35.986666666666665
19688.0	38.6
19763.0	45.70666666666666
19838.0	48.52
19913.0	36.2
19988.0	26.0
20063.0	26.0
20138.0	26.0
20213.0	26.0
20288.0	26.0
20363.0	26.786666666666665
20438.0	29.04
20513.0	125.85333333333334
20588.0	105.84
20663.0	127.02666666666667
20738.0	109.6
20813.0	147.16
20888.0	132.8
20963.0	111.70666666666666
21038.0	91.8
21113.0	102.33333333333333
21188.0	28.906666666666666
21263.0	26.0
21338.0	26.14666666666667
21413.0	27.30666666666667
21488.0	28.4
21563.0	29.92
21638.0	28.706666666666667
21713.0	23.64
21788.0	19.0
21863.0	19.0
21938.0	19.0
22013.0	19.04
22088.0	34.12
22163.0	29.69333333333333
22238.0	29.76
22313.0	26.826666666666668
22388.0	19.0
22463.0	19.0
22538.0	31.546666666666667
22613.0	41.42666666666667
22688.0	68.48
22763.0	54.82666666666667
22838.0	54.026666666666664
22913.0	24.733333333333334
22988.0	19.213333333333335
23063.0	19.746666666666666
23138.0	96.44
23213.0	246.09333333333333
23288.0	301.37333333333333
23363.0	287.2
23438.0	287.05333333333334
23513.0	144.12
23588.0	53.12
23663.0	55.32
23738.0	62.973333333333336
23813.0	47.45333333333333
23888.0	27.28
23963.0	32.06666666666667
24038.0	31.68
24113.0	54.266666666666666
24188.0	53.46666666666667
24263.0	45.16
24338.0	46.28
24413.0	77.64
24488.0	73.82666666666667
24563.0	76.46666666666667
24638.0	60.946666666666665
24713.0	115.25333333333333
24788.0	145.01333333333332
24863.0	127.52
24938.0	110.53333333333333
25013.0	119.89333333333333
25088.0	60.84
25163.0	42.586666666666666
25238.0	37.84
25313.0	36.74666666666667
25388.0	29.68
25463.0	31.706666666666667
25538.0	29.88
25613.0	41.13333333333333
25688.0	47.68
25763.0	35.70666666666666
25838.0	28.44
25913.0	34.25333333333333
25988.0	10.786666666666667
26063.0	1.6
26138.0	0.0
26213.0	13.093333333333334
26288.0	47.50666666666667
26363.0	20.52
26438.0	25.12
26513.0	53.413333333333334
26588.0	22.28
26663.0	19.533333333333335
26738.0	21.56
26813.0	24.4
26888.0	23.813333333333333
26963.0	0.9466666666666667
27038.0	2.9066666666666667
27113.0	5.6
27188.0	71.18666666666667
27263.0	86.62666666666667
27338.0	63.13333333333333
27413.0	57.29333333333334
27488.0	42.333333333333336
27563.0	0.3466666666666667
27638.0	0.6533333333333333
27713.0	0.0
27788.0	5.253333333333333
27863.0	27.346666666666668
27938.0	27.653333333333332
28013.0	33.306666666666665
28088.0	77.34666666666666
28163.0	164.69333333333333
28238.0	105.65333333333334
28313.0	219.70666666666668
28388.0	250.78666666666666
28463.0	178.21333333333334
28538.0	122.46666666666667
28613.0	122.26666666666667
28688.0	121.58666666666667
28763.0	45.68
28838.0	0.0
28913.0	0.0
28988.0	1.4133333333333333
29063.0	10.386666666666667
29138.0	15.266666666666667
29213.0	12.106666666666667
29288.0	12.693333333333333
29363.0	4.64
29438.0	0.013333333333333334
29513.0	2.08
29588.0	4.16
29663.0	3.3066666666666666
29738.0	0.25333333333333335
29813.0	0.0
29877.0	0.0
