#GC Content (%)	Sample
1.0	0.0
2.0	0.0
3.0	0.0
4.0	0.0
5.0	0.0
6.0	0.0
7.0	0.0
8.0	0.0
9.0	0.0
10.0	0.0
11.0	0.0
12.0	0.0
13.0	0.0
14.0	0.0
15.0	0.0
16.0	0.0
17.0	0.0
18.0	5.6507816914673195E-5
19.0	5.6507816914673195E-5
20.0	3.7671877943115464E-5
21.0	9.417969485778867E-5
22.0	1.3185157280090414E-4
23.0	6.404219250329628E-4
24.0	0.002316820493501601
25.0	0.003032586174420795
26.0	0.0018270860802411
27.0	0.007515539649651536
28.0	0.007873422490111132
29.0	0.006517234884158975
30.0	0.017027688830288188
31.0	0.038387643624034656
32.0	0.04051610472782068
33.0	0.041307214164626106
34.0	0.06684874741005839
35.0	0.06630250517988322
36.0	0.05567903559992465
37.0	0.07564513090977584
38.0	0.08421548314183462
39.0	0.07626671689583725
40.0	0.0460350348464871
41.0	0.07187794311546432
42.0	0.0657750988886796
43.0	0.04030890939913355
44.0	0.03983801092484461
45.0	0.038086268600489734
46.0	0.027142588058014692
47.0	0.01570917310227915
48.0	0.01776229045017894
49.0	0.013354680730834432
50.0	0.011471086833678657
51.0	0.007176492748163497
52.0	0.005142211339235261
53.0	0.003484648709738181
54.0	0.0018270860802411
55.0	9.229610096063289E-4
56.0	0.001054812582407233
57.0	4.708984742889433E-4
58.0	1.8835938971557736E-4
59.0	0.0
60.0	5.6507816914673195E-5
61.0	0.0
62.0	0.0
63.0	1.8835938971557732E-5
64.0	0.0
65.0	0.0
66.0	0.0
67.0	0.0
68.0	0.0
69.0	0.0
70.0	0.0
71.0	0.0
72.0	0.0
73.0	0.0
74.0	0.0
75.0	0.0
76.0	0.0
77.0	0.0
78.0	0.0
79.0	0.0
80.0	0.0
81.0	0.0
82.0	0.0
83.0	0.0
84.0	0.0
85.0	0.0
86.0	0.0
87.0	0.0
88.0	0.0
89.0	0.0
90.0	0.0
91.0	0.0
92.0	0.0
93.0	0.0
94.0	0.0
95.0	0.0
96.0	0.0
97.0	0.0
98.0	0.0
99.0	0.0
100.0	0.0
