#Read position (bp)	Clipping profile
0.0	13.84860788863109
1.0	13.84860788863109
2.0	9.94054524361949
3.0	5.814965197215778
4.0	3.7558004640371228
5.0	1.7038863109048723
6.0	0.0
7.0	0.0
8.0	0.0
9.0	0.0
10.0	0.0
11.0	0.0
12.0	0.0
13.0	0.0
14.0	0.0
15.0	0.0
16.0	0.0
17.0	0.0
18.0	0.0
19.0	0.0
20.0	0.0
21.0	0.0
22.0	0.0
23.0	0.0
24.0	0.0
25.0	0.0
26.0	0.0
27.0	0.0
28.0	0.0
29.0	0.0
30.0	1.6458816705336425
31.0	4.0820765661252905
32.0	8.214907192575406
33.0	11.492169373549883
34.0	14.029872389791183
35.0	11.622679814385151
