#Position (bp)	Coverage
38.0	104.4
113.0	501.04
188.0	839.0933333333334
263.0	894.7866666666666
338.0	993.8933333333333
413.0	2379.28
488.0	3354.266666666667
563.0	2904.5066666666667
638.0	1982.1866666666667
713.0	1607.4933333333333
788.0	1979.52
863.0	1995.1333333333334
938.0	1488.5733333333333
1013.0	1784.2
1088.0	2555.3866666666668
1163.0	2238.306666666667
1238.0	1552.4266666666667
1313.0	520.08
1388.0	21.36
1463.0	22.586666666666666
1538.0	23.14666666666667
1613.0	703.4266666666666
1688.0	1707.8666666666666
1763.0	2127.04
1838.0	1906.28
1913.0	1206.52
1988.0	906.7866666666666
2063.0	900.2266666666667
2138.0	657.2533333333333
2213.0	234.25333333333333
2288.0	8.24
2363.0	6.866666666666666
2438.0	8.746666666666666
2513.0	8.106666666666667
2588.0	2.933333333333333
2663.0	6.586666666666667
2738.0	12.186666666666667
2813.0	27.6
2888.0	224.48
2963.0	369.18666666666667
3038.0	345.76
3113.0	244.14666666666668
3188.0	623.48
3263.0	1436.5333333333333
3338.0	1820.4
3413.0	1564.88
3488.0	601.3866666666667
3563.0	0.13333333333333333
3638.0	0.0
3713.0	0.22666666666666666
3788.0	122.85333333333334
3863.0	372.81333333333333
3938.0	517.2266666666667
4013.0	621.52
4088.0	783.6933333333334
4163.0	1330.8666666666666
4238.0	1585.6533333333334
4313.0	1426.2
4388.0	1699.32
4463.0	1652.4666666666667
4538.0	1451.1333333333334
4613.0	893.0266666666666
4688.0	708.1466666666666
4763.0	1259.9466666666667
4838.0	1378.4
4913.0	1044.2933333333333
4988.0	344.29333333333335
5063.0	39.373333333333335
5138.0	37.64
5213.0	25.413333333333334
5288.0	624.3866666666667
5363.0	1947.2133333333334
5438.0	2780.1866666666665
5513.0	2599.0933333333332
5588.0	1359.7466666666667
5663.0	757.4666666666667
5738.0	969.68
5813.0	924.7866666666666
5888.0	540.88
5963.0	132.69333333333333
6038.0	98.38666666666667
6113.0	76.82666666666667
6188.0	469.48
6263.0	1504.76
6338.0	2045.96
6413.0	1791.52
6488.0	950.04
6563.0	453.6666666666667
6638.0	531.8266666666667
6713.0	498.9066666666667
6788.0	351.48
6863.0	98.21333333333334
6938.0	14.306666666666667
7013.0	15.546666666666667
7088.0	41.2
7163.0	68.46666666666667
7238.0	67.06666666666666
7313.0	92.94666666666667
7388.0	335.48
7463.0	554.04
7538.0	568.4933333333333
7613.0	356.8
7688.0	134.21333333333334
7763.0	171.90666666666667
7838.0	205.66666666666666
7913.0	174.17333333333335
7988.0	606.3066666666666
8063.0	1136.64
8138.0	1146.5333333333333
8213.0	1079.92
8288.0	556.1066666666667
8363.0	69.41333333333333
8438.0	55.12
8513.0	39.36
8588.0	46.25333333333333
8663.0	414.38666666666666
8738.0	880.8666666666667
8813.0	948.28
8888.0	717.9866666666667
8963.0	660.9866666666667
9038.0	894.84
9113.0	989.64
9188.0	661.72
9263.0	312.32
9338.0	368.9066666666667
9413.0	406.4
9488.0	539.3466666666667
9563.0	1389.7066666666667
9638.0	1846.7733333333333
9713.0	1516.24
9788.0	876.1733333333333
9863.0	524.4
9938.0	701.7866666666666
10013.0	742.7866666666666
10088.0	675.9866666666667
10163.0	1151.6533333333334
10238.0	1682.9066666666668
10313.0	1577.0
10388.0	1145.9733333333334
10463.0	1097.0266666666666
10538.0	1403.4266666666667
10613.0	1303.9466666666667
10688.0	1024.6
10763.0	1131.7466666666667
10838.0	1484.2133333333334
10913.0	1400.7466666666667
10988.0	1055.9333333333334
11063.0	2160.4
11138.0	3647.92
11213.0	3755.56
11288.0	2860.6
11363.0	1236.48
11438.0	542.28
11513.0	508.81333333333333
11588.0	368.61333333333334
11663.0	203.13333333333333
11738.0	108.4
11813.0	81.68
11888.0	543.8133333333334
11963.0	1876.6933333333334
12038.0	2541.2533333333336
12113.0	2301.9866666666667
12188.0	1692.0533333333333
12263.0	951.52
12338.0	798.6933333333334
12413.0	646.0533333333333
12488.0	1442.6
12563.0	2421.9466666666667
12638.0	2501.16
12713.0	1964.0933333333332
12788.0	2075.0133333333333
12863.0	2582.84
12938.0	2570.213333333333
13013.0	2364.2266666666665
13088.0	3168.8533333333335
13163.0	4077.266666666667
13238.0	4204.08
13313.0	2812.5866666666666
13388.0	1372.8
13463.0	1392.5866666666666
13538.0	1337.4666666666667
13613.0	1271.6666666666667
13688.0	1755.92
13763.0	2302.7466666666664
13838.0	2394.04
13913.0	1629.92
13988.0	862.3866666666667
14063.0	1270.1466666666668
14138.0	1236.76
14213.0	931.8533333333334
14288.0	1285.8933333333334
14363.0	1865.0266666666666
14438.0	1999.2
14513.0	1311.48
14588.0	408.96
14663.0	288.38666666666666
14738.0	293.4533333333333
14813.0	246.84
14888.0	106.58666666666667
14963.0	28.813333333333333
15038.0	39.53333333333333
15113.0	18.85333333333333
15188.0	51.88
15263.0	173.05333333333334
15338.0	233.28
15413.0	200.97333333333333
15488.0	321.3333333333333
15563.0	1187.64
15638.0	1880.76
15713.0	1822.1466666666668
15788.0	1297.0133333333333
15863.0	972.6933333333334
15938.0	1629.6133333333332
16013.0	2079.4666666666667
16088.0	1857.0666666666666
16163.0	830.9333333333333
16238.0	81.88
16313.0	79.18666666666667
16388.0	69.18666666666667
16463.0	35.6
16538.0	7.293333333333333
16613.0	6.066666666666666
16688.0	4.426666666666667
16763.0	115.89333333333333
16838.0	664.56
16913.0	978.7066666666667
16988.0	1055.0133333333333
17063.0	1032.56
17138.0	1880.1866666666667
17213.0	3259.2266666666665
17288.0	3557.64
17363.0	2521.4533333333334
17438.0	1352.0533333333333
17513.0	1493.0
17588.0	1553.68
17663.0	1141.7866666666666
17738.0	790.1333333333333
17813.0	883.48
17888.0	867.0
17963.0	673.1066666666667
18038.0	487.9866666666667
18113.0	569.5866666666667
18188.0	721.2533333333333
18263.0	763.3866666666667
18338.0	1688.1466666666668
18413.0	2622.5066666666667
18488.0	2759.3866666666668
18563.0	2351.0
18638.0	2255.3333333333335
18713.0	3978.12
18788.0	5032.493333333333
18863.0	3961.92
18938.0	2201.6
19013.0	1488.8666666666666
19088.0	1590.4133333333334
19163.0	1592.3866666666668
19238.0	804.7066666666667
19313.0	35.29333333333334
19388.0	0.0
19463.0	0.0
19538.0	4.373333333333333
19613.0	114.44
19688.0	251.24
19763.0	329.2
19838.0	257.8
19913.0	71.01333333333334
19988.0	6.493333333333333
20063.0	5.173333333333333
20138.0	1.0133333333333334
20213.0	0.8533333333333334
20288.0	1.4
20363.0	1.16
20438.0	0.6533333333333333
20513.0	339.97333333333336
20588.0	732.76
20663.0	851.8266666666667
20738.0	951.0
20813.0	650.7466666666667
20888.0	426.72
20963.0	482.9866666666667
21038.0	408.17333333333335
21113.0	205.92
21188.0	6.68
21263.0	0.0
21338.0	0.0
21413.0	1.04
21488.0	2.48
21563.0	4.8533333333333335
21638.0	7.373333333333333
21713.0	33.18666666666667
21788.0	68.85333333333334
21863.0	88.56
21938.0	66.73333333333333
22013.0	18.106666666666666
22088.0	5.84
22163.0	9.306666666666667
22238.0	6.1466666666666665
22313.0	1.3866666666666667
22388.0	0.8266666666666667
22463.0	4.093333333333334
22538.0	90.08
22613.0	303.52
22688.0	444.2133333333333
22763.0	455.72
22838.0	559.2133333333334
22913.0	923.0666666666667
22988.0	1226.2266666666667
23063.0	1184.7333333333333
23138.0	1142.0533333333333
23213.0	1878.4
23288.0	2603.2266666666665
23363.0	2676.0266666666666
23438.0	1707.76
23513.0	575.16
23588.0	484.2266666666667
23663.0	609.2266666666667
23738.0	481.56
23813.0	113.64
23888.0	8.12
23963.0	11.533333333333333
24038.0	10.226666666666667
24113.0	247.10666666666665
24188.0	708.5466666666666
24263.0	958.68
24338.0	932.8666666666667
24413.0	535.2533333333333
24488.0	365.0133333333333
24563.0	494.6933333333333
24638.0	535.3333333333334
24713.0	863.24
24788.0	2326.16
24863.0	3173.08
24938.0	2835.64
25013.0	1765.8666666666666
25088.0	808.8266666666667
25163.0	921.9733333333334
25238.0	896.12
25313.0	990.3466666666667
25388.0	1708.0133333333333
25463.0	1863.7866666666666
25538.0	1522.0
25613.0	822.5066666666667
25688.0	44.85333333333333
25763.0	0.0
25838.0	0.0
25913.0	10.4
25988.0	57.013333333333335
26063.0	121.37333333333333
26138.0	170.57333333333332
26213.0	158.74666666666667
26288.0	145.6
26363.0	130.78666666666666
26438.0	125.29333333333334
26513.0	213.65333333333334
26588.0	1270.64
26663.0	2180.84
26738.0	2098.4933333333333
26813.0	1574.9466666666667
26888.0	1356.24
26963.0	1975.4266666666667
27038.0	2359.8533333333335
27113.0	1849.7866666666666
27188.0	1773.76
27263.0	2747.8133333333335
27338.0	3107.76
27413.0	2435.693333333333
27488.0	865.2666666666667
27563.0	1.32
27638.0	0.0
27713.0	0.0
27788.0	1.9066666666666667
27863.0	11.186666666666667
27938.0	15.466666666666667
28013.0	19.373333333333335
28088.0	218.2
28163.0	1089.28
28238.0	1778.28
28313.0	2026.8133333333333
28388.0	1444.0533333333333
28463.0	1046.2133333333334
28538.0	1488.64
28613.0	1394.24
28688.0	915.9733333333334
28763.0	433.1066666666667
28838.0	283.53333333333336
28913.0	177.46666666666667
28988.0	220.24
29063.0	937.2
29138.0	1702.24
29213.0	1612.72
29288.0	1070.32
29363.0	359.28
29438.0	65.53333333333333
29513.0	283.81333333333333
29588.0	833.9466666666667
29663.0	1125.9733333333334
29738.0	868.7066666666667
29813.0	316.64
29877.0	6.811320754716981
