#Insert size (bp)	insert size
34.0	1.0
45.0	1.0
52.0	1.0
57.0	1.0
62.0	1.0
65.0	1.0
69.0	3.0
70.0	5.0
71.0	2.0
76.0	2.0
77.0	1.0
78.0	4.0
79.0	2.0
80.0	1.0
81.0	1.0
82.0	2.0
83.0	3.0
84.0	3.0
85.0	2.0
87.0	2.0
88.0	5.0
90.0	2.0
92.0	1.0
94.0	2.0
95.0	1.0
96.0	1.0
97.0	1.0
98.0	4.0
99.0	3.0
104.0	2.0
106.0	2.0
107.0	1.0
108.0	4.0
109.0	5.0
110.0	15.0
111.0	4.0
113.0	3.0
114.0	2.0
115.0	7.0
116.0	3.0
117.0	5.0
118.0	5.0
119.0	3.0
120.0	5.0
121.0	1.0
122.0	20.0
123.0	9.0
124.0	2.0
125.0	3.0
126.0	2.0
127.0	2.0
128.0	3.0
129.0	2.0
130.0	2.0
131.0	4.0
132.0	4.0
133.0	1.0
134.0	1.0
135.0	3.0
139.0	1.0
140.0	1.0
141.0	2.0
142.0	1.0
143.0	3.0
144.0	1.0
145.0	2.0
146.0	5.0
147.0	2.0
149.0	4.0
150.0	2.0
152.0	2.0
153.0	2.0
154.0	1.0
155.0	2.0
156.0	3.0
157.0	1.0
158.0	3.0
159.0	6.0
160.0	2.0
161.0	1.0
163.0	9.0
164.0	2.0
165.0	5.0
167.0	9.0
168.0	1.0
169.0	5.0
170.0	4.0
171.0	2.0
172.0	8.0
173.0	5.0
174.0	1.0
175.0	8.0
176.0	1.0
177.0	1.0
178.0	2.0
180.0	3.0
181.0	4.0
182.0	2.0
184.0	1.0
185.0	2.0
186.0	10.0
187.0	3.0
189.0	4.0
190.0	14.0
191.0	4.0
192.0	16.0
193.0	25.0
194.0	4.0
195.0	3.0
196.0	6.0
197.0	6.0
198.0	3.0
199.0	1.0
200.0	2.0
201.0	4.0
202.0	3.0
203.0	1.0
204.0	6.0
205.0	4.0
207.0	4.0
208.0	6.0
209.0	5.0
210.0	13.0
211.0	4.0
212.0	1.0
213.0	12.0
214.0	3.0
215.0	36.0
216.0	3.0
217.0	5.0
218.0	1.0
219.0	6.0
220.0	5.0
221.0	1.0
222.0	2.0
223.0	1.0
224.0	2.0
225.0	7.0
226.0	2.0
227.0	1.0
228.0	1.0
229.0	15.0
230.0	10.0
231.0	3.0
232.0	5.0
233.0	20.0
234.0	5.0
235.0	3.0
236.0	4.0
237.0	5.0
238.0	3.0
239.0	2.0
240.0	1.0
241.0	2.0
242.0	7.0
243.0	8.0
244.0	36.0
245.0	2.0
246.0	1.0
247.0	3.0
248.0	2.0
249.0	4.0
250.0	7.0
251.0	4.0
252.0	5.0
253.0	5.0
254.0	2.0
255.0	1.0
256.0	2.0
257.0	2.0
258.0	2.0
259.0	8.0
260.0	3.0
261.0	4.0
262.0	1.0
263.0	2.0
264.0	5.0
265.0	1.0
266.0	3.0
267.0	4.0
268.0	3.0
269.0	3.0
270.0	3.0
271.0	2.0
272.0	2.0
273.0	3.0
274.0	3.0
275.0	2.0
276.0	1.0
277.0	7.0
278.0	4.0
280.0	4.0
281.0	2.0
282.0	2.0
283.0	3.0
284.0	2.0
285.0	3.0
286.0	1.0
287.0	2.0
288.0	2.0
289.0	10.0
290.0	2.0
291.0	1.0
292.0	3.0
293.0	2.0
296.0	2.0
297.0	3.0
299.0	4.0
300.0	1.0
301.0	3.0
302.0	3.0
303.0	1.0
304.0	1.0
305.0	4.0
306.0	5.0
307.0	1.0
308.0	1.0
309.0	4.0
310.0	3.0
311.0	2.0
312.0	2.0
313.0	2.0
314.0	5.0
315.0	5.0
316.0	1.0
317.0	6.0
318.0	7.0
320.0	8.0
325.0	3.0
326.0	2.0
327.0	2.0
328.0	4.0
329.0	6.0
330.0	1.0
332.0	2.0
333.0	1.0
334.0	2.0
335.0	2.0
336.0	2.0
337.0	3.0
338.0	3.0
339.0	3.0
340.0	2.0
341.0	1.0
342.0	2.0
343.0	4.0
344.0	9.0
345.0	3.0
346.0	3.0
347.0	2.0
348.0	1.0
349.0	4.0
350.0	3.0
351.0	1.0
352.0	2.0
353.0	2.0
354.0	1.0
355.0	5.0
357.0	6.0
359.0	1.0
360.0	1.0
361.0	1.0
362.0	2.0
364.0	5.0
365.0	2.0
366.0	2.0
367.0	3.0
368.0	2.0
369.0	2.0
370.0	7.0
371.0	3.0
372.0	9.0
373.0	3.0
374.0	9.0
375.0	12.0
376.0	18.0
377.0	19.0
378.0	23.0
379.0	42.0
380.0	44.0
381.0	51.0
382.0	36.0
383.0	36.0
384.0	31.0
385.0	26.0
386.0	41.0
387.0	32.0
388.0	18.0
389.0	31.0
390.0	24.0
391.0	19.0
392.0	38.0
393.0	41.0
394.0	23.0
395.0	18.0
396.0	8.0
397.0	10.0
398.0	22.0
399.0	16.0
400.0	36.0
401.0	18.0
402.0	9.0
403.0	10.0
404.0	15.0
405.0	15.0
406.0	16.0
407.0	12.0
408.0	15.0
409.0	47.0
410.0	12.0
411.0	7.0
412.0	8.0
413.0	7.0
414.0	3.0
415.0	7.0
416.0	5.0
417.0	3.0
418.0	6.0
419.0	3.0
420.0	3.0
421.0	1.0
423.0	1.0
424.0	3.0
425.0	1.0
426.0	1.0
429.0	1.0
430.0	4.0
434.0	1.0
436.0	1.0
437.0	1.0
438.0	1.0
439.0	1.0
443.0	4.0
444.0	4.0
447.0	1.0
450.0	1.0
451.0	1.0
456.0	4.0
461.0	2.0
464.0	1.0
465.0	1.0
466.0	3.0
467.0	1.0
469.0	1.0
470.0	2.0
471.0	1.0
481.0	1.0
482.0	1.0
483.0	2.0
484.0	2.0
485.0	3.0
486.0	3.0
488.0	7.0
489.0	3.0
490.0	1.0
491.0	1.0
492.0	2.0
493.0	2.0
494.0	1.0
495.0	1.0
497.0	5.0
498.0	2.0
502.0	1.0
504.0	3.0
505.0	2.0
506.0	1.0
507.0	1.0
508.0	1.0
509.0	1.0
513.0	1.0
515.0	1.0
516.0	2.0
517.0	1.0
520.0	1.0
521.0	1.0
523.0	2.0
532.0	1.0
535.0	2.0
537.0	3.0
538.0	1.0
540.0	1.0
542.0	1.0
544.0	1.0
547.0	1.0
548.0	1.0
552.0	1.0
556.0	2.0
557.0	2.0
560.0	2.0
561.0	1.0
563.0	1.0
570.0	1.0
575.0	2.0
576.0	2.0
577.0	1.0
581.0	1.0
584.0	4.0
585.0	1.0
586.0	1.0
587.0	2.0
588.0	10.0
589.0	3.0
596.0	1.0
597.0	1.0
598.0	2.0
601.0	1.0
602.0	1.0
605.0	1.0
606.0	1.0
608.0	2.0
609.0	1.0
610.0	1.0
611.0	4.0
612.0	2.0
613.0	12.0
614.0	2.0
615.0	1.0
616.0	1.0
618.0	1.0
619.0	2.0
620.0	1.0
621.0	6.0
622.0	2.0
624.0	1.0
625.0	2.0
626.0	2.0
627.0	1.0
629.0	1.0
630.0	1.0
634.0	1.0
637.0	1.0
639.0	1.0
641.0	1.0
642.0	1.0
643.0	1.0
644.0	2.0
645.0	2.0
646.0	2.0
647.0	1.0
648.0	2.0
649.0	2.0
650.0	2.0
651.0	4.0
652.0	3.0
653.0	1.0
655.0	1.0
657.0	5.0
660.0	1.0
661.0	2.0
662.0	2.0
663.0	1.0
665.0	9.0
666.0	1.0
667.0	4.0
668.0	3.0
669.0	1.0
670.0	2.0
672.0	1.0
673.0	2.0
674.0	1.0
675.0	1.0
676.0	1.0
677.0	1.0
684.0	1.0
685.0	1.0
694.0	1.0
704.0	2.0
708.0	1.0
710.0	1.0
713.0	1.0
714.0	1.0
726.0	1.0
732.0	1.0
738.0	1.0
742.0	1.0
755.0	2.0
757.0	1.0
762.0	5.0
763.0	1.0
765.0	1.0
766.0	1.0
770.0	1.0
775.0	1.0
777.0	1.0
779.0	1.0
785.0	2.0
786.0	1.0
791.0	1.0
795.0	1.0
810.0	1.0
812.0	1.0
814.0	2.0
815.0	3.0
816.0	1.0
818.0	1.0
819.0	1.0
820.0	1.0
825.0	148.0
826.0	1.0
828.0	12.0
830.0	1.0
836.0	1.0
837.0	2.0
846.0	1.0
849.0	4.0
858.0	6.0
863.0	2.0
871.0	1.0
873.0	1.0
878.0	1.0
881.0	1.0
884.0	1.0
888.0	1.0
903.0	2.0
911.0	1.0
918.0	1.0
924.0	1.0
939.0	1.0
942.0	1.0
949.0	1.0
950.0	3.0
964.0	1.0
967.0	2.0
968.0	1.0
970.0	1.0
973.0	1.0
976.0	1.0
977.0	2.0
982.0	5.0
983.0	2.0
984.0	1.0
985.0	1.0
986.0	1.0
989.0	1.0
992.0	1.0
997.0	2.0
998.0	3.0
999.0	1.0
1006.0	1.0
1007.0	1.0
1013.0	1.0
1016.0	1.0
1018.0	6.0
1020.0	2.0
1021.0	1.0
1022.0	2.0
1024.0	2.0
1027.0	1.0
1029.0	2.0
1032.0	1.0
1034.0	2.0
1035.0	1.0
1036.0	3.0
1038.0	1.0
1039.0	1.0
1044.0	2.0
1046.0	1.0
1049.0	1.0
1084.0	1.0
1115.0	2.0
1153.0	1.0
1217.0	2.0
1240.0	1.0
1316.0	2.0
1345.0	1.0
1348.0	2.0
1360.0	1.0
1386.0	1.0
1397.0	1.0
1399.0	1.0
1411.0	1.0
1434.0	1.0
1436.0	2.0
1437.0	1.0
1444.0	1.0
1445.0	1.0
1446.0	1.0
1451.0	1.0
1454.0	2.0
1455.0	1.0
1457.0	10.0
1458.0	1.0
1464.0	7.0
1470.0	4.0
1490.0	1.0
1502.0	1.0
1504.0	1.0
1554.0	1.0
1570.0	2.0
1576.0	1.0
1586.0	1.0
1595.0	1.0
1612.0	1.0
1626.0	1.0
1841.0	1.0
1865.0	1.0
1911.0	1.0
1935.0	1.0
1946.0	1.0
1953.0	1.0
1955.0	1.0
1979.0	1.0
2009.0	1.0
2016.0	1.0
2017.0	1.0
2030.0	1.0
2031.0	1.0
2042.0	1.0
2047.0	1.0
2054.0	2.0
2057.0	1.0
2067.0	1.0
2074.0	1.0
2075.0	5.0
2089.0	1.0
2096.0	6.0
2098.0	1.0
2118.0	1.0
2169.0	1.0
2185.0	1.0
2186.0	1.0
2247.0	2.0
2256.0	2.0
2266.0	1.0
2294.0	9.0
2439.0	1.0
2546.0	1.0
2555.0	3.0
2575.0	2.0
2606.0	1.0
2616.0	1.0
2618.0	1.0
2634.0	1.0
2659.0	1.0
2672.0	1.0
2675.0	1.0
2681.0	1.0
2685.0	1.0
2700.0	1.0
2712.0	1.0
2718.0	8.0
2736.0	25.0
2737.0	1.0
2743.0	2.0
2766.0	1.0
2838.0	6.0
2855.0	1.0
2863.0	20.0
2872.0	27.0
2875.0	1.0
3207.0	1.0
3237.0	1.0
3243.0	1.0
3270.0	1.0
3296.0	4.0
3322.0	1.0
3329.0	1.0
3411.0	1.0
3426.0	1.0
3496.0	1.0
3501.0	1.0
3640.0	2.0
3815.0	1.0
4124.0	4.0
4134.0	7.0
4412.0	1.0
4433.0	2.0
4450.0	1.0
4466.0	1.0
4508.0	4.0
4520.0	2.0
4533.0	1.0
4545.0	1.0
4546.0	2.0
4561.0	1.0
4581.0	2.0
4587.0	1.0
4600.0	1.0
4659.0	3.0
4660.0	1.0
4664.0	1.0
4670.0	1.0
4726.0	1.0
4735.0	1.0
4781.0	1.0
5036.0	1.0
5043.0	1.0
5157.0	2.0
5291.0	1.0
5546.0	1.0
5615.0	12.0
5616.0	1.0
5641.0	1.0
5704.0	1.0
5717.0	1.0
5720.0	2.0
5742.0	1.0
5822.0	1.0
5875.0	1.0
5881.0	1.0
5927.0	4.0
6225.0	1.0
6375.0	1.0
6458.0	1.0
6517.0	1.0
6518.0	1.0
6918.0	2.0
6950.0	1.0
7041.0	2.0
7069.0	1.0
7089.0	2.0
7455.0	2.0
7664.0	3.0
7720.0	1.0
7741.0	1.0
8153.0	3.0
8311.0	3.0
8780.0	1.0
8937.0	1.0
8953.0	2.0
9211.0	1.0
9387.0	1.0
9785.0	1.0
9906.0	1.0
9967.0	1.0
9991.0	1.0
10117.0	1.0
10141.0	1.0
10174.0	1.0
10315.0	1.0
10509.0	1.0
10569.0	2.0
10733.0	4.0
11189.0	1.0
11201.0	2.0
11276.0	1.0
11364.0	4.0
11419.0	4.0
11895.0	3.0
11919.0	2.0
11921.0	1.0
12896.0	2.0
13066.0	6.0
13150.0	1.0
13264.0	1.0
13546.0	2.0
13659.0	2.0
14269.0	1.0
14918.0	2.0
14933.0	2.0
14990.0	1.0
15448.0	1.0
15450.0	1.0
15593.0	1.0
15599.0	2.0
16179.0	3.0
16685.0	1.0
16686.0	1.0
16803.0	1.0
17251.0	1.0
17277.0	2.0
18025.0	1.0
18414.0	1.0
18695.0	1.0
19126.0	1.0
19264.0	1.0
19267.0	11.0
19592.0	1.0
19649.0	1.0
19869.0	1.0
19901.0	1.0
19909.0	1.0
20217.0	1.0
20490.0	1.0
20542.0	2.0
20981.0	2.0
21139.0	13.0
21519.0	1.0
21656.0	1.0
21712.0	3.0
21713.0	692.0
21980.0	1.0
22114.0	1.0
22162.0	5.0
22173.0	1.0
22199.0	15.0
22201.0	1.0
22208.0	6.0
22271.0	1.0
22316.0	30.0
22669.0	1.0
22715.0	1.0
22873.0	2.0
22912.0	3.0
22915.0	22.0
22975.0	1.0
23379.0	1.0
24139.0	2.0
24759.0	2.0
24963.0	2.0
25592.0	2.0
25593.0	270.0
25657.0	9.0
25665.0	2.0
25671.0	1.0
25781.0	3.0
25963.0	1.0
25964.0	750.0
26304.0	1.0
26393.0	785.0
26394.0	2.0
26445.0	2.0
26548.0	1.0
26559.0	9.0
26560.0	1238.0
26580.0	1.0
26588.0	1.0
26896.0	2.0
26967.0	10.0
27060.0	2.0
27071.0	1.0
27183.0	1.0
27184.0	5.0
27185.0	806.0
27186.0	1.0
27197.0	1.0
27205.0	1.0
27222.0	1.0
27311.0	1.0
27372.0	1.0
27491.0	1.0
27517.0	1.0
27521.0	3.0
27522.0	2.0
27684.0	7.0
27685.0	9.0
27702.0	1.0
27718.0	1.0
27729.0	1.0
27824.0	51.0
28033.0	1.0
28161.0	1.0
28181.0	1.0
28261.0	6.0
28332.0	3.0
28424.0	2.0
28432.0	1.0
28433.0	17.0
28434.0	2240.0
28435.0	2.0
28451.0	3.0
28454.0	1.0
28459.0	1.0
28603.0	1.0
28910.0	1.0
28912.0	2.0
29058.0	1.0
29413.0	3.0
