#Read position (bp)	Clipping profile
0.0	5.555555555555555
1.0	5.555555555555555
2.0	5.555555555555555
3.0	4.62962962962963
4.0	1.8518518518518516
5.0	0.4629629629629629
6.0	0.0
7.0	0.0
8.0	0.0
9.0	0.0
10.0	0.0
11.0	0.0
12.0	0.0
13.0	0.0
14.0	0.0
15.0	0.0
16.0	0.0
17.0	0.0
18.0	0.0
19.0	0.0
20.0	0.0
21.0	0.0
22.0	0.0
23.0	0.0
24.0	0.0
25.0	0.0
26.0	0.0
27.0	0.0
28.0	0.0
29.0	0.0
30.0	7.4074074074074066
31.0	12.5
32.0	16.203703703703702
33.0	15.277777777777779
34.0	14.814814814814813
35.0	10.185185185185185
