# Position (bp)	A	C	G	T	N
0.0	26.130289532293986	24.87602078693393	24.16332590942836	24.830363771343727	0.0
1.0	25.546770601336306	20.916481069042316	15.037119524870082	38.4996288047513	0.0
2.0	27.466457073581264	19.91406189175061	18.73398855888688	33.88549247578125	0.0
3.0	23.172529784837888	23.224393930413136	15.564800545314444	38.03827573943453	0.0
4.0	33.495508704892664	14.164796836469465	14.862373092217803	37.47732136642007	0.0
5.0	34.65637837237704	15.842862958439733	23.11387439398986	26.386884275193367	0.0
6.0	32.378961389747104	17.98753075684976	20.628272251308903	29.005235602094242	0.0
7.0	34.21601550364662	17.762622601594746	20.104072665946713	27.91728922881193	0.0
8.0	23.202233686507277	26.301658623176344	22.12459089144062	28.371516798875763	0.0
9.0	29.70808156261787	18.78979949559571	15.650215592157327	35.8519033496291	0.0
10.0	26.835780053988096	16.997004770180823	24.577894464371557	31.58932071145953	0.0
11.0	28.023694807331783	18.71253776267476	19.85401513834913	33.40975229164433	0.0
12.0	26.314855351121103	20.22348103886884	21.065417381529905	32.39624622848015	0.0
13.0	26.92859466974295	21.321767681249444	18.40188422516047	33.34775342384713	0.0
14.0	30.49495139959552	18.73139819056387	20.053166513230625	30.72048389660999	0.0
15.0	29.985322878194676	19.02443352594745	18.876553205490794	32.113690390367076	0.0
16.0	29.761130250920438	17.354837278762698	18.746950362999215	34.13708210731765	0.0
17.0	30.01171682972896	18.1614556959686	20.232414590964364	31.594412883338073	0.0
18.0	31.302866476233415	17.66853527757556	18.77085558236731	32.25774266382372	0.0
19.0	29.876857027794916	18.18289299160204	19.7505366491663	32.18971333143674	0.0
20.0	30.159398607340094	18.095713045566207	19.632441218300364	32.112447128793335	0.0
21.0	29.95796643224396	17.93518409077478	19.503870929614088	32.60297854736718	0.0
22.0	28.96049934442577	18.674447378626432	19.726320843567063	32.63873243338073	0.0
23.0	29.500422869678584	17.851748169103555	20.232744516543622	32.41508444467424	0.0
24.0	30.698045413757068	18.824294033582103	18.355680781686786	32.12197977097404	0.0
25.0	29.4441510869204	17.800606326921727	19.625495271610088	33.129747314547785	0.0
26.0	30.8637280024813	17.79186636438156	20.27870293103321	31.06570270210393	0.0
27.0	28.97263207644704	18.472979160205	19.77860487098823	32.775783892359726	0.0
28.0	29.739619102476055	17.685371851392365	20.100504367989245	32.47450467814233	0.0
29.0	29.36889171137309	18.36612625119535	19.814946776891237	32.45003526054032	0.0
30.0	29.808004726037513	18.453699601240583	19.310663122138532	32.42763255058337	0.0
31.0	29.73306258076426	18.220786413143806	19.63522244784936	32.41092855824257	0.0
32.0	29.829568530730093	18.473131936701105	19.616603037933555	32.08069649463525	0.0
33.0	30.513431182497925	18.22911474199206	19.809840302778547	31.44761377273147	0.0
34.0	29.94184221701161	18.12528848106641	19.818695419382234	32.114173882539745	0.0
35.0	29.912522663239947	18.526067803244306	19.725050126840294	31.836359406675456	0.0
36.0	30.26314817686984	17.984253945745536	19.210629325179653	32.54196855220496	0.0
37.0	28.724578915687122	19.451307106270935	19.10897414592173	32.71513983212021	0.0
38.0	30.11714047255028	18.164159151507096	19.745112376563043	31.973587999379582	0.0
39.0	28.817909543804447	18.9236399626269	20.039662755785997	32.21878773778265	0.0
40.0	30.339277866615454	18.444425569002256	19.553809166817466	31.66248739756482	0.0
41.0	30.054067628853797	17.98598082519611	20.743282170977796	31.2166693749723	0.0
42.0	30.068104091416075	18.94394338939733	19.726180187766378	31.26177233142021	0.0
43.0	29.911875073868337	18.43716759248316	19.63235728637277	32.01860004727573	0.0
44.0	29.28668776846623	18.846837130795453	20.663266248324106	31.20320885241421	0.0
45.0	29.424344049166766	19.545561990308475	19.511582555253515	31.518511405271244	0.0
46.0	30.10489768781857	18.106301248430228	19.250941863042033	32.53785920070917	0.0
47.0	29.72966983449249	18.382008029755156	20.21400368615255	31.674318449599802	0.0
48.0	30.41217122151756	18.584825864215087	19.482006522935542	31.520996391331806	0.0
49.0	29.311013515260537	18.744805729672628	19.330257709682304	32.61392304538454	0.0
50.0	29.794220746360722	18.505727171652627	19.893841397422495	31.806210684564157	0.0
51.0	29.94703170710085	18.926376289116753	19.634467066576047	31.492124937206345	0.0
52.0	29.568708860011377	18.756510368569973	19.266627758364667	32.40815301305398	0.0
53.0	30.91320793746953	18.35096558755301	19.58066756305501	31.15515891192246	0.0
54.0	30.333600528973488	18.29243516196119	19.931070912737844	31.442893396327477	0.0
55.0	29.338992567637455	18.05303131048953	19.160128256276135	33.44784786559688	0.0
56.0	29.440643655062352	18.49954193510255	20.587431290265382	31.472383119569713	0.0
57.0	28.620982637606208	18.44588104913188	19.5382342076099	33.394902105652015	0.0
58.0	29.852753212019124	18.072271353739534	19.22667730567192	32.848298128569425	0.0
59.0	29.50805137809892	17.801321763286897	20.829777723597058	31.860849135017123	0.0
60.0	29.702992242334687	18.674178056889545	19.879571481344662	31.7432582194311	0.0
61.0	30.10919918137556	17.863449305129702	19.658807970505876	32.36854354298887	0.0
62.0	29.092460629703105	18.535716792452135	19.737789943812132	32.634032634032636	0.0
63.0	29.396488350529555	18.348793309173658	19.97052076291379	32.284197577383	0.0
64.0	28.366611869447162	18.911320859269658	19.79681929847245	32.92524797281073	0.0
65.0	30.054711425858816	18.120527682651566	20.451581681092605	31.37317921039702	0.0
66.0	30.231449840220183	18.489018600956832	20.400465485712175	30.87906607311081	0.0
67.0	29.494909193007345	17.804894267854767	19.574485377783688	33.1257111613542	0.0
68.0	29.67215658457651	18.44109975690673	20.064800242354384	31.82194341616238	0.0
69.0	29.91229431279971	17.953435447284228	19.87934002763431	32.25493021228175	0.0
70.0	28.639881777038884	18.22591668975709	19.95677472984206	33.17742680336197	0.0
71.0	29.75305540366796	17.812966438588973	20.98770449406653	31.446273663676532	0.0
72.0	30.14715390384566	18.219301065138602	19.911035249696123	31.72250978131962	0.0
73.0	30.265972578851503	17.68298314903553	19.233597002959357	32.81744726915361	0.0
74.0	29.5362515886856	18.340082168297226	20.68616439570833	31.43750184730884	0.0
75.0	30.222049804182372	18.104263651814083	19.78755634375231	31.886130200251237	0.0
76.0	28.974203607504673	18.45650230179784	19.38091613770884	33.18837795298864	0.0
77.0	29.08182681401183	17.99620922422106	21.530202433338136	31.39176152842897	0.0
78.0	30.06632059263638	18.024791709002237	19.140972825183354	32.767914873178036	0.0
79.0	30.09865139479032	17.736929613892478	19.30352854239793	32.860890448919264	0.0
80.0	31.007777716196493	18.055016719318665	19.98374254096695	30.95346302351789	0.0
81.0	30.26703271123001	18.585875754227928	19.585724262029775	31.561367272512296	0.0
82.0	30.062814070351756	18.12851019804907	18.973174697014482	32.83550103458469	0.0
83.0	29.551870408962593	18.51970912960582	20.15105159697897	31.777368864452622	0.0
84.0	30.71488484319978	18.06629691350954	19.141561757522236	32.077256485768444	0.0
85.0	29.652881446117917	17.56950500317779	19.298446576111857	33.47916697459243	0.0
86.0	30.27598872248519	17.948689524696356	19.962531454732897	31.81279029808556	0.0
87.0	29.922769935703197	18.662330943758775	20.020693222969477	31.394205897568543	0.0
88.0	29.98569945199709	17.947002982052258	19.13354199076931	32.933755575181344	0.0
89.0	29.7696383832561	18.488792319801345	20.53891463243391	31.202654664508643	0.0
90.0	30.42724746504272	18.53622845655837	19.380967865905934	31.65555621249298	0.0
91.0	30.181992868096742	18.273562071577704	19.61864641649576	31.925798643829793	0.0
92.0	29.103815767107395	18.593642605334534	20.315283023051283	31.987258604506792	0.0
93.0	30.00443442592661	18.54070433465134	19.66372270056539	31.791138538856657	0.0
94.0	30.019437710636787	17.551587536214747	20.191568615857626	32.23740613729084	0.0
95.0	30.111564002409395	18.274841375130723	20.89229029552081	30.721304326939062	0.0
96.0	30.01810790835181	18.846637102734665	19.61123429416112	31.5240206947524	0.0
97.0	29.708645296713204	18.49791942290778	20.006060650854774	31.78737462952424	0.0
98.0	29.038779228554638	18.217330726616233	21.071538123237602	31.672351921591524	0.0
99.0	29.89137866675537	18.639701670159255	19.554057500194034	31.914862162891346	0.0
100.0	29.790978201271468	18.504467924304617	20.01267023310265	31.69188364132126	0.0
101.0	29.569579083763703	18.63437055628367	20.6348086626247	31.161241697327924	0.0
102.0	30.001563570301098	18.121035232450787	19.925469815647613	31.951931381600502	0.0
103.0	29.568977104708992	17.63295846588109	19.789566438161803	33.00849799124811	0.0
104.0	30.248226684743123	18.052611473555693	20.061494902888988	31.6376669388122	0.0
105.0	30.342140463200927	18.35332221170176	19.663871229541456	31.640666095555858	0.0
106.0	29.42832909245123	18.070304401093203	19.954386956931486	32.54697954952408	0.0
107.0	29.66212255856605	18.238575129043845	20.39630168844183	31.70300062394827	0.0
108.0	29.331770934064476	19.053686617595194	20.351767369367117	31.262775078973213	0.0
109.0	28.74023983478555	18.462258158984675	20.208723961799862	32.58877804442991	0.0
110.0	29.432787773145623	17.795992783501223	21.289815658886933	31.481403784466224	0.0
111.0	29.170873103279494	18.809272515907978	20.102178169358787	31.917676211453745	0.0
112.0	29.150221506242445	18.1876761981474	19.153865331875803	33.50823696373435	0.0
113.0	30.28355969374014	17.69458658766496	20.69562540879535	31.326228309799546	0.0
114.0	29.974079353490403	18.447697079967707	19.395674226533316	32.18254934000858	0.0
115.0	29.58852906507848	17.700384639245613	20.37386004094547	32.337226254730446	0.0
116.0	29.996963397257716	18.12812906340271	20.405581120117102	31.469326419222476	0.0
117.0	30.323523321730093	18.312412340846137	19.710270625051276	31.65379371237249	0.0
118.0	29.75281779868666	18.364794668234833	19.767127315495443	32.115260217583064	0.0
119.0	30.432867055843154	17.96138655924976	19.776800465752995	31.82894591915409	0.0
120.0	29.786646249536275	18.24794184275126	19.945773575076366	32.0196383326361	0.0
121.0	29.916898603627324	17.770000356318516	19.859610504269885	32.45349053578428	0.0
122.0	29.500941544769066	18.037534662354897	20.5928156558634	31.868708137012643	0.0
123.0	28.9181559367449	18.53752482116797	19.993700008772137	32.55061923331499	0.0
124.0	29.02479166750093	18.086184181546606	19.468526875993607	33.420497274958855	0.0
125.0	29.11312967149673	18.053197737567483	20.362294936881995	32.471377654053796	0.0
126.0	29.596347327164736	18.21851387934866	19.939391490565274	32.24574730292133	0.0
127.0	29.61887904646688	17.94288869222088	19.267150036942912	33.17108222436933	0.0
128.0	29.30296458156676	17.994993803404867	21.2795968951797	31.422444719848674	0.0
129.0	29.793035681385494	18.354111650187313	19.288828839894368	32.564023828532825	0.0
130.0	29.891728804084217	17.904208354228494	19.602676773074425	32.60138606861286	0.0
131.0	30.040690332538233	18.114626234947465	20.767751467080448	31.07693196543385	0.0
132.0	30.6528685518196	18.224618610877414	19.249116205048715	31.87339663225427	0.0
133.0	30.108896548279134	18.024543350483707	20.237441097623922	31.629119003613233	0.0
134.0	30.740791856433674	17.471947940060808	20.398228423020466	31.38903178048505	0.0
135.0	29.540744477373522	18.173066818000294	20.652416083401643	31.633772621224544	0.0
136.0	28.604932220006084	18.48526080930327	20.086373009702175	32.823433960988474	0.0
137.0	30.481549321513114	17.91094886168047	22.98015749905441	28.62734431775201	0.0
138.0	30.359934060490108	19.98214850055946	19.97873194564261	29.679185493307823	0.0
139.0	30.473810965008308	19.04559523656205	20.01536869851164	30.465225099918	0.0
140.0	29.002420283790137	21.21652695747462	20.11639796195711	29.664654796778134	0.0
141.0	31.34074144700916	17.01020204734374	20.997408315925423	30.651648189721676	0.0
142.0	27.123877041791683	19.911687474688534	24.364763824960043	28.59967165855974	0.0
143.0	27.445326378982926	19.509228224627854	19.209496888920004	33.83594850746922	0.0
144.0	28.000738887007465	19.55015855283702	18.937937889510003	33.51116467064551	0.0
145.0	27.285236443437633	19.48047925810562	17.35894803907688	35.875336259379864	0.0
146.0	32.88503002548156	14.597997113277142	19.98966481940163	32.52730804183967	0.0
147.0	33.970456943429916	16.28881133385638	22.27362497632768	27.467106746386026	0.0
148.0	31.936499449164067	17.054249272850473	21.250282332225513	29.758968945759946	0.0
149.0	32.97009430433327	16.756245939401097	23.37280727659323	26.900852479672395	0.0
150.0	27.92700456221486	17.587025810886818	26.20523717267671	28.280732454221614	0.0
